/*--------------------------------*- C++ -*----------------------------------*\
| =========                 |                                                 |
| \\      /  F ield         | OpenFOAM: The Open Source CFD Toolbox           |
|  \\    /   O peration     | Version:  v1812                                 |
|   \\  /    A nd           | Web:      www.OpenFOAM.com                      |
|    \\/     M anipulation  |                                                 |
\*---------------------------------------------------------------------------*/
FoamFile
{
    version     2.0;
    format      ascii;
    class       vectorField;
    location    "constant/polyMesh";
    object      points;
}
// * * * * * * * * * * * * * * * * * * * * * * * * * * * * * * * * * * * * * //


1980
(
(0 0 0)
(0.2855993321445267 0 0)
(0.5711986642890533 0 0)
(0.8567979964335799 0 0)
(1.142397328578107 0 0)
(1.427996660722633 0 0)
(1.71359599286716 0 0)
(1.999195325011687 0 0)
(2.284794657156213 0 0)
(2.57039398930074 0 0)
(2.855993321445266 0 0)
(3.141592653589793 0 0)
(3.42719198573432 0 0)
(3.712791317878847 0 0)
(3.998390650023373 0 0)
(4.283989982167899 0 0)
(4.569589314312426 0 0)
(4.855188646456953 0 0)
(5.14078797860148 0 0)
(5.426387310746006 0 0)
(5.711986642890532 0 0)
(5.997585975035061 0 0)
(6.283185307179586 0 0)
(6.568784639324112 0 0)
(6.854383971468639 0 0)
(7.139983303613167 0 0)
(7.425582635757693 0 0)
(7.71118196790222 0 0)
(7.996781300046746 0 0)
(8.282380632191272 0 0)
(8.567979964335798 0 0)
(8.853579296480326 0 0)
(9.139178628624853 0 0)
(9.424777960769379 0 0)
(9.710377292913906 0 0)
(9.995976625058432 0 0)
(10.28157595720296 0 0)
(10.56717528934749 0 0)
(10.85277462149201 0 0)
(11.13837395363654 0 0)
(11.42397328578106 0 0)
(11.70957261792559 0 0)
(11.99517195007012 0 0)
(12.28077128221465 0 0)
(12.56637061435917 0 0)
(0 0.03613788575707089 0)
(0.2855993321445267 0.03613788575707089 0)
(0.5711986642890533 0.03613788575707089 0)
(0.8567979964335799 0.03613788575707088 0)
(1.142397328578107 0.03613788575707088 0)
(1.427996660722633 0.03613788575707089 0)
(1.71359599286716 0.03613788575707089 0)
(1.999195325011687 0.03613788575707089 0)
(2.284794657156213 0.03613788575707089 0)
(2.57039398930074 0.03613788575707089 0)
(2.855993321445266 0.03613788575707089 0)
(3.141592653589793 0.03613788575707089 0)
(3.42719198573432 0.03613788575707089 0)
(3.712791317878847 0.03613788575707089 0)
(3.998390650023373 0.03613788575707089 0)
(4.283989982167899 0.03613788575707089 0)
(4.569589314312426 0.03613788575707089 0)
(4.855188646456953 0.03613788575707089 0)
(5.14078797860148 0.03613788575707089 0)
(5.426387310746006 0.03613788575707089 0)
(5.711986642890532 0.03613788575707089 0)
(5.997585975035061 0.03613788575707089 0)
(6.283185307179586 0.03613788575707089 0)
(6.568784639324112 0.03613788575707089 0)
(6.854383971468639 0.03613788575707089 0)
(7.139983303613167 0.03613788575707089 0)
(7.425582635757693 0.03613788575707089 0)
(7.71118196790222 0.03613788575707089 0)
(7.996781300046746 0.03613788575707089 0)
(8.282380632191272 0.03613788575707089 0)
(8.567979964335798 0.03613788575707089 0)
(8.853579296480326 0.03613788575707089 0)
(9.139178628624853 0.03613788575707089 0)
(9.424777960769379 0.03613788575707089 0)
(9.710377292913906 0.03613788575707089 0)
(9.995976625058432 0.03613788575707089 0)
(10.28157595720296 0.03613788575707089 0)
(10.56717528934749 0.03613788575707089 0)
(10.85277462149201 0.03613788575707089 0)
(11.13837395363654 0.03613788575707089 0)
(11.42397328578106 0.03613788575707089 0)
(11.70957261792559 0.03613788575707089 0)
(11.99517195007012 0.03613788575707089 0)
(12.28077128221465 0.03613788575707089 0)
(12.56637061435917 0.03613788575707089 0)
(0 0 0.1)
(0.2855993321445267 0 0.09999999999999999)
(0.5711986642890533 0 0.09999999999999999)
(0.8567979964335799 0 0.1)
(1.142397328578107 0 0.09999999999999999)
(1.427996660722633 0 0.09999999999999999)
(1.71359599286716 0 0.09999999999999999)
(1.999195325011687 0 0.1)
(2.284794657156213 0 0.1)
(2.57039398930074 0 0.09999999999999999)
(2.855993321445266 0 0.09999999999999999)
(3.141592653589793 0 0.1)
(3.42719198573432 0 0.1)
(3.712791317878847 0 0.1)
(3.998390650023373 0 0.09999999999999999)
(4.283989982167899 0 0.1)
(4.569589314312426 0 0.1)
(4.855188646456953 0 0.09999999999999999)
(5.14078797860148 0 0.09999999999999999)
(5.426387310746006 0 0.1)
(5.711986642890532 0 0.09999999999999999)
(5.997585975035061 0 0.1)
(6.283185307179586 0 0.09999999999999999)
(6.568784639324112 0 0.1)
(6.854383971468639 0 0.1)
(7.139983303613167 0 0.1)
(7.425582635757693 0 0.09999999999999999)
(7.71118196790222 0 0.1)
(7.996781300046746 0 0.1)
(8.282380632191272 0 0.09999999999999999)
(8.567979964335798 0 0.1)
(8.853579296480326 0 0.1)
(9.139178628624853 0 0.1)
(9.424777960769379 0 0.1)
(9.710377292913906 0 0.1)
(9.995976625058432 0 0.09999999999999999)
(10.28157595720296 0 0.1)
(10.56717528934749 0 0.1)
(10.85277462149201 0 0.1)
(11.13837395363654 0 0.09999999999999999)
(11.42397328578106 0 0.1)
(11.70957261792559 0 0.1)
(11.99517195007012 0 0.1)
(12.28077128221465 0 0.09999999999999999)
(12.56637061435917 0 0.1)
(0 0.03613788575707089 0.1)
(0.2855993321445267 0.03613788575707089 0.09999999999999999)
(0.5711986642890533 0.03613788575707089 0.09999999999999999)
(0.8567979964335799 0.03613788575707088 0.1)
(1.142397328578107 0.03613788575707088 0.09999999999999999)
(1.427996660722633 0.03613788575707089 0.09999999999999999)
(1.71359599286716 0.03613788575707089 0.09999999999999999)
(1.999195325011687 0.03613788575707089 0.1)
(2.284794657156213 0.03613788575707089 0.1)
(2.57039398930074 0.03613788575707089 0.09999999999999999)
(2.855993321445266 0.03613788575707089 0.09999999999999999)
(3.141592653589793 0.03613788575707089 0.1)
(3.42719198573432 0.03613788575707089 0.1)
(3.712791317878847 0.03613788575707089 0.1)
(3.998390650023373 0.03613788575707089 0.09999999999999999)
(4.283989982167899 0.03613788575707089 0.1)
(4.569589314312426 0.03613788575707089 0.1)
(4.855188646456953 0.03613788575707089 0.09999999999999999)
(5.14078797860148 0.03613788575707089 0.09999999999999999)
(5.426387310746006 0.03613788575707089 0.1)
(5.711986642890532 0.03613788575707089 0.09999999999999999)
(5.997585975035061 0.03613788575707089 0.1)
(6.283185307179586 0.03613788575707089 0.09999999999999999)
(6.568784639324112 0.03613788575707089 0.1)
(6.854383971468639 0.03613788575707089 0.1)
(7.139983303613167 0.03613788575707089 0.1)
(7.425582635757693 0.03613788575707089 0.09999999999999999)
(7.71118196790222 0.03613788575707089 0.1)
(7.996781300046746 0.03613788575707089 0.1)
(8.282380632191272 0.03613788575707089 0.09999999999999999)
(8.567979964335798 0.03613788575707089 0.1)
(8.853579296480326 0.03613788575707089 0.1)
(9.139178628624853 0.03613788575707089 0.1)
(9.424777960769379 0.03613788575707089 0.1)
(9.710377292913906 0.03613788575707089 0.1)
(9.995976625058432 0.03613788575707089 0.09999999999999999)
(10.28157595720296 0.03613788575707089 0.1)
(10.56717528934749 0.03613788575707089 0.1)
(10.85277462149201 0.03613788575707089 0.1)
(11.13837395363654 0.03613788575707089 0.09999999999999999)
(11.42397328578106 0.03613788575707088 0.1)
(11.70957261792559 0.03613788575707089 0.1)
(11.99517195007012 0.03613788575707089 0.1)
(12.28077128221465 0.03613788575707089 0.09999999999999999)
(12.56637061435917 0.03613788575707089 0.1)
(0 0.07229407727011229 0)
(0.2855993321445267 0.07229407727011229 0)
(0.5711986642890533 0.07229407727011229 0)
(0.8567979964335799 0.07229407727011229 0)
(1.142397328578107 0.07229407727011228 0)
(1.427996660722633 0.07229407727011228 0)
(1.71359599286716 0.07229407727011229 0)
(1.999195325011687 0.07229407727011229 0)
(2.284794657156213 0.07229407727011229 0)
(2.57039398930074 0.07229407727011229 0)
(2.855993321445266 0.07229407727011229 0)
(3.141592653589793 0.07229407727011229 0)
(3.42719198573432 0.07229407727011229 0)
(3.712791317878847 0.07229407727011229 0)
(3.998390650023373 0.07229407727011229 0)
(4.283989982167899 0.07229407727011229 0)
(4.569589314312426 0.07229407727011229 0)
(4.855188646456953 0.07229407727011229 0)
(5.14078797860148 0.07229407727011229 0)
(5.426387310746006 0.07229407727011229 0)
(5.711986642890532 0.07229407727011229 0)
(5.997585975035061 0.07229407727011229 0)
(6.283185307179586 0.07229407727011229 0)
(6.568784639324112 0.07229407727011229 0)
(6.854383971468639 0.07229407727011229 0)
(7.139983303613167 0.07229407727011229 0)
(7.425582635757693 0.07229407727011229 0)
(7.71118196790222 0.07229407727011229 0)
(7.996781300046746 0.07229407727011229 0)
(8.282380632191272 0.07229407727011229 0)
(8.567979964335798 0.07229407727011229 0)
(8.853579296480326 0.07229407727011229 0)
(9.139178628624853 0.07229407727011229 0)
(9.424777960769379 0.07229407727011229 0)
(9.710377292913906 0.07229407727011229 0)
(9.995976625058432 0.07229407727011229 0)
(10.28157595720296 0.07229407727011229 0)
(10.56717528934749 0.07229407727011229 0)
(10.85277462149201 0.07229407727011229 0)
(11.13837395363654 0.07229407727011229 0)
(11.42397328578106 0.07229407727011229 0)
(11.70957261792559 0.07229407727011229 0)
(11.99517195007012 0.07229407727011229 0)
(12.28077128221465 0.07229407727011229 0)
(12.56637061435917 0.07229407727011229 0)
(0 0.07229407727011229 0.1)
(0.2855993321445267 0.07229407727011229 0.09999999999999999)
(0.5711986642890533 0.07229407727011229 0.09999999999999999)
(0.8567979964335799 0.07229407727011229 0.1)
(1.142397328578107 0.07229407727011229 0.09999999999999999)
(1.427996660722633 0.07229407727011229 0.09999999999999999)
(1.71359599286716 0.07229407727011229 0.09999999999999999)
(1.999195325011687 0.07229407727011229 0.1)
(2.284794657156213 0.07229407727011229 0.1)
(2.57039398930074 0.07229407727011229 0.09999999999999999)
(2.855993321445266 0.07229407727011229 0.09999999999999999)
(3.141592653589793 0.07229407727011229 0.1)
(3.42719198573432 0.07229407727011229 0.1)
(3.712791317878847 0.07229407727011229 0.1)
(3.998390650023373 0.07229407727011229 0.09999999999999999)
(4.283989982167899 0.07229407727011229 0.1)
(4.569589314312426 0.07229407727011229 0.1)
(4.855188646456953 0.07229407727011229 0.09999999999999999)
(5.14078797860148 0.07229407727011229 0.09999999999999999)
(5.426387310746006 0.07229407727011229 0.1)
(5.711986642890532 0.07229407727011229 0.09999999999999999)
(5.997585975035061 0.07229407727011229 0.1)
(6.283185307179586 0.07229407727011229 0.09999999999999999)
(6.568784639324112 0.07229407727011229 0.1)
(6.854383971468639 0.07229407727011229 0.1)
(7.139983303613167 0.07229407727011229 0.1)
(7.425582635757693 0.07229407727011229 0.09999999999999999)
(7.71118196790222 0.07229407727011229 0.1)
(7.996781300046746 0.07229407727011229 0.1)
(8.282380632191272 0.07229407727011229 0.09999999999999999)
(8.567979964335798 0.07229407727011229 0.1)
(8.853579296480326 0.07229407727011229 0.1)
(9.139178628624853 0.07229407727011229 0.1)
(9.424777960769379 0.07229407727011229 0.1)
(9.710377292913906 0.07229407727011229 0.1)
(9.995976625058432 0.07229407727011229 0.09999999999999999)
(10.28157595720296 0.07229407727011229 0.1)
(10.56717528934749 0.07229407727011229 0.1)
(10.85277462149201 0.07229407727011229 0.1)
(11.13837395363654 0.07229407727011229 0.09999999999999999)
(11.42397328578106 0.07229407727011228 0.1)
(11.70957261792559 0.07229407727011228 0.1)
(11.99517195007012 0.07229407727011229 0.1)
(12.28077128221465 0.07229407727011229 0.09999999999999999)
(12.56637061435917 0.07229407727011229 0.1)
(0 0.1087177655614241 0)
(0.2855993321445267 0.1087177655614241 0)
(0.5711986642890533 0.1087177655614241 0)
(0.8567979964335799 0.1087177655614241 0)
(1.142397328578107 0.1087177655614241 0)
(1.427996660722633 0.1087177655614241 0)
(1.71359599286716 0.1087177655614241 0)
(1.999195325011687 0.1087177655614241 0)
(2.284794657156213 0.1087177655614241 0)
(2.57039398930074 0.1087177655614241 0)
(2.855993321445266 0.1087177655614241 0)
(3.141592653589793 0.1087177655614241 0)
(3.42719198573432 0.1087177655614241 0)
(3.712791317878847 0.1087177655614241 0)
(3.998390650023373 0.1087177655614241 0)
(4.283989982167899 0.1087177655614241 0)
(4.569589314312426 0.1087177655614241 0)
(4.855188646456953 0.1087177655614241 0)
(5.14078797860148 0.1087177655614241 0)
(5.426387310746006 0.1087177655614241 0)
(5.711986642890532 0.1087177655614241 0)
(5.997585975035061 0.1087177655614241 0)
(6.283185307179586 0.1087177655614241 0)
(6.568784639324112 0.1087177655614241 0)
(6.854383971468639 0.1087177655614241 0)
(7.139983303613167 0.1087177655614241 0)
(7.425582635757693 0.1087177655614241 0)
(7.71118196790222 0.1087177655614241 0)
(7.996781300046746 0.1087177655614241 0)
(8.282380632191272 0.1087177655614241 0)
(8.567979964335798 0.1087177655614241 0)
(8.853579296480326 0.1087177655614241 0)
(9.139178628624853 0.1087177655614241 0)
(9.424777960769379 0.1087177655614241 0)
(9.710377292913906 0.1087177655614241 0)
(9.995976625058432 0.1087177655614241 0)
(10.28157595720296 0.1087177655614241 0)
(10.56717528934749 0.1087177655614241 0)
(10.85277462149201 0.1087177655614241 0)
(11.13837395363654 0.1087177655614241 0)
(11.42397328578106 0.1087177655614241 0)
(11.70957261792559 0.1087177655614241 0)
(11.99517195007012 0.1087177655614241 0)
(12.28077128221465 0.1087177655614241 0)
(12.56637061435917 0.1087177655614241 0)
(0 0.1087177655614241 0.1)
(0.2855993321445267 0.1087177655614241 0.09999999999999999)
(0.5711986642890533 0.1087177655614241 0.09999999999999999)
(0.8567979964335799 0.1087177655614241 0.1)
(1.142397328578107 0.1087177655614241 0.09999999999999999)
(1.427996660722633 0.1087177655614241 0.09999999999999999)
(1.71359599286716 0.1087177655614241 0.09999999999999999)
(1.999195325011687 0.1087177655614241 0.1)
(2.284794657156213 0.1087177655614241 0.1)
(2.57039398930074 0.1087177655614241 0.09999999999999999)
(2.855993321445266 0.1087177655614241 0.09999999999999999)
(3.141592653589793 0.1087177655614241 0.1)
(3.42719198573432 0.1087177655614241 0.1)
(3.712791317878847 0.1087177655614241 0.1)
(3.998390650023373 0.1087177655614241 0.09999999999999999)
(4.283989982167899 0.1087177655614241 0.1)
(4.569589314312426 0.1087177655614241 0.1)
(4.855188646456953 0.1087177655614241 0.09999999999999999)
(5.14078797860148 0.1087177655614241 0.09999999999999999)
(5.426387310746006 0.1087177655614241 0.1)
(5.711986642890532 0.1087177655614241 0.09999999999999999)
(5.997585975035061 0.1087177655614241 0.1)
(6.283185307179586 0.1087177655614241 0.09999999999999999)
(6.568784639324112 0.1087177655614241 0.1)
(6.854383971468639 0.1087177655614241 0.1)
(7.139983303613167 0.1087177655614241 0.1)
(7.425582635757693 0.1087177655614241 0.09999999999999999)
(7.71118196790222 0.1087177655614241 0.1)
(7.996781300046746 0.1087177655614241 0.1)
(8.282380632191272 0.1087177655614241 0.09999999999999999)
(8.567979964335798 0.1087177655614241 0.1)
(8.853579296480326 0.1087177655614241 0.1)
(9.139178628624853 0.1087177655614241 0.1)
(9.424777960769379 0.1087177655614241 0.1)
(9.710377292913906 0.1087177655614241 0.1)
(9.995976625058432 0.1087177655614241 0.09999999999999999)
(10.28157595720296 0.1087177655614241 0.1)
(10.56717528934749 0.1087177655614241 0.1)
(10.85277462149201 0.1087177655614241 0.1)
(11.13837395363654 0.1087177655614241 0.09999999999999999)
(11.42397328578106 0.1087177655614241 0.1)
(11.70957261792559 0.1087177655614241 0.1)
(11.99517195007012 0.1087177655614241 0.1)
(12.28077128221465 0.1087177655614241 0.09999999999999999)
(12.56637061435917 0.1087177655614241 0.1)
(0 0.1473580793440202 0)
(0.2855993321445267 0.1473580793440202 0)
(0.5711986642890533 0.1473580793440202 0)
(0.8567979964335799 0.1473580793440202 0)
(1.142397328578107 0.1473580793440202 0)
(1.427996660722633 0.1473580793440202 0)
(1.71359599286716 0.1473580793440202 0)
(1.999195325011687 0.1473580793440202 0)
(2.284794657156213 0.1473580793440202 0)
(2.57039398930074 0.1473580793440202 0)
(2.855993321445266 0.1473580793440202 0)
(3.141592653589793 0.1473580793440202 0)
(3.42719198573432 0.1473580793440202 0)
(3.712791317878847 0.1473580793440202 0)
(3.998390650023373 0.1473580793440202 0)
(4.283989982167899 0.1473580793440202 0)
(4.569589314312426 0.1473580793440202 0)
(4.855188646456953 0.1473580793440202 0)
(5.14078797860148 0.1473580793440202 0)
(5.426387310746006 0.1473580793440202 0)
(5.711986642890532 0.1473580793440202 0)
(5.997585975035061 0.1473580793440202 0)
(6.283185307179586 0.1473580793440202 0)
(6.568784639324112 0.1473580793440202 0)
(6.854383971468639 0.1473580793440202 0)
(7.139983303613167 0.1473580793440202 0)
(7.425582635757693 0.1473580793440202 0)
(7.71118196790222 0.1473580793440202 0)
(7.996781300046746 0.1473580793440202 0)
(8.282380632191272 0.1473580793440202 0)
(8.567979964335798 0.1473580793440202 0)
(8.853579296480326 0.1473580793440202 0)
(9.139178628624853 0.1473580793440202 0)
(9.424777960769379 0.1473580793440202 0)
(9.710377292913906 0.1473580793440202 0)
(9.995976625058432 0.1473580793440202 0)
(10.28157595720296 0.1473580793440202 0)
(10.56717528934749 0.1473580793440202 0)
(10.85277462149201 0.1473580793440202 0)
(11.13837395363654 0.1473580793440202 0)
(11.42397328578106 0.1473580793440202 0)
(11.70957261792559 0.1473580793440202 0)
(11.99517195007012 0.1473580793440202 0)
(12.28077128221465 0.1473580793440202 0)
(12.56637061435917 0.1473580793440202 0)
(0 0.1473580793440202 0.1)
(0.2855993321445267 0.1473580793440202 0.09999999999999999)
(0.5711986642890533 0.1473580793440202 0.09999999999999999)
(0.8567979964335799 0.1473580793440202 0.1)
(1.142397328578107 0.1473580793440202 0.09999999999999999)
(1.427996660722633 0.1473580793440202 0.09999999999999999)
(1.71359599286716 0.1473580793440202 0.09999999999999999)
(1.999195325011687 0.1473580793440202 0.1)
(2.284794657156213 0.1473580793440202 0.1)
(2.57039398930074 0.1473580793440202 0.09999999999999999)
(2.855993321445266 0.1473580793440202 0.09999999999999999)
(3.141592653589793 0.1473580793440202 0.1)
(3.42719198573432 0.1473580793440202 0.1)
(3.712791317878847 0.1473580793440202 0.1)
(3.998390650023373 0.1473580793440202 0.09999999999999999)
(4.283989982167899 0.1473580793440202 0.1)
(4.569589314312426 0.1473580793440202 0.1)
(4.855188646456953 0.1473580793440202 0.09999999999999999)
(5.14078797860148 0.1473580793440202 0.09999999999999999)
(5.426387310746006 0.1473580793440202 0.1)
(5.711986642890532 0.1473580793440202 0.09999999999999999)
(5.997585975035061 0.1473580793440202 0.1)
(6.283185307179586 0.1473580793440202 0.09999999999999999)
(6.568784639324112 0.1473580793440202 0.1)
(6.854383971468639 0.1473580793440202 0.1)
(7.139983303613167 0.1473580793440202 0.1)
(7.425582635757693 0.1473580793440202 0.09999999999999999)
(7.71118196790222 0.1473580793440202 0.1)
(7.996781300046746 0.1473580793440202 0.1)
(8.282380632191272 0.1473580793440202 0.09999999999999999)
(8.567979964335798 0.1473580793440202 0.1)
(8.853579296480326 0.1473580793440202 0.1)
(9.139178628624853 0.1473580793440202 0.1)
(9.424777960769379 0.1473580793440202 0.1)
(9.710377292913906 0.1473580793440202 0.1)
(9.995976625058432 0.1473580793440202 0.09999999999999999)
(10.28157595720296 0.1473580793440202 0.1)
(10.56717528934749 0.1473580793440202 0.1)
(10.85277462149201 0.1473580793440202 0.1)
(11.13837395363654 0.1473580793440202 0.09999999999999999)
(11.42397328578106 0.1473580793440202 0.1)
(11.70957261792559 0.1473580793440202 0.1)
(11.99517195007012 0.1473580793440202 0.1)
(12.28077128221465 0.1473580793440202 0.09999999999999999)
(12.56637061435917 0.1473580793440202 0.1)
(0 0.1964402724254275 0)
(0.2855993321445267 0.1964402724254275 0)
(0.5711986642890533 0.1964402724254275 0)
(0.8567979964335799 0.1964402724254275 0)
(1.142397328578107 0.1964402724254275 0)
(1.427996660722633 0.1964402724254275 0)
(1.71359599286716 0.1964402724254275 0)
(1.999195325011687 0.1964402724254275 0)
(2.284794657156213 0.1964402724254275 0)
(2.57039398930074 0.1964402724254275 0)
(2.855993321445266 0.1964402724254275 0)
(3.141592653589793 0.1964402724254275 0)
(3.42719198573432 0.1964402724254275 0)
(3.712791317878847 0.1964402724254275 0)
(3.998390650023373 0.1964402724254275 0)
(4.283989982167899 0.1964402724254275 0)
(4.569589314312426 0.1964402724254275 0)
(4.855188646456953 0.1964402724254275 0)
(5.14078797860148 0.1964402724254275 0)
(5.426387310746006 0.1964402724254275 0)
(5.711986642890532 0.1964402724254275 0)
(5.997585975035061 0.1964402724254275 0)
(6.283185307179586 0.1964402724254275 0)
(6.568784639324112 0.1964402724254275 0)
(6.854383971468639 0.1964402724254275 0)
(7.139983303613167 0.1964402724254275 0)
(7.425582635757693 0.1964402724254275 0)
(7.71118196790222 0.1964402724254275 0)
(7.996781300046746 0.1964402724254275 0)
(8.282380632191272 0.1964402724254275 0)
(8.567979964335798 0.1964402724254275 0)
(8.853579296480326 0.1964402724254275 0)
(9.139178628624853 0.1964402724254275 0)
(9.424777960769379 0.1964402724254275 0)
(9.710377292913906 0.1964402724254275 0)
(9.995976625058432 0.1964402724254275 0)
(10.28157595720296 0.1964402724254275 0)
(10.56717528934749 0.1964402724254275 0)
(10.85277462149201 0.1964402724254275 0)
(11.13837395363654 0.1964402724254275 0)
(11.42397328578106 0.1964402724254275 0)
(11.70957261792559 0.1964402724254275 0)
(11.99517195007012 0.1964402724254275 0)
(12.28077128221465 0.1964402724254275 0)
(12.56637061435917 0.1964402724254275 0)
(0 0.1964402724254275 0.1)
(0.2855993321445267 0.1964402724254275 0.09999999999999999)
(0.5711986642890533 0.1964402724254275 0.09999999999999999)
(0.8567979964335799 0.1964402724254275 0.1)
(1.142397328578107 0.1964402724254275 0.09999999999999999)
(1.427996660722633 0.1964402724254275 0.09999999999999999)
(1.71359599286716 0.1964402724254275 0.09999999999999999)
(1.999195325011687 0.1964402724254276 0.1)
(2.284794657156213 0.1964402724254275 0.1)
(2.57039398930074 0.1964402724254275 0.09999999999999999)
(2.855993321445266 0.1964402724254275 0.09999999999999999)
(3.141592653589793 0.1964402724254275 0.1)
(3.42719198573432 0.1964402724254275 0.1)
(3.712791317878847 0.1964402724254275 0.1)
(3.998390650023373 0.1964402724254275 0.09999999999999999)
(4.283989982167899 0.1964402724254275 0.1)
(4.569589314312426 0.1964402724254276 0.1)
(4.855188646456953 0.1964402724254275 0.09999999999999999)
(5.14078797860148 0.1964402724254275 0.09999999999999999)
(5.426387310746006 0.1964402724254275 0.1)
(5.711986642890532 0.1964402724254275 0.09999999999999999)
(5.997585975035061 0.1964402724254275 0.1)
(6.283185307179586 0.1964402724254275 0.09999999999999999)
(6.568784639324112 0.1964402724254275 0.1)
(6.854383971468639 0.1964402724254275 0.1)
(7.139983303613167 0.1964402724254276 0.1)
(7.425582635757693 0.1964402724254275 0.09999999999999999)
(7.71118196790222 0.1964402724254275 0.1)
(7.996781300046746 0.1964402724254275 0.1)
(8.282380632191272 0.1964402724254275 0.09999999999999999)
(8.567979964335798 0.1964402724254275 0.1)
(8.853579296480326 0.1964402724254275 0.1)
(9.139178628624853 0.1964402724254275 0.1)
(9.424777960769379 0.1964402724254275 0.1)
(9.710377292913906 0.1964402724254275 0.1)
(9.995976625058432 0.1964402724254275 0.09999999999999999)
(10.28157595720296 0.1964402724254275 0.1)
(10.56717528934749 0.1964402724254275 0.1)
(10.85277462149201 0.1964402724254275 0.1)
(11.13837395363654 0.1964402724254275 0.09999999999999999)
(11.42397328578106 0.1964402724254275 0.1)
(11.70957261792559 0.1964402724254275 0.1)
(11.99517195007012 0.1964402724254275 0.1)
(12.28077128221465 0.1964402724254275 0.09999999999999999)
(12.56637061435917 0.1964402724254275 0.1)
(0 0.2735441964598736 0)
(0.2855993321445267 0.2735441964598737 0)
(0.5711986642890533 0.2735441964598736 0)
(0.8567979964335799 0.2735441964598736 0)
(1.142397328578107 0.2735441964598736 0)
(1.427996660722633 0.2735441964598736 0)
(1.71359599286716 0.2735441964598736 0)
(1.999195325011687 0.2735441964598737 0)
(2.284794657156213 0.2735441964598736 0)
(2.57039398930074 0.2735441964598736 0)
(2.855993321445266 0.2735441964598736 0)
(3.141592653589793 0.2735441964598736 0)
(3.42719198573432 0.2735441964598736 0)
(3.712791317878847 0.2735441964598737 0)
(3.998390650023373 0.2735441964598736 0)
(4.283989982167899 0.2735441964598736 0)
(4.569589314312426 0.2735441964598736 0)
(4.855188646456953 0.2735441964598736 0)
(5.14078797860148 0.2735441964598736 0)
(5.426387310746006 0.2735441964598735 0)
(5.711986642890532 0.2735441964598736 0)
(5.997585975035061 0.2735441964598736 0)
(6.283185307179586 0.2735441964598735 0)
(6.568784639324112 0.2735441964598736 0)
(6.854383971468639 0.2735441964598736 0)
(7.139983303613167 0.2735441964598735 0)
(7.425582635757693 0.2735441964598736 0)
(7.71118196790222 0.2735441964598736 0)
(7.996781300046746 0.2735441964598737 0)
(8.282380632191272 0.2735441964598736 0)
(8.567979964335798 0.2735441964598736 0)
(8.853579296480326 0.2735441964598737 0)
(9.139178628624853 0.2735441964598736 0)
(9.424777960769379 0.2735441964598736 0)
(9.710377292913906 0.2735441964598736 0)
(9.995976625058432 0.2735441964598736 0)
(10.28157595720296 0.2735441964598736 0)
(10.56717528934749 0.2735441964598737 0)
(10.85277462149201 0.2735441964598736 0)
(11.13837395363654 0.2735441964598736 0)
(11.42397328578106 0.2735441964598736 0)
(11.70957261792559 0.2735441964598736 0)
(11.99517195007012 0.2735441964598736 0)
(12.28077128221465 0.2735441964598737 0)
(12.56637061435917 0.2735441964598736 0)
(0 0.2735441964598736 0.1)
(0.2855993321445267 0.2735441964598737 0.09999999999999999)
(0.5711986642890533 0.2735441964598736 0.09999999999999999)
(0.8567979964335799 0.2735441964598736 0.1)
(1.142397328578107 0.2735441964598736 0.09999999999999999)
(1.427996660722633 0.2735441964598736 0.09999999999999999)
(1.71359599286716 0.2735441964598736 0.09999999999999999)
(1.999195325011687 0.2735441964598737 0.1)
(2.284794657156213 0.2735441964598736 0.1)
(2.57039398930074 0.2735441964598736 0.09999999999999999)
(2.855993321445266 0.2735441964598736 0.09999999999999999)
(3.141592653589793 0.2735441964598736 0.1)
(3.42719198573432 0.2735441964598736 0.1)
(3.712791317878847 0.2735441964598737 0.1)
(3.998390650023373 0.2735441964598736 0.09999999999999999)
(4.283989982167899 0.2735441964598736 0.1)
(4.569589314312426 0.2735441964598736 0.1)
(4.855188646456953 0.2735441964598736 0.09999999999999999)
(5.14078797860148 0.2735441964598736 0.09999999999999999)
(5.426387310746006 0.2735441964598735 0.1)
(5.711986642890532 0.2735441964598736 0.09999999999999999)
(5.997585975035061 0.2735441964598736 0.1)
(6.283185307179586 0.2735441964598735 0.09999999999999999)
(6.568784639324112 0.2735441964598736 0.1)
(6.854383971468639 0.2735441964598736 0.1)
(7.139983303613167 0.2735441964598735 0.1)
(7.425582635757693 0.2735441964598736 0.09999999999999999)
(7.71118196790222 0.2735441964598736 0.1)
(7.996781300046746 0.2735441964598737 0.1)
(8.282380632191272 0.2735441964598736 0.09999999999999999)
(8.567979964335798 0.2735441964598736 0.1)
(8.853579296480326 0.2735441964598737 0.1)
(9.139178628624853 0.2735441964598736 0.1)
(9.424777960769379 0.2735441964598736 0.1)
(9.710377292913906 0.2735441964598736 0.1)
(9.995976625058432 0.2735441964598736 0.09999999999999999)
(10.28157595720296 0.2735441964598736 0.1)
(10.56717528934749 0.2735441964598737 0.1)
(10.85277462149201 0.2735441964598736 0.1)
(11.13837395363654 0.2735441964598736 0.09999999999999999)
(11.42397328578106 0.2735441964598736 0.1)
(11.70957261792559 0.2735441964598736 0.1)
(11.99517195007012 0.2735441964598736 0.1)
(12.28077128221465 0.2735441964598737 0.09999999999999999)
(12.56637061435917 0.2735441964598736 0.1)
(0 0.3935519322715012 0)
(0.2855993321445267 0.3935519322715013 0)
(0.5711986642890533 0.3935519322715011 0)
(0.8567979964335799 0.3935519322715013 0)
(1.142397328578107 0.3935519322715011 0)
(1.427996660722633 0.3935519322715013 0)
(1.71359599286716 0.3935519322715011 0)
(1.999195325011687 0.3935519322715011 0)
(2.284794657156213 0.3935519322715013 0)
(2.57039398930074 0.3935519322715011 0)
(2.855993321445266 0.3935519322715011 0)
(3.141592653589793 0.3935519322715011 0)
(3.42719198573432 0.3935519322715011 0)
(3.712791317878847 0.3935519322715013 0)
(3.998390650023373 0.3935519322715013 0)
(4.283989982167899 0.3935519322715011 0)
(4.569589314312426 0.3935519322715011 0)
(4.855188646456953 0.3935519322715011 0)
(5.14078797860148 0.3935519322715011 0)
(5.426387310746006 0.3935519322715013 0)
(5.711986642890532 0.3935519322715011 0)
(5.997585975035061 0.3935519322715011 0)
(6.283185307179586 0.3935519322715013 0)
(6.568784639324112 0.3935519322715013 0)
(6.854383971468639 0.3935519322715011 0)
(7.139983303613167 0.3935519322715011 0)
(7.425582635757693 0.3935519322715011 0)
(7.71118196790222 0.3935519322715011 0)
(7.996781300046746 0.3935519322715011 0)
(8.282380632191272 0.3935519322715013 0)
(8.567979964335798 0.3935519322715011 0)
(8.853579296480326 0.3935519322715011 0)
(9.139178628624853 0.3935519322715011 0)
(9.424777960769379 0.3935519322715011 0)
(9.710377292913906 0.3935519322715011 0)
(9.995976625058432 0.3935519322715011 0)
(10.28157595720296 0.3935519322715013 0)
(10.56717528934749 0.3935519322715011 0)
(10.85277462149201 0.3935519322715011 0)
(11.13837395363654 0.3935519322715013 0)
(11.42397328578106 0.3935519322715011 0)
(11.70957261792559 0.3935519322715011 0)
(11.99517195007012 0.3935519322715011 0)
(12.28077128221465 0.3935519322715013 0)
(12.56637061435917 0.3935519322715012 0)
(0 0.3935519322715012 0.1)
(0.2855993321445267 0.3935519322715011 0.09999999999999999)
(0.5711986642890533 0.3935519322715013 0.09999999999999999)
(0.8567979964335799 0.3935519322715013 0.1)
(1.142397328578107 0.3935519322715011 0.09999999999999999)
(1.427996660722633 0.3935519322715013 0.09999999999999999)
(1.71359599286716 0.3935519322715011 0.09999999999999999)
(1.999195325011687 0.3935519322715011 0.1)
(2.284794657156213 0.3935519322715013 0.1)
(2.57039398930074 0.3935519322715011 0.09999999999999999)
(2.855993321445266 0.3935519322715011 0.09999999999999999)
(3.141592653589793 0.3935519322715011 0.1)
(3.42719198573432 0.3935519322715011 0.1)
(3.712791317878847 0.3935519322715013 0.1)
(3.998390650023373 0.3935519322715013 0.09999999999999999)
(4.283989982167899 0.3935519322715011 0.1)
(4.569589314312426 0.3935519322715013 0.1)
(4.855188646456953 0.3935519322715011 0.09999999999999999)
(5.14078797860148 0.3935519322715011 0.09999999999999999)
(5.426387310746006 0.3935519322715013 0.1)
(5.711986642890532 0.3935519322715011 0.09999999999999999)
(5.997585975035061 0.3935519322715011 0.1)
(6.283185307179586 0.3935519322715013 0.09999999999999999)
(6.568784639324112 0.3935519322715013 0.1)
(6.854383971468639 0.3935519322715011 0.1)
(7.139983303613167 0.3935519322715011 0.1)
(7.425582635757693 0.3935519322715011 0.09999999999999999)
(7.71118196790222 0.3935519322715011 0.1)
(7.996781300046746 0.3935519322715011 0.1)
(8.282380632191272 0.3935519322715013 0.09999999999999999)
(8.567979964335798 0.3935519322715011 0.1)
(8.853579296480326 0.3935519322715011 0.1)
(9.139178628624853 0.3935519322715011 0.1)
(9.424777960769379 0.3935519322715011 0.1)
(9.710377292913906 0.3935519322715011 0.1)
(9.995976625058432 0.3935519322715011 0.09999999999999999)
(10.28157595720296 0.3935519322715013 0.1)
(10.56717528934749 0.3935519322715011 0.1)
(10.85277462149201 0.3935519322715011 0.1)
(11.13837395363654 0.3935519322715013 0.09999999999999999)
(11.42397328578106 0.3935519322715011 0.1)
(11.70957261792559 0.3935519322715011 0.1)
(11.99517195007012 0.3935519322715011 0.1)
(12.28077128221465 0.3935519322715013 0.09999999999999999)
(12.56637061435917 0.3935519322715012 0.1)
(0 0.5510641319398095 0)
(0.2855993321445267 0.5510641319398095 0)
(0.5711986642890533 0.5510641319398095 0)
(0.8567979964335799 0.5510641319398095 0)
(1.142397328578107 0.5510641319398095 0)
(1.427996660722633 0.5510641319398095 0)
(1.71359599286716 0.5510641319398095 0)
(1.999195325011687 0.5510641319398096 0)
(2.284794657156213 0.5510641319398095 0)
(2.57039398930074 0.5510641319398095 0)
(2.855993321445266 0.5510641319398095 0)
(3.141592653589793 0.5510641319398095 0)
(3.42719198573432 0.5510641319398095 0)
(3.712791317878847 0.5510641319398095 0)
(3.998390650023373 0.5510641319398095 0)
(4.283989982167899 0.5510641319398095 0)
(4.569589314312426 0.5510641319398095 0)
(4.855188646456953 0.5510641319398095 0)
(5.14078797860148 0.5510641319398095 0)
(5.426387310746006 0.5510641319398095 0)
(5.711986642890532 0.5510641319398095 0)
(5.997585975035061 0.5510641319398095 0)
(6.283185307179586 0.5510641319398095 0)
(6.568784639324112 0.5510641319398095 0)
(6.854383971468639 0.5510641319398095 0)
(7.139983303613167 0.5510641319398095 0)
(7.425582635757693 0.5510641319398095 0)
(7.71118196790222 0.5510641319398095 0)
(7.996781300046746 0.5510641319398095 0)
(8.282380632191272 0.5510641319398095 0)
(8.567979964335798 0.5510641319398095 0)
(8.853579296480326 0.5510641319398095 0)
(9.139178628624853 0.5510641319398095 0)
(9.424777960769379 0.5510641319398095 0)
(9.710377292913906 0.5510641319398095 0)
(9.995976625058432 0.5510641319398095 0)
(10.28157595720296 0.5510641319398095 0)
(10.56717528934749 0.5510641319398095 0)
(10.85277462149201 0.5510641319398095 0)
(11.13837395363654 0.5510641319398095 0)
(11.42397328578106 0.5510641319398095 0)
(11.70957261792559 0.5510641319398095 0)
(11.99517195007012 0.5510641319398095 0)
(12.28077128221465 0.5510641319398095 0)
(12.56637061435917 0.5510641319398095 0)
(0 0.5510641319398095 0.1)
(0.2855993321445267 0.5510641319398095 0.09999999999999999)
(0.5711986642890533 0.5510641319398095 0.09999999999999999)
(0.8567979964335799 0.5510641319398095 0.1)
(1.142397328578107 0.5510641319398095 0.09999999999999999)
(1.427996660722633 0.5510641319398095 0.09999999999999999)
(1.71359599286716 0.5510641319398095 0.09999999999999999)
(1.999195325011687 0.5510641319398096 0.1)
(2.284794657156213 0.5510641319398095 0.1)
(2.57039398930074 0.5510641319398095 0.09999999999999999)
(2.855993321445266 0.5510641319398095 0.09999999999999999)
(3.141592653589793 0.5510641319398095 0.1)
(3.42719198573432 0.5510641319398095 0.1)
(3.712791317878847 0.5510641319398095 0.1)
(3.998390650023373 0.5510641319398095 0.09999999999999999)
(4.283989982167899 0.5510641319398095 0.1)
(4.569589314312426 0.5510641319398095 0.1)
(4.855188646456953 0.5510641319398095 0.09999999999999999)
(5.14078797860148 0.5510641319398095 0.09999999999999999)
(5.426387310746006 0.5510641319398095 0.1)
(5.711986642890532 0.5510641319398095 0.09999999999999999)
(5.997585975035061 0.5510641319398095 0.1)
(6.283185307179586 0.5510641319398095 0.09999999999999999)
(6.568784639324112 0.5510641319398095 0.1)
(6.854383971468639 0.5510641319398095 0.1)
(7.139983303613167 0.5510641319398095 0.1)
(7.425582635757693 0.5510641319398095 0.09999999999999999)
(7.71118196790222 0.5510641319398095 0.1)
(7.996781300046746 0.5510641319398095 0.1)
(8.282380632191272 0.5510641319398095 0.09999999999999999)
(8.567979964335798 0.5510641319398095 0.1)
(8.853579296480326 0.5510641319398095 0.1)
(9.139178628624853 0.5510641319398095 0.1)
(9.424777960769379 0.5510641319398095 0.1)
(9.710377292913906 0.5510641319398095 0.1)
(9.995976625058432 0.5510641319398095 0.09999999999999999)
(10.28157595720296 0.5510641319398096 0.1)
(10.56717528934749 0.5510641319398096 0.1)
(10.85277462149201 0.5510641319398095 0.1)
(11.13837395363654 0.5510641319398095 0.09999999999999999)
(11.42397328578106 0.5510641319398095 0.1)
(11.70957261792559 0.5510641319398095 0.1)
(11.99517195007012 0.5510641319398095 0.1)
(12.28077128221465 0.5510641319398095 0.09999999999999999)
(12.56637061435917 0.5510641319398095 0.1)
(0 0.7272899177778626 0)
(0.2855993321445267 0.7272899177778626 0)
(0.5711986642890533 0.7272899177778628 0)
(0.8567979964335799 0.7272899177778628 0)
(1.142397328578107 0.7272899177778626 0)
(1.427996660722633 0.7272899177778628 0)
(1.71359599286716 0.7272899177778628 0)
(1.999195325011687 0.7272899177778626 0)
(2.284794657156213 0.7272899177778626 0)
(2.57039398930074 0.7272899177778626 0)
(2.855993321445266 0.7272899177778626 0)
(3.141592653589793 0.7272899177778626 0)
(3.42719198573432 0.7272899177778624 0)
(3.712791317878847 0.7272899177778624 0)
(3.998390650023373 0.7272899177778626 0)
(4.283989982167899 0.7272899177778626 0)
(4.569589314312426 0.7272899177778626 0)
(4.855188646456953 0.7272899177778624 0)
(5.14078797860148 0.7272899177778626 0)
(5.426387310746006 0.7272899177778624 0)
(5.711986642890532 0.7272899177778624 0)
(5.997585975035061 0.7272899177778624 0)
(6.283185307179586 0.7272899177778626 0)
(6.568784639324112 0.7272899177778626 0)
(6.854383971468639 0.7272899177778626 0)
(7.139983303613167 0.7272899177778626 0)
(7.425582635757693 0.7272899177778626 0)
(7.71118196790222 0.7272899177778626 0)
(7.996781300046746 0.7272899177778626 0)
(8.282380632191272 0.7272899177778626 0)
(8.567979964335798 0.7272899177778626 0)
(8.853579296480326 0.7272899177778626 0)
(9.139178628624853 0.7272899177778626 0)
(9.424777960769379 0.7272899177778626 0)
(9.710377292913906 0.7272899177778624 0)
(9.995976625058432 0.7272899177778624 0)
(10.28157595720296 0.7272899177778626 0)
(10.56717528934749 0.7272899177778624 0)
(10.85277462149201 0.7272899177778624 0)
(11.13837395363654 0.7272899177778626 0)
(11.42397328578106 0.7272899177778624 0)
(11.70957261792559 0.7272899177778626 0)
(11.99517195007012 0.7272899177778626 0)
(12.28077128221465 0.7272899177778626 0)
(12.56637061435917 0.7272899177778626 0)
(0 0.7272899177778626 0.1)
(0.2855993321445267 0.7272899177778626 0.09999999999999999)
(0.5711986642890533 0.7272899177778628 0.09999999999999999)
(0.8567979964335799 0.7272899177778626 0.1)
(1.142397328578107 0.7272899177778624 0.09999999999999999)
(1.427996660722633 0.7272899177778626 0.09999999999999999)
(1.71359599286716 0.7272899177778626 0.09999999999999999)
(1.999195325011687 0.7272899177778626 0.1)
(2.284794657156213 0.7272899177778626 0.1)
(2.57039398930074 0.7272899177778626 0.09999999999999999)
(2.855993321445266 0.7272899177778624 0.09999999999999999)
(3.141592653589793 0.7272899177778626 0.1)
(3.42719198573432 0.7272899177778624 0.1)
(3.712791317878847 0.7272899177778624 0.1)
(3.998390650023373 0.7272899177778626 0.09999999999999999)
(4.283989982167899 0.7272899177778626 0.1)
(4.569589314312426 0.7272899177778626 0.1)
(4.855188646456953 0.7272899177778626 0.09999999999999999)
(5.14078797860148 0.7272899177778626 0.09999999999999999)
(5.426387310746006 0.7272899177778626 0.1)
(5.711986642890532 0.7272899177778626 0.09999999999999999)
(5.997585975035061 0.7272899177778626 0.1)
(6.283185307179586 0.7272899177778626 0.09999999999999999)
(6.568784639324112 0.7272899177778624 0.1)
(6.854383971468639 0.7272899177778624 0.1)
(7.139983303613167 0.7272899177778626 0.1)
(7.425582635757693 0.7272899177778624 0.09999999999999999)
(7.71118196790222 0.7272899177778624 0.1)
(7.996781300046746 0.7272899177778626 0.1)
(8.282380632191272 0.7272899177778626 0.09999999999999999)
(8.567979964335798 0.7272899177778626 0.1)
(8.853579296480326 0.7272899177778626 0.1)
(9.139178628624853 0.7272899177778626 0.1)
(9.424777960769379 0.7272899177778626 0.1)
(9.710377292913906 0.7272899177778624 0.1)
(9.995976625058432 0.7272899177778624 0.09999999999999999)
(10.28157595720296 0.7272899177778626 0.1)
(10.56717528934749 0.7272899177778624 0.1)
(10.85277462149201 0.7272899177778628 0.1)
(11.13837395363654 0.7272899177778628 0.09999999999999999)
(11.42397328578106 0.7272899177778626 0.1)
(11.70957261792559 0.7272899177778626 0.1)
(11.99517195007012 0.7272899177778628 0.1)
(12.28077128221465 0.7272899177778626 0.09999999999999999)
(12.56637061435917 0.7272899177778626 0.1)
(0 0.9088356938036576 0)
(0.2855993321445267 0.9088356938036576 0)
(0.5711986642890533 0.9088356938036576 0)
(0.8567979964335799 0.9088356938036578 0)
(1.142397328578107 0.9088356938036576 0)
(1.427996660722633 0.9088356938036575 0)
(1.71359599286716 0.9088356938036576 0)
(1.999195325011687 0.9088356938036576 0)
(2.284794657156213 0.9088356938036575 0)
(2.57039398930074 0.9088356938036575 0)
(2.855993321445266 0.9088356938036576 0)
(3.141592653589793 0.9088356938036578 0)
(3.42719198573432 0.9088356938036576 0)
(3.712791317878847 0.9088356938036575 0)
(3.998390650023373 0.9088356938036576 0)
(4.283989982167899 0.9088356938036576 0)
(4.569589314312426 0.9088356938036576 0)
(4.855188646456953 0.9088356938036576 0)
(5.14078797860148 0.9088356938036576 0)
(5.426387310746006 0.9088356938036576 0)
(5.711986642890532 0.9088356938036575 0)
(5.997585975035061 0.9088356938036575 0)
(6.283185307179586 0.9088356938036576 0)
(6.568784639324112 0.9088356938036576 0)
(6.854383971468639 0.9088356938036576 0)
(7.139983303613167 0.9088356938036576 0)
(7.425582635757693 0.9088356938036578 0)
(7.71118196790222 0.9088356938036576 0)
(7.996781300046746 0.9088356938036576 0)
(8.282380632191272 0.9088356938036575 0)
(8.567979964335798 0.9088356938036576 0)
(8.853579296480326 0.9088356938036576 0)
(9.139178628624853 0.9088356938036575 0)
(9.424777960769379 0.9088356938036576 0)
(9.710377292913906 0.9088356938036578 0)
(9.995976625058432 0.9088356938036575 0)
(10.28157595720296 0.9088356938036575 0)
(10.56717528934749 0.9088356938036576 0)
(10.85277462149201 0.9088356938036576 0)
(11.13837395363654 0.9088356938036576 0)
(11.42397328578106 0.9088356938036576 0)
(11.70957261792559 0.9088356938036576 0)
(11.99517195007012 0.9088356938036576 0)
(12.28077128221465 0.9088356938036576 0)
(12.56637061435917 0.9088356938036576 0)
(0 0.9088356938036576 0.1)
(0.2855993321445267 0.9088356938036576 0.09999999999999999)
(0.5711986642890533 0.9088356938036576 0.09999999999999999)
(0.8567979964335799 0.9088356938036576 0.1)
(1.142397328578107 0.9088356938036576 0.09999999999999999)
(1.427996660722633 0.9088356938036575 0.09999999999999999)
(1.71359599286716 0.9088356938036576 0.09999999999999999)
(1.999195325011687 0.9088356938036576 0.1)
(2.284794657156213 0.9088356938036576 0.1)
(2.57039398930074 0.9088356938036575 0.09999999999999999)
(2.855993321445266 0.9088356938036578 0.09999999999999999)
(3.141592653589793 0.9088356938036576 0.1)
(3.42719198573432 0.9088356938036575 0.1)
(3.712791317878847 0.9088356938036575 0.1)
(3.998390650023373 0.9088356938036578 0.09999999999999999)
(4.283989982167899 0.9088356938036576 0.1)
(4.569589314312426 0.9088356938036576 0.1)
(4.855188646456953 0.9088356938036576 0.09999999999999999)
(5.14078797860148 0.9088356938036576 0.09999999999999999)
(5.426387310746006 0.9088356938036575 0.1)
(5.711986642890532 0.9088356938036575 0.09999999999999999)
(5.997585975035061 0.9088356938036575 0.1)
(6.283185307179586 0.9088356938036576 0.09999999999999999)
(6.568784639324112 0.9088356938036576 0.1)
(6.854383971468639 0.9088356938036575 0.1)
(7.139983303613167 0.9088356938036576 0.1)
(7.425582635757693 0.9088356938036576 0.09999999999999999)
(7.71118196790222 0.9088356938036576 0.1)
(7.996781300046746 0.9088356938036576 0.1)
(8.282380632191272 0.9088356938036575 0.09999999999999999)
(8.567979964335798 0.9088356938036576 0.1)
(8.853579296480326 0.9088356938036575 0.1)
(9.139178628624853 0.9088356938036576 0.1)
(9.424777960769379 0.9088356938036576 0.1)
(9.710377292913906 0.9088356938036576 0.1)
(9.995976625058432 0.9088356938036576 0.09999999999999999)
(10.28157595720296 0.9088356938036576 0.1)
(10.56717528934749 0.9088356938036576 0.1)
(10.85277462149201 0.9088356938036576 0.1)
(11.13837395363654 0.9088356938036576 0.09999999999999999)
(11.42397328578106 0.9088356938036576 0.1)
(11.70957261792559 0.9088356938036576 0.1)
(11.99517195007012 0.9088356938036576 0.1)
(12.28077128221465 0.9088356938036575 0.09999999999999999)
(12.56637061435917 0.9088356938036576 0.1)
(0 1.091164306196343 0)
(0.2855993321445267 1.091164306196343 0)
(0.5711986642890533 1.091164306196343 0)
(0.8567979964335799 1.091164306196342 0)
(1.142397328578107 1.091164306196342 0)
(1.427996660722633 1.091164306196343 0)
(1.71359599286716 1.091164306196343 0)
(1.999195325011687 1.091164306196343 0)
(2.284794657156213 1.091164306196343 0)
(2.57039398930074 1.091164306196343 0)
(2.855993321445266 1.091164306196342 0)
(3.141592653589793 1.091164306196343 0)
(3.42719198573432 1.091164306196343 0)
(3.712791317878847 1.091164306196343 0)
(3.998390650023373 1.091164306196343 0)
(4.283989982167899 1.091164306196342 0)
(4.569589314312426 1.091164306196343 0)
(4.855188646456953 1.091164306196343 0)
(5.14078797860148 1.091164306196343 0)
(5.426387310746006 1.091164306196343 0)
(5.711986642890532 1.091164306196343 0)
(5.997585975035061 1.091164306196343 0)
(6.283185307179586 1.091164306196342 0)
(6.568784639324112 1.091164306196343 0)
(6.854383971468639 1.091164306196343 0)
(7.139983303613167 1.091164306196343 0)
(7.425582635757693 1.091164306196343 0)
(7.71118196790222 1.091164306196343 0)
(7.996781300046746 1.091164306196343 0)
(8.282380632191272 1.091164306196343 0)
(8.567979964335798 1.091164306196343 0)
(8.853579296480326 1.091164306196343 0)
(9.139178628624853 1.091164306196343 0)
(9.424777960769379 1.091164306196343 0)
(9.710377292913906 1.091164306196342 0)
(9.995976625058432 1.091164306196343 0)
(10.28157595720296 1.091164306196343 0)
(10.56717528934749 1.091164306196343 0)
(10.85277462149201 1.091164306196343 0)
(11.13837395363654 1.091164306196343 0)
(11.42397328578106 1.091164306196342 0)
(11.70957261792559 1.091164306196343 0)
(11.99517195007012 1.091164306196343 0)
(12.28077128221465 1.091164306196343 0)
(12.56637061435917 1.091164306196343 0)
(0 1.091164306196343 0.1)
(0.2855993321445267 1.091164306196343 0.09999999999999999)
(0.5711986642890533 1.091164306196343 0.09999999999999999)
(0.8567979964335799 1.091164306196342 0.1)
(1.142397328578107 1.091164306196343 0.09999999999999999)
(1.427996660722633 1.091164306196343 0.09999999999999999)
(1.71359599286716 1.091164306196343 0.09999999999999999)
(1.999195325011687 1.091164306196343 0.1)
(2.284794657156213 1.091164306196343 0.1)
(2.57039398930074 1.091164306196343 0.09999999999999999)
(2.855993321445266 1.091164306196342 0.09999999999999999)
(3.141592653589793 1.091164306196343 0.1)
(3.42719198573432 1.091164306196343 0.1)
(3.712791317878847 1.091164306196343 0.1)
(3.998390650023373 1.091164306196343 0.09999999999999999)
(4.283989982167899 1.091164306196342 0.1)
(4.569589314312426 1.091164306196343 0.1)
(4.855188646456953 1.091164306196343 0.09999999999999999)
(5.14078797860148 1.091164306196343 0.09999999999999999)
(5.426387310746006 1.091164306196343 0.1)
(5.711986642890532 1.091164306196343 0.09999999999999999)
(5.997585975035061 1.091164306196343 0.1)
(6.283185307179586 1.091164306196342 0.09999999999999999)
(6.568784639324112 1.091164306196343 0.1)
(6.854383971468639 1.091164306196343 0.1)
(7.139983303613167 1.091164306196343 0.1)
(7.425582635757693 1.091164306196343 0.09999999999999999)
(7.71118196790222 1.091164306196343 0.1)
(7.996781300046746 1.091164306196343 0.1)
(8.282380632191272 1.091164306196343 0.09999999999999999)
(8.567979964335798 1.091164306196343 0.1)
(8.853579296480326 1.091164306196343 0.1)
(9.139178628624853 1.091164306196343 0.1)
(9.424777960769379 1.091164306196343 0.1)
(9.710377292913906 1.091164306196342 0.1)
(9.995976625058432 1.091164306196343 0.09999999999999999)
(10.28157595720296 1.091164306196343 0.1)
(10.56717528934749 1.091164306196343 0.1)
(10.85277462149201 1.091164306196343 0.1)
(11.13837395363654 1.091164306196343 0.09999999999999999)
(11.42397328578106 1.091164306196342 0.1)
(11.70957261792559 1.091164306196343 0.1)
(11.99517195007012 1.091164306196343 0.1)
(12.28077128221465 1.091164306196343 0.09999999999999999)
(12.56637061435917 1.091164306196343 0.1)
(0 1.272710082222138 0)
(0.2855993321445267 1.272710082222138 0)
(0.5711986642890533 1.272710082222138 0)
(0.8567979964335799 1.272710082222138 0)
(1.142397328578107 1.272710082222138 0)
(1.427996660722633 1.272710082222138 0)
(1.71359599286716 1.272710082222138 0)
(1.999195325011687 1.272710082222138 0)
(2.284794657156213 1.272710082222137 0)
(2.57039398930074 1.272710082222138 0)
(2.855993321445266 1.272710082222137 0)
(3.141592653589793 1.272710082222138 0)
(3.42719198573432 1.272710082222138 0)
(3.712791317878847 1.272710082222138 0)
(3.998390650023373 1.272710082222138 0)
(4.283989982167899 1.272710082222138 0)
(4.569589314312426 1.272710082222138 0)
(4.855188646456953 1.272710082222138 0)
(5.14078797860148 1.272710082222138 0)
(5.426387310746006 1.272710082222138 0)
(5.711986642890532 1.272710082222138 0)
(5.997585975035061 1.272710082222138 0)
(6.283185307179586 1.272710082222138 0)
(6.568784639324112 1.272710082222138 0)
(6.854383971468639 1.272710082222138 0)
(7.139983303613167 1.272710082222138 0)
(7.425582635757693 1.272710082222138 0)
(7.71118196790222 1.272710082222138 0)
(7.996781300046746 1.272710082222138 0)
(8.282380632191272 1.272710082222138 0)
(8.567979964335798 1.272710082222138 0)
(8.853579296480326 1.272710082222138 0)
(9.139178628624853 1.272710082222138 0)
(9.424777960769379 1.272710082222138 0)
(9.710377292913906 1.272710082222138 0)
(9.995976625058432 1.272710082222138 0)
(10.28157595720296 1.272710082222138 0)
(10.56717528934749 1.272710082222138 0)
(10.85277462149201 1.272710082222138 0)
(11.13837395363654 1.272710082222138 0)
(11.42397328578106 1.272710082222138 0)
(11.70957261792559 1.272710082222138 0)
(11.99517195007012 1.272710082222138 0)
(12.28077128221465 1.272710082222138 0)
(12.56637061435917 1.272710082222138 0)
(0 1.272710082222138 0.1)
(0.2855993321445267 1.272710082222138 0.09999999999999999)
(0.5711986642890533 1.272710082222138 0.09999999999999999)
(0.8567979964335799 1.272710082222138 0.1)
(1.142397328578107 1.272710082222138 0.09999999999999999)
(1.427996660722633 1.272710082222138 0.09999999999999999)
(1.71359599286716 1.272710082222138 0.09999999999999999)
(1.999195325011687 1.272710082222138 0.1)
(2.284794657156213 1.272710082222137 0.1)
(2.57039398930074 1.272710082222138 0.09999999999999999)
(2.855993321445266 1.272710082222137 0.09999999999999999)
(3.141592653589793 1.272710082222138 0.1)
(3.42719198573432 1.272710082222138 0.1)
(3.712791317878847 1.272710082222138 0.1)
(3.998390650023373 1.272710082222138 0.09999999999999999)
(4.283989982167899 1.272710082222138 0.1)
(4.569589314312426 1.272710082222138 0.1)
(4.855188646456953 1.272710082222138 0.09999999999999999)
(5.14078797860148 1.272710082222138 0.09999999999999999)
(5.426387310746006 1.272710082222138 0.1)
(5.711986642890532 1.272710082222138 0.09999999999999999)
(5.997585975035061 1.272710082222138 0.1)
(6.283185307179586 1.272710082222138 0.09999999999999999)
(6.568784639324112 1.272710082222138 0.1)
(6.854383971468639 1.272710082222138 0.1)
(7.139983303613167 1.272710082222138 0.1)
(7.425582635757693 1.272710082222138 0.09999999999999999)
(7.71118196790222 1.272710082222138 0.1)
(7.996781300046746 1.272710082222138 0.1)
(8.282380632191272 1.272710082222138 0.09999999999999999)
(8.567979964335798 1.272710082222138 0.1)
(8.853579296480326 1.272710082222138 0.1)
(9.139178628624853 1.272710082222138 0.1)
(9.424777960769379 1.272710082222138 0.1)
(9.710377292913906 1.272710082222137 0.1)
(9.995976625058432 1.272710082222138 0.09999999999999999)
(10.28157595720296 1.272710082222138 0.1)
(10.56717528934749 1.272710082222138 0.1)
(10.85277462149201 1.272710082222138 0.1)
(11.13837395363654 1.272710082222138 0.09999999999999999)
(11.42397328578106 1.272710082222138 0.1)
(11.70957261792559 1.272710082222138 0.1)
(11.99517195007012 1.272710082222138 0.1)
(12.28077128221465 1.272710082222138 0.09999999999999999)
(12.56637061435917 1.272710082222138 0.1)
(0 1.44893586806019 0)
(0.2855993321445267 1.44893586806019 0)
(0.5711986642890533 1.44893586806019 0)
(0.8567979964335799 1.44893586806019 0)
(1.142397328578107 1.44893586806019 0)
(1.427996660722633 1.44893586806019 0)
(1.71359599286716 1.44893586806019 0)
(1.999195325011687 1.44893586806019 0)
(2.284794657156213 1.44893586806019 0)
(2.57039398930074 1.44893586806019 0)
(2.855993321445266 1.44893586806019 0)
(3.141592653589793 1.44893586806019 0)
(3.42719198573432 1.44893586806019 0)
(3.712791317878847 1.44893586806019 0)
(3.998390650023373 1.44893586806019 0)
(4.283989982167899 1.44893586806019 0)
(4.569589314312426 1.44893586806019 0)
(4.855188646456953 1.44893586806019 0)
(5.14078797860148 1.44893586806019 0)
(5.426387310746006 1.44893586806019 0)
(5.711986642890532 1.44893586806019 0)
(5.997585975035061 1.44893586806019 0)
(6.283185307179586 1.44893586806019 0)
(6.568784639324112 1.44893586806019 0)
(6.854383971468639 1.44893586806019 0)
(7.139983303613167 1.44893586806019 0)
(7.425582635757693 1.44893586806019 0)
(7.71118196790222 1.44893586806019 0)
(7.996781300046746 1.44893586806019 0)
(8.282380632191272 1.44893586806019 0)
(8.567979964335798 1.44893586806019 0)
(8.853579296480326 1.44893586806019 0)
(9.139178628624853 1.44893586806019 0)
(9.424777960769379 1.44893586806019 0)
(9.710377292913906 1.44893586806019 0)
(9.995976625058432 1.44893586806019 0)
(10.28157595720296 1.44893586806019 0)
(10.56717528934749 1.44893586806019 0)
(10.85277462149201 1.44893586806019 0)
(11.13837395363654 1.44893586806019 0)
(11.42397328578106 1.44893586806019 0)
(11.70957261792559 1.44893586806019 0)
(11.99517195007012 1.44893586806019 0)
(12.28077128221465 1.44893586806019 0)
(12.56637061435917 1.44893586806019 0)
(0 1.44893586806019 0.1)
(0.2855993321445267 1.44893586806019 0.09999999999999999)
(0.5711986642890533 1.44893586806019 0.09999999999999999)
(0.8567979964335799 1.44893586806019 0.1)
(1.142397328578107 1.44893586806019 0.09999999999999999)
(1.427996660722633 1.44893586806019 0.09999999999999999)
(1.71359599286716 1.44893586806019 0.09999999999999999)
(1.999195325011687 1.44893586806019 0.1)
(2.284794657156213 1.44893586806019 0.1)
(2.57039398930074 1.44893586806019 0.09999999999999999)
(2.855993321445266 1.44893586806019 0.09999999999999999)
(3.141592653589793 1.44893586806019 0.1)
(3.42719198573432 1.44893586806019 0.1)
(3.712791317878847 1.44893586806019 0.1)
(3.998390650023373 1.44893586806019 0.09999999999999999)
(4.283989982167899 1.44893586806019 0.1)
(4.569589314312426 1.44893586806019 0.1)
(4.855188646456953 1.44893586806019 0.09999999999999999)
(5.14078797860148 1.44893586806019 0.09999999999999999)
(5.426387310746006 1.44893586806019 0.1)
(5.711986642890532 1.44893586806019 0.09999999999999999)
(5.997585975035061 1.44893586806019 0.1)
(6.283185307179586 1.44893586806019 0.09999999999999999)
(6.568784639324112 1.44893586806019 0.1)
(6.854383971468639 1.44893586806019 0.1)
(7.139983303613167 1.44893586806019 0.1)
(7.425582635757693 1.44893586806019 0.09999999999999999)
(7.71118196790222 1.44893586806019 0.1)
(7.996781300046746 1.44893586806019 0.1)
(8.282380632191272 1.44893586806019 0.09999999999999999)
(8.567979964335798 1.44893586806019 0.1)
(8.853579296480326 1.44893586806019 0.1)
(9.139178628624853 1.44893586806019 0.1)
(9.424777960769379 1.44893586806019 0.1)
(9.710377292913906 1.44893586806019 0.1)
(9.995976625058432 1.44893586806019 0.09999999999999999)
(10.28157595720296 1.44893586806019 0.1)
(10.56717528934749 1.44893586806019 0.1)
(10.85277462149201 1.44893586806019 0.1)
(11.13837395363654 1.44893586806019 0.09999999999999999)
(11.42397328578106 1.44893586806019 0.1)
(11.70957261792559 1.44893586806019 0.1)
(11.99517195007012 1.44893586806019 0.1)
(12.28077128221465 1.44893586806019 0.09999999999999999)
(12.56637061435917 1.44893586806019 0.1)
(0 1.606448067728499 0)
(0.2855993321445267 1.606448067728499 0)
(0.5711986642890533 1.606448067728499 0)
(0.8567979964335799 1.606448067728499 0)
(1.142397328578107 1.606448067728499 0)
(1.427996660722633 1.606448067728499 0)
(1.71359599286716 1.606448067728499 0)
(1.999195325011687 1.606448067728499 0)
(2.284794657156213 1.606448067728499 0)
(2.57039398930074 1.606448067728499 0)
(2.855993321445266 1.606448067728499 0)
(3.141592653589793 1.606448067728499 0)
(3.42719198573432 1.606448067728498 0)
(3.712791317878847 1.606448067728499 0)
(3.998390650023373 1.606448067728499 0)
(4.283989982167899 1.606448067728499 0)
(4.569589314312426 1.606448067728499 0)
(4.855188646456953 1.606448067728499 0)
(5.14078797860148 1.606448067728499 0)
(5.426387310746006 1.606448067728499 0)
(5.711986642890532 1.606448067728499 0)
(5.997585975035061 1.606448067728499 0)
(6.283185307179586 1.606448067728499 0)
(6.568784639324112 1.606448067728499 0)
(6.854383971468639 1.606448067728499 0)
(7.139983303613167 1.606448067728499 0)
(7.425582635757693 1.606448067728499 0)
(7.71118196790222 1.606448067728499 0)
(7.996781300046746 1.606448067728499 0)
(8.282380632191272 1.606448067728499 0)
(8.567979964335798 1.606448067728499 0)
(8.853579296480326 1.606448067728499 0)
(9.139178628624853 1.606448067728499 0)
(9.424777960769379 1.606448067728499 0)
(9.710377292913906 1.606448067728499 0)
(9.995976625058432 1.606448067728499 0)
(10.28157595720296 1.606448067728499 0)
(10.56717528934749 1.606448067728499 0)
(10.85277462149201 1.606448067728499 0)
(11.13837395363654 1.606448067728499 0)
(11.42397328578106 1.606448067728499 0)
(11.70957261792559 1.606448067728499 0)
(11.99517195007012 1.606448067728499 0)
(12.28077128221465 1.606448067728499 0)
(12.56637061435917 1.606448067728499 0)
(0 1.606448067728499 0.1)
(0.2855993321445267 1.606448067728499 0.09999999999999999)
(0.5711986642890533 1.606448067728499 0.09999999999999999)
(0.8567979964335799 1.606448067728499 0.1)
(1.142397328578107 1.606448067728499 0.09999999999999999)
(1.427996660722633 1.606448067728499 0.09999999999999999)
(1.71359599286716 1.606448067728499 0.09999999999999999)
(1.999195325011687 1.606448067728499 0.1)
(2.284794657156213 1.606448067728499 0.1)
(2.57039398930074 1.606448067728499 0.09999999999999999)
(2.855993321445266 1.606448067728499 0.09999999999999999)
(3.141592653589793 1.606448067728499 0.1)
(3.42719198573432 1.606448067728498 0.1)
(3.712791317878847 1.606448067728499 0.1)
(3.998390650023373 1.606448067728499 0.09999999999999999)
(4.283989982167899 1.606448067728499 0.1)
(4.569589314312426 1.606448067728499 0.1)
(4.855188646456953 1.606448067728499 0.09999999999999999)
(5.14078797860148 1.606448067728498 0.09999999999999999)
(5.426387310746006 1.606448067728499 0.1)
(5.711986642890532 1.606448067728499 0.09999999999999999)
(5.997585975035061 1.606448067728499 0.1)
(6.283185307179586 1.606448067728499 0.09999999999999999)
(6.568784639324112 1.606448067728499 0.1)
(6.854383971468639 1.606448067728499 0.1)
(7.139983303613167 1.606448067728499 0.1)
(7.425582635757693 1.606448067728499 0.09999999999999999)
(7.71118196790222 1.606448067728499 0.1)
(7.996781300046746 1.606448067728499 0.1)
(8.282380632191272 1.606448067728499 0.09999999999999999)
(8.567979964335798 1.606448067728499 0.1)
(8.853579296480326 1.606448067728499 0.1)
(9.139178628624853 1.606448067728499 0.1)
(9.424777960769379 1.606448067728499 0.1)
(9.710377292913906 1.606448067728499 0.1)
(9.995976625058432 1.606448067728498 0.09999999999999999)
(10.28157595720296 1.606448067728499 0.1)
(10.56717528934749 1.606448067728498 0.1)
(10.85277462149201 1.606448067728498 0.1)
(11.13837395363654 1.606448067728499 0.09999999999999999)
(11.42397328578106 1.606448067728499 0.1)
(11.70957261792559 1.606448067728499 0.1)
(11.99517195007012 1.606448067728499 0.1)
(12.28077128221465 1.606448067728499 0.09999999999999999)
(12.56637061435917 1.606448067728499 0.1)
(0 1.726455803540126 0)
(0.2855993321445267 1.726455803540126 0)
(0.5711986642890533 1.726455803540126 0)
(0.8567979964335799 1.726455803540126 0)
(1.142397328578107 1.726455803540126 0)
(1.427996660722633 1.726455803540126 0)
(1.71359599286716 1.726455803540127 0)
(1.999195325011687 1.726455803540127 0)
(2.284794657156213 1.726455803540126 0)
(2.57039398930074 1.726455803540127 0)
(2.855993321445266 1.726455803540126 0)
(3.141592653589793 1.726455803540126 0)
(3.42719198573432 1.726455803540126 0)
(3.712791317878847 1.726455803540126 0)
(3.998390650023373 1.726455803540126 0)
(4.283989982167899 1.726455803540127 0)
(4.569589314312426 1.726455803540126 0)
(4.855188646456953 1.726455803540126 0)
(5.14078797860148 1.726455803540127 0)
(5.426387310746006 1.726455803540126 0)
(5.711986642890532 1.726455803540127 0)
(5.997585975035061 1.726455803540126 0)
(6.283185307179586 1.726455803540126 0)
(6.568784639324112 1.726455803540126 0)
(6.854383971468639 1.726455803540126 0)
(7.139983303613167 1.726455803540126 0)
(7.425582635757693 1.726455803540126 0)
(7.71118196790222 1.726455803540126 0)
(7.996781300046746 1.726455803540126 0)
(8.282380632191272 1.726455803540127 0)
(8.567979964335798 1.726455803540127 0)
(8.853579296480326 1.726455803540127 0)
(9.139178628624853 1.726455803540127 0)
(9.424777960769379 1.726455803540126 0)
(9.710377292913906 1.726455803540126 0)
(9.995976625058432 1.726455803540127 0)
(10.28157595720296 1.726455803540127 0)
(10.56717528934749 1.726455803540127 0)
(10.85277462149201 1.726455803540126 0)
(11.13837395363654 1.726455803540126 0)
(11.42397328578106 1.726455803540126 0)
(11.70957261792559 1.726455803540127 0)
(11.99517195007012 1.726455803540126 0)
(12.28077128221465 1.726455803540126 0)
(12.56637061435917 1.726455803540126 0)
(0 1.726455803540126 0.1)
(0.2855993321445267 1.726455803540126 0.09999999999999999)
(0.5711986642890533 1.726455803540127 0.09999999999999999)
(0.8567979964335799 1.726455803540126 0.1)
(1.142397328578107 1.726455803540126 0.09999999999999999)
(1.427996660722633 1.726455803540126 0.09999999999999999)
(1.71359599286716 1.726455803540127 0.09999999999999999)
(1.999195325011687 1.726455803540127 0.1)
(2.284794657156213 1.726455803540126 0.1)
(2.57039398930074 1.726455803540127 0.09999999999999999)
(2.855993321445266 1.726455803540126 0.09999999999999999)
(3.141592653589793 1.726455803540126 0.1)
(3.42719198573432 1.726455803540127 0.1)
(3.712791317878847 1.726455803540127 0.1)
(3.998390650023373 1.726455803540127 0.09999999999999999)
(4.283989982167899 1.726455803540127 0.1)
(4.569589314312426 1.726455803540126 0.1)
(4.855188646456953 1.726455803540126 0.09999999999999999)
(5.14078797860148 1.726455803540127 0.09999999999999999)
(5.426387310746006 1.726455803540126 0.1)
(5.711986642890532 1.726455803540127 0.09999999999999999)
(5.997585975035061 1.726455803540126 0.1)
(6.283185307179586 1.726455803540126 0.09999999999999999)
(6.568784639324112 1.726455803540126 0.1)
(6.854383971468639 1.726455803540127 0.1)
(7.139983303613167 1.726455803540126 0.1)
(7.425582635757693 1.726455803540126 0.09999999999999999)
(7.71118196790222 1.726455803540126 0.1)
(7.996781300046746 1.726455803540126 0.1)
(8.282380632191272 1.726455803540127 0.09999999999999999)
(8.567979964335798 1.726455803540126 0.1)
(8.853579296480326 1.726455803540126 0.1)
(9.139178628624853 1.726455803540126 0.1)
(9.424777960769379 1.726455803540126 0.1)
(9.710377292913906 1.726455803540126 0.1)
(9.995976625058432 1.726455803540127 0.09999999999999999)
(10.28157595720296 1.726455803540126 0.1)
(10.56717528934749 1.726455803540126 0.1)
(10.85277462149201 1.726455803540126 0.1)
(11.13837395363654 1.726455803540126 0.09999999999999999)
(11.42397328578106 1.726455803540126 0.1)
(11.70957261792559 1.726455803540127 0.1)
(11.99517195007012 1.726455803540126 0.1)
(12.28077128221465 1.726455803540126 0.09999999999999999)
(12.56637061435917 1.726455803540126 0.1)
(0 1.803559727574572 0)
(0.2855993321445267 1.803559727574572 0)
(0.5711986642890533 1.803559727574572 0)
(0.8567979964335799 1.803559727574572 0)
(1.142397328578107 1.803559727574572 0)
(1.427996660722633 1.803559727574572 0)
(1.71359599286716 1.803559727574572 0)
(1.999195325011687 1.803559727574572 0)
(2.284794657156213 1.803559727574572 0)
(2.57039398930074 1.803559727574573 0)
(2.855993321445266 1.803559727574572 0)
(3.141592653589793 1.803559727574572 0)
(3.42719198573432 1.803559727574572 0)
(3.712791317878847 1.803559727574573 0)
(3.998390650023373 1.803559727574572 0)
(4.283989982167899 1.803559727574572 0)
(4.569589314312426 1.803559727574572 0)
(4.855188646456953 1.803559727574572 0)
(5.14078797860148 1.803559727574572 0)
(5.426387310746006 1.803559727574572 0)
(5.711986642890532 1.803559727574572 0)
(5.997585975035061 1.803559727574572 0)
(6.283185307179586 1.803559727574572 0)
(6.568784639324112 1.803559727574572 0)
(6.854383971468639 1.803559727574572 0)
(7.139983303613167 1.803559727574572 0)
(7.425582635757693 1.803559727574572 0)
(7.71118196790222 1.803559727574572 0)
(7.996781300046746 1.803559727574573 0)
(8.282380632191272 1.803559727574572 0)
(8.567979964335798 1.803559727574572 0)
(8.853579296480326 1.803559727574572 0)
(9.139178628624853 1.803559727574572 0)
(9.424777960769379 1.803559727574572 0)
(9.710377292913906 1.803559727574572 0)
(9.995976625058432 1.803559727574572 0)
(10.28157595720296 1.803559727574572 0)
(10.56717528934749 1.803559727574572 0)
(10.85277462149201 1.803559727574572 0)
(11.13837395363654 1.803559727574572 0)
(11.42397328578106 1.803559727574572 0)
(11.70957261792559 1.803559727574572 0)
(11.99517195007012 1.803559727574572 0)
(12.28077128221465 1.803559727574572 0)
(12.56637061435917 1.803559727574572 0)
(0 1.803559727574572 0.1)
(0.2855993321445267 1.803559727574572 0.09999999999999999)
(0.5711986642890533 1.803559727574572 0.09999999999999999)
(0.8567979964335799 1.803559727574572 0.1)
(1.142397328578107 1.803559727574572 0.09999999999999999)
(1.427996660722633 1.803559727574572 0.09999999999999999)
(1.71359599286716 1.803559727574572 0.09999999999999999)
(1.999195325011687 1.803559727574572 0.1)
(2.284794657156213 1.803559727574572 0.1)
(2.57039398930074 1.803559727574572 0.09999999999999999)
(2.855993321445266 1.803559727574572 0.09999999999999999)
(3.141592653589793 1.803559727574572 0.1)
(3.42719198573432 1.803559727574572 0.1)
(3.712791317878847 1.803559727574572 0.1)
(3.998390650023373 1.803559727574572 0.09999999999999999)
(4.283989982167899 1.803559727574572 0.1)
(4.569589314312426 1.803559727574572 0.1)
(4.855188646456953 1.803559727574572 0.09999999999999999)
(5.14078797860148 1.803559727574572 0.09999999999999999)
(5.426387310746006 1.803559727574572 0.1)
(5.711986642890532 1.803559727574572 0.09999999999999999)
(5.997585975035061 1.803559727574572 0.1)
(6.283185307179586 1.803559727574572 0.09999999999999999)
(6.568784639324112 1.803559727574572 0.1)
(6.854383971468639 1.803559727574572 0.1)
(7.139983303613167 1.803559727574572 0.1)
(7.425582635757693 1.803559727574572 0.09999999999999999)
(7.71118196790222 1.803559727574572 0.1)
(7.996781300046746 1.803559727574572 0.1)
(8.282380632191272 1.803559727574572 0.09999999999999999)
(8.567979964335798 1.803559727574572 0.1)
(8.853579296480326 1.803559727574572 0.1)
(9.139178628624853 1.803559727574572 0.1)
(9.424777960769379 1.803559727574572 0.1)
(9.710377292913906 1.803559727574572 0.1)
(9.995976625058432 1.803559727574572 0.09999999999999999)
(10.28157595720296 1.803559727574572 0.1)
(10.56717528934749 1.803559727574572 0.1)
(10.85277462149201 1.803559727574572 0.1)
(11.13837395363654 1.803559727574572 0.09999999999999999)
(11.42397328578106 1.803559727574572 0.1)
(11.70957261792559 1.803559727574572 0.1)
(11.99517195007012 1.803559727574572 0.1)
(12.28077128221465 1.803559727574572 0.09999999999999999)
(12.56637061435917 1.803559727574572 0.1)
(0 1.85264192065598 0)
(0.2855993321445267 1.85264192065598 0)
(0.5711986642890533 1.852641920655979 0)
(0.8567979964335799 1.85264192065598 0)
(1.142397328578107 1.852641920655979 0)
(1.427996660722633 1.85264192065598 0)
(1.71359599286716 1.852641920655979 0)
(1.999195325011687 1.85264192065598 0)
(2.284794657156213 1.852641920655979 0)
(2.57039398930074 1.85264192065598 0)
(2.855993321445266 1.852641920655979 0)
(3.141592653589793 1.85264192065598 0)
(3.42719198573432 1.85264192065598 0)
(3.712791317878847 1.85264192065598 0)
(3.998390650023373 1.85264192065598 0)
(4.283989982167899 1.85264192065598 0)
(4.569589314312426 1.85264192065598 0)
(4.855188646456953 1.85264192065598 0)
(5.14078797860148 1.852641920655979 0)
(5.426387310746006 1.85264192065598 0)
(5.711986642890532 1.85264192065598 0)
(5.997585975035061 1.85264192065598 0)
(6.283185307179586 1.85264192065598 0)
(6.568784639324112 1.85264192065598 0)
(6.854383971468639 1.85264192065598 0)
(7.139983303613167 1.85264192065598 0)
(7.425582635757693 1.85264192065598 0)
(7.71118196790222 1.85264192065598 0)
(7.996781300046746 1.85264192065598 0)
(8.282380632191272 1.852641920655979 0)
(8.567979964335798 1.852641920655979 0)
(8.853579296480326 1.85264192065598 0)
(9.139178628624853 1.85264192065598 0)
(9.424777960769379 1.852641920655979 0)
(9.710377292913906 1.852641920655979 0)
(9.995976625058432 1.852641920655979 0)
(10.28157595720296 1.85264192065598 0)
(10.56717528934749 1.85264192065598 0)
(10.85277462149201 1.852641920655979 0)
(11.13837395363654 1.852641920655979 0)
(11.42397328578106 1.852641920655979 0)
(11.70957261792559 1.852641920655979 0)
(11.99517195007012 1.852641920655979 0)
(12.28077128221465 1.852641920655979 0)
(12.56637061435917 1.85264192065598 0)
(0 1.85264192065598 0.1)
(0.2855993321445267 1.85264192065598 0.09999999999999999)
(0.5711986642890533 1.852641920655979 0.09999999999999999)
(0.8567979964335799 1.85264192065598 0.1)
(1.142397328578107 1.852641920655979 0.09999999999999999)
(1.427996660722633 1.85264192065598 0.09999999999999999)
(1.71359599286716 1.852641920655979 0.09999999999999999)
(1.999195325011687 1.85264192065598 0.1)
(2.284794657156213 1.852641920655979 0.1)
(2.57039398930074 1.85264192065598 0.09999999999999999)
(2.855993321445266 1.852641920655979 0.09999999999999999)
(3.141592653589793 1.85264192065598 0.1)
(3.42719198573432 1.85264192065598 0.1)
(3.712791317878847 1.85264192065598 0.1)
(3.998390650023373 1.85264192065598 0.09999999999999999)
(4.283989982167899 1.85264192065598 0.1)
(4.569589314312426 1.85264192065598 0.1)
(4.855188646456953 1.85264192065598 0.09999999999999999)
(5.14078797860148 1.852641920655979 0.09999999999999999)
(5.426387310746006 1.852641920655979 0.1)
(5.711986642890532 1.85264192065598 0.09999999999999999)
(5.997585975035061 1.85264192065598 0.1)
(6.283185307179586 1.85264192065598 0.09999999999999999)
(6.568784639324112 1.85264192065598 0.1)
(6.854383971468639 1.85264192065598 0.1)
(7.139983303613167 1.852641920655979 0.1)
(7.425582635757693 1.85264192065598 0.09999999999999999)
(7.71118196790222 1.85264192065598 0.1)
(7.996781300046746 1.85264192065598 0.1)
(8.282380632191272 1.852641920655979 0.09999999999999999)
(8.567979964335798 1.852641920655979 0.1)
(8.853579296480326 1.85264192065598 0.1)
(9.139178628624853 1.85264192065598 0.1)
(9.424777960769379 1.852641920655979 0.1)
(9.710377292913906 1.852641920655979 0.1)
(9.995976625058432 1.852641920655979 0.09999999999999999)
(10.28157595720296 1.85264192065598 0.1)
(10.56717528934749 1.85264192065598 0.1)
(10.85277462149201 1.852641920655979 0.1)
(11.13837395363654 1.852641920655979 0.09999999999999999)
(11.42397328578106 1.852641920655979 0.1)
(11.70957261792559 1.852641920655979 0.1)
(11.99517195007012 1.852641920655979 0.1)
(12.28077128221465 1.852641920655979 0.09999999999999999)
(12.56637061435917 1.85264192065598 0.1)
(0 1.891282234438576 0)
(0.2855993321445267 1.891282234438576 0)
(0.5711986642890533 1.891282234438576 0)
(0.8567979964335799 1.891282234438576 0)
(1.142397328578107 1.891282234438576 0)
(1.427996660722633 1.891282234438576 0)
(1.71359599286716 1.891282234438576 0)
(1.999195325011687 1.891282234438576 0)
(2.284794657156213 1.891282234438576 0)
(2.57039398930074 1.891282234438576 0)
(2.855993321445266 1.891282234438576 0)
(3.141592653589793 1.891282234438576 0)
(3.42719198573432 1.891282234438576 0)
(3.712791317878847 1.891282234438576 0)
(3.998390650023373 1.891282234438576 0)
(4.283989982167899 1.891282234438576 0)
(4.569589314312426 1.891282234438576 0)
(4.855188646456953 1.891282234438576 0)
(5.14078797860148 1.891282234438576 0)
(5.426387310746006 1.891282234438576 0)
(5.711986642890532 1.891282234438576 0)
(5.997585975035061 1.891282234438576 0)
(6.283185307179586 1.891282234438576 0)
(6.568784639324112 1.891282234438576 0)
(6.854383971468639 1.891282234438576 0)
(7.139983303613167 1.891282234438576 0)
(7.425582635757693 1.891282234438576 0)
(7.71118196790222 1.891282234438576 0)
(7.996781300046746 1.891282234438576 0)
(8.282380632191272 1.891282234438576 0)
(8.567979964335798 1.891282234438576 0)
(8.853579296480326 1.891282234438576 0)
(9.139178628624853 1.891282234438576 0)
(9.424777960769379 1.891282234438576 0)
(9.710377292913906 1.891282234438576 0)
(9.995976625058432 1.891282234438576 0)
(10.28157595720296 1.891282234438576 0)
(10.56717528934749 1.891282234438576 0)
(10.85277462149201 1.891282234438576 0)
(11.13837395363654 1.891282234438576 0)
(11.42397328578106 1.891282234438576 0)
(11.70957261792559 1.891282234438576 0)
(11.99517195007012 1.891282234438576 0)
(12.28077128221465 1.891282234438576 0)
(12.56637061435917 1.891282234438576 0)
(0 1.891282234438576 0.1)
(0.2855993321445267 1.891282234438576 0.09999999999999999)
(0.5711986642890533 1.891282234438576 0.09999999999999999)
(0.8567979964335799 1.891282234438576 0.1)
(1.142397328578107 1.891282234438576 0.09999999999999999)
(1.427996660722633 1.891282234438576 0.09999999999999999)
(1.71359599286716 1.891282234438576 0.09999999999999999)
(1.999195325011687 1.891282234438576 0.1)
(2.284794657156213 1.891282234438576 0.1)
(2.57039398930074 1.891282234438576 0.09999999999999999)
(2.855993321445266 1.891282234438576 0.09999999999999999)
(3.141592653589793 1.891282234438576 0.1)
(3.42719198573432 1.891282234438576 0.1)
(3.712791317878847 1.891282234438576 0.1)
(3.998390650023373 1.891282234438576 0.09999999999999999)
(4.283989982167899 1.891282234438576 0.1)
(4.569589314312426 1.891282234438576 0.1)
(4.855188646456953 1.891282234438576 0.09999999999999999)
(5.14078797860148 1.891282234438576 0.09999999999999999)
(5.426387310746006 1.891282234438576 0.1)
(5.711986642890532 1.891282234438576 0.09999999999999999)
(5.997585975035061 1.891282234438576 0.1)
(6.283185307179586 1.891282234438576 0.09999999999999999)
(6.568784639324112 1.891282234438576 0.1)
(6.854383971468639 1.891282234438576 0.1)
(7.139983303613167 1.891282234438576 0.1)
(7.425582635757693 1.891282234438576 0.09999999999999999)
(7.71118196790222 1.891282234438576 0.1)
(7.996781300046746 1.891282234438576 0.1)
(8.282380632191272 1.891282234438576 0.09999999999999999)
(8.567979964335798 1.891282234438576 0.1)
(8.853579296480326 1.891282234438576 0.1)
(9.139178628624853 1.891282234438576 0.1)
(9.424777960769379 1.891282234438576 0.1)
(9.710377292913906 1.891282234438576 0.1)
(9.995976625058432 1.891282234438576 0.09999999999999999)
(10.28157595720296 1.891282234438576 0.1)
(10.56717528934749 1.891282234438576 0.1)
(10.85277462149201 1.891282234438576 0.1)
(11.13837395363654 1.891282234438576 0.09999999999999999)
(11.42397328578106 1.891282234438576 0.1)
(11.70957261792559 1.891282234438576 0.1)
(11.99517195007012 1.891282234438576 0.1)
(12.28077128221465 1.891282234438576 0.09999999999999999)
(12.56637061435917 1.891282234438576 0.1)
(0 1.927705922729888 0)
(0.2855993321445267 1.927705922729888 0)
(0.5711986642890533 1.927705922729888 0)
(0.8567979964335799 1.927705922729888 0)
(1.142397328578107 1.927705922729888 0)
(1.427996660722633 1.927705922729888 0)
(1.71359599286716 1.927705922729888 0)
(1.999195325011687 1.927705922729888 0)
(2.284794657156213 1.927705922729888 0)
(2.57039398930074 1.927705922729888 0)
(2.855993321445266 1.927705922729888 0)
(3.141592653589793 1.927705922729888 0)
(3.42719198573432 1.927705922729888 0)
(3.712791317878847 1.927705922729888 0)
(3.998390650023373 1.927705922729888 0)
(4.283989982167899 1.927705922729888 0)
(4.569589314312426 1.927705922729888 0)
(4.855188646456953 1.927705922729888 0)
(5.14078797860148 1.927705922729888 0)
(5.426387310746006 1.927705922729888 0)
(5.711986642890532 1.927705922729887 0)
(5.997585975035061 1.927705922729888 0)
(6.283185307179586 1.927705922729888 0)
(6.568784639324112 1.927705922729888 0)
(6.854383971468639 1.927705922729888 0)
(7.139983303613167 1.927705922729887 0)
(7.425582635757693 1.927705922729888 0)
(7.71118196790222 1.927705922729888 0)
(7.996781300046746 1.927705922729888 0)
(8.282380632191272 1.927705922729888 0)
(8.567979964335798 1.927705922729888 0)
(8.853579296480326 1.927705922729888 0)
(9.139178628624853 1.927705922729888 0)
(9.424777960769379 1.927705922729888 0)
(9.710377292913906 1.927705922729888 0)
(9.995976625058432 1.927705922729888 0)
(10.28157595720296 1.927705922729888 0)
(10.56717528934749 1.927705922729888 0)
(10.85277462149201 1.927705922729888 0)
(11.13837395363654 1.927705922729888 0)
(11.42397328578106 1.927705922729888 0)
(11.70957261792559 1.927705922729888 0)
(11.99517195007012 1.927705922729888 0)
(12.28077128221465 1.927705922729888 0)
(12.56637061435917 1.927705922729888 0)
(0 1.927705922729888 0.1)
(0.2855993321445267 1.927705922729888 0.09999999999999999)
(0.5711986642890533 1.927705922729888 0.09999999999999999)
(0.8567979964335799 1.927705922729888 0.1)
(1.142397328578107 1.927705922729888 0.09999999999999999)
(1.427996660722633 1.927705922729888 0.09999999999999999)
(1.71359599286716 1.927705922729888 0.09999999999999999)
(1.999195325011687 1.927705922729888 0.1)
(2.284794657156213 1.927705922729888 0.1)
(2.57039398930074 1.927705922729888 0.09999999999999999)
(2.855993321445266 1.927705922729888 0.09999999999999999)
(3.141592653589793 1.927705922729888 0.1)
(3.42719198573432 1.927705922729888 0.1)
(3.712791317878847 1.927705922729888 0.1)
(3.998390650023373 1.927705922729888 0.09999999999999999)
(4.283989982167899 1.927705922729888 0.1)
(4.569589314312426 1.927705922729888 0.1)
(4.855188646456953 1.927705922729888 0.09999999999999999)
(5.14078797860148 1.927705922729888 0.09999999999999999)
(5.426387310746006 1.927705922729888 0.1)
(5.711986642890532 1.927705922729887 0.09999999999999999)
(5.997585975035061 1.927705922729888 0.1)
(6.283185307179586 1.927705922729888 0.09999999999999999)
(6.568784639324112 1.927705922729888 0.1)
(6.854383971468639 1.927705922729887 0.1)
(7.139983303613167 1.927705922729887 0.1)
(7.425582635757693 1.927705922729888 0.09999999999999999)
(7.71118196790222 1.927705922729888 0.1)
(7.996781300046746 1.927705922729887 0.1)
(8.282380632191272 1.927705922729888 0.09999999999999999)
(8.567979964335798 1.927705922729888 0.1)
(8.853579296480326 1.927705922729888 0.1)
(9.139178628624853 1.927705922729887 0.1)
(9.424777960769379 1.927705922729888 0.1)
(9.710377292913906 1.927705922729888 0.1)
(9.995976625058432 1.927705922729888 0.09999999999999999)
(10.28157595720296 1.927705922729887 0.1)
(10.56717528934749 1.927705922729888 0.1)
(10.85277462149201 1.927705922729888 0.1)
(11.13837395363654 1.927705922729888 0.09999999999999999)
(11.42397328578106 1.927705922729888 0.1)
(11.70957261792559 1.927705922729888 0.1)
(11.99517195007012 1.927705922729888 0.1)
(12.28077128221465 1.927705922729888 0.09999999999999999)
(12.56637061435917 1.927705922729888 0.1)
(0 1.963862114242929 0)
(0.2855993321445267 1.963862114242929 0)
(0.5711986642890533 1.963862114242929 0)
(0.8567979964335799 1.963862114242929 0)
(1.142397328578107 1.963862114242929 0)
(1.427996660722633 1.963862114242929 0)
(1.71359599286716 1.963862114242929 0)
(1.999195325011687 1.963862114242929 0)
(2.284794657156213 1.963862114242929 0)
(2.57039398930074 1.963862114242929 0)
(2.855993321445266 1.963862114242929 0)
(3.141592653589793 1.963862114242929 0)
(3.42719198573432 1.963862114242929 0)
(3.712791317878847 1.963862114242929 0)
(3.998390650023373 1.963862114242929 0)
(4.283989982167899 1.963862114242929 0)
(4.569589314312426 1.963862114242929 0)
(4.855188646456953 1.963862114242929 0)
(5.14078797860148 1.963862114242929 0)
(5.426387310746006 1.963862114242929 0)
(5.711986642890532 1.963862114242929 0)
(5.997585975035061 1.963862114242929 0)
(6.283185307179586 1.963862114242929 0)
(6.568784639324112 1.963862114242929 0)
(6.854383971468639 1.963862114242929 0)
(7.139983303613167 1.963862114242929 0)
(7.425582635757693 1.963862114242929 0)
(7.71118196790222 1.963862114242929 0)
(7.996781300046746 1.963862114242929 0)
(8.282380632191272 1.963862114242929 0)
(8.567979964335798 1.963862114242929 0)
(8.853579296480326 1.963862114242929 0)
(9.139178628624853 1.963862114242929 0)
(9.424777960769379 1.963862114242929 0)
(9.710377292913906 1.963862114242929 0)
(9.995976625058432 1.963862114242929 0)
(10.28157595720296 1.963862114242929 0)
(10.56717528934749 1.963862114242929 0)
(10.85277462149201 1.963862114242929 0)
(11.13837395363654 1.963862114242929 0)
(11.42397328578106 1.963862114242929 0)
(11.70957261792559 1.963862114242929 0)
(11.99517195007012 1.963862114242929 0)
(12.28077128221465 1.963862114242929 0)
(12.56637061435917 1.963862114242929 0)
(0 1.963862114242929 0.1)
(0.2855993321445267 1.963862114242929 0.09999999999999999)
(0.5711986642890533 1.963862114242929 0.09999999999999999)
(0.8567979964335799 1.963862114242929 0.1)
(1.142397328578107 1.963862114242929 0.09999999999999999)
(1.427996660722633 1.963862114242929 0.09999999999999999)
(1.71359599286716 1.963862114242929 0.09999999999999999)
(1.999195325011687 1.963862114242929 0.1)
(2.284794657156213 1.963862114242929 0.1)
(2.57039398930074 1.963862114242929 0.09999999999999999)
(2.855993321445266 1.963862114242929 0.09999999999999999)
(3.141592653589793 1.963862114242929 0.1)
(3.42719198573432 1.963862114242929 0.1)
(3.712791317878847 1.963862114242929 0.1)
(3.998390650023373 1.963862114242929 0.09999999999999999)
(4.283989982167899 1.963862114242929 0.1)
(4.569589314312426 1.963862114242929 0.1)
(4.855188646456953 1.963862114242929 0.09999999999999999)
(5.14078797860148 1.963862114242929 0.09999999999999999)
(5.426387310746006 1.963862114242929 0.1)
(5.711986642890532 1.963862114242929 0.09999999999999999)
(5.997585975035061 1.963862114242929 0.1)
(6.283185307179586 1.963862114242929 0.09999999999999999)
(6.568784639324112 1.963862114242929 0.1)
(6.854383971468639 1.963862114242929 0.1)
(7.139983303613167 1.963862114242929 0.1)
(7.425582635757693 1.963862114242929 0.09999999999999999)
(7.71118196790222 1.963862114242929 0.1)
(7.996781300046746 1.963862114242929 0.1)
(8.282380632191272 1.963862114242929 0.09999999999999999)
(8.567979964335798 1.963862114242929 0.1)
(8.853579296480326 1.963862114242929 0.1)
(9.139178628624853 1.963862114242929 0.1)
(9.424777960769379 1.963862114242929 0.1)
(9.710377292913906 1.963862114242929 0.1)
(9.995976625058432 1.963862114242929 0.09999999999999999)
(10.28157595720296 1.963862114242929 0.1)
(10.56717528934749 1.963862114242929 0.1)
(10.85277462149201 1.963862114242929 0.1)
(11.13837395363654 1.963862114242929 0.09999999999999999)
(11.42397328578106 1.963862114242929 0.1)
(11.70957261792559 1.963862114242929 0.1)
(11.99517195007012 1.963862114242929 0.1)
(12.28077128221465 1.963862114242929 0.09999999999999999)
(12.56637061435917 1.963862114242929 0.1)
(0 2 0)
(0.2855993321445267 2 0)
(0.5711986642890533 2 0)
(0.8567979964335799 2 0)
(1.142397328578107 2 0)
(1.427996660722633 2 0)
(1.71359599286716 2 0)
(1.999195325011687 2 0)
(2.284794657156213 2 0)
(2.57039398930074 2 0)
(2.855993321445266 2 0)
(3.141592653589793 2 0)
(3.42719198573432 2 0)
(3.712791317878847 2 0)
(3.998390650023373 2 0)
(4.283989982167899 2 0)
(4.569589314312426 2 0)
(4.855188646456953 2 0)
(5.14078797860148 2 0)
(5.426387310746006 2 0)
(5.711986642890532 2 0)
(5.997585975035061 2 0)
(6.283185307179586 2 0)
(6.568784639324112 2 0)
(6.854383971468639 2 0)
(7.139983303613167 2 0)
(7.425582635757693 2 0)
(7.71118196790222 2 0)
(7.996781300046746 2 0)
(8.282380632191272 2 0)
(8.567979964335798 2 0)
(8.853579296480326 2 0)
(9.139178628624853 2 0)
(9.424777960769379 2 0)
(9.710377292913906 2 0)
(9.995976625058432 2 0)
(10.28157595720296 2 0)
(10.56717528934749 2 0)
(10.85277462149201 2 0)
(11.13837395363654 2 0)
(11.42397328578106 2 0)
(11.70957261792559 2 0)
(11.99517195007012 2 0)
(12.28077128221465 2 0)
(12.56637061435917 2 0)
(0 2 0.1)
(0.2855993321445267 2 0.09999999999999999)
(0.5711986642890533 2 0.1)
(0.8567979964335799 2 0.1)
(1.142397328578107 2 0.1)
(1.427996660722633 2 0.09999999999999999)
(1.71359599286716 2 0.1)
(1.999195325011687 2 0.1)
(2.284794657156213 2 0.1)
(2.57039398930074 2 0.09999999999999999)
(2.855993321445266 2 0.1)
(3.141592653589793 2 0.1)
(3.42719198573432 2 0.1)
(3.712791317878847 2 0.1)
(3.998390650023373 2 0.1)
(4.283989982167899 2 0.1)
(4.569589314312426 2 0.1)
(4.855188646456953 2 0.1)
(5.14078797860148 2 0.1)
(5.426387310746006 2 0.09999999999999999)
(5.711986642890532 2 0.09999999999999999)
(5.997585975035061 2 0.1)
(6.283185307179586 2 0.09999999999999999)
(6.568784639324112 2 0.1)
(6.854383971468639 2 0.1)
(7.139983303613167 2 0.1)
(7.425582635757693 2 0.09999999999999999)
(7.71118196790222 2 0.09999999999999999)
(7.996781300046746 2 0.1)
(8.282380632191272 2 0.09999999999999999)
(8.567979964335798 2 0.09999999999999999)
(8.853579296480326 2 0.1)
(9.139178628624853 2 0.1)
(9.424777960769379 2 0.1)
(9.710377292913906 2 0.09999999999999999)
(9.995976625058432 2 0.09999999999999999)
(10.28157595720296 2 0.1)
(10.56717528934749 2 0.1)
(10.85277462149201 2 0.09999999999999999)
(11.13837395363654 2 0.09999999999999999)
(11.42397328578106 2 0.09999999999999999)
(11.70957261792559 2 0.1)
(11.99517195007012 2 0.09999999999999999)
(12.28077128221465 2 0.09999999999999999)
(12.56637061435917 2 0.1)
)


// ************************************************************************* //
