/*--------------------------------*- C++ -*----------------------------------*\
| =========                 |                                                 |
| \\      /  F ield         | OpenFOAM: The Open Source CFD Toolbox           |
|  \\    /   O peration     | Version:  v1812                                 |
|   \\  /    A nd           | Web:      www.OpenFOAM.com                      |
|    \\/     M anipulation  |                                                 |
\*---------------------------------------------------------------------------*/
FoamFile
{
    version     2.0;
    format      ascii;
    class       volScalarField;
    location    "10000";
    object      nuTilda_0;
}
// * * * * * * * * * * * * * * * * * * * * * * * * * * * * * * * * * * * * * //

dimensions      [0 2 -1 0 0 0 0];


internalField   nonuniform List<scalar> 
3770
(
0.0004956923607489617
0.0004956920434083628
0.000495692026855005
0.0004956920280547861
0.0004956920279087461
0.0004956920245516659
0.0004956920352413208
0.0004956920303514726
0.0004956920254806912
0.0004956920415632898
0.0004956920128876952
0.000495692029159693
0.0004956920277298069
0.0004956920261850383
0.0004956920260038683
0.0004956920250117306
0.0004956920280489473
0.000495692029021422
0.0004956920444530182
0.0004956919934806747
0.0004956920508966782
0.0004956920229327817
0.0004956920334604888
0.0004956920177597302
0.0004956920291846315
0.0004956920216542285
0.0004956920313777961
0.0004956920223658188
0.000495692030745479
0.0004956920251142985
0.0004956920398458733
0.0004956919947201178
0.0004956920433142989
0.0004956920308014484
0.0004956920343012028
0.0004956919944337306
0.0004956920637661484
0.0004956920156375198
0.0004956920226613286
0.0004956920220005541
0.0004956920298491689
0.0004956920240388147
0.0004956920193468457
0.0004956920234618833
0.0004956920265890573
0.0004956920276461635
0.0004956920267991199
0.0004956920568594752
0.0004956920083441936
0.0004956920326999524
0.0004956920284415115
0.0004956920351435091
0.0004956920305386921
0.0004956920333394584
0.0004956920344688385
0.0004956920310456207
0.0004956920191237695
0.0004956919684436014
0.0003352151594750659
0.0003352138415439126
0.0003352141830848064
0.0003352140342147672
0.0003352140563834618
0.0003352140172764393
0.0003352140797989831
0.0003352140141401703
0.0003352139785095943
0.0003352140255123447
0.0003352138908801886
0.0003352140047739286
0.0003352139614049498
0.000335213963630514
0.000335213953705356
0.0003352139480241008
0.000335213973960269
0.000335213954409863
0.0003352139808893491
0.0003352138364841709
0.000335214089803038
0.0003352138992905032
0.0003352139737614211
0.0003352139001654522
0.0003352139465747874
0.000335213907335345
0.0003352139544268882
0.0003352139110647171
0.0003352139520097241
0.0003352139283366857
0.0003352139582974062
0.0003352138365269965
0.0003352140662222548
0.0003352139642908348
0.0003352139614576028
0.000335213852427295
0.0003352141252010387
0.0003352139493995921
0.0003352139704691661
0.0003352139755454661
0.0003352140037882211
0.0003352140206345286
0.0003352140056584432
0.0003352140320798009
0.0003352140430720478
0.0003352140821793129
0.0003352140790323447
0.0003352142179608344
0.0003352139921586385
0.0003352141136957228
0.0003352140768091784
0.0003352141261807991
0.0003352141068087484
0.0003352141134493338
0.000335214129598993
0.0003352141715854052
0.0003352142595454435
0.0003352143788479557
0.0004526925191786783
0.0004526890082252013
0.0004526901300303029
0.0004526896752572459
0.0004526897995311864
0.0004526896882629067
0.0004526898024274606
0.0004526896195150356
0.0004526895603636897
0.0004526897309271262
0.0004526892435108906
0.000452689632171172
0.0004526894937905775
0.0004526895455501149
0.000452689491373017
0.0004526894878672376
0.000452689629120237
0.0004526894917051269
0.0004526895529991618
0.0004526891238829907
0.000452689989914752
0.0004526893748076379
0.0004526895867502205
0.0004526893801829807
0.0004526895263046674
0.0004526894151499651
0.0004526895285505753
0.0004526894300982892
0.0004526895324721118
0.0004526894824517375
0.0004526895130353911
0.0004526891961283629
0.0004526899706961466
0.0004526895341595516
0.0004526895331465531
0.000452689320198721
0.000452689972690219
0.000452689561002307
0.0004526895960483873
0.0004526896198145419
0.000452689676727105
0.0004526896681964513
0.0004526896839712967
0.0004526897738063428
0.0004526897924179811
0.000452689937774338
0.0004526899150298147
0.0004526902204493874
0.0004526895505995724
0.0004526899810427643
0.0004526898815105891
0.0004526899848255321
0.0004526899450123073
0.0004526898862250896
0.0004526899774301599
0.0004526900845299855
0.0004526903027459528
0.0004526905862878456
0.0006036815895738875
0.0006036799195365483
0.0006036804205018685
0.0006036801921278595
0.0006036801242200465
0.0006036800471927351
0.000603680258071969
0.0006036800914818199
0.0006036799077801384
0.0006036801525669311
0.0006036797918773869
0.0006036800758749701
0.0006036798735326543
0.0006036800456090235
0.0006036798016359572
0.0006036799076428737
0.0006036801589906928
0.0006036799054595055
0.0006036800064457375
0.0006036795877270394
0.0006036805034500721
0.0006036799028722931
0.0006036800974645751
0.0006036799096361231
0.0006036800483699233
0.0006036799376239617
0.00060367999424649
0.0006036799748356539
0.0006036800649878494
0.0006036800726024845
0.000603680035819694
0.0006036797726629645
0.0006036806916207598
0.0006036799759495796
0.0006036800808645667
0.0006036799619531943
0.000603680708444686
0.0006036800423897434
0.0006036801563833937
0.0006036802550624882
0.0006036802650848849
0.0006036802553166637
0.000603680207729672
0.0006036803459530991
0.000603680301481385
0.000603680524777527
0.0006036803820268029
0.0006036807380816145
0.0006036800172396728
0.0006036804302217294
0.0006036803570070706
0.0006036804501941832
0.0006036804435127412
0.0006036803079157931
0.0006036803959065549
0.0006036804629238646
0.0006036802014464167
0.0006036801585485744
0.0007525639640594569
0.0007525626478569507
0.0007525627823328559
0.0007525626865852331
0.0007525627404006428
0.0007525625861039958
0.0007525626466431542
0.0007525627917039265
0.0007525624457378074
0.0007525627349215329
0.0007525625156742036
0.0007525626416282912
0.0007525624436040611
0.0007525627311388745
0.0007525623054591534
0.0007525624849180007
0.0007525628506809628
0.0007525625222733089
0.0007525626336092167
0.0007525622091922035
0.0007525631650034281
0.000752562654307978
0.0007525627901824452
0.0007525626086988096
0.000752562735122644
0.0007525625397079864
0.0007525627076253819
0.0007525626835448969
0.0007525627542905872
0.0007525628351759181
0.0007525627328102749
0.000752562505061186
0.0007525634706046233
0.0007525626735395958
0.0007525627464241496
0.000752562707823008
0.0007525634351247436
0.0007525626821858802
0.0007525628349545352
0.0007525630076257363
0.0007525629756946422
0.0007525628500327877
0.0007525628849748366
0.0007525630023850743
0.0007525629158214035
0.0007525632371911729
0.00075256298172883
0.0007525633064808335
0.0007525625903717779
0.0007525629116503745
0.0007525629396134361
0.0007525629373933327
0.0007525629326728721
0.0007525627869515245
0.0007525629178804252
0.0007525630484104972
0.0007525625125958275
0.0007525620063836062
0.0008941005468307355
0.0008940999604371854
0.0008940998172008011
0.0008940998668635234
0.0008940999565696792
0.00089409966294765
0.0008940999112886224
0.0008941000841511291
0.0008940997670268013
0.0008940999101832492
0.0008940998646509828
0.0008940998604035872
0.0008940997492506887
0.0008941000688417521
0.0008940994607020889
0.0008940996983028061
0.0008941001597493843
0.0008940999042943879
0.0008940997879071928
0.0008940995769765767
0.0008941003562799553
0.0008941000827901727
0.0008941001124135491
0.0008941000299336515
0.0008941001010149964
0.0008940996859423704
0.0008940999718714992
0.0008941000330924074
0.0008941000725460297
0.0008941002064394243
0.0008941000735025219
0.0008940998622095344
0.0008941006568946446
0.0008941001774726196
0.0008941000661798324
0.0008941000733469738
0.0008941008312674152
0.0008940999694421803
0.0008941002183871123
0.0008941003759762411
0.0008941002898748475
0.0008941000434134558
0.000894100279533847
0.0008941002020846706
0.0008941001152929988
0.0008941005074865132
0.0008941000821982081
0.0008941004955326307
0.0008940997740927605
0.000894099962315699
0.0008941000608985437
0.0008941000595931362
0.0008940998563242005
0.0008941000120172437
0.0008941000144116537
0.0008941001361291307
0.000894099483024062
0.0008940991203372222
0.001028221413942573
0.001028220384691172
0.001028220353062327
0.001028220340630519
0.001028220483541643
0.001028220017473086
0.001028220406072691
0.001028220723044329
0.001028220443296235
0.001028220308102917
0.00102822062570404
0.001028220429572088
0.001028220204131163
0.001028220783794845
0.001028220003628741
0.001028220306485918
0.001028220893650258
0.001028220507076006
0.001028220413570181
0.001028220291440579
0.001028221003160385
0.001028220887354463
0.001028220790551953
0.001028220685586031
0.00102822100726062
0.001028220213394789
0.001028220541883577
0.001028220686466921
0.001028220740428808
0.00102822091724853
0.001028220808803498
0.001028220459929196
0.001028221380565765
0.001028220808733538
0.001028220714944712
0.001028220757890495
0.001028221645926906
0.001028220425353316
0.001028220825260807
0.001028221073517539
0.00102822071407375
0.001028220683030503
0.001028220994138659
0.001028220575357425
0.001028220636778091
0.00102822113978819
0.001028220589176086
0.001028220958118882
0.001028220342707639
0.001028220378111361
0.001028220576109704
0.00102822036142792
0.001028220480745018
0.001028220455307758
0.001028220383984046
0.001028220544245329
0.001028220062885593
0.001028219428605964
0.001156880472024354
0.001156879984495538
0.001156879873516629
0.001156880244884975
0.00115687982515691
0.001156879587771486
0.001156880049852886
0.001156880494966705
0.001156880060275018
0.001156879913178313
0.001156880365388406
0.001156880015521401
0.001156879775071821
0.00115688052156155
0.001156879588013547
0.001156879962383723
0.001156880725330604
0.001156879900034204
0.001156880215809568
0.001156880156358423
0.001156880679228732
0.001156880713732432
0.001156880472933003
0.001156880304702261
0.001156880858340069
0.001156879759955153
0.001156880167260137
0.001156880324658835
0.001156880378978795
0.001156880656045473
0.001156880608678581
0.001156879890517309
0.001156881184668864
0.001156880262706599
0.001156880396398551
0.001156880438483511
0.001156881137653817
0.001156880319859338
0.001156880455144865
0.001156880728817901
0.001156880312297003
0.001156880383373735
0.001156880749591268
0.001156880033822052
0.001156880178721284
0.001156880749591416
0.001156880069964878
0.001156880536025627
0.001156879903003621
0.001156879874076284
0.001156880048112493
0.001156879809575027
0.001156880126346608
0.001156879997136401
0.001156879645761292
0.001156880005779801
0.00115687944157695
0.001156879322166429
0.001283560945952976
0.001283560037183237
0.00128355966471881
0.001283560426794026
0.001283559823206452
0.001283559753858295
0.001283560138584596
0.001283560749937716
0.001283559948255157
0.00128356018651687
0.001283560599689417
0.001283560019359295
0.001283559825583582
0.001283560707496086
0.001283559688329506
0.001283560108595371
0.001283560952095916
0.001283559899507732
0.001283560403746952
0.001283560460274488
0.001283560908505201
0.001283560972659934
0.001283560659792613
0.001283560384697188
0.001283561096028942
0.001283559768060298
0.001283560254694076
0.001283560448765571
0.001283560453606279
0.0012835608346256
0.001283560750366726
0.001283559911267337
0.001283561387868761
0.00128356040832208
0.001283560338302468
0.001283560533403623
0.001283561219344178
0.001283560432617551
0.001283560647377424
0.001283560865465672
0.001283560596614432
0.001283560128834512
0.001283560863102932
0.001283559933055608
0.00128356015854564
0.001283560791326141
0.001283560252859909
0.001283560495224364
0.001283559941533992
0.001283559852764805
0.001283560065949469
0.001283559722276899
0.001283560214506178
0.001283559984845284
0.0012835594773147
0.001283560007867562
0.001283559490249152
0.001283559040850218
0.001413142406972067
0.00141314201903513
0.001413141708534618
0.00141314248199838
0.001413141522984493
0.001413141429052341
0.001413142121523955
0.001413142776666892
0.001413141824115998
0.001413142220182042
0.001413142460035582
0.001413141931201679
0.001413141665764423
0.001413142670035118
0.001413141558878246
0.001413142033675681
0.001413142884629678
0.001413141862883814
0.001413142284677275
0.001413142570977529
0.001413142980256986
0.001413143013255575
0.001413142703226572
0.001413142121991083
0.001413143050518357
0.001413141651107963
0.001413142168596488
0.001413142375269404
0.001413142327107707
0.001413142779861253
0.00141314256852405
0.001413141797100031
0.00141314328261732
0.00141314254223106
0.001413142198423449
0.001413142522052001
0.001413142731986007
0.001413142494375862
0.00141314262210479
0.001413142795773615
0.00141314247571208
0.001413141909469256
0.001413142838812258
0.001413141562840671
0.001413141942741377
0.001413142658788677
0.001413141871176015
0.001413142364903343
0.001413141662473488
0.001413141597205458
0.001413141800099175
0.001413141589238346
0.001413142084365822
0.001413141811421642
0.001413141173247898
0.001413141872088722
0.001413141244885673
0.001413140922186268
0.001551740039638979
0.001551738903558779
0.001551737991821357
0.001551739198573259
0.001551738255532757
0.001551738484572385
0.001551738732887119
0.001551739422992617
0.00155173885819279
0.001551739072817983
0.001551739099191951
0.001551738537053976
0.001551738391745209
0.001551739440810594
0.001551738221370895
0.001551738765229202
0.001551739609554001
0.001551738825806013
0.0015517386842347
0.00155173934784613
0.001551739838113114
0.001551739855517326
0.001551739459144618
0.001551738661186906
0.001551739685897803
0.001551738636095956
0.001551738920476657
0.001551739042071007
0.001551739003918502
0.001551739550344123
0.001551739116165854
0.001551738429484767
0.001551740185018579
0.001551738841344638
0.001551739046959552
0.001551739326243245
0.001551739768257346
0.001551739086905432
0.001551739376023013
0.001551739636143783
0.001551738562947508
0.00155173853050206
0.001551739502760624
0.001551737957553017
0.00155173850480563
0.001551739185341306
0.0015517388154661
0.001551739038751993
0.001551737879340391
0.001551738243204102
0.001551738488083772
0.001551738312270551
0.001551738784112228
0.00155173837123152
0.001551737705689808
0.001551738539021514
0.001551737639503733
0.001551737034417171
0.001706474844239551
0.001706473652845974
0.001706472468760831
0.001706473954263899
0.001706472330126093
0.001706473037102284
0.001706473920275589
0.001706473809314843
0.001706473903045811
0.001706473472042753
0.001706472986955775
0.001706472833971323
0.001706473310734777
0.001706473955175906
0.001706472839422915
0.001706473272430775
0.001706474217851274
0.001706473407289564
0.001706473135678146
0.001706473900196515
0.001706474474859453
0.001706474634575312
0.001706473283394919
0.001706473385132248
0.001706474160982867
0.001706473139539019
0.00170647339988396
0.001706473463936124
0.001706473364112155
0.00170647407887488
0.001706473609958388
0.001706472798363719
0.001706474929415815
0.001706472788820811
0.001706473613321
0.001706473793639925
0.00170647419767473
0.001706473659847398
0.001706473946099807
0.001706474066229335
0.001706473147163881
0.001706472632007521
0.001706474011103003
0.00170647224974116
0.001706472841869863
0.001706473671295052
0.001706473202297151
0.001706473106875486
0.001706472843811543
0.001706472758386429
0.001706472995248252
0.001706472875539333
0.001706473367282579
0.001706472620000372
0.001706472575433623
0.001706473096621337
0.001706471533689373
0.001706471306575422
0.001885747423767811
0.001885745308212314
0.001885744485556061
0.001885745948448537
0.00188574430414457
0.001885745205347856
0.001885746243033148
0.001885745384607081
0.001885745763213289
0.001885745882838331
0.00188574485964536
0.001885745490033856
0.001885745484107809
0.001885745852696283
0.001885745180191458
0.001885744726422043
0.001885746374997158
0.001885744879388647
0.001885745685702026
0.00188574565749702
0.001885746279530939
0.001885746625516094
0.001885744860714759
0.001885745274127544
0.001885746238807557
0.001885744408505427
0.001885744948045745
0.001885745255691823
0.001885745231861433
0.001885746027979522
0.001885745616967264
0.001885744526778219
0.001885746847451766
0.001885744521415716
0.001885745582016966
0.001885745023639567
0.001885746334548063
0.001885745378015605
0.001885745858726166
0.001885746117251817
0.001885744203063405
0.001885744627598197
0.001885745679197685
0.00188574462756278
0.001885744148505532
0.001885745515518185
0.001885745398523723
0.001885744042306766
0.001885745005852249
0.001885744776450033
0.001885745081523588
0.001885744907124059
0.001885745301327304
0.001885745021120021
0.001885744269455133
0.001885744043434863
0.001885743637287837
0.001885742584472599
0.002101757083791393
0.002101751237651197
0.002101752279430632
0.002101752853089218
0.002101752604317206
0.002101753066563853
0.002101753861011141
0.002101751820360027
0.002101752893465252
0.002101752595154437
0.00210175290295059
0.002101753084752995
0.002101752144265731
0.002101753054624718
0.002101752427590575
0.002101751775500876
0.00210175334280834
0.00210175305989914
0.002101753425131696
0.002101752422261265
0.002101752621692319
0.002101753665548265
0.002101751781787559
0.002101752316618511
0.002101753057777871
0.002101752005642719
0.00210175154980288
0.002101752472527656
0.002101752272345144
0.002101753177392205
0.002101752969642125
0.002101751554781547
0.002101753817146246
0.002101751439331532
0.002101752517028033
0.002101752994642793
0.002101753577122765
0.002101752408286078
0.002101752626753185
0.002101753204579437
0.002101751201104549
0.002101751817325696
0.002101752885666668
0.002101751854069032
0.002101751310600261
0.002101752769905544
0.002101752651665
0.002101750955543698
0.002101752407582094
0.00210175218939802
0.002101752566413794
0.002101752352582706
0.002101752667912351
0.002101752286250952
0.002101752161349847
0.002101751457269464
0.002101750739170463
0.002101750190485285
0.002383289939146112
0.002383286946409715
0.002383287168618458
0.002383287102710711
0.002383287247272684
0.002383287413565866
0.002383288077968555
0.002383286164003531
0.002383287196508625
0.002383286254505476
0.002383287157104173
0.002383287034623002
0.002383286196414757
0.002383286852047959
0.002383286421424733
0.002383285914835389
0.002383287246975525
0.002383286671818074
0.002383287567103718
0.002383285658277843
0.002383286650107288
0.002383287075582559
0.002383285632059626
0.002383286196595227
0.002383286565601809
0.002383285834256559
0.002383286164816856
0.002383286171686382
0.002383285425181241
0.002383286831457293
0.002383286960110005
0.002383285800931881
0.00238328717925362
0.002383285402677309
0.002383286289443874
0.002383286910300735
0.002383287291732804
0.002383286165491184
0.002383286105531791
0.002383286913602677
0.002383285438998107
0.002383286050681968
0.002383286904633373
0.002383285369805999
0.002383286149789718
0.002383286897431889
0.002383286778604428
0.002383285661838405
0.002383286893145011
0.002383286544906732
0.002383287159630511
0.002383286979344034
0.002383287290984905
0.002383286749987507
0.00238328693750802
0.002383286077729675
0.002383285348558131
0.002383284519514004
0.002833856702919826
0.002833853517917785
0.00283385399255723
0.002833853803902031
0.002833853691097259
0.002833853501851158
0.002833853970466515
0.002833853201623057
0.002833853295554243
0.002833852799138579
0.002833853098159161
0.002833852370066923
0.002833852338911935
0.002833852276611237
0.002833851990215322
0.002833852236790178
0.002833852653607484
0.002833852596934053
0.002833852671589529
0.002833851962638467
0.002833852279323036
0.002833852266814025
0.002833852076363155
0.002833852105343901
0.002833852082698345
0.002833851611043055
0.002833852027870093
0.00283385201318281
0.002833852064031726
0.00283385246363151
0.002833852637810089
0.002833851507747122
0.00283385235350082
0.002833851986942896
0.002833851895329223
0.002833852527583248
0.002833852784957484
0.002833851896618411
0.002833852278269056
0.002833852559504734
0.00283385191117998
0.002833852218152118
0.002833852773067272
0.002833852035395733
0.002833852636314197
0.002833853077704695
0.002833853216530995
0.002833852715296956
0.002833853496428871
0.002833853325520317
0.002833853851262985
0.00283385371673352
0.002833854124155589
0.002833853880019604
0.002833854144546386
0.002833852941977148
0.002833852351868898
0.002833852279254361
0.00344917025893822
0.003449166878024439
0.00344916745018271
0.003449167244444726
0.003449166846298455
0.003449166819047902
0.003449167306722302
0.003449166485842158
0.003449166221570207
0.003449165873688708
0.003449165915992692
0.003449165339139039
0.00344916532414279
0.003449165145248576
0.003449165039438248
0.003449165019484823
0.003449165026480046
0.003449165174769152
0.003449165153782014
0.003449164663528629
0.003449164826096088
0.003449164799776963
0.003449164759704837
0.003449164580597194
0.003449164664043674
0.003449164629457528
0.003449164759220703
0.003449164751449673
0.003449164844411529
0.003449164961471959
0.003449165030778608
0.003449164604524857
0.003449164806719903
0.003449164821158062
0.003449164810894053
0.003449165084768992
0.003449165258601681
0.00344916444972889
0.003449164970045715
0.003449165175187999
0.003449165130657593
0.003449165178077939
0.003449165618423911
0.003449165533718739
0.003449165911309283
0.003449166090693501
0.003449166323927265
0.003449166401880077
0.003449166938431361
0.003449166844247898
0.003449167364350031
0.003449167323053664
0.003449167686380988
0.00344916764704091
0.003449167624785293
0.003449167115850922
0.0034491660268223
0.003449165964037828
0.004215609696734022
0.0042156072223373
0.004215607556504742
0.00421560747654896
0.004215606924646927
0.004215606903096181
0.004215607256093033
0.004215606653953782
0.004215606281133652
0.004215605667027484
0.004215605621194947
0.004215605242699009
0.004215605055177664
0.004215604812081175
0.004215604726781884
0.004215604487699799
0.004215604665116619
0.004215604586325182
0.004215604513979538
0.004215604049682062
0.004215604219629502
0.004215604140764775
0.004215604013415357
0.004215603813503724
0.00421560392131135
0.004215604002048083
0.004215604126738547
0.004215604101954525
0.004215604158347909
0.00421560422351912
0.00421560429417921
0.004215604029459871
0.004215604167854786
0.004215604189450601
0.004215604414659803
0.004215604407991852
0.004215604769447651
0.004215603985961032
0.004215604271059951
0.004215604763919994
0.004215604901633922
0.004215604779662243
0.00421560538348835
0.004215605612580955
0.004215605725843891
0.004215605792265929
0.004215606431609803
0.004215606586078282
0.004215607071200682
0.004215607273946626
0.004215607703388896
0.004215607670788753
0.004215607827008241
0.004215607873950086
0.004215607873079275
0.004215607451525214
0.004215606347767941
0.00421560631725916
0.005110190500404895
0.005110188430053062
0.005110188584396699
0.00511018850057907
0.005110187919207271
0.005110187993457477
0.005110188237155668
0.005110187730460934
0.00511018739870472
0.005110186673836003
0.005110186499501339
0.005110186172586833
0.005110185890608339
0.005110185520102089
0.00511018552826671
0.005110185114742352
0.005110185383302442
0.005110185246801181
0.005110185048326457
0.005110184567218228
0.005110184760002089
0.005110184737101535
0.005110184385770398
0.005110184149086852
0.005110184234640662
0.005110184381308643
0.005110184686878526
0.005110184612056139
0.005110184549386795
0.005110184687782236
0.005110184755295593
0.00511018456226246
0.005110184694805572
0.005110184678245819
0.005110185118577336
0.005110185001101157
0.005110185344152661
0.005110184671567973
0.005110184924222422
0.005110185257342068
0.005110185658269355
0.00511018559675767
0.005110186267145049
0.005110186586682279
0.005110186604173541
0.005110186598172371
0.005110187298173868
0.005110187680933626
0.0051101882846544
0.005110188536828233
0.005110188846759595
0.005110188819779361
0.005110189029215214
0.005110188948610726
0.005110188948984109
0.005110188716456867
0.005110187670673274
0.005110187456951872
0.006103753224475722
0.006103752355359921
0.00610375215486048
0.006103752056367573
0.006103751457147082
0.006103751476416396
0.006103751614373625
0.006103751170380876
0.006103750851660488
0.006103750193455331
0.006103749735443871
0.006103749667325474
0.006103749299300124
0.006103748750935525
0.006103748918980619
0.006103748379778819
0.006103748640630077
0.006103748433854595
0.006103748180579063
0.006103747697938347
0.006103747988929045
0.006103747745203333
0.006103747291868819
0.006103747052619255
0.006103747086817013
0.006103747340186842
0.006103747448861355
0.00610374745814031
0.006103747464902731
0.006103747619792808
0.006103747775229758
0.006103747647552562
0.006103747682822991
0.006103747750277061
0.006103748125884288
0.006103748042916714
0.006103748337246528
0.006103747753548251
0.006103747929324403
0.006103748694789956
0.006103748591485852
0.006103748929060582
0.006103749530295866
0.006103749930362066
0.006103749919629147
0.006103749865146509
0.006103750646123192
0.006103751158409556
0.006103751802850259
0.006103752086373353
0.006103752380987391
0.006103752284759606
0.006103752485712034
0.00610375267505595
0.006103752699526015
0.006103752720938156
0.00610375136626499
0.006103750999542182
0.007174835988383655
0.007174838066056481
0.007174837325980904
0.007174837256322171
0.007174836671347429
0.007174836327084036
0.007174836326240826
0.007174836128708641
0.007174835835463155
0.00717483522842651
0.007174834784913653
0.007174834647885668
0.00717483432688302
0.007174833916365327
0.007174833786723863
0.007174833415241558
0.0071748334350275
0.007174833097414206
0.007174832992936811
0.007174832716271881
0.007174832496201437
0.007174832301072729
0.007174831838496461
0.007174831607699657
0.00717483156066282
0.007174831783809198
0.007174831936206462
0.007174832036227695
0.007174832012350816
0.007174832173285271
0.007174832472318802
0.00717483253442278
0.007174832354447241
0.007174832460295777
0.007174832516713028
0.007174832806819641
0.00717483315322298
0.007174833033012163
0.007174832684426063
0.007174833387472571
0.00717483345935478
0.007174833793283228
0.007174834222048335
0.00717483474782955
0.007174834802261689
0.007174834777473021
0.007174835576204063
0.0071748361545364
0.007174836836107877
0.007174837105424776
0.007174837498909866
0.007174837501485984
0.007174837738376832
0.007174838028761353
0.007174838383755582
0.007174838770647878
0.007174837562493272
0.007174835865955666
0.008279308550283618
0.008279309711461083
0.008279309661700358
0.008279309256129325
0.008279308663989496
0.008279307945462406
0.008279308287196216
0.008279307936001665
0.00827930761570215
0.00827930686389932
0.008279306796836302
0.008279306693355222
0.008279306113015377
0.008279305587129965
0.008279305510514
0.008279305391381511
0.008279305347162935
0.008279304860157008
0.008279305121713097
0.008279304717406233
0.008279304210658301
0.00827930389280925
0.008279303529760373
0.008279303138059536
0.008279303262308343
0.008279303269218545
0.008279303528296407
0.008279303511552604
0.008279303570766797
0.008279303870765128
0.008279304207793464
0.008279304250713198
0.008279303992587273
0.008279303964023493
0.008279304153235108
0.008279304574575552
0.008279304683692907
0.008279304718763441
0.008279304389620466
0.008279304994153509
0.008279305206250412
0.00827930539071328
0.008279305598357664
0.00827930603602455
0.008279306539353068
0.008279306726975057
0.008279307562508848
0.008279307716674979
0.008279308586130078
0.008279309114801906
0.008279309325063367
0.008279309648474991
0.008279310162512363
0.008279310292811226
0.008279310653828587
0.00827931086693875
0.008279309919234963
0.008279307882476463
0.009318887102068523
0.009318886229033938
0.009318886821131111
0.009318886411701123
0.009318886011634102
0.009318884726339627
0.009318885431485496
0.009318884587438805
0.009318884227469654
0.009318883787807561
0.009318883832935838
0.009318883615663052
0.009318883003221787
0.009318882443213213
0.00931888252645318
0.009318882348055066
0.009318882494714244
0.009318882070665176
0.009318882432883238
0.009318881744218018
0.009318881379669923
0.009318880780186277
0.009318880136742069
0.009318880008132817
0.00931888011437511
0.009318880153116741
0.009318880434582736
0.009318880170246643
0.00931888022372738
0.009318880817065552
0.009318881179508031
0.009318881174675862
0.009318880668532804
0.0093188806834826
0.009318880910477615
0.009318881587047764
0.009318881210864972
0.009318881305704747
0.009318881092273029
0.009318881650953278
0.009318881882227504
0.009318881835217889
0.009318882136325117
0.009318882290479441
0.009318883368710824
0.009318883698592344
0.009318884851814854
0.009318884409792741
0.009318885208917733
0.00931888636783906
0.009318886570599268
0.009318886472968885
0.009318887710688551
0.00931888779012977
0.009318887855221353
0.009318887752154822
0.009318887110927253
0.009318884739157943
0.01027171256886461
0.01027171067742542
0.01027171159516234
0.01027171127202658
0.01027171080791732
0.01027170946185413
0.0102717098160647
0.01027170930758395
0.01027170913985924
0.01027170816389262
0.01027170844138569
0.01027170786329644
0.01027170795294284
0.01027170717078927
0.01027170715966588
0.01027170702908201
0.01027170715754654
0.01027170715664287
0.01027170765795252
0.01027170601039914
0.01027170628645836
0.01027170565180097
0.01027170469360061
0.01027170446585943
0.01027170460665113
0.01027170473578042
0.01027170445250521
0.01027170493947185
0.01027170482010767
0.01027170542886643
0.01027170584115604
0.01027170607856176
0.01027170484817146
0.01027170452231787
0.01027170529376066
0.01027170623323171
0.01027170540493218
0.01027170569274203
0.01027170538818222
0.01027170606165891
0.01027170650801267
0.01027170549942551
0.01027170596663001
0.01027170653997835
0.01027170769526093
0.01027170816021268
0.01027170945822516
0.01027170926264748
0.01027170938347087
0.01027171120155028
0.01027171121073455
0.01027171100329106
0.0102717128109946
0.01027171301644845
0.01027171314826644
0.01027171233367732
0.01027171203868925
0.01027170884982416
0.0111388235930053
0.01113882243499992
0.01113882259157122
0.01113882213052402
0.0111388218568238
0.01113882032315433
0.01113882084505445
0.01113881950352105
0.01113882015791528
0.01113881885561431
0.01113881924777438
0.01113881860262785
0.01113881905803577
0.01113881865308595
0.01113881799769526
0.01113881737564622
0.01113881801541285
0.01113881816982959
0.01113881870965579
0.01113881790686044
0.01113881675935983
0.01113881760653247
0.01113881586878081
0.01113881530146746
0.01113881544681478
0.01113881524033121
0.01113881574680168
0.01113881587694876
0.01113881563075216
0.01113881636910245
0.01113881681034347
0.01113881722129821
0.01113881552914614
0.01113881490091773
0.01113881592769672
0.01113881702370457
0.01113881601525549
0.01113881636574937
0.01113881618977758
0.01113881636203293
0.01113881722745553
0.01113881630190955
0.01113881655132655
0.01113881807988239
0.01113881823093468
0.01113881880603333
0.01113882050695261
0.01113882024263403
0.01113882003819776
0.01113882244275309
0.01113882159611459
0.01113882250168674
0.01113882407045859
0.01113882437838661
0.01113882443831314
0.0111388232253271
0.01113882318250373
0.01113881947667388
0.01192524455551429
0.01192524414485587
0.01192524421947154
0.01192524349040784
0.0119252435054626
0.01192524206662055
0.01192524203045901
0.01192524099990492
0.01192524181097985
0.01192524048920033
0.01192524074433251
0.01192524018392695
0.01192524086067594
0.01192524041749989
0.01192524061273331
0.01192523872833051
0.0119252396810988
0.01192524028570379
0.01192524049414021
0.01192524049700026
0.01192523869849087
0.01192523918630943
0.0119252390122964
0.01192523713328529
0.01192523719237958
0.01192523659233946
0.01192523752689341
0.01192523768311332
0.01192523673993286
0.01192523800696554
0.01192523836506077
0.01192523904845599
0.01192523705827047
0.01192523619281376
0.0119252372962982
0.01192523829138824
0.01192523803897824
0.01192523754288438
0.01192523767664186
0.01192523864227791
0.01192523889731533
0.01192523696548002
0.01192523833545643
0.01192524006170781
0.0119252388254642
0.01192524040570148
0.01192524253275521
0.01192524106541106
0.01192524171413077
0.01192524402659872
0.0119252437288648
0.0119252442015714
0.01192524591821681
0.01192524628361111
0.01192524636659084
0.01192524484731382
0.01192524513671297
0.01192524124839924
0.01263561248387074
0.01263561195658622
0.01263561182201215
0.01263561135234325
0.01263561144863568
0.01263561020231826
0.01263561061732092
0.01263560936904264
0.01263560975076719
0.01263560866381006
0.01263560857385413
0.01263560765607244
0.01263560896710192
0.01263560852801938
0.01263560894575831
0.0126356069114774
0.01263560788514355
0.01263560905449136
0.01263560892476409
0.012635609051867
0.01263560781762169
0.01263560701846078
0.01263560796485064
0.01263560565872401
0.01263560538324397
0.01263560476011344
0.01263560561132586
0.01263560543604309
0.01263560502333352
0.01263560616032797
0.01263560607588286
0.01263560715670327
0.01263560509762141
0.01263560401639162
0.01263560513848635
0.01263560630049074
0.01263560609875838
0.01263560427884717
0.01263560560492389
0.01263560698948675
0.01263560586912232
0.01263560454056118
0.0126356061387938
0.01263560812178876
0.01263560639796592
0.01263560829133372
0.01263561063902035
0.01263560879932854
0.01263560965454954
0.01263561236314017
0.01263561098857693
0.01263561214264576
0.01263561405151391
0.01263561412736735
0.01263561448685171
0.01263561292104597
0.01263561357819278
0.01263560937707405
0.01327334039776803
0.01327333959199155
0.01327333896770029
0.01327333865246801
0.01327333925092111
0.01327333891569426
0.01327333811340127
0.01327333686166676
0.01327333696015874
0.01327333732520287
0.01327333535338165
0.01327333624127773
0.01327333687789524
0.01327333633465751
0.01327333674275286
0.01327333627728461
0.01327333548041647
0.01327333730651126
0.01327333752087377
0.01327333758430079
0.01327333632201796
0.01327333546915123
0.01327333675094013
0.01327333471561568
0.013273332702791
0.0132733330645934
0.01327333330085263
0.01327333277768807
0.01327333283290818
0.01327333431686674
0.01327333380698392
0.01327333489283495
0.01327333317976256
0.01327333184905359
0.01327333293516202
0.01327333418293138
0.01327333338530693
0.01327333162789072
0.01327333408337903
0.01327333470554269
0.01327333334204745
0.01327333198248119
0.01327333367921842
0.013273335868393
0.01327333392962179
0.0132733357683768
0.01327333825885839
0.01327333644471397
0.01327333723900886
0.01327333993822626
0.01327333951084104
0.01327333922572661
0.0132733421199186
0.01327334076789202
0.01327334221773466
0.01327334157709851
0.01327334185209987
0.01327333726318672
0.01384064446252408
0.01384064285173123
0.01384064093497165
0.01384064169720473
0.01384064240653511
0.01384064224724578
0.01384064314928525
0.0138406396218499
0.01384064026422366
0.01384064135463328
0.01384063893916302
0.01384063984006153
0.01384064044124261
0.01384063969220994
0.01384064017246893
0.01384064088355421
0.01384063954304091
0.01384064107386372
0.01384064153043705
0.01384064194776161
0.01384063986716414
0.01384064075258788
0.01384064118555862
0.01384063867637959
0.01384063633947299
0.01384063675809743
0.01384063700040426
0.01384063718707789
0.01384063634463673
0.0138406386187828
0.0138406371747736
0.01384063793407852
0.01384063767369689
0.0138406355442144
0.01384063658691027
0.0138406381328859
0.01384063560256022
0.01384063561068797
0.0138406379949843
0.01384063724263739
0.01384063687433042
0.01384063530135466
0.01384063693174409
0.01384063932703096
0.01384063723803513
0.01384063894537746
0.01384064117738424
0.01384064047404681
0.01384064111704653
0.01384064337933689
0.01384064318820633
0.01384064263300994
0.01384064536215722
0.01384064391608893
0.01384064568678898
0.01384064499755066
0.0138406454784694
0.01384064080721165
0.0143387186080805
0.01433871745730296
0.01433871670158341
0.01433871625098524
0.01433871707271576
0.01433871689126058
0.01433871849483953
0.01433871429972669
0.01433871507417573
0.01433871627111851
0.01433871527534498
0.01433871544103943
0.01433871561404151
0.0143387145758704
0.01433871434664864
0.01433871638285787
0.01433871605374926
0.01433871606438838
0.01433871739096144
0.01433871730051356
0.01433871632069866
0.01433871774112167
0.01433871619902549
0.01433871335251427
0.01433871199725749
0.01433871271142445
0.01433871162328266
0.01433871243193134
0.01433871260938573
0.01433871391792768
0.0143387135402213
0.01433871393814367
0.01433871179401992
0.01433871093760784
0.01433871176707226
0.01433871343665035
0.01433871045353097
0.0143387107419843
0.01433871281656846
0.0143387126975445
0.01433871248823779
0.01433871110042403
0.01433871113753464
0.01433871424015687
0.01433871180460882
0.0143387136974551
0.01433871613737244
0.01433871502191564
0.01433871579902353
0.01433871817007495
0.01433871807297468
0.01433871832097795
0.01433872013348421
0.01433871879581734
0.01433872018495957
0.01433871902459749
0.01433872042231234
0.01433871593872367
0.01476789040467243
0.01476788961002184
0.01476788896110768
0.01476788802677938
0.01476788889624028
0.01476788827591376
0.01476789058659933
0.01476788618105202
0.01476788708298393
0.01476788846193427
0.01476788802736479
0.01476788818843144
0.01476788802702244
0.0147678860181648
0.01476788727024144
0.01476788909108541
0.01476788898205657
0.0147678880406113
0.01476789027171895
0.01476788959945079
0.01476789036854059
0.01476789066619792
0.01476789080745887
0.01476788566171069
0.01476788569508328
0.01476788584278622
0.01476788594055453
0.01476788444075223
0.01476788521841162
0.01476788683954786
0.01476788674618305
0.01476788687174404
0.01476788425658767
0.01476788469060174
0.01476788372992055
0.01476788601756007
0.01476788309771905
0.01476788337133157
0.01476788523979242
0.01476788513361055
0.0147678849656152
0.01476788350466486
0.01476788323427341
0.01476788649790001
0.0147678837387164
0.01476788579882322
0.01476788822154223
0.01476788740195859
0.01476788707773597
0.01476789052460574
0.01476788943594374
0.01476789008928172
0.01476789116588805
0.01476789153029415
0.01476789192656197
0.01476789040959363
0.01476789233826264
0.01476788810931039
0.01512770342357765
0.01512770273130673
0.01512770122952544
0.01512770028927987
0.0151277010370281
0.01512770027630234
0.01512770296069776
0.01512769848661336
0.015127699510614
0.0151277011493482
0.01512770097830387
0.01512770098099828
0.01512770032810519
0.01512769990669737
0.01512770060489268
0.01512770209895667
0.01512770242581171
0.01512770177963117
0.01512770338508404
0.01512770326854561
0.0151277042794258
0.01512770392155294
0.01512770479130276
0.01512769925520143
0.01512769953444994
0.01512769984130603
0.01512769930261154
0.01512769892573241
0.01512769798947439
0.01512770040790373
0.01512770037774131
0.0151277005190122
0.01512769720988505
0.01512769802931974
0.01512769712738606
0.01512769908205036
0.01512769731569664
0.01512769690919486
0.01512769847856375
0.01512769812888574
0.01512769773191087
0.0151276966063962
0.01512769602132676
0.01512769931517896
0.01512769630123426
0.01512769850562664
0.0151277010462142
0.01512769988980408
0.01512769942510029
0.0151277024391366
0.01512770243455995
0.01512770325074185
0.01512770374908702
0.01512770412717438
0.01512770292046006
0.0151277027228157
0.01512770452531628
0.01512770105973915
0.01541694412705371
0.01541694384221606
0.01541693979944991
0.01541693989644527
0.01541694019437973
0.01541693964985542
0.01541694247190081
0.01541693800355532
0.01541693913326588
0.01541694096920862
0.01541694090070952
0.01541694097444786
0.01541694047364232
0.01541694040560458
0.01541694095172476
0.01541694218459116
0.01541694245071757
0.01541694365422429
0.01541694292918102
0.01541694496058602
0.01541694490732975
0.01541694459363991
0.01541694552401622
0.01541694144028299
0.0154169407660603
0.01541694127047236
0.01541693892731876
0.01541694029848686
0.01541693884148958
0.01541694142598361
0.01541694134905569
0.01541694093321935
0.0154169392274902
0.01541693797778801
0.01541693903898989
0.01541693978628062
0.01541693836343623
0.01541693690157508
0.0154169393823764
0.01541693880647305
0.01541693705998437
0.01541693749227895
0.01541693633491218
0.0154169396495239
0.01541693641938801
0.01541693875386666
0.01541694160487487
0.0154169390829408
0.01541694006438641
0.01541694192129382
0.01541694197328495
0.01541694316747626
0.01541694325579927
0.01541694368469098
0.01541694228610066
0.01541694232825628
0.01541694365780922
0.01541694059858768
0.01563361027977171
0.01563361006201116
0.01563360817500788
0.01563360651989896
0.01563360632551463
0.01563360608956304
0.01563360888099543
0.01563360449381968
0.01563360568990084
0.01563360779384626
0.01563360755590062
0.01563360805744957
0.01563360776656983
0.01563360784325874
0.01563360830741799
0.01563360911880312
0.01563360899675741
0.01563361120572028
0.01563360998009709
0.01563361322846279
0.01563361204155607
0.01563361206831567
0.01563361339406918
0.01563361027987066
0.01563360797606089
0.01563360843337964
0.01563360779967051
0.01563360884887128
0.01563360694673894
0.01563360956756799
0.01563360946412929
0.01563360885986803
0.01563360702456923
0.01563360684379948
0.01563360761444238
0.01563360800582163
0.01563360551503548
0.01563360565989198
0.01563360736169862
0.01563360569332017
0.01563360519632984
0.01563360547640451
0.01563360389598756
0.01563360715306136
0.01563360377899002
0.01563360611460273
0.01563360904515275
0.01563360613118836
0.01563360739997481
0.01563360842375799
0.01563360840467658
0.01563360992564552
0.0156336096323801
0.015633609995621
0.01563360999692962
0.01563360930890323
0.01563360938559681
0.01563360741644341
0.01577921366360186
0.01577921255067622
0.01577921146295851
0.01577920898513796
0.01577920759367014
0.01577920854176923
0.01577921120361822
0.01577920709192721
0.01577920835195666
0.01577921090124597
0.01577920910094421
0.01577921100578847
0.01577921091383013
0.01577921114626827
0.01577921104633882
0.01577921103364023
0.01577921340089856
0.01577921402283167
0.01577921284633555
0.01577921648173479
0.01577921631832361
0.01577921718740949
0.01577921616625449
0.01577921502936572
0.01577921291489846
0.01577921283692929
0.01577921131137888
0.01577921307682755
0.01577921141389531
0.01577921398615405
0.01577921374687599
0.01577921341504172
0.0157792113135796
0.01577921021569937
0.0157792123331631
0.01577921151299744
0.01577921106672093
0.01577921030267042
0.0157792118092819
0.01577921017062267
0.01577920847405263
0.01577920930324388
0.01577920803707693
0.01577921104943042
0.01577920760158017
0.01577920974810543
0.01577921220877414
0.01577921098688358
0.0157792114090784
0.01577921129684234
0.01577921009460893
0.01577921276559566
0.01577921220795748
0.01577921238722519
0.01577921262356606
0.01577921351283595
0.01577921055573277
0.01577920964336664
0.01585425227787591
0.01585425163236997
0.01585424847800664
0.01585424779592962
0.01585424636446868
0.01585424687604901
0.01585424917549119
0.01585424591226603
0.01585424688133317
0.01585424934714431
0.01585424761611911
0.0158542500715749
0.01585424998413882
0.01585425024863853
0.01585424920470107
0.01585425053948341
0.01585425295786054
0.01585425316344729
0.01585425237745922
0.01585425596743711
0.0158542558910695
0.0158542568636337
0.01585425664880883
0.01585425681425393
0.01585425332124886
0.01585425277827618
0.01585425272165714
0.01585425406652238
0.01585425214285237
0.01585425463162763
0.01585425383939703
0.01585425406032186
0.01585425175514287
0.01585425073361316
0.01585425371210962
0.01585425105164895
0.01585425201180191
0.01585425119112096
0.01585425248429851
0.01585424982910713
0.01585424954484855
0.01585424962259765
0.01585424943194247
0.01585425120313184
0.01585424789658042
0.01585424986294851
0.01585425235915839
0.01585425108259134
0.01585425092745691
0.01585425034180645
0.01585424899840532
0.0158542519930209
0.01585425116806057
0.01585425052242657
0.01585425129825455
0.01585425105443666
0.01585425091506383
0.01585424842519454
0.01585838034566162
0.01585837846278429
0.01585837590956008
0.01585837644676697
0.01585837470748064
0.01585837386592084
0.01585837579482836
0.0158583748726432
0.0158583748221721
0.01585837643681532
0.01585837615802043
0.01585837832097586
0.01585837822363712
0.01585837706064312
0.0158583785071437
0.0158583787252109
0.0158583814175424
0.01585838099763959
0.01585838160929852
0.01585838458785269
0.0158583845817506
0.01585838587870207
0.01585838581138541
0.01585838665770792
0.01585838259480522
0.01585838283827423
0.01585838360365771
0.01585838410283654
0.01585838209714136
0.01585838448629267
0.01585838373441247
0.0158583841231118
0.01585838174508775
0.01585838087847206
0.01585838369148323
0.01585838166391657
0.01585838278981768
0.01585838104284966
0.01585838271456423
0.01585837902323319
0.01585837969196831
0.01585837995620776
0.01585837970100533
0.0158583809946906
0.01585837823220152
0.01585837987529349
0.01585838284872188
0.01585838014135328
0.01585837880603919
0.01585837899151663
0.01585837783646916
0.01585838101242514
0.01585837771135346
0.01585837893896818
0.01585838074204634
0.01585837974170079
0.01585837993377179
0.0158583763773565
0.0157905007069568
0.01579049617928941
0.01579049535148842
0.01579049602290639
0.01579049478070348
0.01579049338147821
0.01579049561076523
0.01579049468519397
0.01579049552705013
0.01579049602803571
0.0157904964487559
0.01579049887087952
0.01579049814792762
0.01579049829816088
0.01579049947469234
0.01579049838252068
0.01579050243868595
0.0157905002764632
0.01579050239946167
0.01579050533409034
0.015790505252983
0.01579050697445876
0.01579050646650292
0.01579050809894086
0.01579050393754164
0.01579050474462195
0.01579050623241645
0.0157905059159001
0.0157905041081833
0.015790506318976
0.01579050622339091
0.01579050650671216
0.01579050424444227
0.01579050357068936
0.01579050648041736
0.01579050452095052
0.01579050393028028
0.01579050528791337
0.01579050487520333
0.01579050174087799
0.01579050298974276
0.01579050296702067
0.01579050217097799
0.01579050303259958
0.01579050191871336
0.01579050244403648
0.01579050524835172
0.01579050218204277
0.01579050113770408
0.01579049946562687
0.01579049994957804
0.01579050211132476
0.01579049798148566
0.01579049970718747
0.01579050236078781
0.01579049990300598
0.01579050105843387
0.01579049723350286
0.01564881688789587
0.01564881150235155
0.01564881106682887
0.01564881155919639
0.01564881005309868
0.01564880887821187
0.01564881106338547
0.01564881015625664
0.01564881176915056
0.01564881143593137
0.01564881231984933
0.01564881497071588
0.01564881431140195
0.01564881368627938
0.01564881549174359
0.01564881536089589
0.0156488186148569
0.01564881644037297
0.01564881876178527
0.01564882208452815
0.01564882062487991
0.01564882339165251
0.01564882280970452
0.01564882489631288
0.0156488209632469
0.01564882223288364
0.01564882420789891
0.01564882374516726
0.01564882223310484
0.01564882415546553
0.0156488242924212
0.0156488248511878
0.01564882297533672
0.01564882235874619
0.01564882533613411
0.01564882333797237
0.01564882252837578
0.0156488242886146
0.01564882346971551
0.01564882101787951
0.0156488221645411
0.01564882197530588
0.01564882133851011
0.01564882223422399
0.01564882013785961
0.01564882147943358
0.01564882388329739
0.01564882073157057
0.01564881965384999
0.01564881731974348
0.0156488177656342
0.01564881923585203
0.01564881481814706
0.01564881662026984
0.01564881947815042
0.01564881666038778
0.01564881804043097
0.01564881339756473
0.0154308555522951
0.01543084999998025
0.01543084926028986
0.01543084964820282
0.01543084701413516
0.01543084722169537
0.01543084840279317
0.01543084778217075
0.01543084959575988
0.01543085025923899
0.01543084984376287
0.01543085316583617
0.01543085247298377
0.01543085303599536
0.01543085391482033
0.01543085371666259
0.01543085652755612
0.0154308558534956
0.01543085702136333
0.01543086036524693
0.01543085855195784
0.01543086145051329
0.01543086109361842
0.01543086345169055
0.01543086000643503
0.01543086160341646
0.01543086386563384
0.01543086382713169
0.01543086293444803
0.01543086400853741
0.01543086405836299
0.01543086528741081
0.01543086422018008
0.01543086350024392
0.01543086664089622
0.01543086432782854
0.01543086463154688
0.01543086487690499
0.01543086419503717
0.01543086458994877
0.01543086320115841
0.01543086377933421
0.01543086222582429
0.01543086306932517
0.01543086235894363
0.01543086290892157
0.01543086482018578
0.01543086210427357
0.01543086059931951
0.01543085884993787
0.01543085823536041
0.01543085869757697
0.01543085446918484
0.01543085608151653
0.01543085889773879
0.01543085606435233
0.01543085748811615
0.01543085208587891
0.01513348381314541
0.01513347832364387
0.01513347670926843
0.01513347630288297
0.01513347338835629
0.0151334749256764
0.0151334737916938
0.01513347452863043
0.01513347656495666
0.01513347723593905
0.01513347689358401
0.01513347994005152
0.01513347938094405
0.01513348093490649
0.01513348119201112
0.01513347984112823
0.01513348347666449
0.01513348306192019
0.01513348384999383
0.0151334869371684
0.01513348508872648
0.01513348797363837
0.01513348792846477
0.01513349035220049
0.01513348784597357
0.01513348951501535
0.01513349217978545
0.01513349173839072
0.01513349341222659
0.01513349168583297
0.01513349294631388
0.01513349466036438
0.01513349382356826
0.01513349334715426
0.01513349646761187
0.0151334952544566
0.0151334957754581
0.01513349469216681
0.01513349313133325
0.01513349534864092
0.01513349483153939
0.01513349477886315
0.01513349430853169
0.01513349265126603
0.01513349330507512
0.01513349583310011
0.01513349415314476
0.01513349370529298
0.01513349186131889
0.01513348967705097
0.01513348693693142
0.0151334866148489
0.01513348361414142
0.01513348480399908
0.01513348739614876
0.01513348458405588
0.01513348598851353
0.01513348039650233
0.01475297281983842
0.0147529673412213
0.01475296367337768
0.01475296281285454
0.01475296028480449
0.0147529615228117
0.01475295949465341
0.01475296041514527
0.01475296354879469
0.01475296287992398
0.01475296404392528
0.01475296626435804
0.01475296620222861
0.01475296827316922
0.01475296795138813
0.01475296614734577
0.01475296983977034
0.01475296933205724
0.01475296993567271
0.01475297256495614
0.01475297098800886
0.01475297359633536
0.01475297389826734
0.01475297603291457
0.01475297562593027
0.0147529763190777
0.01475297945176891
0.01475297908719969
0.01475298162111117
0.01475297956290749
0.01475298118724854
0.01475298339073271
0.01475298221152583
0.01475298251894991
0.0147529861859253
0.01475298525124622
0.01475298600713074
0.01475298403452393
0.01475298268276497
0.0147529858028559
0.01475298540749833
0.01475298558845864
0.01475298442829417
0.01475298418978053
0.01475298413586722
0.01475298763475923
0.01475298426255344
0.01475298441172491
0.01475298447775203
0.01475297940281821
0.01475297575318318
0.01475297614980887
0.01475297282074819
0.0147529735502403
0.01475297568285112
0.01475297309359897
0.01475297475176068
0.01475296922508827
0.01428520893265007
0.01428520361039791
0.01428519757043073
0.01428519636787469
0.01428519491665004
0.01428519358862635
0.0142851919722303
0.01428519269976963
0.01428519634528535
0.0142851955216312
0.01428519919342167
0.01428519935939106
0.01428519862205731
0.0142852018328541
0.0142852009525987
0.01428519895882715
0.01428520273506739
0.01428520166667658
0.01428520188075807
0.01428520402815274
0.01428520385015779
0.01428520559171312
0.01428520492137343
0.01428520817545844
0.01428520829793098
0.01428520806087098
0.01428521228217913
0.01428521215248188
0.01428521489059422
0.01428521432462794
0.01428521520227596
0.01428521805889898
0.01428521698419477
0.0142852179432521
0.0142852223725152
0.01428522099078754
0.01428522216700973
0.01428521958539373
0.01428521858254522
0.01428522247657731
0.01428522214712932
0.01428522308949075
0.01428522122663283
0.0142852217175948
0.01428522171822087
0.01428522607342936
0.01428522196753057
0.01428522238255584
0.01428522315161473
0.01428521648083476
0.01428521239503327
0.01428521223300427
0.01428520891452053
0.01428520897409792
0.01428521024950238
0.01428520811528873
0.014285210056886
0.01428520522837914
0.01372623442318286
0.01372622912910752
0.01372622156079354
0.01372621979972946
0.01372621640537571
0.0137262143237097
0.01372621249223388
0.01372621289181515
0.01372621668378284
0.01372621678062257
0.01372622222262899
0.01372622033017747
0.01372622140622534
0.01372622400125223
0.01372622243539252
0.01372622008796692
0.01372622370251148
0.01372622210618836
0.01372622348159227
0.01372622396792838
0.01372622370683054
0.01372622434095266
0.01372622488124998
0.01372622779694059
0.01372622811330815
0.01372622804329152
0.01372623239379065
0.013726232525775
0.01372623578404173
0.01372623552907795
0.01372623561547363
0.013726239964092
0.0137262395250677
0.01372624080508924
0.01372624596158228
0.01372624485181563
0.01372624599068885
0.01372624306104834
0.0137262422804183
0.01372624701754181
0.01372624627923862
0.01372624858022811
0.01372624632669031
0.01372624696117833
0.01372624692505719
0.01372625237078045
0.01372624804874847
0.01372624882627583
0.01372625012229941
0.0137262425981215
0.01372623872786028
0.0137262366919316
0.01372623362488084
0.01372623268040572
0.01372623324800554
0.01372623271282124
0.01372623374307391
0.01372623035393745
0.01307335393921205
0.01307334882989558
0.01307334001022026
0.01307333710701843
0.01307333265745385
0.01307332877090105
0.01307332631039868
0.01307332612467042
0.01307332997325581
0.01307333078587531
0.01307333762115058
0.0130733347344052
0.01307333659228178
0.01307333918071484
0.01307333652213573
0.01307333434063326
0.01307333775468852
0.01307333574992559
0.01307333741708496
0.01307333666438989
0.01307333752691367
0.01307333764958142
0.01307333823433463
0.01307333943649003
0.01307334028263279
0.01307334095982358
0.0130733446071622
0.01307334497003558
0.01307334868591887
0.01307334832156341
0.01307334889405442
0.01307335409183684
0.01307335371327662
0.01307335580643458
0.01307336220813661
0.01307336088484597
0.01307336212485078
0.01307335873125588
0.01307335783271697
0.01307336351729169
0.01307336294667953
0.01307336594329942
0.01307336484920554
0.01307336457907684
0.01307336549148303
0.01307337175559336
0.01307336717711081
0.01307336829527553
0.01307337029963819
0.01307336262492179
0.01307335909067012
0.01307335477739831
0.01307335218643401
0.01307334944217441
0.01307335005923299
0.01307334944499204
0.01307334922210108
0.01307334956874286
0.01232702506409317
0.01232702124297568
0.01232701053991178
0.01232700655607865
0.01232700215803827
0.01232699509055842
0.01232699115824774
0.01232699031099854
0.01232699420062468
0.01232699553465294
0.01232700409135765
0.0123270012877173
0.0123270035140878
0.01232700648939908
0.01232700173786676
0.01232700061204623
0.01232700349700506
0.01232700056432832
0.01232700243228689
0.01232700132973522
0.01232700186187167
0.01232700171793873
0.01232700354269765
0.01232700199173673
0.01232700331735907
0.01232700347316254
0.01232700712283345
0.01232700762880715
0.01232701181304618
0.01232701077010505
0.01232701223146645
0.01232701833626128
0.01232701665975613
0.01232702121014399
0.01232702880436474
0.01232702714118306
0.01232702875918846
0.01232702488746704
0.01232702343378843
0.01232703044583402
0.01232702942421064
0.01232703411717416
0.01232703216355388
0.01232703270534787
0.01232703390984046
0.01232704133051058
0.01232703694925165
0.01232703820847795
0.01232704144939038
0.01232703426134342
0.01232703149613948
0.01232702555099574
0.01232702227695151
0.01232701812514364
0.01232701827602311
0.0123270176831701
0.01232701689608752
0.0123270187998132
0.01149349984973108
0.01149350016706758
0.01149348717366349
0.01149348279534085
0.0114934804614977
0.01149346954080827
0.01149346268446775
0.01149345963622433
0.01149346460261494
0.01149346481233113
0.01149347497488465
0.01149347343154444
0.01149347509283358
0.01149347921534488
0.0114934723197713
0.01149347118698412
0.01149347521846855
0.01149347084358688
0.01149347329526956
0.01149347161774219
0.01149347152737191
0.0114934712105004
0.01149347338973802
0.01149347090513211
0.01149347156017859
0.01149347191496152
0.01149347436393645
0.01149347476559746
0.01149347892778839
0.01149347858287843
0.01149347974294328
0.01149348638072084
0.01149348413789169
0.01149349095490593
0.01149350038770338
0.01149349792572118
0.01149349996580993
0.01149349516092915
0.01149349269266404
0.01149350160710325
0.01149349944206976
0.01149350568601801
0.01149350462112917
0.01149350535131802
0.01149350718609654
0.01149351624757477
0.01149351134773513
0.01149351229219489
0.01149351730916976
0.01149351144632272
0.0114935099211746
0.01149350284892918
0.01149349888555413
0.01149349297516697
0.01149349195002578
0.01149349132726126
0.01149348978024581
0.01149349176511514
0.01058767458707389
0.01058767761765492
0.01058766204126641
0.01058765728888479
0.01058765794294942
0.01058764557362769
0.0105876335841529
0.01058762716085015
0.01058763272249333
0.010587632361376
0.01058764467897346
0.01058764313271427
0.01058764652582335
0.01058765234413506
0.01058764180245622
0.01058764000567261
0.01058764625975276
0.01058763997746913
0.01058764339629442
0.01058764116135163
0.0105876394604235
0.01058763944995028
0.01058764196467049
0.01058763864709004
0.01058763847466685
0.01058764003125694
0.01058763976780039
0.01058764003469326
0.01058764434530721
0.0105876435866842
0.01058764438550008
0.01058765126970733
0.0105876482037132
0.01058765659350761
0.0105876691802745
0.01058766630786664
0.01058766923452241
0.01058766321150575
0.01058765923738855
0.01058767046564893
0.01058766588083948
0.01058767438484414
0.01058767332642861
0.01058767385369335
0.01058767666159868
0.01058768797310833
0.01058768189426626
0.01058768286605501
0.01058769059203061
0.01058768522408846
0.01058768707802693
0.01058767943994944
0.01058767566027549
0.01058766623249927
0.01058766438372168
0.01058766279507584
0.01058766165419952
0.01058766184976409
0.009634890537092057
0.009634898146806476
0.0096348799209707
0.009634874510592813
0.009634880587390732
0.009634869701079752
0.009634852335194068
0.009634839624831686
0.009634845856944241
0.009634842443448094
0.009634857012406671
0.00963485494104201
0.009634860280798197
0.009634869068637444
0.009634855141228107
0.00963485167302878
0.009634862029862386
0.009634853213137137
0.009634857456602478
0.009634854934666134
0.009634852823728278
0.009634851999753145
0.00963485528616537
0.009634850704980144
0.009634850025011708
0.009634852313179339
0.009634849109982623
0.009634849313218296
0.009634854108037494
0.009634852078537202
0.009634852841628797
0.009634859580688188
0.009634855761912245
0.009634863866060762
0.009634881419763529
0.009634877784592665
0.009634881342436508
0.00963487506502169
0.009634866695751618
0.009634882313241225
0.009634874581922715
0.009634885250959926
0.009634884891552278
0.009634885175666824
0.009634888732021786
0.009634904024003401
0.009634895406453309
0.009634894950827089
0.009634907163626947
0.009634901110604523
0.009634905621704168
0.009634899951523728
0.009634897286386718
0.009634884351683099
0.009634880480645813
0.009634877674124426
0.009634875448775773
0.009634874354814318
0.008670095497252981
0.008670109742708413
0.008670086949553525
0.008670077965906384
0.008670090883046813
0.008670085009270743
0.0086700657901647
0.008670043141643173
0.008670050789625381
0.008670042574609026
0.008670059549195116
0.008670057324535596
0.008670063929535749
0.008670077604347279
0.00867006150606223
0.00867005305502612
0.008670068679012032
0.008670057317253793
0.008670061623506696
0.008670059713496908
0.008670057853313444
0.008670055408409752
0.008670060021137165
0.008670054255089899
0.008670052485834806
0.008670055491822325
0.008670050410519485
0.0086700496451841
0.008670054949341005
0.008670051546017899
0.008670050892369913
0.008670058356333377
0.008670052049695157
0.008670057591270489
0.00867008218495945
0.008670078745790087
0.008670082559616689
0.008670080774220639
0.008670063029606576
0.008670084395719533
0.008670072297488509
0.008670084611133383
0.008670084911565724
0.008670084449330817
0.008670086502557049
0.00867010795135016
0.008670097700315989
0.008670094020645669
0.008670112501673901
0.008670105191327616
0.008670111742442602
0.008670109810599281
0.008670109430676016
0.008670093755210381
0.00867008844739162
0.008670083410012932
0.008670079131134803
0.008670076230247268
0.007733160006520638
0.007733183697093341
0.007733162829158256
0.007733145053020768
0.007733166324972748
0.00773316767542134
0.007733151735923708
0.007733115412396459
0.007733123838905738
0.00773310948305168
0.007733126886975241
0.007733124789154004
0.007733129252927382
0.007733149024280988
0.007733136852779405
0.007733119469784736
0.007733141936192428
0.007733128460730613
0.007733132071835414
0.007733131090983074
0.007733130831884394
0.007733125592966188
0.007733131892263836
0.00773312543171184
0.007733122127825555
0.007733125780593412
0.007733120228045422
0.007733117236577566
0.00773312363252416
0.007733118875070594
0.007733116366309618
0.007733125428385038
0.007733116603304479
0.007733117001275928
0.007733148406402583
0.007733146468121829
0.007733147761889007
0.007733155163553051
0.007733124715523089
0.007733152563856349
0.007733137019395949
0.007733148829462399
0.007733151718096108
0.007733150364130335
0.007733149883815238
0.007733178588172367
0.007733168293716434
0.007733156891849763
0.007733182432446999
0.007733174084086045
0.007733182270058983
0.007733183146733798
0.007733186725444836
0.007733169824696816
0.007733163039547824
0.007733156416021863
0.007733148905949387
0.007733143269554587
0.006860930930160764
0.006860963557794022
0.006860948554672781
0.006860916067835132
0.006860943237134345
0.006860951750293632
0.006860947358530452
0.006860896165235634
0.006860905981666647
0.00686088511782896
0.006860902311830818
0.006860901400721593
0.006860902264129787
0.006860927965746946
0.006860923708784252
0.006860893544767523
0.006860921891168213
0.006860908113313941
0.006860909880853703
0.006860910093278637
0.006860911641832854
0.006860903522015417
0.00686091073426728
0.006860905878605078
0.006860899773795309
0.006860903883719093
0.006860899654531778
0.006860893356982914
0.006860899993029102
0.006860896407503463
0.006860889722938023
0.006860900245387928
0.006860889759890285
0.0068608813294232
0.006860919784742361
0.006860922341966611
0.006860920309937958
0.006860939687615523
0.006860894760196796
0.006860928471773066
0.006860910531656774
0.006860919183581684
0.00686092436752652
0.006860922705622863
0.006860915553656603
0.006860951542964957
0.00686094848396308
0.006860925078157464
0.006860957767503411
0.006860949385436093
0.006860957571449752
0.006860961674336456
0.006860969293896913
0.006860952956129853
0.006860944841889769
0.006860937544194933
0.006860929183431392
0.006860918583954062
0.006078705250903307
0.006078747128555675
0.006078746141280686
0.006078697509208198
0.006078726796424978
0.006078742997103839
0.00607875345344454
0.006078688507249659
0.006078697964283634
0.006078671317542408
0.006078685928620688
0.006078687299922403
0.006078679923908621
0.006078711615165433
0.006078720148575742
0.006078676728743524
0.006078710067400202
0.006078697541516358
0.006078697038597715
0.0060786976912447
0.00607870204505815
0.00607869086370335
0.006078698154487034
0.006078696660150767
0.00607868735957181
0.006078690933841051
0.006078690085173138
0.006078679784656316
0.006078686147368693
0.006078685400980953
0.006078674289843929
0.006078685109122632
0.006078677474595353
0.006078658418263765
0.006078700208828558
0.006078707526555671
0.006078698762781189
0.006078734130203284
0.006078675383458145
0.006078712957123564
0.006078695864754784
0.00607869881940769
0.006078707084222437
0.006078707302253851
0.006078692574795373
0.006078734353279477
0.006078741082412312
0.006078703139268201
0.006078740681894908
0.006078734207980427
0.006078740553947914
0.006078747109783731
0.006078758640050419
0.006078744498465584
0.006078734197242963
0.006078727110937397
0.006078719765858425
0.006078704411761561
0.005395040254054558
0.005395088838187533
0.005395102259786749
0.005395039214824572
0.005395062562806468
0.005395084212656772
0.005395113950753368
0.005395038752121551
0.005395047821642875
0.005395016445866096
0.005395028568958419
0.005395033988374974
0.005395018841676891
0.005395052999376887
0.005395075775738911
0.005395019969550871
0.005395055002774735
0.005395045882467749
0.005395042379810248
0.005395043024980184
0.005395050393632947
0.005395036816070121
0.005395042924756183
0.005395045899546209
0.005395033575540978
0.005395035972139734
0.005395039297995729
0.005395025594114415
0.005395030442941142
0.005395033906493624
0.005395018002473392
0.005395027805595639
0.005395025322559778
0.005394994421094622
0.005395035524858336
0.005395051782435916
0.005395035376027478
0.005395087784500746
0.005395016747573598
0.005395055703813974
0.005395040790089176
0.005395037753321818
0.005395046894252424
0.005395050810337582
0.005395025549698596
0.005395070284659477
0.005395091500398404
0.005395039984000441
0.005395080353363727
0.005395077262955997
0.005395081109972243
0.005395088317593251
0.005395103870961353
0.005395092447683534
0.005395080105226977
0.005395073505905603
0.005395070997613379
0.005395050882294476
0.004802179906398824
0.004802232621613769
0.004802265484490202
0.004802191945807097
0.004802206350062387
0.004802227444419769
0.004802276986749543
0.004802195237802601
0.004802201670169291
0.004802167323553297
0.004802175740278359
0.004802186781506681
0.00480216234211203
0.004802196278196845
0.004802237357503274
0.004802171299214929
0.004802205902355333
0.004802201595222258
0.004802195261387819
0.00480219460700877
0.004802205630468484
0.004802190307778156
0.004802194084805524
0.004802201784968181
0.004802187413038092
0.004802187621558522
0.004802195878887872
0.004802179502984836
0.004802182035069546
0.004802190065781474
0.004802170798708026
0.004802178344720084
0.004802183233941308
0.004802143177848696
0.004802176276573532
0.004802201720847341
0.004802177160204315
0.004802247358835936
0.004802167338569965
0.004802204545915048
0.004802194822532591
0.004802185518199574
0.004802194790556347
0.004802203881028674
0.004802171007874378
0.004802210954107803
0.004802247999632371
0.004802184581536429
0.004802224656995507
0.004802226202913424
0.00480222709816264
0.004802233457734246
0.004802252616058115
0.004802243967770029
0.004802229244345517
0.004802223762325471
0.004802226645793225
0.00480220569169935
0.004281414114941082
0.004281464851545479
0.004281516763510863
0.004281436718193912
0.004281437753510621
0.004281454037766788
0.004281524615383467
0.004281440325611885
0.00428144343161174
0.004281407029373426
0.004281413518253394
0.004281430833509907
0.004281399401112699
0.004281429587917941
0.004281487934525959
0.004281414260977293
0.004281445438502275
0.004281447213057414
0.004281438054678338
0.00428143531559476
0.004281449810986996
0.004281433884204554
0.004281434075417118
0.004281446826364245
0.004281431107793613
0.004281428686531527
0.004281441780017313
0.004281423897801047
0.004281422973468159
0.004281436074227875
0.004281414157930576
0.004281418029634692
0.004281430764455542
0.004281382680004386
0.004281405368271494
0.004281442377717507
0.004281409657849826
0.004281496108325122
0.004281409712362467
0.004281442714862625
0.00428143925115662
0.004281424685474365
0.004281431271246762
0.004281446982657662
0.004281406328081197
0.004281436756876267
0.004281492620716683
0.004281419964074883
0.004281457951315945
0.00428146452134054
0.004281462845675242
0.004281466557480386
0.00428148963807911
0.004281482741056115
0.004281466652147655
0.004281462525947391
0.004281472700001996
0.00428145290789904
0.003810158332721306
0.003810187175386161
0.003810259116875007
0.003810177308680738
0.003810164720067071
0.003810187531555884
0.003810278284383408
0.003810195737407847
0.003810192768233724
0.003810155568837945
0.003810161193400887
0.003810184940056716
0.003810146196590361
0.00381015390356113
0.00381022999434937
0.003810151162400036
0.003810177888395327
0.003810185374780223
0.003810174507961422
0.003810168517770904
0.003810186479853262
0.003810170796456953
0.003810166864532766
0.003810184126266273
0.003810168438941321
0.003810162701427108
0.003810180498658053
0.003810162037978484
0.003810157340928369
0.003810175107083198
0.003810152193202179
0.003810151249188552
0.003810172392926388
0.003810118971779093
0.003810144815545974
0.003810192475793166
0.003810135693204345
0.003810236380648773
0.003810146734389099
0.003810173548948748
0.003810177368037288
0.003810158505850003
0.003810161717774756
0.003810184432249191
0.003810138650503903
0.003810171930632978
0.003810246199926167
0.00381016713765695
0.00381020028682255
0.003810212591091404
0.003810208159303523
0.003810208152862643
0.003810235331721008
0.003810229113784628
0.003810212348186745
0.003810210450030866
0.003810228115752994
0.00381021142493831
0.003367683901668916
0.003367671554445427
0.003367762567368118
0.003367684059317215
0.003367659755336116
0.00336770215576727
0.003367811531013156
0.003367734668036508
0.003367725502141604
0.003367687425182054
0.003367695189757423
0.003367724151998392
0.003367675139183672
0.003367642294130103
0.003367734474497194
0.003367654366282148
0.003367674167125285
0.003367687955522052
0.003367675223820908
0.003367665211225579
0.003367686870358203
0.00336767199165328
0.003367663826691418
0.003367684783895519
0.003367670024093408
0.003367660783918797
0.003367683191622273
0.003367664603711896
0.003367656136774701
0.003367677921364998
0.003367654783095023
0.003367648202731136
0.003367677384133924
0.0033676241704746
0.003367669266354935
0.003367722447819158
0.003367625318675779
0.00336773976069296
0.003367649745587381
0.003367667958273287
0.003367679626894821
0.0033676575872047
0.003367655312731482
0.003367685930629877
0.003367640111662223
0.003367689898079844
0.003367783023145042
0.003367699948367185
0.003367726492117154
0.003367743550123203
0.003367736919223819
0.003367733147914862
0.003367764239611116
0.003367757930028459
0.003367742181123509
0.00336774290463897
0.003367767804597092
0.003367754077898279
0.002937905730439736
0.002938009071669651
0.00293811799227125
0.002938049329835431
0.002938013390807056
0.002937917224144576
0.002938039292532046
0.002937972462431073
0.002937957721019139
0.002937917559834056
0.002937933885630083
0.002937960417812905
0.00293790463920788
0.002937984560318044
0.002938091732449546
0.002938015728295148
0.002938027314309082
0.002938047741122175
0.002938031479891513
0.002938016366761928
0.00293804289701126
0.002938028534804363
0.002938016539231037
0.002938043434912502
0.002938027382979706
0.002938014005748261
0.002938041649169
0.002938022786845591
0.002938010939456854
0.002938038794517096
0.002938013782796748
0.002938000456849546
0.002938035524389168
0.002937988135008948
0.002937899559755259
0.002937953342122512
0.00293796902650518
0.002938096748042304
0.00293800942906299
0.002938015222510489
0.002938039992894159
0.00293801210553479
0.002938004064824351
0.002938041667948446
0.002937999824938679
0.00293791278691195
0.002938020668563772
0.002937935074351681
0.002937950668634705
0.002937972106119472
0.002937963751945458
0.002937956938389934
0.002937992700206994
0.002937986388784431
0.002937970016370613
0.002937975805735194
0.002938006754739795
0.002937989855833396
0.002509530272351403
0.002510238269343636
0.002510363257191203
0.002510316673949017
0.002510230402881226
0.002509500685538428
0.002509626103010439
0.002509570459119875
0.002509552323684419
0.002509515797002514
0.002509541799123577
0.002509560049845325
0.002509533314116431
0.00251022101402562
0.00251034416565749
0.002510274898761839
0.002510278576105588
0.002510302180470268
0.002510284400404236
0.002510264895704364
0.002510292763296374
0.002510280992344662
0.002510268438762813
0.002510299869607074
0.002510281976991251
0.002510264778558246
0.002510293701853201
0.002510277355879565
0.002510264886019846
0.002510297410910165
0.002510270454745508
0.002510256026503573
0.002510290265104962
0.002510211802822586
0.002509500900022845
0.00250957954788107
0.002510206411490878
0.002510350787060654
0.002510263062462449
0.002510260469468573
0.002510296181534481
0.002510265524586602
0.002510256226915837
0.002510295434042877
0.002510219361622454
0.002509504285920202
0.002509616590247326
0.002509536756474424
0.002509539723589741
0.002509562926370779
0.00250955460836703
0.002509545371220056
0.002509581874579801
0.002509577477461808
0.002509561320528485
0.002509567909015672
0.002509608499123937
0.002509586282046144
0.002075248283024179
0.002074689063040078
0.002074784805490579
0.002074734403500818
0.002074542541827191
0.002075040795121962
0.002075271122295985
0.002075238546408119
0.002075188783106575
0.002075156634472136
0.00207518810388326
0.002075192075527393
0.002075259887271123
0.002074680886241975
0.00207476463429045
0.002074694159806331
0.002074686643737949
0.002074703721406916
0.002074710878870554
0.002074696924142234
0.002074715420253223
0.002074709609976394
0.002074672577777023
0.002074695923630911
0.002074708631255228
0.002074698338317109
0.002074717635095862
0.002074707326551075
0.002074670700932165
0.002074694753219563
0.002074700487793646
0.002074659263242763
0.002074708902058951
0.002074540817174054
0.002075055213895859
0.002075304980335085
0.002074668130297079
0.002074763744062318
0.002074696791341338
0.002074687863035759
0.002074710863732533
0.00207469886186055
0.002074659698213577
0.002074712384914382
0.002074542527798711
0.002075049251957961
0.002075245303187678
0.002075165395708317
0.002075158248817396
0.002075206784089071
0.002075190535076093
0.002075185113618967
0.002075195078067517
0.0020752092281073
0.002075183007216173
0.002075212339677129
0.002075235781783668
0.002075211798556854
0.00163122741400046
0.001614161308956216
0.001613747209395583
0.001613734358593106
0.001613592382605002
0.001630748460762796
0.001631408800764955
0.001631371394728639
0.001631280825253951
0.001631311469800144
0.001631324946401748
0.001631264504831731
0.001631338493068802
0.001614158530312306
0.001613827221859942
0.001613861305839467
0.001613650473610655
0.001613779307274801
0.001613860192812331
0.001613755388009906
0.001613821675847488
0.001613858603319367
0.001613651533958427
0.001613776273365478
0.001613856937263941
0.00161375548144286
0.001613823438510854
0.001613857703276741
0.001613650999645326
0.001613771899112143
0.001613850953022925
0.00161362629387955
0.001613774366988795
0.001613675094669463
0.00163076444836015
0.001631412934040454
0.001614153077401467
0.001613817728072022
0.001613851524074145
0.001613724835899459
0.001613812294471552
0.001613854032787549
0.001613627969939722
0.001613774854805302
0.00161367611952414
0.001630753206791949
0.001631299590309274
0.001631172204494516
0.001631167403857402
0.001631326587918834
0.001631197091147848
0.001631270987107635
0.001631268761564099
0.001631198994563787
0.001631370196731575
0.001631385853729078
0.001631291230211307
0.001631364754041509
0.001177103022287338
0.001108984562924108
0.001107131699382359
0.001107256196817719
0.001107376439985736
0.001175392766297084
0.001177356790765448
0.001177153371640426
0.001177184918990066
0.001177350186031675
0.00117720579045897
0.001177161399314577
0.001177132780417013
0.001108995020367046
0.001107343866700719
0.001107645058752534
0.001107343952592967
0.001107409173555965
0.001107631040172569
0.001107386914400345
0.001107426328929451
0.001107628139513314
0.001107352326270738
0.001107410683378932
0.001107630073132193
0.001107385841883546
0.00110742591417624
0.001107628338735402
0.001107353316612862
0.001107411638312608
0.001107627741736518
0.001107342897102821
0.001107413001187867
0.001107557687501241
0.001175396511145848
0.001177340045098002
0.001109012431602898
0.001107324936890887
0.001107639709345964
0.001107373709099336
0.001107420947261298
0.001107629489620732
0.001107352511361785
0.001107399907289439
0.001107558517839181
0.001175404887735059
0.00117730975648542
0.00117693838946713
0.001177101587591027
0.001177184037838689
0.00117696326253663
0.001177148997963757
0.001177163806034053
0.001176970889995903
0.001177473780643299
0.001177452385629016
0.00117702908095883
0.001177375773379481
0.0007639149359381513
0.0006221173111850551
0.0006191486454398615
0.0006197474804425993
0.0006203304480865398
0.0007589177091346089
0.0007641226806806142
0.0007632958001826161
0.0007633894704705175
0.0007641399079643516
0.0007639765360218657
0.0007633863358548381
0.0007632513961494722
0.0006220921901830272
0.0006197730221914722
0.0006202374414345535
0.0006196604833977234
0.0006196904913498722
0.0006202390162365138
0.0006196694751665102
0.0006196957308516343
0.0006202408092781654
0.0006196612907106713
0.0006196915121121855
0.0006202407689464515
0.0006196690741886876
0.000619695873581648
0.0006202409183031975
0.0006196616478891026
0.0006196905310985736
0.0006202389606244383
0.0006196564837427893
0.0006196926118583488
0.000620251111581975
0.0007589437684954093
0.0007639998902034829
0.0006221080517216027
0.0006197714573207306
0.0006202349022927191
0.0006196611982422037
0.0006196981180705437
0.0006202423709691553
0.0006196566852579294
0.0006196907191060612
0.0006202498641736153
0.0007589385053766206
0.0007641083629679624
0.0007630910907345437
0.0007633279989045772
0.000763449527356052
0.0007631690587310306
0.0007633448052257503
0.0007634613270446096
0.0007631876299586975
0.0007643052498063447
0.0007643540518769063
0.0007631372263291323
0.0007641063041233009
0.0005072221988742505
0.00049528374570132
0.0004947719375253618
0.000494825843305179
0.0004948900743281329
0.0005067651695593068
0.0005072781831654079
0.0005072073640057563
0.000507224415433619
0.0005072710290643428
0.0005072546609631901
0.0005072219197195956
0.0005072088618462677
0.0004952844258060052
0.0004948326683679328
0.0004949210369573425
0.0004948485103189475
0.0004948471049059312
0.0004949194125329535
0.0004948489912153507
0.0004948468457677955
0.0004949190013401939
0.0004948485552629852
0.0004948467905616498
0.0004949190770922315
0.000494848966254978
0.0004948468001034276
0.0004949189680092387
0.0004948485621231167
0.0004948470212081047
0.0004949192503028621
0.0004948485979192108
0.000494846111715835
0.0004949211426789054
0.0005067690909201457
0.0005072713544087967
0.000495286995202146
0.0004948326600939221
0.0004949208998826201
0.0004948490727098223
0.0004948464517091312
0.0004949187662581056
0.0004948485951213969
0.0004948463463717956
0.0004949212351131759
0.0005067686723026436
0.0005072774382718473
0.0005071777362468706
0.0005072444633367454
0.0005072497783844772
0.000507181636344952
0.0005072451780760472
0.0005072501629667611
0.0005071821006742755
0.0005072883853093089
0.0005072975912057853
0.0005071947059306251
0.0005072407552710655
)
;

boundaryField
{
    inlet
    {
        type            cyclic;
    }
    outlet
    {
        type            cyclic;
    }
    bottomWall
    {
        type            fixedValue;
        value           uniform 0.0015;
    }
    topWall
    {
        type            fixedValue;
        value           uniform 0.0015;
    }
    left
    {
        type            cyclic;
    }
    right
    {
        type            cyclic;
    }
}


// ************************************************************************* //
