/*--------------------------------*- C++ -*----------------------------------*\
| =========                 |                                                 |
| \\      /  F ield         | OpenFOAM: The Open Source CFD Toolbox           |
|  \\    /   O peration     | Version:  v1812                                 |
|   \\  /    A nd           | Web:      www.OpenFOAM.com                      |
|    \\/     M anipulation  |                                                 |
\*---------------------------------------------------------------------------*/
FoamFile
{
    version     2.0;
    format      ascii;
    class       volScalarField;
    location    "10000";
    object      p;
}
// * * * * * * * * * * * * * * * * * * * * * * * * * * * * * * * * * * * * * //

dimensions      [0 2 -2 0 0 0 0];


internalField   nonuniform List<scalar> 
3770
(
2.548810695244016e-08
5.094234033420828e-07
3.189301575546872e-07
7.664232113495324e-07
1.575880940536864e-06
2.08370977865391e-06
2.564673278077947e-06
2.874629118266502e-06
3.362889419611357e-06
4.119906200410109e-06
4.212996833532032e-06
4.907481896637538e-06
4.918287244988576e-06
4.992343867679955e-06
4.942781618395864e-06
4.90043286693838e-06
4.902314769017239e-06
4.940869498506056e-06
5.002610784676224e-06
4.989308392562569e-06
5.010657113627747e-06
4.918746858762026e-06
4.849402075951237e-06
4.861805555160664e-06
4.81322276760621e-06
4.746897947467233e-06
4.71682402550609e-06
4.589580259279218e-06
4.565173168001626e-06
4.397482835475088e-06
4.338290262595513e-06
4.21357174223133e-06
4.219998486352239e-06
4.011322702470388e-06
3.777781676075811e-06
3.60425252047919e-06
3.594556751068399e-06
3.923064295128501e-06
3.653752430283058e-06
3.413667166970716e-06
3.286433743704238e-06
3.351931287731267e-06
3.234934748253101e-06
3.404988116300774e-06
3.820301482225766e-06
4.193578940488581e-06
4.611320293213012e-06
5.479789472436109e-06
5.456014367174124e-06
6.201181646848576e-06
6.510184832416588e-06
7.301165253355073e-06
7.598043759535642e-06
8.023916555519826e-06
8.014598194352581e-06
7.562864656720893e-06
6.645424538364722e-06
5.09983004431272e-06
5.816603183085478e-08
5.073800421120307e-07
3.197295717810695e-07
7.650766693634865e-07
1.5762871379888e-06
2.083814695532522e-06
2.563368273848735e-06
2.873940214933582e-06
3.363125479915736e-06
4.119310462782669e-06
4.215378243713248e-06
4.907391210808811e-06
4.918634540402388e-06
4.992988763247015e-06
4.943202543971022e-06
4.900882899349554e-06
4.902286642739083e-06
4.940610193646421e-06
5.002605085497638e-06
4.989810114513654e-06
5.010455836908761e-06
4.918868566518979e-06
4.849488601234065e-06
4.861954788348857e-06
4.813262392942381e-06
4.747176171332101e-06
4.716732737635494e-06
4.589833819857732e-06
4.564938504551327e-06
4.397487831122516e-06
4.338579644841535e-06
4.214600578366562e-06
4.219600191403206e-06
4.010776356080635e-06
3.778409097685239e-06
3.60492329882692e-06
3.592683687965e-06
3.924137211722932e-06
3.653274576389309e-06
3.413612237093433e-06
3.285992623650108e-06
3.351010965958653e-06
3.234269467612222e-06
3.404679892960233e-06
3.820125573467088e-06
4.194106691341626e-06
4.611250013892312e-06
5.477828958591324e-06
5.457436440470592e-06
6.201003068429371e-06
6.510867652766214e-06
7.301000676239391e-06
7.598453845526142e-06
8.024549317040097e-06
8.016012879509709e-06
7.565672599545086e-06
6.649378105511156e-06
5.099109834190746e-06
8.768175799698702e-08
5.030707538984108e-07
3.222711122619027e-07
7.628252619948e-07
1.576457989790118e-06
2.083990760850957e-06
2.56153303107338e-06
2.873276205643732e-06
3.363477563463695e-06
4.119145087838113e-06
4.21761282496734e-06
4.907390625905526e-06
4.919107080911469e-06
4.993575564485231e-06
4.943487641116867e-06
4.901205684319279e-06
4.902076303351337e-06
4.940187439710659e-06
5.002354880977401e-06
4.990120853486015e-06
5.01119800034076e-06
4.918541221894496e-06
4.849589666040646e-06
4.862053450312082e-06
4.813346801608916e-06
4.7474754038945e-06
4.716651607150209e-06
4.590117942265315e-06
4.564653833643319e-06
4.397411522303808e-06
4.33878086468897e-06
4.215425560430127e-06
4.219713710521416e-06
4.009968060375211e-06
3.779355723132674e-06
3.605573665397627e-06
3.590227343434346e-06
3.926295959669003e-06
3.652675789884517e-06
3.413363743871818e-06
3.285140894528771e-06
3.350281225163257e-06
3.232894954768888e-06
3.404273964303046e-06
3.819911136800499e-06
4.195081788053033e-06
4.611626894608394e-06
5.47647308572637e-06
5.458218881376478e-06
6.201422287769142e-06
6.51165745953853e-06
7.30131275473356e-06
7.599146962605057e-06
8.025976302019987e-06
8.018411870672201e-06
7.569543929734449e-06
6.654893110434162e-06
5.102416958920744e-06
1.202135520828256e-07
4.95685592578093e-07
3.243138211374648e-07
7.599261562667756e-07
1.576910257965903e-06
2.084670324241478e-06
2.557980177172716e-06
2.871694639600422e-06
3.364332524471641e-06
4.118068657467266e-06
4.223164838934536e-06
4.907121473344293e-06
4.920310954254676e-06
4.995096748598816e-06
4.944679164610338e-06
4.902369830634358e-06
4.902064760376793e-06
4.939504684438108e-06
5.001843765463001e-06
4.991625328263417e-06
5.011394622705571e-06
4.918194771510146e-06
4.849796583219014e-06
4.86231208556185e-06
4.813498813605326e-06
4.74814656559207e-06
4.71641695774924e-06
4.590781534566765e-06
4.563981681302663e-06
4.397385778692008e-06
4.339218257186852e-06
4.218097774351001e-06
4.219115305568482e-06
4.008273226648986e-06
3.781033152677128e-06
3.607188781430381e-06
3.585446982742413e-06
3.928790954047188e-06
3.651949704070834e-06
3.412865666934783e-06
3.283585006582844e-06
3.348004698621699e-06
3.231081251922725e-06
3.403628818296412e-06
3.819419082639663e-06
4.196596936422417e-06
4.611778637866823e-06
5.471599366015126e-06
5.46127587187119e-06
6.201388094892593e-06
6.513378107526395e-06
7.300904629385803e-06
7.600119884393656e-06
8.02715272111379e-06
8.02118218465792e-06
7.575495961865701e-06
6.663587954728497e-06
5.10367293032634e-06
1.418794231461447e-07
4.874466986848301e-07
3.272662406146297e-07
7.569078522700013e-07
1.576774145052391e-06
2.085818187086779e-06
2.553963467066814e-06
2.87029725854171e-06
3.365267315738747e-06
4.117592778169217e-06
4.227721202568156e-06
4.907074860250778e-06
4.921657883110905e-06
4.996368140692057e-06
4.945696331610696e-06
4.903316616876695e-06
4.901902112299444e-06
4.938693204691699e-06
5.000813817254422e-06
4.993180665389315e-06
5.01264632074831e-06
4.917146973551193e-06
4.849899385972045e-06
4.862509380748221e-06
4.813723215985033e-06
4.748757960533982e-06
4.716218946643158e-06
4.591428143710335e-06
4.563314159529196e-06
4.397249757152103e-06
4.339271947184005e-06
4.220600411924423e-06
4.219165492663889e-06
4.006404806783047e-06
3.782803549279779e-06
3.608696387161896e-06
3.579748438611934e-06
3.932635832394728e-06
3.651359704143786e-06
3.411941398034506e-06
3.281416565590434e-06
3.346260506726239e-06
3.228873200552145e-06
3.402910377772749e-06
3.819012567410391e-06
4.198538587967969e-06
4.61246825144721e-06
5.467794083222345e-06
5.463472420588848e-06
6.20211208981208e-06
6.515029592235005e-06
7.301011197409741e-06
7.601123117868508e-06
8.028528705551224e-06
8.023795445402596e-06
7.580789629793405e-06
6.67194997167528e-06
5.109616992579326e-06
1.704089126827793e-07
4.764345261259077e-07
3.281055833456554e-07
7.538567902343568e-07
1.576907059481975e-06
2.087626491021857e-06
2.547688108822173e-06
2.86760193124079e-06
3.366903298419395e-06
4.116102278172049e-06
4.236248792536695e-06
4.906532388356546e-06
4.924082904775696e-06
4.998854197446163e-06
4.948135617977402e-06
4.905389895605791e-06
4.902117318419643e-06
4.937618191923877e-06
4.999386830965398e-06
4.996012075875868e-06
5.013097805806319e-06
4.91631112467342e-06
4.850104462315706e-06
4.862991712339976e-06
4.814024142001962e-06
4.749877265377102e-06
4.715790493082713e-06
4.592598628908381e-06
4.562129838021195e-06
4.397299514637045e-06
4.339398693257774e-06
4.225246474310284e-06
4.218316405315105e-06
4.003565147652682e-06
3.784863787791121e-06
3.611000664238633e-06
3.572236577269469e-06
3.936576676121131e-06
3.650661124905253e-06
3.410804722614563e-06
3.278396066180383e-06
3.342458336425216e-06
3.226271096212989e-06
3.401998163588618e-06
3.818197967495927e-06
4.200848581759047e-06
4.61319717239098e-06
5.459746822274239e-06
5.468405740525634e-06
6.201922046320597e-06
6.518132454879285e-06
7.299826254507745e-06
7.602365288492184e-06
8.028973014753705e-06
8.026110654083094e-06
7.587765920835462e-06
6.683280582503797e-06
5.108875269412356e-06
1.898181941718782e-07
4.646909559395318e-07
3.297299902081797e-07
7.508724118245857e-07
1.576318778424132e-06
2.090271592583501e-06
2.540803928849033e-06
2.865148421562069e-06
3.368585447715073e-06
4.115321985861546e-06
4.243294695269132e-06
4.906213637524274e-06
4.926641805266648e-06
5.000932346168641e-06
4.950295827798228e-06
4.907111059716577e-06
4.902178101703256e-06
4.936456997134148e-06
4.997213299375321e-06
4.998865233662533e-06
5.014716099984603e-06
4.914852948117948e-06
4.8499553143876e-06
4.86350649711312e-06
4.814376315941616e-06
4.750945206979852e-06
4.715382385471487e-06
4.593765668377375e-06
4.560970171794972e-06
4.397283843039369e-06
4.338756511098412e-06
4.229730794165277e-06
4.218249668080322e-06
4.000700522351772e-06
3.786487068700401e-06
3.613363981773996e-06
3.563404568965617e-06
3.942540741792798e-06
3.6501599198442e-06
3.409222546790967e-06
3.274527589282005e-06
3.339429218300235e-06
3.223364367771601e-06
3.401007263093369e-06
3.817514065439926e-06
4.203588845738119e-06
4.614858541845884e-06
5.45315473376296e-06
5.472348843176838e-06
6.202531514998878e-06
6.521268940182152e-06
7.299192659707173e-06
7.603639273026275e-06
8.029427005925394e-06
8.027798981186797e-06
7.593310898281679e-06
6.693495197057857e-06
5.11398845412713e-06
2.232940423150043e-07
4.492952694677923e-07
3.287481695359051e-07
7.480816331224969e-07
1.576049568420808e-06
2.093424023625398e-06
2.531385006850344e-06
2.861044770978551e-06
3.371252189245566e-06
4.113241525804857e-06
4.255477618322608e-06
4.905266758123729e-06
4.930690203432853e-06
5.004569307193138e-06
4.954444869131135e-06
4.910248209970249e-06
4.902798107222044e-06
4.935104196445239e-06
4.994653980176262e-06
5.002941243454165e-06
5.015165567032327e-06
4.913877717726753e-06
4.849936043986174e-06
4.864301386307291e-06
4.814809824525345e-06
4.7526134035968e-06
4.714622151986802e-06
4.595535063403944e-06
4.559098818332788e-06
4.397641785840913e-06
4.338202622790282e-06
4.236675849015256e-06
4.216976773311406e-06
3.996909499758013e-06
3.787896896010429e-06
3.616492376792447e-06
3.55370379217479e-06
3.947668433243577e-06
3.649684830911955e-06
3.407543049822351e-06
3.269786932480363e-06
3.333596703524784e-06
3.220178817051657e-06
3.399802292881109e-06
3.816254027380125e-06
4.206261646587844e-06
4.61694127085702e-06
5.441055124597542e-06
5.479833640940666e-06
6.201723641753332e-06
6.526643148360471e-06
7.296673618369713e-06
7.605305014227796e-06
8.028480919501246e-06
8.028787414136144e-06
7.600731012299049e-06
6.706963637874941e-06
5.106674313571031e-06
2.480373788074008e-07
4.323917827715932e-07
3.291583672390969e-07
7.453430589198276e-07
1.575053797004417e-06
2.097770734130011e-06
2.521215152676582e-06
2.857341004175284e-06
3.374022131674138e-06
4.111899782679164e-06
4.265952077881464e-06
4.904482556352904e-06
4.934868050111605e-06
5.007636026214714e-06
4.958149621066902e-06
4.912892969446218e-06
4.903215827614982e-06
4.933694495844493e-06
4.990992799184442e-06
5.007126359045262e-06
5.016703111315966e-06
4.912490107918024e-06
4.849201377643768e-06
4.865275857352267e-06
4.815229492126247e-06
4.754262996687701e-06
4.713811933950151e-06
4.597354903447083e-06
4.557234346853894e-06
4.398035105465682e-06
4.336430670882847e-06
4.2436270799529e-06
4.216525092897919e-06
3.993256826469971e-06
3.788208810631162e-06
3.62012263641836e-06
3.542070136870833e-06
3.955430854022404e-06
3.649634023739673e-06
3.405525904359854e-06
3.264051819019441e-06
3.328803440455231e-06
3.216916657402542e-06
3.398561373880897e-06
3.815187942323654e-06
4.209319835812602e-06
4.62046382418292e-06
5.430429434421453e-06
5.486427024682382e-06
6.201606560093701e-06
6.532195673084719e-06
7.294622924558962e-06
7.607136981434829e-06
8.027423936149341e-06
8.028884441739379e-06
7.606381351134097e-06
6.719143847656429e-06
5.10713566805718e-06
2.929194396494397e-07
4.113162531274867e-07
3.265060972982013e-07
7.431261835442184e-07
1.574385111304738e-06
2.101850624163204e-06
2.508617833633132e-06
2.852108602205563e-06
3.378293709601505e-06
4.109352099536652e-06
4.282282182708998e-06
4.903005463978761e-06
4.940950153621763e-06
5.012760672272141e-06
4.96427285104627e-06
4.917295412556196e-06
4.904285398937394e-06
4.932111814081876e-06
4.987183621459318e-06
5.01205771398047e-06
5.01680625287666e-06
4.911852371679646e-06
4.84872736293169e-06
4.866383144678257e-06
4.815740007010751e-06
4.756532664802077e-06
4.712637281369702e-06
4.599807243151704e-06
4.554649506187464e-06
4.398973258562179e-06
4.335273855935672e-06
4.252612327347057e-06
4.214699091909834e-06
3.988664796225036e-06
3.788149211568409e-06
3.624083907854592e-06
3.531759073456415e-06
3.960017849770342e-06
3.649808414502565e-06
3.403610418552433e-06
3.257948995937385e-06
3.320651245064578e-06
3.21350140606901e-06
3.397185418290247e-06
3.813353539481365e-06
4.211673385381561e-06
4.624562569762944e-06
5.413742504902505e-06
5.496827438519753e-06
6.199418452363508e-06
6.540351399446647e-06
7.289860864684784e-06
7.609402964185103e-06
8.024454748290078e-06
8.028288025250084e-06
7.614726340649738e-06
6.734496653540383e-06
5.088983841780543e-06
3.2986568019529e-07
3.887411817792648e-07
3.258223371967106e-07
7.411562263710041e-07
1.573127342511476e-06
2.107127250123947e-06
2.495395479210642e-06
2.847702221063861e-06
3.382935190463824e-06
4.107628795425498e-06
4.297113194493583e-06
4.901529170624403e-06
4.947221306710565e-06
5.017194513672713e-06
4.969794545095988e-06
4.92100007137418e-06
4.904989730668119e-06
4.930345463504593e-06
4.981907342023808e-06
5.017253573908086e-06
5.017547361548982e-06
4.9110819099454e-06
4.847190577552967e-06
4.867804843871823e-06
4.816149283364821e-06
4.75880792523068e-06
4.711340541210097e-06
4.602392464861204e-06
4.552007300910511e-06
4.400036393693779e-06
4.332712097724108e-06
4.261702358957263e-06
4.213488261156621e-06
3.984373755580114e-06
3.786534383701568e-06
3.62900786485835e-06
3.519517076117915e-06
3.967160025470388e-06
3.650792178589376e-06
3.40165196904466e-06
3.251149596174163e-06
3.313688966714436e-06
3.210413698840103e-06
3.396013275923888e-06
3.811780981554515e-06
4.214309470589329e-06
4.630518810144698e-06
5.398214619676004e-06
5.506624034039047e-06
6.197601144739861e-06
6.548734663361051e-06
7.285266335053112e-06
7.611890037441137e-06
8.021215861131482e-06
8.02677501949876e-06
7.621346292327111e-06
6.747935945181299e-06
5.078512386546022e-06
3.928228891888201e-07
3.631066202416863e-07
3.221209980597101e-07
7.399204661610314e-07
1.572200721004131e-06
2.110748808834339e-06
2.480493642574634e-06
2.842116290820955e-06
3.389453019092901e-06
4.105499785532812e-06
4.318761550684513e-06
4.899971912882209e-06
4.956085506767706e-06
5.024098311665857e-06
4.978356588286922e-06
4.926500488837286e-06
4.906388466613809e-06
4.928313985583243e-06
4.976779503406878e-06
5.022499629832051e-06
5.016556876358357e-06
4.911054572997523e-06
4.846184318431426e-06
4.869100876505002e-06
4.816715935102688e-06
4.761528455710659e-06
4.70986494355596e-06
4.605469745634669e-06
4.548756427158807e-06
4.401652506192559e-06
4.331554057284924e-06
4.271961337767848e-06
4.210707664789674e-06
3.979379697673397e-06
3.784637108904243e-06
3.633541014371946e-06
3.511579160334405e-06
3.969092129484716e-06
3.652270316292857e-06
3.39987397362707e-06
3.244631449054111e-06
3.30254271524146e-06
3.207038706129351e-06
3.394534321892265e-06
3.809124259713764e-06
4.21558560789629e-06
4.636731112077991e-06
5.376490212636191e-06
5.52013387514869e-06
6.193549437716e-06
6.559632724285857e-06
7.27767750357999e-06
7.614466581693691e-06
8.01599724184252e-06
8.024865488716783e-06
7.631023800826455e-06
6.762336020918556e-06
5.043166114382821e-06
4.518247191460812e-07
3.368315349823887e-07
3.202491171204973e-07
7.394742034048717e-07
1.570919575388773e-06
2.114838748549604e-06
2.465508120203474e-06
2.837857323639699e-06
3.396766112240191e-06
4.104588593873244e-06
4.34001648615241e-06
4.898577349369976e-06
4.96544623116977e-06
5.030598635873159e-06
4.986397733352944e-06
4.931235872326289e-06
4.907158212635474e-06
4.925751321647334e-06
4.970132186709471e-06
5.0279564116152e-06
5.015430740016948e-06
4.91113126206936e-06
4.844021038398852e-06
4.870751976973799e-06
4.817090302658648e-06
4.764258232186869e-06
4.708243437040946e-06
4.608687988037564e-06
4.54539318700788e-06
4.403422180109721e-06
4.329455549652617e-06
4.282342501873487e-06
4.208077966309953e-06
3.974768385804636e-06
3.781197207963076e-06
3.639265916170182e-06
3.502743668759412e-06
3.972730945090405e-06
3.654958504313794e-06
3.398329090433236e-06
3.237918467313553e-06
3.292117485617418e-06
3.204398722617171e-06
3.393305422174638e-06
3.806757013389441e-06
4.21697103273301e-06
4.644627087493462e-06
5.355265423071838e-06
5.533513250012485e-06
6.189502935358657e-06
6.570726188757769e-06
7.269723835844784e-06
7.616953679564228e-06
8.010286928640288e-06
8.022317829147632e-06
7.639508588919445e-06
6.773607388615228e-06
5.012037709488391e-06
5.333430160694412e-07
3.08326892966165e-07
3.146238750198625e-07
7.394732637061855e-07
1.569891512687295e-06
2.116375447390832e-06
2.449445422599131e-06
2.832918320422527e-06
3.406137998393347e-06
4.10513807249927e-06
4.367785461125458e-06
4.899140817157057e-06
4.978125654058381e-06
5.040586567096155e-06
4.997764912247128e-06
4.938001018557253e-06
4.908421026369481e-06
4.922780579208705e-06
4.964008648858975e-06
5.032838338251297e-06
5.012688506150656e-06
4.911699191445759e-06
4.842362570048353e-06
4.87210216525205e-06
4.817652997673661e-06
4.767247861579404e-06
4.706634062776612e-06
4.612123191248759e-06
4.541858750168579e-06
4.405707021270831e-06
4.329600494439939e-06
4.292925787956671e-06
4.204380812492474e-06
3.969693184248935e-06
3.777672828782456e-06
3.644170074132035e-06
3.499411233684897e-06
3.970797240103186e-06
3.658230824498473e-06
3.396521408716028e-06
3.231465621094646e-06
3.277314724513492e-06
3.200839753205202e-06
3.390726491050433e-06
3.803026401441086e-06
4.216366904561077e-06
4.651447351207618e-06
5.329474382335364e-06
5.549078313698924e-06
6.183849947369832e-06
6.583161186144755e-06
7.25910056209388e-06
7.618608185780147e-06
8.002886388310179e-06
8.020326569778807e-06
7.651524437421892e-06
6.783984552604165e-06
4.959659421679339e-06
6.10874520392214e-07
2.79511083152047e-07
3.09127690358782e-07
7.402857570886423e-07
1.568492486673928e-06
2.11713172833518e-06
2.433711296271421e-06
2.829365204335152e-06
3.41679076728859e-06
4.108213969363528e-06
4.396169365525199e-06
4.90153257894207e-06
4.992190467373809e-06
5.051367662314159e-06
5.009124058136272e-06
4.944521120747054e-06
4.908815270784536e-06
4.918950714477791e-06
4.956785116861274e-06
5.037527752279979e-06
5.009417613275376e-06
4.91236703481793e-06
4.839688985456815e-06
4.873682310626277e-06
4.818095724204917e-06
4.770214586192431e-06
4.705057365945846e-06
4.615576359998553e-06
4.538345282687384e-06
4.408170347892481e-06
4.32987498138205e-06
4.303428411783526e-06
4.200855125838633e-06
3.964929177817482e-06
3.772971314562226e-06
3.649990730825344e-06
3.496594170871379e-06
3.969690358176755e-06
3.662576502878476e-06
3.394766154966321e-06
3.225014699263007e-06
3.26249137022733e-06
3.197617708745838e-06
3.387617092116477e-06
3.799417826581877e-06
4.215381265923002e-06
4.658526078711245e-06
5.304537946407275e-06
5.564003804446261e-06
6.1782910466793e-06
6.594806963680741e-06
7.247733167519149e-06
7.619094749066268e-06
7.995188932026146e-06
8.0191086981582e-06
7.664149488879733e-06
6.791490171226447e-06
4.910159882181088e-06
6.949761790404214e-07
2.47698541438483e-07
2.984717893434842e-07
7.397566022667273e-07
1.566920880608404e-06
2.114618316358857e-06
2.416475073148016e-06
2.824835608094914e-06
3.429321215806872e-06
4.115636270145228e-06
4.430086641978437e-06
4.909202271117499e-06
5.010798812662996e-06
5.067008976031646e-06
5.024386669305464e-06
4.953528361468286e-06
4.909672149640117e-06
4.914746938141923e-06
4.950067715735156e-06
5.041257824191304e-06
5.005237868735609e-06
4.913079238541927e-06
4.837287102595376e-06
4.875017551732213e-06
4.818779107327378e-06
4.773292319986479e-06
4.704039498847328e-06
4.619037996231172e-06
4.53512723115365e-06
4.411130356246476e-06
4.332731589918608e-06
4.313665090966517e-06
4.197209463160201e-06
3.95984540892828e-06
3.768244750539433e-06
3.654946050259458e-06
3.498249046669222e-06
3.96523262480665e-06
3.667013114177725e-06
3.391886128669789e-06
3.217961758448116e-06
3.243525176312543e-06
3.191824024147501e-06
3.381446028831782e-06
3.794025990096852e-06
4.2117070794431e-06
4.662538399362394e-06
5.278017084277428e-06
5.578635292613104e-06
6.172594629015972e-06
6.605625290905969e-06
7.234510552795966e-06
7.617206133417985e-06
7.986751688421066e-06
8.020191464660639e-06
7.681749504525485e-06
6.80015410523298e-06
4.851638513187259e-06
7.662753943460201e-07
2.135255627942195e-07
2.854779400202317e-07
7.38010340381668e-07
1.564540706337466e-06
2.109438576881528e-06
2.398723836353645e-06
2.820957207158464e-06
3.44326080931979e-06
4.127717993169981e-06
4.465482013128359e-06
4.921594247799434e-06
5.032484893829596e-06
5.085385663423532e-06
5.041002918899923e-06
4.963059961580533e-06
4.909870202997435e-06
4.909854942008154e-06
4.94275482040645e-06
5.044382414964974e-06
5.000686108786696e-06
4.913677080927183e-06
4.834273618391495e-06
4.876402250676575e-06
4.819580890380045e-06
4.776422317037946e-06
4.703449893250855e-06
4.622471070433312e-06
4.532310603842835e-06
4.414315812645366e-06
4.336685153493293e-06
4.323658756062751e-06
4.193980783483841e-06
3.95488821393757e-06
3.762645957908982e-06
3.660386979061875e-06
3.500686123037053e-06
3.962001688651166e-06
3.671883837306781e-06
3.388197493963273e-06
3.210378913666822e-06
3.223654434626631e-06
3.18475612575205e-06
3.373238276001387e-06
3.788172497813452e-06
4.206797214780374e-06
4.664745047759529e-06
5.253434187364485e-06
5.591467426288864e-06
6.167752666839409e-06
6.614109108691445e-06
7.220512921941615e-06
7.612668191410036e-06
7.978512392779697e-06
8.023969122283638e-06
7.70282660211212e-06
6.809943132637616e-06
4.799804877438332e-06
8.279678219120392e-07
1.741559235638013e-07
2.660539900080642e-07
7.316230834271533e-07
1.56081190297734e-06
2.099962747514946e-06
2.378123919853256e-06
2.815305004746421e-06
3.458578906175416e-06
4.146161230483627e-06
4.505642700720728e-06
4.941929696057403e-06
5.060159335266389e-06
5.110137520568321e-06
5.062491054768161e-06
4.975388665995266e-06
4.910698479724877e-06
4.905117613827749e-06
4.936339799561987e-06
5.046599643173417e-06
4.995781825729161e-06
4.914080717127432e-06
4.831660427026596e-06
4.877482255099811e-06
4.82080436302402e-06
4.779737895488736e-06
4.703797335105661e-06
4.62602822499443e-06
4.53030920395543e-06
4.418015581966599e-06
4.343183958660466e-06
4.333138876805491e-06
4.191238690870184e-06
3.949788229695741e-06
3.756810844050981e-06
3.665193227759837e-06
3.505760696459172e-06
3.957864106664086e-06
3.676186114993918e-06
3.382174952392315e-06
3.201087739756787e-06
3.199650321615255e-06
3.173213005889594e-06
3.360169001197241e-06
3.779762291044234e-06
4.19827147374781e-06
4.662211105558319e-06
5.229301025549634e-06
5.60219038155355e-06
6.163905848335646e-06
6.620159734369694e-06
7.205370471906123e-06
7.604501424196513e-06
7.969933642013434e-06
8.030958399077699e-06
7.730418307655237e-06
6.825295103208822e-06
4.750895625872545e-06
8.708622567019426e-07
1.303432012039519e-07
2.431032202400024e-07
7.212132783476563e-07
1.555010598783094e-06
2.086314539928864e-06
2.355894540178755e-06
2.809550989761659e-06
3.475002578142111e-06
4.169865391930043e-06
4.547158044832611e-06
4.96814701848255e-06
5.092051707004298e-06
5.138594148246216e-06
5.086121199536461e-06
4.988520586500362e-06
4.911133875177102e-06
4.900278568275611e-06
4.930051185956356e-06
5.048301833343305e-06
4.990865632027182e-06
4.914262727656212e-06
4.828857705401327e-06
4.878457852366384e-06
4.822351294483375e-06
4.783167852504792e-06
4.704946621337897e-06
4.629802699314607e-06
4.529108143269107e-06
4.421959969792394e-06
4.350924152857738e-06
4.34220642968493e-06
4.189041184948471e-06
3.944907478915507e-06
3.750190437096585e-06
3.670426078021017e-06
3.511139095370456e-06
3.955507847647767e-06
3.680428654609558e-06
3.374296141681282e-06
3.19077194722032e-06
3.174323057450464e-06
3.159140651665643e-06
3.343907458986137e-06
3.770230432453529e-06
4.187641465041313e-06
4.656709314981343e-06
5.207747220275534e-06
5.610526660684141e-06
6.161217248778201e-06
6.623164917452427e-06
7.189571940089767e-06
7.592843869072953e-06
7.961284928033587e-06
8.040813116258343e-06
7.762789021883468e-06
6.845410246363325e-06
4.712754331178534e-06
9.002373166069434e-07
8.079070073649141e-08
2.139703161651294e-07
7.037877289456304e-07
1.545905014714452e-06
2.067330772092421e-06
2.329314097108983e-06
2.801327667965281e-06
3.492355996312448e-06
4.199735854320425e-06
4.59262342400156e-06
5.002407357792105e-06
5.130463948685215e-06
5.173728714845919e-06
5.114778051086536e-06
5.00432749325104e-06
4.912325164973314e-06
4.89620592431149e-06
4.925059449795163e-06
5.049492757656896e-06
4.986108128072894e-06
4.914263396231149e-06
4.826572050241662e-06
4.879144843863365e-06
4.824374317071139e-06
4.786813691225782e-06
4.707270422858833e-06
4.634088293175017e-06
4.529145832581504e-06
4.42656378798014e-06
4.360681207987988e-06
4.350481210686887e-06
4.187301008118454e-06
3.940184184044707e-06
3.743255770731651e-06
3.675669102360963e-06
3.518059013714313e-06
3.953320887765103e-06
3.683915300795274e-06
3.363349266174418e-06
3.178281079710569e-06
3.144884787604283e-06
3.13963419653023e-06
3.321754312399659e-06
3.757497615161386e-06
4.172523599348595e-06
4.645949567810548e-06
5.187145799503819e-06
5.616474179949849e-06
6.159633508075898e-06
6.623593395568984e-06
7.172978291797387e-06
7.577335291838794e-06
7.951640207392297e-06
8.052819755801062e-06
7.80118661957791e-06
6.872770070116802e-06
4.682327000521771e-06
9.147718621869035e-07
2.735032136781669e-08
1.818342848748166e-07
6.812323925838834e-07
1.532950740166823e-06
2.04313590331265e-06
2.300007559274361e-06
2.792712704048185e-06
3.510654262226384e-06
4.233856224048674e-06
4.638934204766884e-06
5.041437731082808e-06
5.173045106570385e-06
5.212165423354189e-06
5.145129968516712e-06
5.020558779495736e-06
4.913048106930527e-06
4.892413262615861e-06
4.920474111074134e-06
5.05051445829206e-06
4.98166492574219e-06
4.914222178070079e-06
4.824306208751541e-06
4.879701547520386e-06
4.826735547581509e-06
4.79061649137893e-06
4.710480735771529e-06
4.639052644144962e-06
4.530298377714321e-06
4.431585816724998e-06
4.371281657357809e-06
4.358115874657186e-06
4.185734022468517e-06
3.935858071085794e-06
3.735498739805086e-06
3.681756398864783e-06
3.525065452827705e-06
3.952829030834156e-06
3.687425808330121e-06
3.350276991651282e-06
3.164790002003375e-06
3.114019728902334e-06
3.117383989100768e-06
3.29613661316945e-06
3.74338509503313e-06
4.15492722267904e-06
4.632458228255694e-06
5.168784253248975e-06
5.62052809353568e-06
6.158883107890372e-06
6.621460911814154e-06
7.155775773461305e-06
7.558544770321947e-06
7.940904708725316e-06
8.065994682015412e-06
7.843160725814855e-06
6.905155756471445e-06
4.661905319097004e-06
9.216966871197722e-07
-2.95012757988001e-08
1.451165735937601e-07
6.510937438637935e-07
1.514468619717748e-06
2.012659561406083e-06
2.264885914334603e-06
2.781272884814987e-06
3.529818660899236e-06
4.273215574150848e-06
4.688894988937285e-06
5.087421720265098e-06
5.222239142591643e-06
5.257106691538561e-06
5.180100078103516e-06
5.039041257342139e-06
4.914265900268112e-06
4.88966685775252e-06
4.917214829637023e-06
5.051357303969304e-06
4.977631202388708e-06
4.914332558705193e-06
4.82266074407089e-06
4.880042513286572e-06
4.829514169937922e-06
4.794677474222043e-06
4.714848797118558e-06
4.645033355362265e-06
4.53299256233227e-06
4.437577191459595e-06
4.383312451955476e-06
4.364466188782413e-06
4.184022299953748e-06
3.931855349591653e-06
3.727156180148626e-06
3.688607811007374e-06
3.533333490283569e-06
3.952492094493711e-06
3.690431798247835e-06
3.334128552254615e-06
3.149076047747746e-06
3.078888991088616e-06
3.089335294817925e-06
3.264036842980562e-06
3.725503793294553e-06
4.13211293805257e-06
4.613919075397579e-06
5.150717338129823e-06
5.622719708544155e-06
6.158842871671741e-06
6.617414859020427e-06
7.137868497674167e-06
7.536414205140069e-06
7.928110714880581e-06
8.078996081705549e-06
7.888600794462675e-06
6.943294641531592e-06
4.648715736395685e-06
9.223637187848984e-07
-8.701038174456318e-08
1.07282916504891e-07
6.162781512490605e-07
1.490662871433567e-06
1.976322612133228e-06
2.226548552693474e-06
2.769719585764152e-06
3.550005037640765e-06
4.31569684267978e-06
4.739246536153278e-06
5.136489225157067e-06
5.275244277519691e-06
5.304427690814359e-06
5.215716533658109e-06
5.057207621643001e-06
4.914493266592445e-06
4.8871929800981e-06
4.914180976291262e-06
5.052188223161764e-06
4.974011853642961e-06
4.914763984622748e-06
4.821154781869057e-06
4.880327442713343e-06
4.832581277531331e-06
4.798913149615563e-06
4.719983284893556e-06
4.652101886263625e-06
4.537014512043397e-06
4.444232569652711e-06
4.395765316210907e-06
4.369724421930939e-06
4.181757912269741e-06
3.928375307134797e-06
3.717735951519836e-06
3.69675890575785e-06
3.541653914181278e-06
3.953244239506618e-06
3.693783697908201e-06
3.316196053519492e-06
3.132776973974268e-06
3.042553262575774e-06
3.058864945516493e-06
3.228676418582459e-06
3.706187178293178e-06
4.106723260473094e-06
4.593410253108789e-06
5.134261450901677e-06
5.623666671137161e-06
6.159135609174595e-06
6.611357510080745e-06
7.119262440347401e-06
7.511571029973131e-06
7.913287394959886e-06
8.090733028157944e-06
7.934404443373014e-06
6.983967216073234e-06
4.643310287061383e-06
9.231141623903575e-07
-1.434032865187031e-07
6.770910951034128e-08
5.745183190718085e-07
1.45958296165393e-06
1.933009981700976e-06
2.181569318428763e-06
2.755500423960081e-06
3.571115626914186e-06
4.362674824622367e-06
4.793019516019064e-06
5.191520463271971e-06
5.335090459461286e-06
5.358080796152405e-06
5.255327583132796e-06
5.077073722693188e-06
4.914691097533593e-06
4.885713791455822e-06
4.91216212045942e-06
5.052908014779817e-06
4.970809826623569e-06
4.915659259299324e-06
4.82030076529502e-06
4.880490322117332e-06
4.836018920131904e-06
4.803411973947273e-06
4.726139750610861e-06
4.660516827348877e-06
4.542757916099288e-06
4.452092475340783e-06
4.409174536681711e-06
4.37296314960397e-06
4.178469936120802e-06
3.925237815583373e-06
3.707319686456633e-06
3.70637191750004e-06
3.551245280728303e-06
3.953815040700496e-06
3.697017286393371e-06
3.295588782525554e-06
3.114720360679498e-06
3.002311309259827e-06
3.022689429266117e-06
3.186477301279653e-06
3.682580205102024e-06
4.075340028216127e-06
4.568015264020846e-06
5.11745898656408e-06
5.623142745104123e-06
6.159721421770544e-06
6.603686973787661e-06
7.0997873762744e-06
7.483884703551685e-06
7.895684436628778e-06
8.099933122373415e-06
7.979852161120574e-06
7.027050812550252e-06
4.644138508553728e-06
9.24806813124285e-07
-1.961811656311987e-07
2.951637195762907e-08
5.293411255011461e-07
1.422455089241783e-06
1.883628974264598e-06
2.13350550866674e-06
2.741935343132592e-06
3.593250859477511e-06
4.411874342197268e-06
4.84652296460786e-06
5.248214286941429e-06
5.398557351917832e-06
5.413204688351797e-06
5.294291937400903e-06
5.095853030641343e-06
4.913237731079829e-06
4.884277992234484e-06
4.909983664759764e-06
5.053569141675037e-06
4.96790851575202e-06
4.917092519828976e-06
4.819541894856163e-06
4.880636565529525e-06
4.839730009442381e-06
4.808080444189991e-06
4.732877949378182e-06
4.670222197137262e-06
4.549867690005948e-06
4.460694316564932e-06
4.422751846441021e-06
4.374663697473286e-06
4.173769960282586e-06
3.922659053575452e-06
3.695505048905201e-06
3.71770150229481e-06
3.560981190172942e-06
3.954912380895813e-06
3.70095804192998e-06
3.273768599486228e-06
3.096977260940329e-06
2.961824699386714e-06
2.985011960658405e-06
3.141459843348261e-06
3.657690935262891e-06
4.041366120429696e-06
4.541281011367053e-06
5.102137883112193e-06
5.621795650921834e-06
6.160295399993305e-06
6.594131927588791e-06
7.07929001926514e-06
7.453745733233398e-06
7.875512979558249e-06
8.105970042850426e-06
8.022245099537131e-06
7.069489670496448e-06
4.650741118986214e-06
9.318595467216221e-07
-2.432254370585468e-07
-7.425958907645205e-09
4.780950105206676e-07
1.376787801311437e-06
1.826624591308494e-06
2.078194900481617e-06
2.726136444579408e-06
3.616338384223103e-06
4.465091666160917e-06
4.903221876550704e-06
5.310371939352006e-06
5.46967462216022e-06
5.474974617152149e-06
5.33671229126398e-06
5.115959605900369e-06
4.911236258972478e-06
4.883640222590602e-06
4.908539287151495e-06
5.05408944464786e-06
4.965171205223e-06
4.919166435616464e-06
4.819315085444953e-06
4.880663265008326e-06
4.843825842388719e-06
4.813023524265992e-06
4.740476818247941e-06
4.681458544035406e-06
4.558699674880735e-06
4.470477494624717e-06
4.436990300562873e-06
4.373646476529349e-06
4.167016739531195e-06
3.920232018029265e-06
3.682102306066431e-06
3.731116375327522e-06
3.572253260017827e-06
3.955748808133077e-06
3.705302172453044e-06
3.249674965899489e-06
3.078236400678455e-06
2.918344712152243e-06
2.942109258273402e-06
3.08924921728813e-06
3.627983250103791e-06
4.000403423474899e-06
4.509309816583953e-06
5.086169226486177e-06
5.61921325157089e-06
6.160981036710278e-06
6.583046058301832e-06
7.057563926751828e-06
7.420741269476027e-06
7.852059036643499e-06
8.107978649205178e-06
8.061263176468424e-06
7.111604119686214e-06
4.6628955711403e-06
9.444487052754317e-07
-2.832520716863783e-07
-4.094745939755237e-08
4.244462137938111e-07
1.324920599136976e-06
1.763423954288747e-06
2.02012264603518e-06
2.711834997473089e-06
3.640403960799476e-06
4.519965332630566e-06
4.959058601121354e-06
5.373141173733066e-06
5.544819357252432e-06
5.537616037235854e-06
5.377375124643084e-06
5.134505412919224e-06
4.907074217865094e-06
4.882775744037916e-06
4.906685341576468e-06
5.05451562201852e-06
4.962382784508078e-06
4.921902437155041e-06
4.819106114597118e-06
4.880649544705559e-06
4.848221944700909e-06
4.818117089618455e-06
4.748486780175419e-06
4.694120471087966e-06
4.568801153431905e-06
4.48085922172588e-06
4.451344316525262e-06
4.370734560196427e-06
4.157904385321319e-06
3.918337087104356e-06
3.666831828746346e-06
3.746541581005627e-06
3.583852280933593e-06
3.956732147399819e-06
3.710776859333844e-06
3.224655709847979e-06
3.060711071952094e-06
2.875867349779942e-06
2.898643383105481e-06
3.034684003384852e-06
3.597180333159111e-06
3.95665085657297e-06
4.47616395462634e-06
5.071815336351315e-06
5.616135374069104e-06
6.161615370777107e-06
6.570137414380029e-06
7.034460181326367e-06
7.385054685053334e-06
7.825547045177319e-06
8.105726699935915e-06
8.095022797937877e-06
7.15111289351162e-06
4.679446992168072e-06
9.658776461534141e-07
-3.138133552300013e-07
-7.058932301813172e-08
3.652020356163806e-07
1.263358591122284e-06
1.691856802475808e-06
1.954228684485856e-06
2.695757151120352e-06
3.66544771049569e-06
4.578728026288777e-06
5.017901724147986e-06
5.441150499077821e-06
5.629047511665556e-06
5.607597311073049e-06
5.421179428993264e-06
5.154343709752673e-06
4.901947902479488e-06
4.882520811843111e-06
4.905362964176629e-06
5.05481088515254e-06
4.959497515933117e-06
4.925304001205461e-06
4.819311481713945e-06
4.880501762900444e-06
4.853057182748764e-06
4.82344601137829e-06
4.757201550283608e-06
4.708502899818054e-06
4.580545562419014e-06
4.492164684124903e-06
4.466176843590874e-06
4.364407331018762e-06
4.145581292930037e-06
3.916262605139234e-06
3.64917628612005e-06
3.764567789263738e-06
3.59746068093367e-06
3.957579701535516e-06
3.717243753093619e-06
3.197470524495041e-06
3.042945666375176e-06
2.831505057010825e-06
2.850406246092845e-06
2.97256309790733e-06
3.561026866305498e-06
3.904531951470063e-06
4.436760072902706e-06
5.056559584548536e-06
5.611962794910044e-06
6.162424667802361e-06
6.555834045894111e-06
7.009886865775701e-06
7.346154367950497e-06
7.795223128078171e-06
8.098567176826195e-06
8.123502442668346e-06
7.188795986633302e-06
4.701692197114552e-06
9.96215237132725e-07
-3.349945386658302e-07
-9.544738275243938e-08
3.04143844406806e-07
1.195573381877638e-06
1.61406191910797e-06
1.885855434165564e-06
2.682085794134952e-06
3.691457878062664e-06
4.638948776406187e-06
5.075246418879839e-06
5.508915099191962e-06
5.718096626400036e-06
5.67802970706174e-06
5.462221990622728e-06
5.172506505499652e-06
4.894117098941067e-06
4.881804480484525e-06
4.903551765287895e-06
5.055039724451018e-06
4.956374483134475e-06
4.929360739682173e-06
4.819380515401937e-06
4.880249771841154e-06
4.858288807046927e-06
4.828876723206254e-06
4.766151762589081e-06
4.724484710720902e-06
4.59345783948022e-06
4.503832357567446e-06
4.481126816875544e-06
4.355825869423757e-06
4.129900530545161e-06
3.914739906892451e-06
3.629143503181608e-06
3.784867171171481e-06
3.611736588239869e-06
3.958145898533853e-06
3.725136254750578e-06
3.169431511384743e-06
3.027192004514664e-06
2.789388220702906e-06
2.802526346780778e-06
2.908467138072253e-06
3.524091862148817e-06
3.84920277416585e-06
4.395815714443438e-06
5.04318590609803e-06
5.607502690173588e-06
6.163325555258655e-06
6.539894477579392e-06
6.983794803373569e-06
7.304210093772223e-06
7.761347125355904e-06
8.086489682240054e-06
8.145415469587542e-06
7.222874718842993e-06
4.727678018238265e-06
1.038373909640251e-06
-3.434902612738531e-07
-1.142137918700297e-07
2.374939816965678e-07
1.116693290970284e-06
1.526912156109718e-06
1.809104582150393e-06
2.667463503369282e-06
3.718603076902157e-06
4.703139085999923e-06
5.135338554632633e-06
5.581751600308345e-06
5.818158147601747e-06
5.756782814280207e-06
5.506060247958674e-06
5.192164856352845e-06
4.884801001269556e-06
4.881491075360571e-06
4.902321004338333e-06
5.055249871089481e-06
4.953054344076722e-06
4.934025609240045e-06
4.819601239104555e-06
4.879757885096081e-06
4.864121546977421e-06
4.834478819925283e-06
4.775661507917205e-06
4.742348165283991e-06
4.607895775202176e-06
4.516127103675851e-06
4.496473096107477e-06
4.343019218311239e-06
4.109636496378985e-06
3.912767958936683e-06
3.6058875591817e-06
3.808288810474977e-06
3.628782326197144e-06
3.958575271354523e-06
3.734649509347122e-06
3.1392741734675e-06
3.011868959851535e-06
2.746555675410932e-06
2.750371375738009e-06
2.836318541927795e-06
3.481321590893376e-06
3.783852011496211e-06
4.346929340774619e-06
5.028658132262614e-06
5.601941431874217e-06
6.16453753492979e-06
6.522823090028112e-06
6.956197386857311e-06
7.258730832663996e-06
7.72318152488863e-06
8.068957243254235e-06
8.160849393198263e-06
7.254310080679797e-06
4.760030263536974e-06
1.09249947270528e-06
-3.408971413053277e-07
-1.276615502356938e-07
1.689960716608335e-07
1.031681353530786e-06
1.433370095916563e-06
1.730269970017919e-06
2.656437304669871e-06
3.746686593892374e-06
4.768924682724968e-06
5.193467894467307e-06
5.653353739860407e-06
5.924439213734515e-06
5.835679775154816e-06
5.545875614917002e-06
5.210140527029275e-06
4.872370680687401e-06
4.880554512922779e-06
4.900698757243447e-06
5.055492581937973e-06
4.949364179118614e-06
4.939360286408371e-06
4.819494334379426e-06
4.8789739590796e-06
4.870532082235532e-06
4.840152104450315e-06
4.785194583432979e-06
4.761920569156298e-06
4.623318670926457e-06
4.528508056102801e-06
4.512303527236446e-06
4.327481240271982e-06
4.084661795639884e-06
3.911743683372437e-06
3.579920601087181e-06
3.834339868622526e-06
3.646994748616697e-06
3.957956575504825e-06
3.745980772096061e-06
3.108175325488544e-06
2.999131777699876e-06
2.707234113804097e-06
2.699322564836751e-06
2.762407403920602e-06
3.438154883235662e-06
3.714897295149805e-06
4.295767895777427e-06
5.016305029890405e-06
5.596166834331887e-06
6.166010291943194e-06
6.504422925055539e-06
6.927161397979496e-06
7.209893372009242e-06
7.681041819718007e-06
8.046167555506339e-06
8.169058379794799e-06
7.281676442827401e-06
4.795776661406156e-06
1.161499396435622e-06
-3.227414496659076e-07
-1.335268538005624e-07
9.449244071733929e-08
9.340608948070021e-07
1.329220735170923e-06
1.642561297473959e-06
2.645527126165249e-06
3.77616286748688e-06
4.839154064006394e-06
5.254187442625359e-06
5.729726622906854e-06
6.044451964495484e-06
5.924231558978087e-06
5.587664833887434e-06
5.229807437772114e-06
4.858261892119567e-06
4.879800686515997e-06
4.899794454280507e-06
5.055869617892562e-06
4.945211702809656e-06
4.945447046359548e-06
4.819440230390649e-06
4.877639963057552e-06
4.877781529992483e-06
4.845947344245615e-06
4.794993677952686e-06
4.783510254773211e-06
4.640055299156441e-06
4.541064407270396e-06
4.528825475183288e-06
4.306872256644206e-06
4.053404908325283e-06
3.910266172847772e-06
3.550015582139027e-06
3.864168874881825e-06
3.669013361663765e-06
3.956960269187181e-06
3.759636298710139e-06
3.074816006220776e-06
2.987387988426513e-06
2.668516879872723e-06
2.644395152157717e-06
2.679872251085056e-06
3.388715892413403e-06
3.63400847361842e-06
4.234527658154065e-06
5.002506656764302e-06
5.589129248157094e-06
6.167807885487475e-06
6.48515024195993e-06
6.896824676390202e-06
7.157339557668949e-06
7.634243523212797e-06
8.017798679571917e-06
8.170105205910215e-06
7.305843745325456e-06
4.838781953324156e-06
1.245627032331337e-06
-2.92494636275993e-07
-1.3462440783041e-07
1.783706807377812e-08
8.306466964496772e-07
1.218688263631507e-06
1.552998612889597e-06
2.639434030666478e-06
3.806772616296586e-06
4.911575794771207e-06
5.312402392992327e-06
5.804064716456509e-06
6.172695156394485e-06
6.012720430021338e-06
5.623805640930194e-06
5.248033399505432e-06
4.840988099567911e-06
4.878134009523748e-06
4.898723119070818e-06
5.056393796448309e-06
4.940318143183778e-06
4.952415727204589e-06
4.819049659558939e-06
4.875727627805528e-06
4.885826592984573e-06
4.851647958355378e-06
4.80449849321e-06
4.807050123664046e-06
4.657497352058117e-06
4.553270286329194e-06
4.546331963011943e-06
4.283257170530147e-06
4.016078177068277e-06
3.910472898118181e-06
3.517327993086433e-06
3.897124679872575e-06
3.692827106718198e-06
3.953804348014429e-06
3.775444723698982e-06
3.040207049556057e-06
2.978654444091443e-06
2.634614017035451e-06
2.59108905884824e-06
2.595621890756321e-06
3.339517635690204e-06
3.548941866167938e-06
4.169984844564882e-06
4.991323631005561e-06
5.581774003958829e-06
6.169842064171453e-06
6.464786213608539e-06
6.865353476025085e-06
7.101272856600173e-06
7.583248780318438e-06
7.984352711144901e-06
8.163648978418805e-06
7.325581547986965e-06
4.884956850316987e-06
1.348165160822794e-06
-2.439462461470453e-07
-1.274787080358887e-07
-6.547321602455875e-08
7.133505623121645e-07
1.096213123671255e-06
1.453908093439754e-06
2.634707504870821e-06
3.839375912015102e-06
4.989353269758401e-06
5.37287413472288e-06
5.882774477728418e-06
6.31806077618556e-06
6.11237286076164e-06
5.660635569521666e-06
5.268498451888272e-06
4.821976632765059e-06
4.876375569986123e-06
4.898732210132391e-06
5.057158185682509e-06
4.934691089118815e-06
4.960315703916099e-06
4.818709373309445e-06
4.87293889112782e-06
4.894812977964538e-06
4.857231244566079e-06
4.813927380356489e-06
4.83285706690636e-06
4.675946198617339e-06
4.565098353553638e-06
4.56496199332233e-06
4.253937568125709e-06
3.970614095651608e-06
3.910556854356869e-06
3.480251711840211e-06
3.934472538160631e-06
3.721764176131213e-06
3.949682152658949e-06
3.794265850524882e-06
3.003117855120159e-06
2.971358610630319e-06
2.602783785484293e-06
2.534165449253618e-06
2.502073775309061e-06
3.283665297944125e-06
3.449629813574429e-06
4.092786970763445e-06
4.978505761296306e-06
5.572861612117357e-06
6.172007780614067e-06
6.443789426480249e-06
6.832921356896164e-06
7.041437483934385e-06
7.527503545487708e-06
7.945803553781985e-06
8.149597818429594e-06
7.341319656137676e-06
4.939151301373137e-06
1.469300185115281e-06
-1.827938722243257e-07
-1.1720388370545e-07
-1.515737758748713e-07
5.914234873045746e-07
9.673211065647858e-07
1.352923976168298e-06
2.636008662322283e-06
3.873543821332279e-06
5.070535746004382e-06
5.430381071878472e-06
5.958313784543829e-06
6.474313755318123e-06
6.211737048748384e-06
5.689784739214439e-06
5.288370155316226e-06
4.7997753914875e-06
4.873312290448329e-06
4.899023064518706e-06
5.058199186917756e-06
4.92818697308559e-06
4.969254948873343e-06
4.818110673487255e-06
4.869245922597086e-06
4.904658318552533e-06
4.862553235471098e-06
4.822524371252283e-06
4.86079400271249e-06
4.694842475724732e-06
4.576071153308654e-06
4.585356116957338e-06
4.2213608521616e-06
3.917366168690587e-06
3.91374928508468e-06
3.440690633422495e-06
3.975581975721681e-06
3.753440161768973e-06
3.941517628872103e-06
3.81556070420613e-06
2.964565515367059e-06
2.967080046758153e-06
2.577035401133413e-06
2.47911979830631e-06
2.406604864103262e-06
3.228723817249217e-06
3.345506554379883e-06
4.011048413786832e-06
4.968928844225739e-06
5.563359607694043e-06
6.174180196357839e-06
6.422027025663512e-06
6.799751366389703e-06
6.978029342882609e-06
7.467579270676023e-06
7.902895749179684e-06
8.128108204960082e-06
7.352048166085458e-06
4.996055091027415e-06
1.612712797503002e-06
-1.010777841928495e-07
-9.946585902674082e-08
-2.448341055108453e-07
4.551452010710039e-07
8.249070916326764e-07
1.241810344332262e-06
2.639998666879721e-06
3.910663582957206e-06
5.158605384699641e-06
5.489745668534497e-06
6.037015202673193e-06
6.651721890205265e-06
6.323831991684171e-06
5.717731477926439e-06
5.311654230376325e-06
4.775837359724385e-06
4.869626718099955e-06
4.900868509903532e-06
5.05965911083109e-06
4.920878555867709e-06
4.979379171117327e-06
4.817610382200041e-06
4.864270766470787e-06
4.915656852796299e-06
4.867529846832616e-06
4.830225312552196e-06
4.891151948003257e-06
4.714465211791752e-06
4.585949349386143e-06
4.607724728351789e-06
4.182559590724439e-06
3.853486656426053e-06
3.917906534712401e-06
3.397388537107447e-06
4.021853065578406e-06
3.791958814527994e-06
3.931004713616304e-06
3.840513033239698e-06
2.923493931015482e-06
2.964179613232281e-06
2.554951519220362e-06
2.420635760673931e-06
2.301055097028645e-06
3.166767286366367e-06
3.224665952578789e-06
3.914135476630004e-06
4.957679169279049e-06
5.551973957653766e-06
6.176054756515884e-06
6.399962232539092e-06
6.765969805041226e-06
6.910910356744836e-06
7.402989016105603e-06
7.855775093926984e-06
8.099084635046806e-06
7.357844517226166e-06
5.061256776265573e-06
1.778191383519609e-06
-7.264793169828408e-09
-8.218358614232673e-08
-3.412916934905052e-07
3.165710111786283e-07
6.765035418037765e-07
1.128568164222392e-06
2.651019198332389e-06
3.950087926751656e-06
5.252190264873696e-06
5.545710819406639e-06
6.110654525271282e-06
6.842810830567784e-06
6.435531606964019e-06
5.735603905985779e-06
5.335617831854972e-06
4.748978393762781e-06
4.86422100424372e-06
4.903492985881168e-06
5.061497938470915e-06
4.912471522379674e-06
4.991076119772646e-06
4.81686544639734e-06
4.857776951221848e-06
4.927825419454829e-06
4.872096125673675e-06
4.836272181756331e-06
4.923785568803258e-06
4.734131080191455e-06
4.594288968582889e-06
4.632981240401375e-06
4.1403907864494e-06
3.779776675988467e-06
3.927407937868848e-06
3.353082879011783e-06
4.07270595368686e-06
3.834111042209374e-06
3.913731050594094e-06
3.868185769888458e-06
2.880874287139358e-06
2.963880944988014e-06
2.54031085631939e-06
2.363851457885979e-06
2.192979861179414e-06
3.107034142995539e-06
3.098618677086198e-06
3.811301015034812e-06
4.950262131074385e-06
5.539956332731412e-06
6.177664140387178e-06
6.377446018462964e-06
6.731803734795116e-06
6.840182942763103e-06
7.334394061916488e-06
7.805337596287235e-06
8.063405988557802e-06
7.358202228625631e-06
5.128003672693184e-06
1.970072503613259e-06
1.085907198254212e-07
-6.053209918598638e-08
-4.452404708889887e-07
1.649655741665376e-07
5.136408181994175e-07
1.004494885744433e-06
2.665837432365088e-06
3.993922141309254e-06
5.354906505971268e-06
5.602976118561017e-06
6.184894537818567e-06
7.059245688326484e-06
6.561357084797161e-06
5.749189669807943e-06
5.36444910471014e-06
4.720687050304008e-06
4.857696407547133e-06
4.908239537552785e-06
5.06397919090349e-06
4.902960405999239e-06
5.004417941980256e-06
4.8161747015032e-06
4.849310099283827e-06
4.941447711476098e-06
4.87619237613793e-06
4.840429095278733e-06
4.958972775821497e-06
4.754073437427273e-06
4.600815060313274e-06
4.661515922631941e-06
4.091765941516389e-06
3.692443863588884e-06
3.940081551053512e-06
3.307496277245721e-06
4.129342313974796e-06
3.884710483253275e-06
3.891756737860001e-06
3.899989356810156e-06
2.836036177725252e-06
2.964467663625284e-06
2.531172595983607e-06
2.303484374553238e-06
2.074047687659069e-06
3.040652435773496e-06
2.953889960534978e-06
3.691080211654466e-06
4.941312683935179e-06
5.526100689001657e-06
6.178315003326604e-06
6.354997979508644e-06
6.697285985928387e-06
6.765865195176645e-06
7.261363634851235e-06
7.75206732631169e-06
8.020685370804477e-06
7.352243301091468e-06
5.202534867500526e-06
2.187565327651418e-06
2.348186018959328e-07
-4.521725673009065e-08
-5.530106217037132e-07
1.610414802569808e-08
3.465524200644372e-07
8.772708787212717e-07
2.688039021883689e-06
4.041453404009065e-06
5.465945431842325e-06
5.656263779141297e-06
6.250952425187495e-06
7.292163253753097e-06
6.68603897535529e-06
5.748927816973139e-06
5.396025596964199e-06
4.690095056608708e-06
4.848769856197117e-06
4.914447973453074e-06
5.067123395509433e-06
4.891948248593331e-06
5.019754877510711e-06
4.815289513235776e-06
4.838642939098027e-06
4.956547191484829e-06
4.87979577063957e-06
4.84174034863328e-06
4.99668755458221e-06
4.77366098894838e-06
4.604965851918167e-06
4.69445635396627e-06
4.03994736084114e-06
3.592612434027483e-06
3.961444599982257e-06
3.263731281315284e-06
4.19125848138909e-06
3.939343751945082e-06
3.858693234043281e-06
3.934833333718154e-06
2.790013113138466e-06
2.966443977088873e-06
2.531061186569391e-06
2.244373350786753e-06
1.951724080952334e-06
2.978912324655981e-06
2.804604051434684e-06
3.563668496380318e-06
4.937293598959193e-06
5.511674849388475e-06
6.177780377927386e-06
6.332614547574433e-06
6.662751588217172e-06
6.687946753797064e-06
7.184472021583732e-06
7.697155247832432e-06
7.97245029661466e-06
7.339630779353818e-06
5.276960354853495e-06
2.435956017373843e-06
3.832128807479045e-07
-3.211711332255079e-08
-6.682553017357171e-07
-1.41013134800278e-07
1.656644674253223e-07
7.382502695130442e-07
2.714146379961602e-06
4.095766570940628e-06
5.588950365160663e-06
5.709703319581073e-06
6.312886464558723e-06
7.554209489902543e-06
6.824775343217797e-06
5.739046319814287e-06
5.434810472326976e-06
4.658842131263244e-06
4.837857609037566e-06
4.923325963311268e-06
5.071285580241805e-06
4.879325246385244e-06
5.037404653039774e-06
4.814498901014505e-06
4.82520980944924e-06
4.973433160484893e-06
4.882721142496159e-06
4.839734761671107e-06
5.037474466405207e-06
4.793049298706497e-06
4.606265861578378e-06
4.732577933215044e-06
3.982236696140363e-06
3.475300064211981e-06
3.98996872028476e-06
3.224683864674961e-06
4.259417189352603e-06
4.003077913425781e-06
3.817297717193323e-06
3.974460037294708e-06
2.742323008979398e-06
2.967979029556722e-06
2.539122422144959e-06
2.181767567233861e-06
1.817832209765469e-06
2.912410495785403e-06
2.636584492867592e-06
3.417742771791533e-06
4.932512808531783e-06
5.496041216600377e-06
6.174976888949603e-06
6.310813262104768e-06
6.628098488281897e-06
6.606539265061195e-06
7.103161373224494e-06
7.641339058588789e-06
7.918101581339302e-06
7.318100382896392e-06
5.357499474e-06
2.713112572676801e-06
5.386399400092962e-07
-3.437031683428631e-08
-7.874046850062924e-07
-2.867169520770036e-07
-1.523999660312399e-08
5.942868911361249e-07
2.746584635004816e-06
4.155896832290462e-06
5.723813076377214e-06
5.758027468714345e-06
6.361195020402683e-06
7.83403619004646e-06
6.960391729866961e-06
5.709811831039865e-06
5.479336180053582e-06
4.626532274526149e-06
4.823494190541344e-06
4.934237942048344e-06
5.076534370635655e-06
4.864597614909598e-06
5.057879210652414e-06
4.813646663487311e-06
4.8087231227702e-06
4.99213980898e-06
4.885012483869004e-06
4.833391938052028e-06
5.081505612619038e-06
4.811561040999007e-06
4.603973806887513e-06
4.777295272310309e-06
3.921993505613814e-06
3.342206109647981e-06
4.032172698776842e-06
3.193428416332539e-06
4.333513363558841e-06
4.069771434119522e-06
3.758807292064202e-06
4.01779038131501e-06
2.694312036781079e-06
2.969133800935804e-06
2.558603627244104e-06
2.119806513213498e-06
1.67974900108711e-06
2.85584805195227e-06
2.466901514875582e-06
3.263677514132717e-06
4.934001951807867e-06
5.480622139037787e-06
6.169569886056232e-06
6.289606507947179e-06
6.593720229532218e-06
6.521353244124107e-06
7.018047335210059e-06
7.586000256444899e-06
7.859860995919284e-06
7.287847655548781e-06
5.434862301330733e-06
3.025137680187203e-06
7.136744031840227e-07
-4.921443172009906e-08
-9.124202790894733e-07
-4.30835879076767e-07
-2.074335230775802e-07
4.370405309233486e-07
2.781150781661225e-06
4.225736388400551e-06
5.87334590896809e-06
5.804834422689478e-06
6.396970166676588e-06
8.145746549996172e-06
7.107917295651431e-06
5.662846027749599e-06
5.534116592714138e-06
4.594577896210042e-06
4.805876177225889e-06
4.948397276263379e-06
5.083402186166557e-06
4.847493313035738e-06
5.08164026461261e-06
4.812899751351717e-06
4.788629700720063e-06
5.012914147107602e-06
4.886588702592178e-06
4.821891342871929e-06
5.129361469481191e-06
4.829589529580133e-06
4.59791810327389e-06
4.830038416524996e-06
3.857262347299526e-06
3.186206382137361e-06
4.087862198533499e-06
3.176684316963589e-06
4.413553882076324e-06
4.145040804721195e-06
3.686376976090245e-06
4.066286702073452e-06
2.646288225512757e-06
2.96833399003914e-06
2.589990110376447e-06
2.054353524165695e-06
1.530629721735031e-06
2.798877728189195e-06
2.282259786181925e-06
3.091296460415392e-06
4.935720125054685e-06
5.465740438349605e-06
6.159802338941527e-06
6.26994457559296e-06
6.559353362111724e-06
6.432527369542924e-06
6.928426314288284e-06
7.532030544327462e-06
7.796756116070315e-06
7.245144050445922e-06
5.515058244076925e-06
3.368273889473698e-06
8.901485776759699e-07
-9.066825243649351e-08
-1.039973416743959e-06
-5.503030455978227e-07
-3.926783479370488e-07
2.717674276822124e-07
2.818573726843249e-06
4.303815638250154e-06
6.037752476377836e-06
5.844615900861392e-06
6.409779537953551e-06
8.474854073530939e-06
7.248996612477766e-06
5.588751721804278e-06
5.598062615449751e-06
4.56289832287618e-06
4.78330808950939e-06
4.965218770618135e-06
5.092055319155508e-06
4.827367709653754e-06
5.109188074550525e-06
4.812230875062381e-06
4.7645278948015e-06
5.035750914906906e-06
4.887748753432835e-06
4.804186511039761e-06
5.181208315827734e-06
4.84684567237165e-06
4.5873578839208e-06
4.892339151744073e-06
3.791777058648965e-06
3.009892441240085e-06
4.16299432713258e-06
3.174384419938612e-06
4.498493826344564e-06
4.221057671189277e-06
3.588799324124022e-06
4.118915215858577e-06
2.600084939399798e-06
2.965243844563542e-06
2.636481908886121e-06
1.989624261676298e-06
1.37775508519398e-06
2.759787726334735e-06
2.103229833439291e-06
2.910018545749322e-06
4.944941783237808e-06
5.453041941171356e-06
6.145322554885196e-06
6.252010445965135e-06
6.525336860897103e-06
6.339263316091857e-06
6.834901399980843e-06
7.480930590162724e-06
7.731793904339351e-06
7.19057956188979e-06
5.587020450808467e-06
3.748476935672777e-06
1.085298314961553e-06
-1.567184961278356e-07
-1.169934552989001e-06
-6.577945189264547e-07
-5.829784343881983e-07
9.190307953269624e-08
2.853157587801667e-06
4.395176303578555e-06
6.218175713532372e-06
5.880098324239138e-06
6.396463366363026e-06
8.835750873863684e-06
7.401094923830112e-06
5.486206697403418e-06
5.675753599373345e-06
4.532862430073015e-06
4.756010509280461e-06
4.985468241004926e-06
5.103318524061551e-06
4.8037069069921e-06
5.141090639386707e-06
4.811693063020357e-06
4.735773498462451e-06
5.060794451312602e-06
4.888716490650818e-06
4.77932383269497e-06
5.238019283847073e-06
4.86390928164405e-06
4.572612939344702e-06
4.966750450596225e-06
3.726022203119383e-06
2.805021729749105e-06
4.258251585154484e-06
3.202285282353599e-06
4.587580443638489e-06
4.3038822757418e-06
3.474015184024102e-06
4.177092456920599e-06
2.556825934804728e-06
2.958289430804977e-06
2.700484157711658e-06
1.922919879665305e-06
1.216496188216271e-06
2.727834919075811e-06
1.915204851685244e-06
2.712153896478325e-06
4.955266915882772e-06
5.444543348191983e-06
6.123938899585156e-06
6.237290553671439e-06
6.4907464435088e-06
6.241482361606804e-06
6.736143351853785e-06
7.433701705714014e-06
7.662964311324406e-06
7.117872710169723e-06
5.655641829567826e-06
4.158392718649705e-06
1.279442638498439e-06
-2.592749797087251e-07
-1.299402152726545e-06
-7.280704385966013e-07
-7.53618948977595e-07
-9.830887474034891e-08
2.884173153376882e-06
4.496831493328323e-06
6.413854078670947e-06
5.904516746586935e-06
6.345904276980498e-06
9.207427690694438e-06
7.544935078054872e-06
5.347861457216179e-06
5.765786487123574e-06
4.505193183888981e-06
4.72217100826333e-06
5.008310611898408e-06
5.117446525878991e-06
4.775788186005945e-06
5.177704709571643e-06
4.811223352846283e-06
4.701986728527352e-06
5.088059979364952e-06
4.889941507153671e-06
4.746530532884604e-06
5.300008364816023e-06
4.880621432832244e-06
4.552997414777116e-06
5.055355777139889e-06
3.664744380944417e-06
2.577822769308883e-06
4.377057849887828e-06
3.254534739424295e-06
4.679551395856866e-06
4.383310095824185e-06
3.328973398426895e-06
4.240448849768395e-06
2.519177429832708e-06
2.947305237273937e-06
2.785153407449593e-06
1.859887288070325e-06
1.055261227083482e-06
2.7268400006769e-06
1.742051218348425e-06
2.505432912224508e-06
4.974764107025012e-06
5.44195115426995e-06
6.095557363722223e-06
6.225854760428689e-06
6.455925614650605e-06
6.137713154967735e-06
6.632859471733809e-06
7.392005275217931e-06
7.593376921865612e-06
7.027377857802241e-06
5.707043553321155e-06
4.605737039233645e-06
1.493775002549634e-06
-3.935056962511057e-07
-1.421362080515663e-06
-7.767699748260338e-07
-9.277937065132559e-07
-3.024818871317557e-07
2.903441532616555e-06
4.613722728462796e-06
6.620937417345729e-06
5.920570028568263e-06
6.251755308023674e-06
9.610490503583267e-06
7.699893568037824e-06
5.169792792892794e-06
5.871374699955386e-06
4.4810092646576e-06
4.682187784626116e-06
5.034211673950218e-06
5.135614321907855e-06
4.742805221753204e-06
5.21964461520705e-06
4.810336714701844e-06
4.6627857353375e-06
5.117451576641142e-06
4.891728292883682e-06
4.704871346547924e-06
5.368019650229651e-06
4.8979317043399e-06
4.529952843809392e-06
5.161369460119904e-06
3.612246712691375e-06
2.316207906177722e-06
4.519411634912478e-06
3.351899728831471e-06
4.76892294191785e-06
4.467097464903871e-06
3.167499436630194e-06
4.308584775370952e-06
2.488674759817276e-06
2.931342839166646e-06
2.894202676519546e-06
1.799478700310776e-06
8.935720466917776e-07
2.737802353869801e-06
1.568982817285339e-06
2.284583263373611e-06
4.993922947655098e-06
5.449764814357738e-06
6.057934606136091e-06
6.22013637679026e-06
6.419763593492139e-06
6.028820642678101e-06
6.523166562380464e-06
7.35610331164019e-06
7.519475846412702e-06
6.909997268521167e-06
5.746680882151688e-06
5.073261106204806e-06
1.703917257616062e-06
-5.643435572709407e-07
-1.531034625398138e-06
-7.739697607226785e-07
-1.072077869270771e-06
-5.165787201173113e-07
2.910515892263618e-06
4.737953595129974e-06
6.835517115263328e-06
5.918430356606945e-06
6.104987709859645e-06
1.001030975142646e-05
7.842702745578198e-06
4.950242969544796e-06
5.987961608786251e-06
4.461774695466097e-06
4.634205525580507e-06
5.061860595164158e-06
5.157397921231056e-06
4.70452973598182e-06
5.266585840606797e-06
4.80930884775525e-06
4.618252924670893e-06
5.148686539471558e-06
4.894415317241902e-06
4.654486498801832e-06
5.441164431644051e-06
4.916029278007521e-06
4.50307964130519e-06
5.286077813834916e-06
3.574464938785358e-06
2.036579359744726e-06
4.679676772119608e-06
3.46827627953775e-06
4.852812614889043e-06
4.54042475254197e-06
2.972244255697521e-06
4.380704176867867e-06
2.467759465271588e-06
2.911495833591277e-06
3.02878755165999e-06
1.750577176948341e-06
7.440191489475762e-07
2.793218475419493e-06
1.42543842536542e-06
2.056777657916942e-06
5.022015113751674e-06
5.468174988503132e-06
6.012558283805788e-06
6.219846810093105e-06
6.383668974895489e-06
5.913373102150004e-06
6.408415986199254e-06
7.326776986420461e-06
7.445490147223181e-06
6.766792188631729e-06
5.756825987440145e-06
5.561896474864085e-06
1.948206480009756e-06
-7.629329707669935e-07
-1.613985934564772e-06
-7.538775782312767e-07
-1.220668569495113e-06
-7.332914114196503e-07
2.898209160463884e-06
4.874741129880864e-06
7.046558631521317e-06
5.901193054513061e-06
5.899693551432639e-06
1.042818887346495e-05
8.003520665294412e-06
4.687052368963535e-06
6.116975797592943e-06
4.448371079439502e-06
4.580453179499073e-06
5.091055298211478e-06
5.183420129793206e-06
4.660853824552671e-06
5.318268128109581e-06
4.807521932298868e-06
4.569583147448414e-06
5.181224346924696e-06
4.897936848327591e-06
4.59537553809253e-06
5.51939462473687e-06
4.935772968078756e-06
4.475869856615299e-06
5.431296287574449e-06
3.559952075737434e-06
1.729636582094399e-06
4.859906829457395e-06
3.652233143156168e-06
4.921093674731924e-06
4.612639949802947e-06
2.782166665838077e-06
4.453161361241185e-06
2.457203546380126e-06
2.887382706888632e-06
3.19083212322506e-06
1.713623966824622e-06
6.122667784758534e-07
2.865311965123968e-06
1.280656044685761e-06
1.826950630058734e-06
5.046634819899592e-06
5.501939666706122e-06
5.956419034779416e-06
6.228327231525922e-06
6.34654793481802e-06
5.794828244102717e-06
6.286155742631785e-06
7.301897880686389e-06
7.364915861802915e-06
6.586798241040107e-06
5.744181920831307e-06
6.028774766903285e-06
2.187228129791314e-06
-9.813275696165805e-07
-1.668369828205011e-06
-6.755189849319437e-07
-1.318531760760225e-06
-9.45873688567656e-07
2.873322176915841e-06
5.007589426513552e-06
7.247942326314902e-06
5.854115565503747e-06
5.636349707794349e-06
1.079768326308854e-05
8.146711986055043e-06
4.394392141001222e-06
6.247316654623922e-06
4.443143566880142e-06
4.519865292207285e-06
5.120232631279978e-06
5.21136989511882e-06
4.613582736290157e-06
5.372533203870693e-06
4.805744162605453e-06
4.517899862624921e-06
5.214570056014368e-06
4.901703151782098e-06
4.530293793179371e-06
5.59931224164631e-06
4.956853343216387e-06
4.447600690954845e-06
5.594831069023313e-06
3.572295404873615e-06
1.43774987540548e-06
5.045932530960603e-06
3.842575923235478e-06
4.974745983993175e-06
4.662159877693092e-06
2.571546612621585e-06
4.525575449207718e-06
2.456788240735926e-06
2.86226330121876e-06
3.374223490196214e-06
1.702098631461442e-06
5.168226943509878e-07
3.006100612558566e-06
1.173057553524403e-06
1.602506374910149e-06
5.083332392210028e-06
5.544606894312037e-06
5.893637259394425e-06
6.243158693221364e-06
6.312173808974288e-06
5.673158042080057e-06
6.160582601180082e-06
7.279589385489311e-06
7.284157404513326e-06
6.375389855579841e-06
5.687284286574194e-06
6.484348050906232e-06
2.448849953707274e-06
-1.207160113484049e-06
-1.666583144479292e-06
-5.755519809088282e-07
-1.442418874920002e-06
-1.13160839039484e-06
2.832606946817626e-06
5.142309894568778e-06
7.420864679723597e-06
5.787825127342051e-06
5.319986195987349e-06
1.116707886634376e-05
8.288170147642075e-06
4.070483660301857e-06
6.376932910111517e-06
4.445157181828001e-06
4.457332477224229e-06
5.149262979967088e-06
5.241654178995396e-06
4.563800672550615e-06
5.427880817274014e-06
4.802551218406756e-06
4.465872942498161e-06
5.24715383877185e-06
4.904796134826187e-06
4.460892877735569e-06
5.678994591685001e-06
4.978967004633006e-06
4.423498697646715e-06
5.773865013530926e-06
3.620605069941678e-06
1.136317034261428e-06
5.270762974407863e-06
4.139638407523784e-06
4.992453905642342e-06
4.70630687948927e-06
2.406305304054397e-06
4.585926837002811e-06
2.463636814523141e-06
2.836407895854827e-06
3.575256077603057e-06
1.711771384675283e-06
4.639387165311754e-07
3.151252748961901e-06
1.075978593787089e-06
1.400095405992155e-06
5.110944920692429e-06
5.601388693102926e-06
5.820617105879943e-06
6.267886217336003e-06
6.279709556679166e-06
5.558400260176399e-06
6.031257319218451e-06
7.25262365968588e-06
7.192916822109796e-06
6.124663241105909e-06
5.605538063810468e-06
6.853635789185538e-06
2.653313810057633e-06
-1.421235893240096e-06
-1.622133011357903e-06
-3.815412950366037e-07
-1.497567447916461e-06
-1.291574751608859e-06
2.795053523919216e-06
5.253319059479807e-06
7.564692951614749e-06
5.683956696147372e-06
4.969075832085092e-06
1.142766083829731e-05
8.363170075726886e-06
3.748582675227942e-06
6.486009854190694e-06
4.456822546516977e-06
4.391588667218851e-06
5.176767378228134e-06
5.269933150661702e-06
4.516001603532024e-06
5.480055315520682e-06
4.799997726223736e-06
4.414762236510855e-06
5.278360375991186e-06
4.905862346923303e-06
4.392997407586965e-06
5.752036666577304e-06
5.001600850505092e-06
4.400271797739571e-06
5.961191945503401e-06
3.696657374599551e-06
8.985354000067462e-07
5.514604351378627e-06
4.424192075068175e-06
4.984973507377613e-06
4.714417915654364e-06
2.230610901682035e-06
4.636181072435411e-06
2.472506143661304e-06
2.815287962686695e-06
3.777837164900944e-06
1.757625401608603e-06
4.681399349095152e-07
3.384779660985411e-06
1.056384164038615e-06
1.219951121889309e-06
5.154384204519414e-06
5.657219834727443e-06
5.746854178129824e-06
6.295501466108713e-06
6.25475365103708e-06
5.450814574309149e-06
5.908003891654278e-06
7.21727961625078e-06
7.102682542466571e-06
5.848927960232728e-06
5.479797133158948e-06
7.125172446677405e-06
2.874106487320672e-06
-1.627218633061307e-06
-1.510561063927226e-06
-1.910615993154282e-07
-1.541275937422669e-06
-1.387001852198445e-06
2.760802248353708e-06
5.356505775673373e-06
7.660212310775576e-06
5.565036667937558e-06
4.596772338721128e-06
1.161884990885367e-05
8.42687993242522e-06
3.413743771259784e-06
6.576213911876081e-06
4.474424324621996e-06
4.329694777382985e-06
5.202469888691855e-06
5.297252658941176e-06
4.471719116453451e-06
5.527598234103748e-06
4.796021215831519e-06
4.368238516387424e-06
5.305978863867476e-06
4.90460512512624e-06
4.328163306978514e-06
5.816578825701265e-06
5.024232104623767e-06
4.384629738599837e-06
6.149797767252525e-06
3.808095935577382e-06
6.592907157637045e-07
5.814681853874155e-06
4.859381356189764e-06
4.868943003688523e-06
4.650784597159797e-06
2.151150686483328e-06
4.658027835264123e-06
2.480794110804753e-06
2.797235923124028e-06
3.976586454098646e-06
1.826281823772583e-06
5.231526452616294e-07
3.65090571633166e-06
1.039669516926123e-06
1.092411403540116e-06
5.182141482643396e-06
5.721142536364234e-06
5.665452478148243e-06
6.328848198718072e-06
6.232500819052012e-06
5.363837431654784e-06
5.792813026906057e-06
7.163605802658479e-06
6.99735686594034e-06
5.546481367166174e-06
5.344613756972794e-06
7.236142340055461e-06
2.962805277793596e-06
-1.802301490097104e-06
-1.379906338106647e-06
1.345715074585985e-07
-1.453099807312442e-06
-1.440366395985627e-06
2.754558451503888e-06
5.424456709198816e-06
7.723478544553173e-06
5.408532265445787e-06
4.226140061494851e-06
1.162732646463005e-05
8.358464465017872e-06
3.109713000690463e-06
6.625182504350057e-06
4.501014065082675e-06
4.268386782822388e-06
5.225159865250169e-06
5.318393018026161e-06
4.436208095938376e-06
5.566260957298654e-06
4.794428920961637e-06
4.326282749560045e-06
5.330269212429756e-06
4.899756103953558e-06
4.272792291166953e-06
5.866359040405882e-06
5.048054196190434e-06
4.370160693241452e-06
6.333425229338078e-06
3.935493555388603e-06
5.164511541994429e-07
6.171946642571122e-06
5.297408884876262e-06
4.708385700837015e-06
4.510827817795413e-06
2.064334235093411e-06
4.663935559343946e-06
2.480842031612625e-06
2.788816989602287e-06
4.153202792435662e-06
1.934575327618969e-06
6.330426332227532e-07
4.042175080695838e-06
1.158938526456246e-06
1.000688782495788e-06
5.231145227387216e-06
5.773305038779689e-06
5.590473284357457e-06
6.357298167225844e-06
6.218714012600246e-06
5.290745727889055e-06
5.696026717437961e-06
7.090480803288593e-06
6.895347852123312e-06
5.235009627584843e-06
5.18046687664264e-06
7.220892715016161e-06
3.032794960292636e-06
-1.978098215159482e-06
-1.205434530639432e-06
4.512581697178778e-07
-1.319533825647703e-06
-1.406268329809778e-06
2.7666243137991e-06
5.484909451481305e-06
7.740754643034706e-06
5.24819894546023e-06
3.865766984486372e-06
1.154016817969472e-05
8.241886442260928e-06
2.799943942958406e-06
6.648326376039782e-06
4.530764444306336e-06
4.214079200817056e-06
5.244380016635309e-06
5.336269415570277e-06
4.408405751323562e-06
5.596917403052418e-06
4.79215232288603e-06
4.292052063382301e-06
5.349279465237884e-06
4.892006770417697e-06
4.225250913548356e-06
5.903404874751012e-06
5.072143055568837e-06
4.364685891249312e-06
6.507142027009652e-06
4.090123580946325e-06
3.444211679310178e-07
6.638241210991009e-06
5.993951115013192e-06
4.388579915568799e-06
4.246352689389851e-06
2.110787559683375e-06
4.635214517520289e-06
2.476355465077872e-06
2.78547887814246e-06
4.310327208829755e-06
2.060817620456864e-06
7.752064035892938e-07
4.470698436622186e-06
1.305951058175253e-06
9.847234373979008e-07
5.261164503495118e-06
5.830041370266728e-06
5.510266000476106e-06
6.385083788730973e-06
6.204332304255341e-06
5.241864264650335e-06
5.615851921408994e-06
6.990620300267718e-06
6.775245181737076e-06
4.915361903948879e-06
5.029037450993408e-06
7.03277258708507e-06
2.904904211777243e-06
-2.124034633398037e-06
-1.052733306869429e-06
9.356350725799907e-07
-1.009528442607588e-06
-1.338405561303903e-06
2.81698343551967e-06
5.510280349007418e-06
7.741890431915924e-06
5.058465896190848e-06
3.532112360095313e-06
1.125267178037219e-05
7.936989473283436e-06
2.525113402138525e-06
6.627528794535209e-06
4.567567129137266e-06
4.160412670816746e-06
5.260009405927252e-06
5.346343447183453e-06
4.391742151069269e-06
5.617058703014613e-06
4.793413047865036e-06
4.262820432306448e-06
5.36529511089142e-06
4.880268163946575e-06
4.189939256273086e-06
5.924597055857166e-06
5.098517677510344e-06
4.3583976265567e-06
6.67101639156521e-06
4.246424067100706e-06
2.648632741307346e-07
7.220251234146007e-06
6.756575526672671e-06
4.035525590620889e-06
3.882335888769094e-06
2.149603477353054e-06
4.595207549350108e-06
2.458960568032175e-06
2.793867473290461e-06
4.436115527941258e-06
2.22183654731896e-06
9.467074903097325e-07
5.036541053632873e-06
1.646503828813526e-06
1.002214314480765e-06
5.317825602254852e-06
5.871308472586635e-06
5.442340487696934e-06
6.402463102225136e-06
6.196848631878862e-06
5.203069870982156e-06
5.557133466869246e-06
6.869886133024173e-06
6.66249096954226e-06
4.599393265950933e-06
4.871705164362435e-06
6.815325880875375e-06
2.795509046699524e-06
-2.290233885859313e-06
-8.927196142511789e-07
1.358049148706483e-06
-7.182294283797119e-07
-1.19895547551002e-06
2.878663367053941e-06
5.531738951313521e-06
7.71736857620224e-06
4.883735584763806e-06
3.228010036379558e-06
1.096261721250962e-05
7.628238396703585e-06
2.244650699453706e-06
6.588621351991796e-06
4.606327812829637e-06
4.112369057870446e-06
5.272025879441363e-06
5.354027983585384e-06
4.381932477014585e-06
5.629845318669675e-06
4.79423641760759e-06
4.240119023907947e-06
5.377701942419915e-06
4.867377006763129e-06
4.16111790440328e-06
5.935294838620762e-06
5.125014265125934e-06
4.357957833306684e-06
6.819722902270773e-06
4.417892711281227e-06
1.145661591350555e-07
7.870928982306241e-06
7.760497881023847e-06
3.577787453826615e-06
3.44961222414365e-06
2.315743537646381e-06
4.527246460730719e-06
2.441166631589585e-06
2.806394461505702e-06
4.541111094636263e-06
2.387382091395347e-06
1.118100954802035e-06
5.552836907419143e-06
1.971704102010402e-06
1.086923493674513e-06
5.353417142061678e-06
5.916004873800161e-06
5.371637726404946e-06
6.417487411366062e-06
6.187204349505253e-06
5.184668707760356e-06
5.515739366409444e-06
6.726731198784908e-06
6.536126737022551e-06
4.294926706795667e-06
4.744603498059607e-06
6.428885970646667e-06
2.482452524930923e-06
-2.431258040930878e-06
-7.908981746408895e-07
1.941836192474265e-06
-2.220911082866447e-07
-1.055796089840935e-06
2.963802466616906e-06
5.523837274843221e-06
7.695441145240224e-06
4.699308002915145e-06
2.96400643240617e-06
1.047906809965725e-05
7.134277167399508e-06
1.997409839538895e-06
6.523234166588298e-06
4.650433559708763e-06
4.064016501441561e-06
5.280709957575526e-06
5.35523012077055e-06
4.381185939228667e-06
5.633464455802877e-06
4.798833037804564e-06
4.221223272554324e-06
5.38808155802605e-06
4.852407687078083e-06
4.14291049280359e-06
5.934281709719248e-06
5.153337757005473e-06
4.354298218085494e-06
6.95487588174553e-06
4.573988562670137e-06
2.849029917258665e-08
8.674818803493124e-06
8.885897700197635e-06
3.069219605201161e-06
2.894295200631697e-06
2.493097333474038e-06
4.459023996787356e-06
2.415232152069042e-06
2.827185777873677e-06
4.617539196906037e-06
2.569431065984505e-06
1.286938366107284e-06
6.212016890599529e-06
2.499627330795347e-06
1.180878339546046e-06
5.41399195358723e-06
5.947933554809519e-06
5.316253627864028e-06
6.422564223504839e-06
6.184373532808126e-06
5.170400853411811e-06
5.490530397134837e-06
6.575500340273005e-06
6.427180481941358e-06
4.008765652148636e-06
4.62447356774069e-06
6.224565919737072e-06
2.375574420099145e-06
-2.586123018275146e-06
-7.128491457249429e-07
2.298113125825253e-06
6.314693233554011e-08
-8.866811880451238e-07
3.031149710837039e-06
5.512483071176742e-06
7.667402770743904e-06
4.551798670769535e-06
2.739106746429791e-06
1.02005323167559e-05
6.836716162725304e-06
1.769560081716934e-06
6.454245400096973e-06
4.695962868295027e-06
4.019544709397236e-06
5.284995938291736e-06
5.356715073576148e-06
4.383744325463866e-06
5.631381517521005e-06
4.804267671711721e-06
4.20701518206616e-06
5.395195013537558e-06
4.840097235777104e-06
4.128126688893723e-06
5.927071643848327e-06
5.18081109268486e-06
4.352764778834532e-06
7.065939225072071e-06
4.726416692143325e-06
-1.388180828543255e-07
9.322797188410439e-06
9.971946470714729e-06
2.634389841617225e-06
2.484068042552477e-06
2.751112155117343e-06
4.374247735807938e-06
2.400198144090373e-06
2.846990844871551e-06
4.674372176024018e-06
2.734102920138213e-06
1.426909250791303e-06
6.624665335257648e-06
2.830817353222199e-06
1.300869599611813e-06
5.448479707526546e-06
5.983386885196739e-06
5.263382486204474e-06
6.427473609107879e-06
6.180406916091746e-06
5.171096317530329e-06
5.477277960916793e-06
6.41993851897116e-06
6.321055448798129e-06
3.760779664414359e-06
4.530991553302479e-06
5.743054874953427e-06
1.959406418471617e-06
-2.717120547321188e-06
-7.133732052555781e-07
2.909194135088639e-06
6.779903458514419e-07
-7.205197803937487e-07
3.088283944104625e-06
5.475671498414317e-06
7.649179019235048e-06
4.422171022266211e-06
2.56290714639297e-06
9.636950883725075e-06
6.254266616684169e-06
1.575058290318184e-06
6.376786473385679e-06
4.743103176041031e-06
3.978764651161179e-06
5.284193208172906e-06
5.354297467127396e-06
4.393150258905413e-06
5.622461661577074e-06
4.812334136354417e-06
4.197726550701184e-06
5.398477632866373e-06
4.828577342273451e-06
4.121871829644277e-06
5.912295386426269e-06
5.207613030058327e-06
4.349950977755177e-06
7.154685357710452e-06
4.850224639723311e-06
-2.944501291239609e-07
1.023547980558436e-05
1.131721309193676e-05
1.966256194323844e-06
1.803738642663685e-06
3.022107952897219e-06
4.29075691570874e-06
2.387143152549486e-06
2.869515528046863e-06
4.706231187442456e-06
2.889423791102673e-06
1.538676417887452e-06
7.2741375272778e-06
3.483083847599701e-06
1.41612124644394e-06
5.487445511295986e-06
6.011910573272695e-06
5.227021974385328e-06
6.427555032042277e-06
6.184796555860987e-06
5.175138619090798e-06
5.472493776085496e-06
6.274569005004096e-06
6.245211132991627e-06
3.552311511268963e-06
4.442287728708215e-06
5.693144144509066e-06
1.908507594675487e-06
-2.827976796276095e-06
-7.458535860749191e-07
3.137028885920068e-06
8.41019278901874e-07
-5.478042882774776e-07
3.098391353164549e-06
5.431740957254778e-06
7.63772435252309e-06
4.339622923661743e-06
2.419065838389862e-06
9.523791014853032e-06
6.05020027187482e-06
1.436964285653982e-06
6.301412387988993e-06
4.78712987498592e-06
3.945305701460575e-06
5.276823246861681e-06
5.352956403978459e-06
4.403861698403583e-06
5.61042588577824e-06
4.82172371286179e-06
4.192833792721157e-06
5.396954976327287e-06
4.822917722014226e-06
4.116917405863488e-06
5.893942068321325e-06
5.232018263078296e-06
4.348577518430079e-06
7.212130860706819e-06
4.956517411949887e-06
-5.403388321013483e-07
1.075644928086659e-05
1.231314220258503e-05
1.56768129303778e-06
1.525657352283997e-06
3.315750142123091e-06
4.194492678594164e-06
2.392815388793469e-06
2.889350896980684e-06
4.718384629475616e-06
3.010125749468964e-06
1.611302013057594e-06
7.420795416841496e-06
3.788451098199408e-06
1.527103134277327e-06
5.48461501141781e-06
6.04158158060327e-06
5.198364996579214e-06
6.430168208040728e-06
6.194164203595198e-06
5.189098338780532e-06
5.474010680134788e-06
6.14564429030993e-06
6.188019462943758e-06
3.399323160751017e-06
4.362492996871913e-06
5.796079970155671e-06
1.991977033502788e-06
-2.895244085400768e-06
-8.55593346069331e-07
3.153809869125184e-06
8.840573023116692e-07
-3.556941334149524e-07
3.087798295804377e-06
5.371950194460425e-06
7.643929584784634e-06
4.285542890809131e-06
2.318397161316244e-06
9.574747626339706e-06
6.006592696543279e-06
1.342580480968174e-06
6.22518443837773e-06
4.831995750800303e-06
3.915443668066082e-06
5.259594940128403e-06
5.355715700748566e-06
4.418116189585032e-06
5.592975532307469e-06
4.828333281930817e-06
4.1923359085094e-06
5.396638157966921e-06
4.823360542008294e-06
4.113514706014703e-06
5.871138033954948e-06
5.250846832724299e-06
4.347253416895024e-06
7.239476742371622e-06
5.035315063859705e-06
-7.613765852740339e-07
1.101446238524479e-05
1.301961832198331e-05
1.418136832162675e-06
1.406415071331983e-06
3.562002486770337e-06
4.093067440057705e-06
2.407535777603435e-06
2.909082128097941e-06
4.702304968454956e-06
3.107381743507671e-06
1.642903862169706e-06
7.372159810135323e-06
3.949540681629838e-06
1.644399681221536e-06
5.45468432499733e-06
6.057787075365266e-06
5.186002939842667e-06
6.433902547585125e-06
6.21718126841252e-06
5.213814038242734e-06
5.472345675726777e-06
6.040491026008931e-06
6.157503625921552e-06
3.289277737454592e-06
4.295398707741322e-06
7.217131331211885e-06
3.283886209671384e-06
-2.933577131464767e-06
-9.525251028980904e-07
1.946387614313023e-06
-4.231876484311827e-07
-2.059253436743714e-07
3.051640259371734e-06
5.334041815141461e-06
7.657426241488768e-06
4.240543947788742e-06
2.258359108678228e-06
1.094318503777211e-05
7.203598279056771e-06
1.319579528218143e-06
6.160050923604291e-06
4.868072367020873e-06
3.902036452795479e-06
5.23085099197317e-06
5.363234147366598e-06
4.434719791018744e-06
5.561853135418048e-06
4.838544198352848e-06
4.202102064950795e-06
5.380283940408088e-06
4.838812669622568e-06
4.119283208874008e-06
5.832625326195452e-06
5.26502424558303e-06
4.356974562018631e-06
7.210460822472789e-06
5.092103986913279e-06
-1.001834242796151e-06
1.001788764375003e-05
1.23777676636674e-05
2.423593584271119e-06
2.509115341991782e-06
3.818315370916441e-06
3.986386606802556e-06
2.43921744974375e-06
2.934930150852292e-06
4.631497263070022e-06
3.169736365728125e-06
1.680274202785139e-06
6.054947558622827e-06
2.81612544081104e-06
1.711962578434205e-06
5.377598619868776e-06
6.075893781402097e-06
5.183232859950797e-06
6.414846479015127e-06
6.264863770579124e-06
5.252259195490023e-06
5.468332650452074e-06
5.972867082310129e-06
6.143215318829647e-06
3.212773575309497e-06
4.223359194028045e-06
9.974532594508704e-06
6.142514241997305e-06
-2.819935206039989e-06
-9.91683473918801e-07
-7.753485710884143e-07
-3.270841870221255e-06
-1.979598154064088e-07
3.03206884977594e-06
5.317250793088128e-06
7.705429795455685e-06
4.194704036995551e-06
2.174137874016604e-06
1.368716795739819e-05
1.001363786235773e-05
1.415092060986481e-06
6.100288498241221e-06
4.896180266986498e-06
3.896325591419462e-06
5.200060315065131e-06
5.371569732882548e-06
4.453650657991449e-06
5.530208686048097e-06
4.847918928767176e-06
4.218761459067974e-06
5.361006743029843e-06
4.849275725468266e-06
4.130053840189285e-06
5.797866134607594e-06
5.275622456275663e-06
4.372678066737057e-06
7.169541894119504e-06
5.125622352776348e-06
-1.05150558242171e-06
7.385311308045309e-06
9.791182730002035e-06
5.001551247507009e-06
5.255860269668729e-06
4.019336014301388e-06
3.905807902977374e-06
2.464787390566939e-06
2.960131796894828e-06
4.562859355387372e-06
3.211458382940478e-06
1.731229388226964e-06
3.314231931994161e-06
6.881753478167287e-08
1.680080001284149e-06
5.312118765459018e-06
6.064862554088794e-06
5.208238634452608e-06
6.391819433792454e-06
6.292776526785702e-06
5.307311514926059e-06
5.458148103691217e-06
5.915110464063502e-06
6.15431374349863e-06
3.182795013121835e-06
4.134396662193122e-06
1.288428406452336e-05
9.580715012910207e-06
-2.434324734811248e-06
-9.018294247337736e-07
-3.991642394997951e-06
-6.650929819431071e-06
-2.678298196613507e-07
3.005085790399503e-06
5.304139118466511e-06
7.753935448502071e-06
4.16286861238212e-06
1.990826414513971e-06
1.663992020352324e-05
1.345886502381869e-05
1.744165373725766e-06
6.03178851452989e-06
4.901950594055974e-06
3.906961991474497e-06
5.183886819556303e-06
5.364815331884748e-06
4.47659942335092e-06
5.514300285163061e-06
4.843814343688485e-06
4.23777935559082e-06
5.350165913046838e-06
4.843149554954715e-06
4.146762193054364e-06
5.780157332999602e-06
5.272462830638034e-06
4.390979519458385e-06
7.155988760109492e-06
5.132365301778204e-06
-9.682294681183873e-07
4.236804468107606e-06
6.439171695992055e-06
7.838264301122397e-06
8.628203547937112e-06
4.367986609615391e-06
3.844654491850009e-06
2.468050737109989e-06
2.985756401104155e-06
4.54082073011001e-06
3.223039397911419e-06
1.836301231400044e-06
1.326400290666086e-07
-3.231332275469946e-06
1.59568145106948e-06
5.252754812171106e-06
6.027407324398611e-06
5.242993998397955e-06
6.388036208910042e-06
6.276393927187972e-06
5.357075302155471e-06
5.47091454402034e-06
5.859208135369319e-06
6.182562224973255e-06
3.231040268374094e-06
3.972670401896997e-06
1.430925405148256e-05
1.148474298645705e-05
-2.053884343459319e-06
-7.895420535585022e-07
-5.64393633287499e-06
-8.564772232467779e-06
-3.67170946851055e-07
2.974702761119606e-06
5.283312293780476e-06
7.782035056975011e-06
4.159930065033349e-06
1.808392032748112e-06
1.810607053108524e-05
1.536466463367956e-05
2.079575957089483e-06
5.992196974817694e-06
4.904139853730268e-06
3.91350831953664e-06
5.177375773565955e-06
5.358479024227507e-06
4.491625767894519e-06
5.507159424575001e-06
4.837718903704739e-06
4.250833507311944e-06
5.347188441125271e-06
4.83315517916753e-06
4.157962353835587e-06
5.773383742041868e-06
5.26786559341885e-06
4.401928660680085e-06
7.155041133196142e-06
5.122717541562701e-06
-8.33594506807458e-07
2.61558099496563e-06
4.405165130098713e-06
9.236344521053353e-06
1.048638749295187e-05
4.672589680679183e-06
3.818018537178424e-06
2.467482146370601e-06
3.001476184107828e-06
4.537546196567525e-06
3.223770149862835e-06
1.950039268410423e-06
-1.4907119308083e-06
-5.103659265061564e-06
1.490787736484594e-06
5.202503765502866e-06
5.995472246575542e-06
5.267036929438828e-06
6.393455241247146e-06
6.256767778620556e-06
5.388042703425461e-06
5.483070671690717e-06
5.822363397134979e-06
6.207975565079568e-06
3.288006762342068e-06
3.798369382087404e-06
)
;

boundaryField
{
    inlet
    {
        type            cyclic;
    }
    outlet
    {
        type            cyclic;
    }
    bottomWall
    {
        type            zeroGradient;
    }
    topWall
    {
        type            zeroGradient;
    }
    left
    {
        type            cyclic;
    }
    right
    {
        type            cyclic;
    }
}


// ************************************************************************* //
