/*--------------------------------*- C++ -*----------------------------------*\
| =========                 |                                                 |
| \\      /  F ield         | OpenFOAM: The Open Source CFD Toolbox           |
|  \\    /   O peration     | Version:  v1812                                 |
|   \\  /    A nd           | Web:      www.OpenFOAM.com                      |
|    \\/     M anipulation  |                                                 |
\*---------------------------------------------------------------------------*/
FoamFile
{
    version     2.0;
    format      ascii;
    class       volVectorField;
    location    "0";
    object      U;
}
// * * * * * * * * * * * * * * * * * * * * * * * * * * * * * * * * * * * * * //

dimensions      [0 1 -1 0 0 0 0];


internalField   nonuniform List<vector> 
924
(
(0.1745005121276079 0.004476240248304686 -0.0303356466418016)
(0.1850882390923276 -0.005892548493782271 -0.03204333299105158)
(0.1521724169707655 0.0106263477139231 -0.007749512244640504)
(0.1930263225069759 0.006875942233128523 -0.0454843367168776)
(0.2127598045853204 -0.004536136721525863 -0.02154907499093038)
(0.2252929175942756 -0.003401225264247714 0.0008846400394925457)
(0.2288015763925495 -0.003731160332895363 -0.0007951927005366295)
(0.2534589635770285 0.003813991132357804 -0.006999659191715949)
(0.2787346232631566 0.001713504603747928 -0.002128085147166499)
(0.2788287868933045 -0.002003870701009613 0.001135933258543975)
(0.3297641371622476 -0.001706601280683876 -0.04194000935441113)
(0.3300924163209333 0.0003724703394459911 -0.05589143683008777)
(0.3050487869056086 0.006257366437281985 -0.09350548432931852)
(0.2938987322124452 -0.005517847161307255 -0.01459904152755162)
(0.2949081894420625 -0.002076262817504673 -0.007720997776803756)
(0.292208484355459 -0.001171483918475787 -0.01288157141715553)
(0.279197941892114 -0.002699598253316828 -0.03433300596924267)
(0.2942467245297721 -0.01106495383999867 -0.0001672448487345087)
(0.2185922000845705 -0.0004849932452984359 -3.92286459870323e-05)
(0.2470363078341242 -0.002541359587386154 0.01608831540202456)
(0.2871013489721596 -0.01036197383886378 0.01445660648435636)
(0.3448240226884163 -0.006525177827650499 0.02267406217945738)
(0.3682574087382707 0.01150300410293869 0.003379037469696508)
(0.3047053516644313 -0.0109791336445325 -0.05233630780751931)
(0.2914385189312685 -0.00203692680740493 -0.02143475346973372)
(0.1751640402998512 -0.002258057419005322 0.0286400829249435)
(0.1567113869779747 0.003714807595037603 0.000121501674818125)
(0.1526503523206576 0.001005642810091629 -0.01985051434292831)
(0.1805428336886888 -6.589492438558459e-05 -0.02877931888139871)
(0.1770781246764804 -0.001509965883433944 -0.02905075716111732)
(0.1577633426883759 -0.0004097346230480668 0.000879292488443304)
(0.1854236045062742 0.005007389766480845 -0.02587528371050576)
(0 0 0)
(0 0 0)
(0 0 0)
(0 0 0)
(0 0 0)
(0 0 0)
(0 0 0)
(0 0 0)
(0 0 0)
(0 0 0)
(0 0 0)
(0 0 0)
(0.4302675532533073 0.008112730742896198 -0.03559733796257396)
(0.486924627627387 0.01206789652583448 -0.06846662042645481)
(0.4047913864886967 0.001609459141183268 -0.01296262129003738)
(0.4695696911085262 0.01154790963161565 -0.07655451734801749)
(0.5113514671144938 0.01417159703449495 -0.1396430071689083)
(0.4914124542561857 -0.006828688624162541 -0.01134846359713055)
(0.4424341057625909 -0.003514766982293432 0.001762910970402813)
(0.4500276409013355 0.01054708424224863 0.0232991747395167)
(0.5180102813829406 -0.0002147198714129286 0.03840910262640248)
(0.5665681305168123 -0.01271042002899354 0.02374910428819702)
(0.6224495235921963 -0.01287743895978448 -0.008011946130459446)
(0.6453791403172174 -0.00534434416971232 -0.06737996822146973)
(0.6191111376941518 -0.02493042348181013 -0.1383508800889831)
(0.6728069546706471 -0.0234281079613532 -0.03787132567988806)
(0.6724284669289213 -0.02075187262837274 -0.03886870588145384)
(0.6961909301513679 -0.01399214794205445 -0.006405407839488944)
(0.7793962825556728 -0.02126444994850383 -0.09044450024634156)
(0.7242372133971511 0.002059961221008529 -0.02390876177326924)
(0.5679719374347477 -0.006452457972072156 -0.01279647950261898)
(0.6085579569286963 -0.01075513538420777 -0.03026170270050851)
(0.7099716794147883 -0.02509289230755067 -0.04965106204151364)
(0.6683126482902145 0.0009184886874948327 0.02356096176455211)
(0.7748182336702398 -0.01973204447288229 0.0697326639101522)
(0.9018506580864308 -0.01905442226513872 -0.01787797820307648)
(0.7954087217512071 -0.007546654592987057 -0.101515674721583)
(0.553080167323689 0.008886130280313915 0.05436752500494561)
(0.4151512060058225 -0.00349866415562352 0.01963825591041057)
(0.4428731121743464 -0.001703604677925707 -0.0245430023467435)
(0.4914531432102283 -0.0007010252254501917 -0.04392583947682512)
(0.4421984286478098 0.01940459842440677 -0.08352626785336745)
(0.4133050347363006 -0.01620882849478574 0.0001516864340520335)
(0.399862565186529 0.001279018935208551 -0.02517796365346702)
(0 0 0)
(0 0 0)
(0 0 0)
(0 0 0)
(0 0 0)
(0 0 0)
(0 0 0)
(0 0 0)
(0 0 0)
(0 0 0)
(0 0 0)
(0 0 0)
(0.5783785009674676 0.007800303070806174 -0.0170275896320109)
(0.6762325699208593 0.01005859482912276 -0.05414730295529909)
(0.6848497976217115 0.01662112209009818 -0.04174057760673638)
(0.6722239318798718 -0.0004610562511422214 -0.05421368491728135)
(0.6891739818583467 0.02604802875739961 -0.1629912889642271)
(0.7225312464831015 -0.009411810856340044 -0.027244320155329)
(0.6645778762999488 -0.006806019314815438 -0.03831177656295914)
(0.6226787727082772 0.01823826924375068 0.01363713518677403)
(0.6673496406451582 0.0005384756056693729 0.07067343487486087)
(0.6851560455760798 -0.02656360995330048 0.06707659553685165)
(0.7455507268289074 -0.02716184870570452 0.02366931860492862)
(0.7117775057654662 -0.0125349251343293 -0.03347105726707159)
(0.7618234012056962 -0.07734750541112685 -0.06760751250905299)
(0.7887900623074915 -0.02991956169381887 -0.08237076187034352)
(0.7479612713364531 -0.04701582961800093 -0.03260903833426215)
(0.8532537555868493 -0.04235601455856626 -0.01251324534609967)
(0.9143709660932742 -0.04291727473501749 -0.09305307702869499)
(0.9305941490467213 -0.01446804022306353 -0.06648854666253726)
(0.7901932775156867 -0.006441884942467994 -0.01145957189578289)
(0.7843252692351501 -0.004765609875245265 -0.105722568005937)
(0.8716234787330994 -0.05397066921484392 -0.1302307986024521)
(0.9367614558243786 -0.005158840836062656 -0.03965215256071222)
(0.9527632133303574 -0.01438558977004615 0.02687869646215124)
(1.095158856100048 -0.05552988731995828 0.008265568046759023)
(1.05058709628412 -0.01582070145875246 -0.07666895981864207)
(0.868972586002743 0.02440996611958518 -0.004040353773717619)
(0.6578506011587942 -0.001082129539005835 0.04718927047913017)
(0.5851654102117646 -0.02436649781769312 0.005343309873005042)
(0.6340914196830491 -0.01126887459846821 -0.02390035059674513)
(0.7037150341120112 0.02350120822959878 -0.07941941539640675)
(0.6958269077513325 -0.01191506616025917 -0.05544600081464638)
(0.6093067703978552 0.002688867877722568 -0.02339684796897905)
(0 0 0)
(0 0 0)
(0 0 0)
(0 0 0)
(0 0 0)
(0 0 0)
(0 0 0)
(0 0 0)
(0 0 0)
(0 0 0)
(0 0 0)
(0 0 0)
(0.7219603703559089 0.02364260096583816 -0.02333069412950451)
(0.7621931431694369 0.00591728213276337 -0.02670658606733471)
(0.8498933397684039 0.01863467906824389 -0.05913517905432948)
(0.853348601624292 0.01352678913391653 -0.04404755842545124)
(0.8024302928508615 0.02443253467097409 -0.137871324430654)
(0.8345034987407483 -0.01183483499217872 -0.01886906527927805)
(0.8419461733971069 -0.01186408924472951 -0.02535251939200613)
(0.7507876353247428 0.02304997422501682 -0.028396125588493)
(0.7912018144867312 0.01008811802644142 0.0500971997084012)
(0.7513369547186386 -0.03844754509819483 0.06917694198576532)
(0.7869291058055847 -0.03457932701020731 0.02339615530218066)
(0.7318881246285197 -0.007126927802921195 0.01356409267232694)
(0.7664182598115478 -0.137204090595399 -0.007923195809094246)
(0.8414375149091903 -0.003653899993494239 -0.1002084646175222)
(0.707218192178656 -0.03938006816957397 0.02610888968422758)
(0.8346835573757971 -0.07060965916051144 -0.01992627138829058)
(0.8737799533281008 -0.05392299561556108 -0.06084759022074446)
(0.9070953284436706 -0.05020114911447518 -0.07347861031443721)
(0.8556227173594089 0.01462199808181898 -0.02798748907724483)
(0.8273993726322726 0.006623603958760617 -0.1660408642975532)
(0.8778026060921252 -0.07374074573812278 -0.1648373443403772)
(1.010804709063744 -0.045254760270414 -0.07918192102525681)
(1.020607081835252 -0.00751028773582459 -0.03345605777424478)
(1.108156542613415 -0.0747776105208338 -0.01333171460263775)
(1.081645177567537 -0.03502545048240099 -0.05860566107513438)
(0.9774249738409285 0.04158275530146335 -0.02491806338087284)
(0.8071822176346932 0.02202435347824198 0.02333469062772684)
(0.7345911763462921 -0.02499262661411231 0.03086806545274062)
(0.631154540389505 -0.03805993076852295 0.0144645751142676)
(0.76250896612095 0.007777316805669024 -0.05086985304979764)
(0.841034909348308 -0.008221338087797979 -0.08504161261617196)
(0.7754719285340925 0.007144725335649015 -0.03601224101096596)
(0 0 0)
(0 0 0)
(0 0 0)
(0 0 0)
(0 0 0)
(0 0 0)
(0 0 0)
(0 0 0)
(0 0 0)
(0 0 0)
(0 0 0)
(0 0 0)
(0.7834733421069299 0.01808416845021795 -0.01412046106803381)
(0.8235633381297764 0.0268242810713014 -0.0003120982858084444)
(0.9008568529164608 0.02121296259381871 -0.03035944188175469)
(0.9656104635734205 0.0282562219724516 -0.03643477333695114)
(1.002372966328716 0.04227352808133668 -0.1118367932444478)
(0.9906798079531779 -0.01441156255293531 -0.06830642489429527)
(0.9522722965194019 -0.05370816434244826 0.03277259333465413)
(0.8536271177348435 0.02981544496104889 -0.06569741773444542)
(0.875092332477702 0.03290550764290128 0.0127278533573128)
(0.8718389575999616 -0.05037436007143068 -0.01604784870641346)
(0.8668231321778721 -0.04917270895610409 0.01123616866111739)
(0.8472846843078672 0.004419902047652783 0.0398672505490176)
(0.8373566149953344 -0.1752260329701897 0.06981041311282767)
(0.7519333347830751 0.08860435829552296 -0.06188393070255317)
(0.7234119968962753 -0.001497172620029586 0.1416695582300379)
(0.7748543202741746 -0.06709720694860495 0.0210567797940555)
(0.8065040567452129 -0.03758757016403044 0.04978756114600266)
(0.8720638357728914 -0.0485293697518651 -0.03977885058307349)
(0.8325375707928645 0.04637409325863848 -0.06897892919558654)
(0.8904265184737999 0.01943731850464272 -0.1406661982590034)
(0.8742630728794467 -0.05966163690452993 -0.1274417919108978)
(1.004775854898438 -0.08935175709026165 -0.06224080629564138)
(1.088552620607028 -0.01298065031352025 -0.05067674002782446)
(1.110873720826625 -0.07113409470951386 -0.02775291047675895)
(1.042381790332587 -0.03437461626023273 -0.04800383776499257)
(1.02431872037783 0.07432634564314436 -0.02573359392380849)
(0.8695170637305808 0.01102281433356476 -0.06531799589324057)
(0.9833815519135118 0.003384216191739005 -0.009209582292510737)
(0.7579892053484805 -0.05041263082146927 0.006614635725803073)
(0.7205423897606923 -0.03200894093537355 0.03533173902930944)
(0.8396543000701235 -0.01219833034007303 -0.06139125737660237)
(0.7802173824440685 -0.007422011991473437 -0.03394774267571178)
(0 0 0)
(0 0 0)
(0 0 0)
(0 0 0)
(0 0 0)
(0 0 0)
(0 0 0)
(0 0 0)
(0 0 0)
(0 0 0)
(0 0 0)
(0 0 0)
(0.7085568724611621 0.003407068137645237 0.03710788834657609)
(0.7956548678794229 0.04169779459682494 0.03966107825409487)
(0.9137619172696266 0.04129473018897283 -0.01166254359301186)
(0.995205376858167 0.03173535359387411 -0.03658775400973978)
(1.048979273042731 0.03634983182463808 -0.08287157765662277)
(1.078395485783075 0.003862676556506129 -0.07318556411991335)
(1.026800934292732 -0.0594221674645407 0.04328112850427294)
(0.9086770610375033 0.04115506715577558 -0.04446532539222819)
(0.9071845300650985 0.06565994930908084 -0.02584653128730157)
(0.976179524157639 -0.06219203050144269 -0.1121177901255624)
(1.04847683943486 -0.0445163045344841 -0.009704442998828769)
(0.9357380639593211 0.01605187360844845 -0.01753800305811207)
(0.9675732012380615 -0.1351259303264342 0.05087609974507918)
(0.7363489918184123 0.1267285607568094 0.02759791526712803)
(0.7959884355796264 0.02297987901889312 0.09028038743962243)
(0.8392524779125188 -0.02329093581302497 0.08672137200888654)
(0.9024602335891949 -0.03203914882126802 0.04387463140564248)
(0.9268970917619305 -0.01512755493502877 0.07725885066575575)
(0.8873815511902885 0.01898625675389989 -0.05316003567548178)
(0.9221197716937578 0.02632885636537736 -0.06168234359843818)
(0.8500373276178949 0.001799228810401749 -0.02630148024108567)
(0.9795507651375097 -0.05263473849829424 0.03059963875097738)
(1.076846683660546 -0.0120418786260306 0.004892115690996557)
(1.07855915471728 -0.04714566920690086 -0.008339573113697251)
(1.070271803627574 -0.03221535050718148 -0.003621118613569092)
(1.054212643380421 0.0988845552489826 -0.01550734857477641)
(0.979122220413678 -0.0461530216906349 -0.04150244303925098)
(1.037987948786923 -0.004375290284193956 -0.06893841642841574)
(1.058101771877071 0.002172479947973593 -0.01903439390820211)
(0.8054210377391413 -0.003258749721959732 0.08379557458208166)
(0.7814285884418682 -0.01418755901854848 -0.01383200229261107)
(0.7251384127949031 0.002026333378835672 -0.00825851133438462)
(0 0 0)
(0 0 0)
(0 0 0)
(0 0 0)
(0 0 0)
(0 0 0)
(0 0 0)
(0 0 0)
(0 0 0)
(0 0 0)
(0 0 0)
(0 0 0)
(0.83993724138948 0.04695847564803528 0.01179146372580906)
(0.7862224570592179 0.03857259811516395 0.1159159545763264)
(0.9469457623011259 0.05620029832310716 -0.01215077627884854)
(0.9655792648971001 0.0405590929434806 0.01429457503210193)
(1.038426239175642 0.0197175649059797 -0.05473154511011355)
(1.139078668805786 -0.0005150992168221515 -0.1233583099146956)
(1.081408494484741 -0.04858253720415785 0.0007995269858397426)
(1.045367278864308 0.04002028346123086 -0.03465857876801107)
(0.9935725066254412 0.09836347460398315 -0.04655579697384027)
(1.108615860073457 -0.09886976440570669 -0.0007986710247279464)
(1.11758840013793 -0.02605962896588298 -0.06913549620462922)
(1.07816308550967 0.03384080494970964 -0.02354029246060078)
(1.050715425994669 -0.02664400759065354 -0.01214945769874096)
(0.8383296420940759 0.1199372807019104 -0.01035236699719357)
(0.7911025727889901 -0.02381627965736685 -0.03582783532882791)
(0.8471306538323834 0.03714960116370749 0.08030287272993968)
(0.8918061643323505 0.03680234273220958 -0.06923561942308751)
(0.9233873806226617 -0.01882446464088943 0.0774336301992085)
(0.9955412098880629 -0.08819596718703805 0.07521631161070726)
(0.9773670364444759 0.04150109590323144 0.00397466642489398)
(0.9059410199371328 0.1002976368618012 0.09738020615577724)
(1.03200884243748 0.01814034872969864 0.1353919048526657)
(1.034512406132974 -0.01185053853151327 0.08567542689286832)
(1.011746243315596 0.02155846238032474 0.03575667628230526)
(1.111109852037246 -0.06659803748958347 0.03806184694042592)
(1.036958228874588 0.1451415410949221 -0.003858482789907506)
(1.028828156400262 -0.05653863443774784 0.01065527854000074)
(1.061251511471521 -0.02723851029477142 -0.04263683147431234)
(1.096271609529244 -0.007465787324157121 -0.0305049639398754)
(0.956385437028454 0.03132638150909241 0.01694216134288073)
(0.8510656726980002 0.02330116534230595 0.01999241723778629)
(0.8324166757146496 0.02810247511576243 -0.0104430995250002)
(0 0 0)
(0 0 0)
(0 0 0)
(0 0 0)
(0 0 0)
(0 0 0)
(0 0 0)
(0 0 0)
(0 0 0)
(0 0 0)
(0 0 0)
(0 0 0)
(0.9267584125446433 -0.01057308226945232 -0.02763291595414139)
(0.9644819346130543 0.1087314975295816 0.08501474083520644)
(0.9382044630896321 0.09745267847148864 0.01456291231796909)
(0.8732690041634347 0.1418527893522663 0.1189773463016554)
(0.9901335868697874 0.09521440791567437 0.1599888732014636)
(1.098084127117254 -0.0183042519552004 -0.04991975607264412)
(1.15155568003951 -0.01371540001522162 -0.06854151193236922)
(1.182726927564312 0.01228701767283029 -0.04403139245774623)
(1.205362198309004 0.07122692674572585 -0.01052641206090492)
(1.224674167041053 -0.1072039665222663 -0.009736247199891634)
(1.149491491544579 -0.03180127857991037 -0.08832706553804616)
(1.156561917614728 -0.01818589837421024 -0.01923019299761577)
(1.15415842917385 0.02859007927541855 0.006727338217868885)
(1.125889677863692 0.06771613586855336 -0.05086225764395624)
(1.122933572903553 -0.03888219755040304 -0.06904332544579167)
(1.001037391525943 0.01228772739818522 0.04398105562835759)
(1.021031616807853 -0.03710720763428432 -0.03018078747075639)
(0.9688015681196842 0.002146825394440696 -0.09954767896252016)
(0.9899979344171014 -0.0536223437287961 -0.006084761314556539)
(0.9411093819402293 0.05745003446224162 0.02695010880957557)
(0.9868101057069628 0.03218167509681627 -0.005566047549423311)
(1.002721337484247 -0.04889859905403837 0.08839110811232226)
(1.062428460458394 0.004173734705900125 0.1581716528046928)
(1.035495804614456 0.09003122822528517 0.00779203168168276)
(1.095157110902454 -0.06762481277487492 0.09625134182352113)
(0.9957857219868838 0.06304751774672204 -0.06346377946731746)
(1.067196172460092 -0.03944512856322286 0.02622853977234056)
(1.080978309710251 -0.04549882508851608 0.02815212576899498)
(1.12263711571604 -0.04279482786895004 -0.004166343809315345)
(1.143839911342441 0.07590054365273714 -0.018863072593626)
(1.02181348236132 0.05129150536516096 -0.05572102713951442)
(0.9600182600770668 0.006231326007918386 0.02412568555910858)
(0 0 0)
(0 0 0)
(0 0 0)
(0 0 0)
(0 0 0)
(0 0 0)
(0 0 0)
(0 0 0)
(0 0 0)
(0 0 0)
(0 0 0)
(0 0 0)
(1.068070842120463 -0.03674236714876707 -0.04781063403835302)
(0.9178387514718226 0.1271388666040925 0.02373853104546041)
(0.9443010790327688 0.1144029379794418 0.0621000588099281)
(0.8824356041456487 0.07503843589844894 0.0160080587910589)
(0.983191063430858 0.1171702049763516 0.1675085110658784)
(1.047119822471836 -0.01067254496858059 0.1001629096182479)
(1.171550066247862 -0.04529626559477509 -0.05366922398552638)
(1.215485499724268 -0.01228736773483513 -0.04054011452519991)
(1.201280470141671 -0.001516410286980042 -0.04393924287816661)
(1.182313676894452 -0.06305358631411065 -0.01957121364156527)
(1.095552684380315 -0.0531355392008851 -0.03613275012181402)
(1.119925637364884 -0.01900316864521714 0.02224612020117618)
(1.107460821262366 -0.008554223614419591 0.0344032348447903)
(1.163140278201188 -0.007713325438424248 0.02872295503856773)
(1.176152431835776 -0.01085887228190602 -0.03233160197731112)
(1.184078627343203 0.01086579289213678 -0.01979470793770926)
(1.209286420498073 -0.003447933488993473 -0.003435422286442755)
(1.146220148415369 0.01975304366051613 -0.03902507602357293)
(1.108028262189746 -0.005552424326111127 -0.02847408978994222)
(1.08174968407861 0.002865350299275387 0.009805272546300599)
(1.084116292283132 -0.0009628722370953941 -0.04203525919533924)
(1.101475917787071 -0.09925144329370102 -0.1055599284349049)
(1.113543621499265 -0.083127620766725 0.03241070241920355)
(1.213198702792976 -0.007175714750751107 0.09872049277451714)
(1.244649860902716 -0.004923003564239223 0.1085175026449499)
(1.150964196548138 -0.0301674762204029 0.0591763565654574)
(1.120519202233937 -0.03635951155967913 -0.02203473818534951)
(1.129502612401087 -0.04244976319052012 0.03400294450071664)
(1.136547352923574 -0.08454534629873212 0.01253353312150458)
(1.072653303605573 0.06548371282141605 -0.0017314451849379)
(1.092973623485785 0.05917255598930893 -0.08673611506379933)
(1.086743097471522 0.06178085831345102 -0.02058557581966817)
(0 0 0)
(0 0 0)
(0 0 0)
(0 0 0)
(0 0 0)
(0 0 0)
(0 0 0)
(0 0 0)
(0 0 0)
(0 0 0)
(0 0 0)
(0 0 0)
(1.040352406627344 -0.01218301116362622 0.01533530861635525)
(1.015995947215672 0.1178390886010556 -0.03588864723796627)
(0.9040971849362726 0.08985256849838144 0.06342980192807866)
(1.008824230827021 -0.003557823310846006 0.0773202428301662)
(0.9803341367955195 0.07884076496761314 0.03123205780464805)
(1.044124659686602 0.0310255237655129 0.1181043653405039)
(1.186633194588566 -0.06201177182665726 -0.03754938016833333)
(1.194546976201761 -0.02480487402869892 -0.007035814762586511)
(1.152782401690906 -0.02688313825648976 0.02784543834896366)
(1.107783806793172 -0.05161828740663997 0.0353317363999656)
(1.088353742866808 -0.0241066397502881 0.007341709846548719)
(1.126433201163599 -0.02290833849483736 0.03691882619085807)
(1.137289069127992 0.001603667914015631 -0.01349245918666981)
(1.119000300466264 -0.02604948632696928 -0.005611612925666985)
(1.172273580113405 -0.01963042819010774 -0.003158431117029783)
(1.204341175742567 -0.01024815036898828 0.01149629980587121)
(1.226682054665517 0.008635257577904483 0.0006458984519629379)
(1.208638360038052 -0.004891708707319566 -0.01518506935927475)
(1.235921563440138 -0.02645736321242189 -0.0004616339205426076)
(1.257165394337355 -0.02595444301978961 -0.02107298205683169)
(1.263030610576823 -0.08069421374624536 -0.0186090000334179)
(1.245434612237824 -0.0188815284165376 -0.03648093954769802)
(1.216241659194353 -0.00830423511301848 0.005042450309184862)
(1.233973192923016 -0.03371221465371795 -0.02496615685761455)
(1.145641985507889 -0.008964867813896576 0.05200563509242727)
(1.194401384933269 -0.03328477679182726 0.06367360692946727)
(1.157248896649376 -0.03696430195530875 -0.03136736017999806)
(1.136091268712106 -0.02792915621469864 0.03314470714941569)
(1.131597499571598 -0.03194471052026279 0.008319333255698558)
(1.106864972569487 0.0293847501248421 -0.005996089057235227)
(1.131957406637981 0.02020538874081656 0.01999746396540983)
(1.066395324376603 0.08123121543191514 0.005258710230027636)
(0 0 0)
(0 0 0)
(0 0 0)
(0 0 0)
(0 0 0)
(0 0 0)
(0 0 0)
(0 0 0)
(0 0 0)
(0 0 0)
(0 0 0)
(0 0 0)
(1.151664847509549 -0.001869179210280254 0.02362345449314122)
(1.117327557198436 0.04111509185910055 -0.04303480709512434)
(1.209342828685582 0.01475341574278757 -0.06166261538562317)
(1.199765005927605 0.0250528105664915 -0.02750803480186762)
(1.178884450097727 0.05844144131007573 -0.01265877472751972)
(1.184372120522388 0.02626119710227478 0.04605281806302614)
(1.231081090528019 -0.02835657127826727 -0.009289218522351332)
(1.214248452346159 0.02994863765673152 0.02366194617892316)
(1.174614360337316 -0.02934203198857631 0.008310515105158161)
(1.149300147394518 -0.01190511627689904 0.08962890648533038)
(1.123490163882456 -0.01688395634251529 0.0379158179106981)
(1.154666798238469 -0.02159521829698328 0.02197741531200278)
(1.180159631016324 -0.01981036608533417 0.002102603772438859)
(1.200734473528164 0.002948349930896888 -0.04841551113788142)
(1.201898168678721 -0.03604893061913669 0.003025293547485353)
(1.178010953714952 0.003658449773557 0.05238160158636226)
(1.133356220883467 0.001973432317571788 0.0692887870327506)
(1.163050581010242 -0.003955952279861011 0.01168729004092649)
(1.201530191989053 -0.05538024160159004 -0.01600309860123808)
(1.160826055091556 -0.07776314498748504 -0.05525822781122558)
(1.125532314670894 -0.09342960079621479 0.005508580950314035)
(1.145202751221599 -0.01978515159225566 0.01144723454119452)
(1.224221601834153 0.02135619788286115 0.04699648366788952)
(1.242164382669586 0.02458186337614162 -0.03111703896386615)
(1.214891670733512 -0.006260031990172866 -0.007797936100497816)
(1.188066358559146 -0.03357944814764011 -0.01148408896489044)
(1.18071686289554 -0.01389369472891235 -0.05555627224930804)
(1.137422028175725 0.0041068601266595 0.008395428830469351)
(1.14521320116986 0.01262932427245292 -0.02386250530265681)
(1.164953858543924 -0.005003042652711582 0.05532858454436004)
(1.114149646504295 0.03315541251032659 0.03046832672377501)
(1.175689958013982 0.008485400916773501 0.01894467635234311)
(0 0 0)
(0 0 0)
(0 0 0)
(0 0 0)
(0 0 0)
(0 0 0)
(0 0 0)
(0 0 0)
(0 0 0)
(0 0 0)
(0 0 0)
(0 0 0)
(1.148091721979529 0.007360569589376175 -0.02447352336476567)
(1.12907316632954 0.01570062672695121 -0.05281920616412787)
(1.19455631390338 0.05260085475711115 -0.004177370110345598)
(1.172767709291481 0.04625963817123809 -0.007299930760009166)
(1.180017191472597 0.0277974630413856 -0.03815103668990449)
(1.21643805519503 0.0365782940063081 -0.003032954794074044)
(1.246130509591336 0.004048242913209254 -0.01407082111689222)
(1.192235744898594 0.06335988444924937 0.02922702793497577)
(1.222028194216093 -0.01091734435494571 0.04982927932798508)
(1.168421798385025 0.01562473775739581 0.08965832469944036)
(1.147734868868076 -0.005537192357238229 0.03495276621758596)
(1.206558060924407 0.01118225636969502 -0.01337517723564514)
(1.213828242170359 -0.005174786189430701 -0.0627975455927423)
(1.204626888572942 0.01178795961475589 -0.03983346426389731)
(1.204581469017957 -0.01384346346660393 0.003141378258009635)
(1.190043604243262 0.02692444018171789 0.04986702244259193)
(1.152971850696026 0.01482243066585425 0.1259794983203517)
(1.141039344046697 0.01071676589199708 -0.004819795557905093)
(1.129137215830951 -0.03211641954100808 0.01001217219694952)
(1.066630717058508 -0.1055942697061172 -0.06035402650364066)
(1.002269100641949 -0.04660820063603759 0.06470191756676229)
(1.072432693120287 -0.009517364649360626 0.09481524408040153)
(1.190466751161671 0.03058012046129687 0.02647139839134654)
(1.167413165222825 0.01631965351020576 -0.02701357533997953)
(1.166823846644723 0.01111331895093637 -0.01546783798685207)
(1.075415092066089 -0.05740269011127447 -0.02142548490248989)
(1.119895865707859 -0.02606007911353431 -0.08250636337545789)
(1.157644548331613 0.04276306977172779 -0.02468291618685902)
(1.156803596171627 0.01881718500346739 -0.0165842992965324)
(1.119744342516677 0.05120942947619863 0.04994938039858974)
(1.098801919620066 -0.04096062357685101 -0.04855347734618017)
(1.136988726479431 -0.0230984666728678 -0.04650629871893777)
(0 0 0)
(0 0 0)
(0 0 0)
(0 0 0)
(0 0 0)
(0 0 0)
(0 0 0)
(0 0 0)
(0 0 0)
(0 0 0)
(0 0 0)
(0 0 0)
(1.05715259202006 0.01186279537378026 -0.03280994706906446)
(1.100014885784916 0.02565367256231112 -0.09122215792397344)
(1.194890500080759 0.08856304522286343 -0.01900598801635228)
(1.159256063536632 0.04774787274699794 -0.04288090801626182)
(1.125747402331611 -0.001417507451859908 -0.05269313502105235)
(1.182665059987325 0.004047261127988579 -0.04090707660659573)
(1.203489498514527 0.03755399008474041 0.01348007689306693)
(1.172618301203524 0.06784950307299709 0.06229561600327198)
(1.233460957104263 -0.004181562165433451 0.06789897516691702)
(1.167756329017499 0.03056317986696723 0.06502384170527943)
(1.18895919094009 -0.03639645099882763 0.03359363774384769)
(1.213765930719689 0.02354366692299517 -0.03095139237979748)
(1.188606070249266 -0.01405196509028996 -0.05296603899811601)
(1.148367602131694 0.01795501598013186 -0.03593389604600811)
(1.148526924672369 0.01459975687364312 0.08351119416730529)
(1.166964296087863 0.0287752815153066 0.1065118790158345)
(1.142579057974523 0.03641501872532658 0.09585877367400686)
(1.158407508999331 0.03603527791889014 -0.034998873912911)
(1.104282610750715 -0.05555321980687963 -0.05518412301796911)
(0.964364041806012 -0.04869056116150739 0.02184808968283622)
(0.9471498075343143 -0.05084113864151676 0.0757513025636054)
(1.024299875808018 -0.03964914667185421 0.07824483047216672)
(1.105960507858951 -0.0468471757208383 -0.02348218681763891)
(1.135554965597643 0.03497374435649996 -0.05314918266473742)
(1.050271240740232 -0.001914705820936628 -0.008462715664858303)
(1.04615359216497 -0.0170565435315925 0.01211417995958349)
(1.095984015768182 0.02565064220173721 0.02653560634355133)
(1.122662464303441 0.04531770168855361 -0.01487804554575869)
(1.132337454136838 0.06371991259120012 0.02337724758734867)
(1.145985157210687 0.02645631584916044 -0.03608425501610632)
(1.110743189821285 -0.05173881874969347 -0.04495448269880079)
(1.07366494679176 -0.03488394297242496 -0.04069823097230853)
(0 0 0)
(0 0 0)
(0 0 0)
(0 0 0)
(0 0 0)
(0 0 0)
(0 0 0)
(0 0 0)
(0 0 0)
(0 0 0)
(0 0 0)
(0 0 0)
(1.02446457344999 0.01872283149700228 -0.06337756939476898)
(1.138438478369866 0.04134555914301369 -0.08916470529072931)
(1.171527968451895 0.09014362322697089 -0.02014543851335165)
(1.188050730100726 0.05030547734891491 -0.04444352842210259)
(1.171686244557346 -0.004462395438958841 -0.07164806574868658)
(1.148186480783689 -0.02945871059895121 -0.0175912978261338)
(1.161817799733778 0.0413758444283561 0.06470863305815358)
(1.18232533949434 0.03850390501906113 0.05559307419703276)
(1.219287124610259 -0.001904157422920083 0.04081186869907705)
(1.19300411374377 -0.01102526469362618 -0.01320981183314872)
(1.130419593796695 -0.06729918580653926 0.05459932644686703)
(1.19124990992144 0.06206926285162138 -0.07367395438332537)
(1.153672545926381 -0.0182277609744698 -0.04992836288619307)
(1.096899679835229 0.02088434082197051 -0.007029077430483688)
(1.122100967061856 0.03814880688287749 0.03294347908433218)
(1.109361327249627 0.06166706794631481 0.06976114125051475)
(1.137635120672497 0.01533128923805599 0.01680975678583823)
(1.167253605833741 0.04157332889499566 -0.0186710906619744)
(1.023113497983431 -0.002249969725115549 -0.05803055244438719)
(0.9190625610088491 -0.02900327976612679 0.06330429460270744)
(0.9395549705698875 -0.01565872444060165 0.03672164020815747)
(1.042469700867072 -0.03376067736927161 -0.02655646240399982)
(1.030161096657999 -0.1023546141169712 -0.03967070365525763)
(1.091373614919785 0.05863725703059487 -0.06883039080721608)
(1.105325346024598 0.03722411448302351 -0.02923446253272973)
(1.047776355442006 -0.004225687663621391 -0.003592993782882356)
(1.096772801982877 0.03888508834594746 0.0149797045991128)
(1.105806993927331 0.03675178287690414 -0.02046975424892784)
(1.120454219222139 0.06448211582784266 -0.02327868734445622)
(1.102328822528498 -0.01482097372946195 -0.04685601819718156)
(1.045593631571201 -0.007561712151929403 -0.02406933798699753)
(1.003964619744224 -0.001284411906738446 -0.05298433182964394)
(0 0 0)
(0 0 0)
(0 0 0)
(0 0 0)
(0 0 0)
(0 0 0)
(0 0 0)
(0 0 0)
(0 0 0)
(0 0 0)
(0 0 0)
(0 0 0)
(1.02802742165608 0.01899402314143485 -0.09768642311713718)
(1.128209838352108 0.06356739994922268 0.001422033854469408)
(1.128474576933747 0.05326586309545674 0.02860029888269482)
(1.136249557714006 0.0282022040590155 -0.01634262054541098)
(1.130551592728591 -0.004248001173998275 -0.01877085119027096)
(1.106928439809752 -0.01270244542873651 0.02982556828770058)
(1.102449300580586 0.007928001314275034 0.07234919721844728)
(1.137989632808621 0.02474079461661468 0.0729577004189874)
(1.221933133148884 -0.03671128240763631 -0.02721444930022069)
(1.097670686636185 0.03689149283179815 -0.04243422953751881)
(0.9537360518362983 -0.1418736078425885 0.01343819082752124)
(1.094675749542711 0.03550003796067702 -0.1172211483437273)
(1.013797473353948 -0.01402738021856743 -0.03523672881006579)
(1.040219874170849 0.01808311581489457 -0.003886792020079561)
(1.09569184595501 0.05522204024109577 -0.02345146104778088)
(1.129646364902517 0.05413145235096194 -0.02522037239870633)
(1.12255617116861 0.05196788957638612 0.03409091267510267)
(1.134322413328536 0.06161834334446491 0.0283448367064222)
(0.9995821499101486 0.003287895731714158 -0.03087161714022328)
(0.9428718139130763 -0.0145668501061561 -0.02995219851909589)
(0.9409951713142704 -0.0103817071785274 -0.0379154667476722)
(0.9331730381553196 -0.04310616429287213 -0.09723444465703808)
(0.9451126950153206 -0.08914200694325765 -0.01881061613895976)
(1.018938089169853 0.04799456724662522 -0.07667434081205457)
(1.120999551050437 0.06251394492087391 -0.06021548923992588)
(1.060762287784552 0.06151112690601886 -0.01611800011786759)
(1.069854734403395 0.03491112596237021 0.009326081424046184)
(1.104959551247577 0.04006798913304324 -0.02243007801625625)
(1.130069131997384 0.03946982303538937 -0.05351063367189646)
(1.044055518004339 -0.01209231181556642 -0.03253798018187681)
(0.9751189438601365 -0.008395559792154797 -0.03929006867850387)
(0.9870507568195057 0.00333285523808234 -0.08700401440565809)
(0 0 0)
(0 0 0)
(0 0 0)
(0 0 0)
(0 0 0)
(0 0 0)
(0 0 0)
(0 0 0)
(0 0 0)
(0 0 0)
(0 0 0)
(0 0 0)
(0.9874121594311801 0.03662383172906523 0.01683235436635902)
(1.075677523025566 0.05489982822753739 0.04538301754284221)
(1.110789823800991 0.01051949660238193 0.08817147302802129)
(1.11703205676236 0.02865403921431619 0.01877849011550716)
(1.10372089450797 -0.02408245224750646 0.04047561443408944)
(1.101168397351911 0.009650880690350227 0.08691277469805436)
(0.9801427555364159 0.02083296279988039 0.1054131458227854)
(1.036034566533255 0.0559471099218617 0.09789879846468508)
(0.8706526027490558 -0.08992574069512033 -0.0725514980114131)
(0.885622818295096 -0.02629646845870418 0.06212347934109023)
(0.8871137074653387 -0.0785156565459824 -0.007454634907599604)
(0.9064168518071121 -0.001680507965745892 -0.1009924395814896)
(0.9667339459188429 -0.02111903755143356 -0.0211397009782853)
(1.001051169690332 0.005433525360373984 -0.02602245431187229)
(1.025690606774162 0.04147703453243954 -0.04810866113641547)
(1.070735995061425 0.06120375458206341 -0.04271641413918913)
(1.104757427387649 0.07374335145350279 0.02825398798970752)
(1.087477266327886 0.04678426607925863 -0.008465874590838666)
(0.9644710120600668 0.02018234489180871 -0.05997637278704686)
(0.7639360288130436 -0.008814306291872702 -0.08073699832501546)
(0.800679628067113 -0.01032082100444683 -0.09292303816945201)
(0.893617330344855 -0.07408254740095803 0.05881420978435978)
(0.8958384047568396 -0.04474832046736493 0.02712416901863093)
(0.9397326366505727 0.01028216778460721 -0.1206740227938926)
(1.040946965906157 0.0547892191891012 -0.06758209768161219)
(1.085531720836996 0.08133246545082254 -0.03519870948589725)
(1.056738719011844 0.03875452796799108 -0.005895956916675624)
(1.069869092240418 0.03203024342238047 -0.01555485105029671)
(1.106973156417793 0.006873503414157002 -0.02435659002165621)
(0.9986721311711556 -0.01958341848270599 -0.04991291980624162)
(0.9441352222013748 0.003735468234474449 0.007381474142588334)
(0.9583590876552155 0.0115161150923779 0.007784198823876047)
(0 0 0)
(0 0 0)
(0 0 0)
(0 0 0)
(0 0 0)
(0 0 0)
(0 0 0)
(0 0 0)
(0 0 0)
(0 0 0)
(0 0 0)
(0 0 0)
(0.9966837100874796 0.03111700480500099 0.09431733263766559)
(1.055028876795718 0.03638703784914803 0.087895492937592)
(1.116039444202697 0.0007201511871745827 0.06553073475239801)
(1.042286972051878 0.01709598351775391 0.01254657256651389)
(0.9317688823151236 -0.04369578599962871 0.09776895898741912)
(0.8988932516282293 0.05233071282569411 0.1076500740838425)
(0.8346861016547505 0.03510410007606574 0.09935460245309215)
(1.017091795760681 0.007615092388809152 -0.04586349833623537)
(0.8028653253643616 -0.09441558146573169 -0.04918623847667434)
(0.8103551349281685 -0.01606093498428591 0.05358952199338406)
(0.859669980356613 -0.01379338619190393 -0.02263080386447296)
(0.8992280313439505 -0.005830953625437404 -0.05827662531434669)
(0.9675061648653824 -0.0001371408770203952 0.03472968750432522)
(0.9953815516480389 0.02163187234209427 -0.03463489863020586)
(1.007524635751591 0.03395456966827032 -0.06980268174431607)
(1.05028323311451 0.05394707635451397 -0.04755868812420407)
(1.095974546752355 0.02477559252714773 -0.002273264447239358)
(0.9830028029298301 0.02093866717197127 -0.05420587135775998)
(0.7643497433622908 0.06462870762166904 -0.07655254296771201)
(0.7682731024509 -0.008311216426447292 -0.03495590293213522)
(0.8152115824693581 -0.01773537480745422 -0.02623874811035367)
(0.8574901623376451 -0.07407332829413898 0.142699337338189)
(0.7794559720614642 -0.05062229110592821 0.01127652776758755)
(0.8482817307589892 0.01306459008292675 -0.07482414507937181)
(0.957786171843876 0.04943661053190438 -0.008535417831273474)
(1.038419993284474 0.0544783863274146 -0.02181483349046351)
(1.039095739742071 0.03647330378376405 -0.001696079941338004)
(1.039956486819726 0.02059071714186344 -0.001332970417064114)
(0.9776651833147123 -0.01503344394985767 0.01703021873813419)
(0.9093834385315799 -0.03706459368965261 0.003724942595795369)
(0.9234675464703664 0.005109861534717519 0.07354229260456144)
(0.971283914540473 -0.0006718753438428931 0.09582459438883174)
(0 0 0)
(0 0 0)
(0 0 0)
(0 0 0)
(0 0 0)
(0 0 0)
(0 0 0)
(0 0 0)
(0 0 0)
(0 0 0)
(0 0 0)
(0 0 0)
(1.005443907691738 0.02566655289591624 0.1094996968360261)
(1.032768373894274 0.01336235382487291 0.08405965907878199)
(1.018489306395545 0.02691548343080733 0.000788069146748114)
(0.9034793636742089 0.009828526970771219 0.03060737154650613)
(0.6111134109677332 -0.02029903380117893 0.1019431408678893)
(0.7521263955763048 0.006633158068134808 0.03675985178811041)
(0.8718661167575033 0.006263429875750654 -0.03226323279111801)
(0.9293217509422929 0.004891474374230874 -0.1029349784124589)
(0.8015671576932307 -0.02543191857382577 -0.06323749892512345)
(0.8010160168166518 0.02834678995397013 -0.003115406707667809)
(0.8479874281078434 0.03312007079207659 -0.03770569619516939)
(0.8809199792894937 0.01224396191470665 -0.01886223028193999)
(0.9572366993512998 0.02930619120554143 0.06470766607647752)
(0.9948883256081054 0.03465175791486482 -0.02331016690326751)
(0.9069954903229899 -0.003377533325085658 -0.07935634410808357)
(0.9464711040307539 0.01164418242462279 -0.0006430726526032407)
(0.852403357529206 0.0005168991935451893 -0.03920424325312024)
(0.7014660763347442 0.03896857097774262 -0.08275188963166752)
(0.7307073779034775 0.02939787137284012 -0.008881810365134709)
(0.8134194634102585 -0.02694720247794016 0.06675812167161116)
(0.8497152261375777 -0.03613846550220025 0.07685626512824541)
(0.7913290069390351 -0.005687613693401151 0.1274915581538889)
(0.7393713365856334 -0.01950777124202554 0.0008376268134706669)
(0.779838391350161 0.02067663695252388 0.007524774150049047)
(0.8999103849523369 0.04875595068772158 0.03958270611306335)
(0.9437397802548974 0.03683755259956664 0.005176110563021355)
(0.9648525104766649 0.01901448856671514 0.001702225810497564)
(0.9526564747272669 0.01874512693115528 0.0376469018686847)
(0.7965215717390179 -0.004229806210442755 0.007842934574373912)
(0.8514609830976161 -0.02584769478676554 0.09572000210967956)
(0.9242137183895369 0.001027151444938714 0.1228570356415429)
(0.9844258362129344 -0.02059367714737216 0.1125472398070235)
(0 0 0)
(0 0 0)
(0 0 0)
(0 0 0)
(0 0 0)
(0 0 0)
(0 0 0)
(0 0 0)
(0 0 0)
(0 0 0)
(0 0 0)
(0 0 0)
(0.8685771525166134 0.01745309305156958 0.06896682554316205)
(0.8670622167644353 0.02035165096850466 0.03547435756781597)
(0.8131260405990515 0.0316882335080221 -0.01505766708783743)
(0.5643038691374042 0.04391377764168353 0.09449674611179033)
(0.5900524404894769 -0.0472102007235867 0.01529888190445724)
(0.6759685932952052 -0.0229612520262178 -0.00539905382492119)
(0.8405751299626447 -0.01758244287291804 -0.1115903577746231)
(0.8157879603878433 0.002376113758138731 -0.08607498919417203)
(0.7790187543981751 0.007957117995640479 -0.06112959819496132)
(0.8051291406653055 0.03844123495436514 -0.01153245540520296)
(0.8480391803417864 0.03958560058018903 -0.03646114969774258)
(0.8682800123876623 0.003390311163288619 -0.02929686228681336)
(0.9291117245279319 0.03463145597237507 0.03888050197250669)
(0.9750635480865988 0.033058308874719 -0.009802608872008624)
(0.8020012511719001 0.004257810982412779 -0.05071148733826596)
(0.794305332148059 -0.01204534758559619 0.05447272644385766)
(0.5882314712166623 0.007215163689043172 -0.05781610845786789)
(0.579698280862307 0.02623397214014041 -0.05265801455915445)
(0.7191270737785512 -0.007445794654433363 0.06750345522642484)
(0.7637008159884806 -0.03395197731245885 0.109032996012079)
(0.7910519347256361 -0.03204860217382056 0.1061637848249428)
(0.7617600777319966 -0.006925243067779661 0.08244207977050522)
(0.7244762743439279 0.006721612514518012 -0.008346118863867172)
(0.7313666551997084 0.0189770268842441 0.04694323069163649)
(0.8184484377908253 0.03379363157624173 0.05598672561296193)
(0.8204270778349086 0.02302262380541008 0.02560895474984402)
(0.8466598449132878 0.01079863170080924 0.009015558928021462)
(0.8405233754927404 0.02796868833242604 0.05428851010533361)
(0.7105495362054361 0.002081333371435036 -0.02028424436430964)
(0.7645542782628033 -0.004570700295308403 0.05268295913859767)
(0.8536417542196272 0.008190799381976185 0.09459824659710486)
(0.8343287800759907 -0.02934903970487902 0.06552947282938468)
(0 0 0)
(0 0 0)
(0 0 0)
(0 0 0)
(0 0 0)
(0 0 0)
(0 0 0)
(0 0 0)
(0 0 0)
(0 0 0)
(0 0 0)
(0 0 0)
(0.5295084491738502 0.02554144073194389 0.006266437423582433)
(0.558128299617962 0.008788000659343927 0.05070488425793959)
(0.3841115379913256 0.02041065595795904 0.03983850626470636)
(0.3481096383066082 -0.0006795305158972605 0.07494945473426365)
(0.4681698949546759 -0.03736480370216571 -0.03282704760491413)
(0.5113455577907697 -0.02135772933576955 -0.03458341217554674)
(0.6616812532573257 -0.01834839404110207 -0.1605541714795962)
(0.5973788412701683 0.01455370101650297 -0.05108812911582227)
(0.6731419705151646 0.01844110614564691 -0.0263659984192331)
(0.7314642444666822 0.02842640997702394 0.0006279747614726936)
(0.7451367495280421 0.0210981306613649 -0.03653690253814318)
(0.7049415926113962 -0.001650050987153809 -0.003281667129900317)
(0.741734012581893 0.01789919888131916 0.004101645627772644)
(0.7763905121445202 0.01646972430890487 -0.008124108700303494)
(0.5731444382550812 0.007308702332252962 0.01959227264512394)
(0.4375756463983486 0.01080672718736664 0.01835350895940544)
(0.3872821316588039 -0.004098639722148844 -0.03001440045974704)
(0.4178238286433464 -0.007988425407550903 0.01554199531043451)
(0.6022026827791063 -0.02203660467350145 0.1152048818206308)
(0.5702402675207505 -0.02957112480000622 0.1091844778106912)
(0.620201411280297 -0.0195374618469839 0.108329853953086)
(0.5773334498847946 0.01074516815992802 0.01255710303211733)
(0.5876692720565855 0.008431995768661276 0.009415616581468758)
(0.5829674558249621 0.01032487387617683 0.07376976389635187)
(0.6008911241583974 0.01684470979326834 0.05147847894078719)
(0.5980392412029925 0.0081148246077646 0.02274222886025084)
(0.6062884014824291 0.009677570657423144 0.01972427692937081)
(0.6219410338896264 0.01691039953426346 0.02488610808961897)
(0.5229339330022023 0.003647202653562488 -0.03265905909732405)
(0.5703985537143146 0.01107251958540217 -0.01534116981558556)
(0.6419474533956816 0.01404204794137887 0.04282303037487091)
(0.4575248804254787 -0.01582827496348662 0.01827779679480804)
(0 0 0)
(0 0 0)
(0 0 0)
(0 0 0)
(0 0 0)
(0 0 0)
(0 0 0)
(0 0 0)
(0 0 0)
(0 0 0)
(0 0 0)
(0 0 0)
(0.1780619172773437 -0.001103178513546576 0.0129715500166653)
(0.1874352195096222 0.01033057837083444 0.03542073113209952)
(0.1163181707511085 -0.004192074812111732 0.04567894227602395)
(0.1665813089049351 -0.00407546044741349 0.03048851426084636)
(0.1621684310848271 -0.003893326730624451 -0.01122985233073656)
(0.2185676741874676 -0.01284350783079534 -0.04248063169244509)
(0.2751759749813651 -0.003574012874895215 -0.09240679949595607)
(0.3419762866452398 0.009059320261617765 -0.01228034094943433)
(0.3797544737056913 0.00667456466117847 -0.0001506066827145374)
(0.3651496602554806 0.003171640675365316 -0.007771203325965958)
(0.3572064629313186 0.002851657640805512 -0.01652187984915882)
(0.2837913927615502 0.003697339778012205 -0.009156143637238172)
(0.2821774517876933 -0.001705217371930517 -0.02595522353085639)
(0.2170801748645981 0.008210880429247893 -0.03703691695163791)
(0.1914941609019363 0.005281603898813153 0.02574019167518771)
(0.1786252971098198 -0.004714456766925254 0.009708212641588266)
(0.1261612201916203 -0.005240093168329361 -0.01863555497931665)
(0.1530453108132906 -0.01338240153368009 0.02372619309655512)
(0.1855297497419878 -0.001988113825251946 0.05403919289647993)
(0.247089280008234 -0.009588242011380296 0.06655496827193859)
(0.2708458413711424 0.004488821500617347 0.05379737480167793)
(0.2914749145806221 -0.001206867260488355 0.005476508234175972)
(0.2655936740560758 0.0003787962184170261 0.02344434303214317)
(0.2548668842917687 0.002898341375561728 0.04438923518250379)
(0.2678046171208502 0.003506600526223287 0.02277306252650288)
(0.2277168173437319 0.0007324238582620433 0.01889542525576966)
(0.2563439186588519 0.002865862470273063 0.004750142114748695)
(0.2512346702881176 0.005348755857883184 -0.01034457280059972)
(0.2291405763251708 0.00370284113035991 -0.03762183199037211)
(0.2107580948001972 0.001918120065562807 -0.01271711740630887)
(0.2105409467939673 0.01482436875129079 0.01130376411644755)
(0.1709375851371965 -0.01002882812311243 0.01367372415649732)
(0 0 0)
(0 0 0)
(0 0 0)
(0 0 0)
(0 0 0)
(0 0 0)
(0 0 0)
(0 0 0)
(0 0 0)
(0 0 0)
(0 0 0)
(0 0 0)
)
;

boundaryField
{
    inlet
    {
        type            cyclic;
    }
    outlet
    {
        type            cyclic;
    }
    bottomWall
    {
        type            fixedValue;
        value           uniform (0 0 0);
    }
    topWall
    {
        type            fixedValue;
        value           uniform (0 0 0);
    }
    left
    {
        type            cyclic;
    }
    right
    {
        type            cyclic;
    }
}


// ************************************************************************* //
