/*--------------------------------*- C++ -*----------------------------------*\
| =========                 |                                                 |
| \\      /  F ield         | OpenFOAM: The Open Source CFD Toolbox           |
|  \\    /   O peration     | Version:  v1812                                 |
|   \\  /    A nd           | Web:      www.OpenFOAM.com                      |
|    \\/     M anipulation  |                                                 |
\*---------------------------------------------------------------------------*/
FoamFile
{
    version     2.0;
    format      ascii;
    class       volScalarField;
    location    "10000";
    object      nuTilda;
}
// * * * * * * * * * * * * * * * * * * * * * * * * * * * * * * * * * * * * * //

dimensions      [0 2 -1 0 0 0 0];


internalField   nonuniform List<scalar> 
2838
(
0.0005024321228700264
0.0005024907240105638
0.000498591760681859
0.0004984794061435674
0.0004985086860195728
0.0005024138897487603
0.0005025240270456803
0.00050249230628242
0.0005025201157598453
0.0005025148311572358
0.0005025240448078867
0.0005025094612761357
0.0005025586158018999
0.0005025735358126411
0.0005025392056668528
0.0005025155718386246
0.0005025266989503479
0.0005025549345506745
0.0005025509981793061
0.0005025057149823103
0.0005024961646981829
0.0005025204417075485
0.0005025054787181648
0.0005025260650186851
0.0005025190343101405
0.000502524010374917
0.0005025496550294436
0.0005025093081027767
0.0005025392102048627
0.0005025186840866827
0.0005025407641603967
0.0005025063913727703
0.0005025218255104644
0.0005025497744858702
0.0005025083633182148
0.0005024982534911235
0.0005025330748819595
0.0005025045502729938
0.000502528716448445
0.0005025110838687303
0.0005025239074477894
0.0005025124201301869
0.0004985912323499877
0.0004984783701658522
0.0005023226209081296
0.0004986701366912035
0.0005023307884022769
0.0004985856804600356
0.0004984793437114729
0.0004985104743174165
0.0004984707393572763
0.0004984639122136742
0.0004984971014207609
0.000498494743759551
0.0004984995777780127
0.0005024130552879652
0.0005025231056092971
0.0005024918577883101
0.0005025190116406327
0.000502531785118537
0.0005025000021856841
0.0005025668998868473
0.0005025320113723817
0.0005025634955853265
0.000502548787284977
0.0005025474606221025
0.0005123564602937122
0.0005126455407139816
0.0004640710075197029
0.0004624699075739287
0.0004628148425043232
0.0005107618611255021
0.0005133115794770569
0.0005127452981782019
0.0005129905384772933
0.0005129781318142082
0.0005130548756429506
0.0005130141423358132
0.0005137107155636529
0.0005139167240601815
0.0005136199924601958
0.0005130384426844268
0.0005131331364339288
0.0005136490324882224
0.000513864990185266
0.0005131459351243325
0.0005129667123358717
0.0005131441951876818
0.0005129155666588782
0.0005130489658725813
0.0005129936874190053
0.0005130462391615213
0.0005134375490685648
0.0005132084265279665
0.0005135374700637275
0.0005132714814719528
0.0005134623024462341
0.0005131321554057476
0.0005130369231409138
0.0005133614056356484
0.0005132694165167698
0.000512919859410135
0.0005133032562714402
0.0005130821077908981
0.0005132985656492557
0.0005132345025371627
0.0005131491472738565
0.0005129350510489169
0.0004640632780111912
0.0004624929554596495
0.0005095325613220843
0.0004647004187101083
0.0005097162995978629
0.0004639605152719165
0.0004624676454143651
0.0004628118579554962
0.0004627182034534962
0.0004625634904885544
0.0004627041838107302
0.0004627882195853848
0.0004628205411686978
0.0005107322210180373
0.0005133037390237931
0.0005127417344694803
0.0005131990516620455
0.0005132308379269585
0.0005128890406159936
0.0005138085375373652
0.0005137069763109195
0.0005136850586652565
0.0005137988130803852
0.0005135992133536672
0.0007735956106412105
0.0007738774011026714
0.0007500216332649985
0.0007473085186945902
0.0007478740614924403
0.0007722310448059325
0.0007744840661762421
0.0007739945359926581
0.0007740994032654774
0.0007741639629361655
0.0007741661673889352
0.0007742704480512394
0.0007750225173044538
0.0007747951147442304
0.0007747791071868618
0.0007743945963422766
0.00077427101905945
0.0007748632471483904
0.0007752218530578007
0.0007744349632876519
0.0007745888803981606
0.0007745449017100145
0.0007741964428801582
0.0007742958856738295
0.0007741881142505112
0.0007741707985747412
0.0007742374395803183
0.0007744674173353116
0.0007750811275171953
0.0007746020795270374
0.0007747166298233667
0.0007744850564625617
0.0007743046247231078
0.0007742773445271845
0.0007747031478389907
0.0007746271540935139
0.000774458258737857
0.0007741845541525011
0.0007747608686180673
0.0007750413694254968
0.0007745495273074135
0.0007741371918956286
0.0007499930592958939
0.0007473570084539411
0.0007711838631660451
0.0007508348866439462
0.0007714487001092515
0.000749770186190777
0.0007472981349474037
0.0007478790199938509
0.0007473934118915565
0.0007472104113380084
0.0007475573001612516
0.0007476523884263554
0.0007478232658332895
0.0007721844093058984
0.0007744803607898958
0.0007740026964242495
0.0007746840507620108
0.0007744899921106634
0.0007740333895336855
0.0007749015343868928
0.0007753348484598422
0.0007747657118302363
0.0007749926934728665
0.0007749691354246005
0.001067282369865935
0.001067423849899583
0.001058882275785901
0.001057484283308809
0.001057769685200899
0.001066531288107561
0.001067773768407046
0.00106750395374261
0.00106756029404348
0.001067606952871631
0.001067626603241514
0.001067641456252455
0.001068126864877119
0.001067937973093716
0.001067775090826267
0.001067608695820338
0.001067726635869724
0.001068134435484857
0.001068334909654848
0.00106779694360011
0.00106788432632347
0.001067863050279994
0.001067790958756189
0.001067985151603698
0.00106777500069698
0.001067608181282744
0.001067594658421682
0.001067771209478628
0.001068207369200702
0.001067921365421105
0.001067829180015566
0.001067939341319794
0.001068043240967167
0.001067815191633104
0.001067920569724286
0.001068130784823624
0.001067843157774773
0.001067554554399972
0.001067934182444866
0.001068008986292835
0.001067728303227187
0.001067568722326887
0.001058859918503001
0.001057517700034552
0.001065951138942385
0.001059264715438154
0.001066130248351877
0.001058720402465397
0.001057476363635551
0.001057773250867794
0.00105759975185838
0.001057478536360032
0.001057405813201146
0.001057364968066959
0.001057653096692144
0.001066486654170192
0.001067770183820078
0.001067517366651693
0.001067945984373147
0.001067796764988069
0.001067512812695274
0.001067965993297726
0.001068371102224355
0.001067915559359369
0.001068091664544891
0.001068168299516241
0.001413187755169508
0.001413203215813859
0.001410671592041954
0.001410071910591043
0.001410183865178163
0.001412805347196764
0.001413348967376125
0.00141323841467211
0.001413297686074603
0.001413282452192987
0.00141334275234064
0.001413350111427397
0.001413503506860229
0.001413404935244107
0.001413305998603893
0.001413230232587496
0.001413344794452933
0.00141360767592772
0.001413694729268577
0.001413406675221963
0.001413433308588866
0.001413490567521416
0.001413392845179651
0.001413427630976544
0.001413441388638362
0.001413366430729842
0.001413298505211228
0.001413393964232419
0.001413586717226754
0.0014134906516064
0.001413357748992497
0.001413433565824083
0.001413571205209515
0.001413514894043668
0.001413455092712459
0.001413533511609479
0.001413405182023764
0.001413234005630039
0.001413304564762466
0.001413359439886894
0.001413285619981029
0.001413236229890849
0.001410653488042449
0.001410089551423144
0.001412575015758116
0.001410791603943716
0.001412669027804976
0.00141058728635782
0.001410066443402205
0.0014101818858804
0.001410136610489494
0.001410100751098409
0.001409979781213204
0.001409995134039213
0.001410150341608699
0.001412766974669214
0.001413344860289533
0.001413249561654728
0.001413419304283472
0.001413348565570914
0.001413231001938942
0.001413364494157454
0.001413580095040983
0.001413361015569603
0.001413470391443303
0.001413647109040574
0.001891718336955052
0.001891701366142544
0.001891133657571577
0.001890891768897495
0.001890921994503013
0.001891522816969492
0.001891737753114926
0.001891713800480061
0.001891690894207754
0.001891693512859432
0.00189173151267232
0.001891768502207808
0.001891754175981891
0.001891773407709505
0.001891715213989269
0.001891683690853848
0.001891696139779652
0.001891819379356342
0.001891877744258637
0.00189176111795369
0.001891770126554391
0.001891774751495438
0.001891765253149387
0.001891791705260776
0.001891751946645931
0.001891723641116941
0.001891757533644399
0.001891765274882776
0.001891773023102306
0.001891765521381138
0.001891720811001872
0.001891765830314684
0.001891764717862009
0.001891825120983532
0.001891791696392083
0.001891820140319988
0.001891753324188964
0.001891704305837171
0.001891680895748534
0.001891710553142146
0.001891719573908327
0.001891680685874374
0.001891111742535825
0.001890894536336305
0.001891468406351257
0.001891127710965162
0.001891514175653839
0.001891094164949096
0.001890887339258884
0.001890936648217276
0.001890877092139704
0.001890912828377822
0.001890895133559833
0.001890854225851964
0.001890873171823439
0.001891485825539748
0.001891733679348957
0.001891714349346471
0.001891731684846985
0.0018917108449499
0.001891728050951387
0.001891714316004155
0.001891782725686704
0.001891699319318662
0.001891725093394939
0.001891844056136919
0.002535680004102859
0.002535680660683765
0.002535595406682004
0.002535534769161644
0.002535526876731564
0.002535625872972388
0.002535683641715687
0.002535685178453133
0.002535668346021662
0.002535667133563611
0.002535680923546793
0.00253568866853009
0.002535684723577268
0.002535687849940644
0.002535672315696474
0.002535673978461435
0.002535665450140806
0.00253571734547752
0.002535716914923219
0.002535690988396288
0.002535710747037921
0.002535697064795409
0.002535679793702551
0.002535704336988282
0.002535688372461071
0.002535685823477787
0.002535685503921352
0.002535690904608282
0.002535679733112089
0.00253567031269335
0.00253568833948495
0.00253567470279946
0.002535689854631553
0.002535699029537518
0.002535685710896983
0.002535710618419337
0.002535702678677953
0.002535676441610163
0.002535674539146546
0.002535674495339523
0.002535679429295358
0.002535660637073629
0.002535574073561044
0.002535519680650972
0.002535613837392237
0.002535576811112535
0.002535631166907927
0.002535579831743702
0.002535522409158644
0.002535529682870915
0.002535513531102701
0.002535536398021745
0.002535517512404754
0.002535521660259621
0.002535504526028408
0.00253559970659953
0.002535678486445035
0.002535679886933223
0.00253567249813213
0.002535676023091794
0.002535674813230048
0.002535670067643738
0.002535682407681632
0.002535670973434033
0.00253566893934156
0.002535717813049533
0.00326175205222766
0.003261749359041498
0.003261739877273122
0.003261728969759959
0.003261725786439192
0.003261738672719509
0.003261745846890405
0.003261750737559127
0.00326174410418304
0.003261745004274192
0.003261745468074654
0.003261751153438189
0.003261746373770259
0.003261746267889917
0.003261742886597733
0.003261744245533106
0.003261746394242316
0.003261758551027225
0.003261755226343598
0.003261750415006565
0.003261752553805682
0.003261752867043289
0.003261747313381251
0.003261750277551743
0.003261745119563883
0.003261741984991605
0.003261744369019168
0.003261746205732384
0.003261740199003103
0.003261737167733071
0.003261741299602648
0.003261745820695097
0.003261743993965005
0.003261746534496899
0.003261744077884856
0.00326175056573337
0.003261752559169202
0.003261746112403414
0.003261745199812149
0.003261744665092005
0.003261745780597024
0.003261739815264164
0.003261729331953487
0.003261720782822842
0.003261732633499078
0.003261731709984678
0.003261737135721961
0.00326173487713155
0.003261723283214089
0.00326172291633754
0.003261721567527776
0.003261724646410227
0.00326172157883195
0.003261721288274439
0.003261719897791974
0.00326172655179675
0.003261743454154694
0.003261743337146447
0.003261746346065551
0.00326174337896219
0.003261742683437955
0.003261742167667223
0.003261743412798815
0.003261743377687751
0.003261744306135184
0.003261758123459205
0.003956690365723162
0.003956687670497719
0.00395668648084677
0.003956684612336155
0.003956684462508813
0.003956686656974009
0.003956686651048175
0.003956687596876752
0.003956686907671273
0.003956686437599152
0.003956687385003921
0.003956688851169954
0.003956687638582778
0.003956686690206215
0.003956686704136664
0.003956687862288736
0.003956690155408828
0.003956691882315774
0.00395669050973826
0.003956687066598255
0.003956686537338008
0.003956686931373275
0.003956686059043058
0.003956686604247321
0.003956684801377191
0.003956683625179334
0.003956684243069059
0.003956683544840033
0.003956681150817813
0.003956680347107214
0.003956681209619247
0.003956684210240456
0.003956685492544939
0.003956685626105159
0.003956685994260897
0.003956688472689842
0.003956688754905105
0.003956687058571697
0.003956686471424975
0.003956685994385489
0.003956685733477784
0.003956685021223131
0.003956683814586925
0.003956682810908144
0.003956684426683761
0.003956685193317102
0.003956685266310174
0.003956685528721454
0.003956684310715191
0.003956683146011988
0.003956683497213682
0.003956683843530108
0.00395668300667116
0.003956682817843337
0.003956683679292722
0.003956683384127663
0.003956685494751058
0.003956687204985711
0.003956688179849564
0.003956686809885228
0.003956685760881773
0.003956686115748217
0.00395668585159942
0.003956686323767588
0.003956687800909928
0.003956691731896525
0.004546996811978726
0.004546994678282622
0.00454699419103755
0.00454699384671974
0.00454699415644392
0.004546995088679889
0.004546994888809676
0.004546994997309517
0.004546995188783491
0.004546995066325598
0.004546995671586257
0.004546996222446857
0.00454699609012571
0.004546995661210378
0.004546995896544415
0.004546996741525517
0.004546997614600547
0.004546997882249108
0.004546996837189157
0.004546994341596508
0.004546992876833155
0.00454699285678307
0.004546992834649379
0.004546993518223554
0.00454699318567636
0.004546992344986811
0.004546992576930865
0.004546991997843182
0.00454699064173579
0.00454699005766033
0.004546990183509634
0.004546991794782765
0.004546993439291444
0.004546994112054118
0.004546995066529708
0.004546996200040951
0.004546996480660318
0.00454699579700821
0.004546995192176963
0.00454699469477155
0.004546994084966791
0.00454699411708012
0.004546994368730736
0.004546994592309407
0.004546995335958285
0.004546995912509927
0.004546995722825557
0.004546995684670749
0.004546995455242353
0.00454699478970322
0.00454699504671361
0.004546995017404892
0.004546994968995498
0.004546994869624364
0.004546995589478712
0.004546995366454815
0.00454699549516082
0.004546996401568221
0.004546996660786031
0.004546996229830944
0.004546995188693244
0.004546995263149063
0.004546995003330528
0.004546995193233404
0.00454699591661399
0.004546997264801528
0.005018100995716087
0.00501809953572658
0.005018099118230895
0.005018098959706083
0.005018099302703858
0.005018099917840088
0.005018099895466989
0.00501809994885139
0.005018100347700303
0.005018100379735134
0.00501810084799873
0.005018101186212454
0.0050181012771687
0.005018101208287175
0.005018101350410543
0.005018101694737911
0.005018101853164442
0.005018101637786079
0.005018100656993329
0.005018098983898259
0.005018097568311904
0.005018097427806492
0.0050180974335706
0.005018098019725288
0.005018098047957106
0.005018097771220493
0.005018097839841826
0.00501809744591773
0.005018096719769726
0.005018096202545485
0.005018096182779559
0.005018096986489994
0.005018098212675931
0.0050180991221656
0.00501810017080474
0.005018100999334275
0.005018101290237835
0.005018101033103409
0.00501810061482281
0.005018100256814289
0.005018099742427697
0.005018099810665347
0.005018100237730236
0.005018100681054001
0.005018101387564909
0.00501810197826369
0.00501810197719241
0.005018101843500224
0.005018101830766851
0.00501810139957702
0.005018101590279841
0.005018101506198215
0.005018101613657314
0.005018101449822576
0.005018101789357397
0.005018101586180043
0.00501810131696655
0.005018101527790991
0.005018101542507565
0.005018101330982142
0.005018100660944559
0.005018100562485573
0.005018100374528517
0.005018100484703376
0.005018100693266695
0.005018101252195557
0.005382098708936099
0.005382097748495879
0.005382097424868171
0.005382097324607485
0.005382097606032253
0.005382098011971669
0.005382098081069108
0.005382098177855001
0.005382098603109206
0.005382098776432573
0.005382099194288456
0.005382099413851973
0.00538209951468575
0.005382099534114755
0.005382099604843676
0.005382099599769607
0.005382099482294184
0.005382098984299444
0.005382098028162179
0.005382096875290487
0.005382095698505453
0.005382095486795178
0.005382095482857136
0.005382095862835211
0.005382096022796944
0.005382095957725967
0.005382095998751526
0.005382095761931042
0.005382095390040991
0.005382095033993432
0.005382094991856302
0.005382095418764211
0.005382096200642147
0.005382097038110287
0.005382097978019982
0.005382098725555117
0.005382099093837437
0.005382099082874993
0.005382098919574605
0.005382098771757122
0.005382098524798535
0.005382098610656743
0.005382099026554719
0.005382099513880181
0.005382100142907176
0.005382100701284087
0.005382100882520731
0.005382100849293614
0.005382100898070482
0.005382100685067192
0.005382100839205544
0.005382100751176451
0.005382100856363204
0.005382100711715956
0.005382100658256692
0.005382100354030007
0.005382099804403004
0.005382099685666416
0.005382099484507207
0.005382099231375608
0.005382098859314894
0.005382098730071647
0.0053820985999145
0.005382098684255066
0.005382098648486536
0.005382098903850115
0.005654311938917574
0.005654311283630075
0.005654311071952535
0.005654310986140153
0.00565431120648471
0.005654311526263597
0.00565431163609724
0.005654311791817595
0.00565431219069498
0.005654312443758803
0.005654312787566775
0.00565431296403604
0.005654313045324654
0.005654313072965095
0.005654313086425564
0.005654312916303982
0.005654312620077981
0.005654311995109706
0.005654311106011054
0.005654310259734398
0.005654309331937842
0.005654309079221046
0.005654309041125102
0.005654309207086178
0.005654309370243036
0.005654309377184091
0.005654309408235019
0.005654309288011293
0.005654309127545189
0.005654308934605446
0.005654308905495532
0.005654309175928772
0.005654309669199726
0.005654310343773714
0.005654311110711297
0.005654311792281201
0.00565431222144766
0.005654312407242148
0.005654312456515125
0.005654312526589304
0.005654312555315498
0.005654312707292615
0.005654313150243364
0.005654313611065531
0.005654314156500031
0.005654314628455072
0.005654314889677704
0.005654314995852503
0.005654315048546511
0.005654315036877153
0.005654315159755528
0.005654315051345399
0.005654315127798516
0.005654314965445956
0.005654314714874612
0.005654314290450231
0.005654313620002245
0.005654313222474793
0.005654312856551631
0.005654312527783221
0.005654312293517144
0.005654312158849004
0.005654312051060861
0.00565431211790741
0.00565431201021448
0.005654312124396019
0.005847860830639335
0.005847860380312965
0.0058478602472299
0.005847860179516432
0.005847860338054717
0.005847860607735366
0.005847860777361413
0.005847861008487626
0.00584786135545531
0.005847861645907053
0.005847861931124588
0.005847862081388676
0.005847862145299134
0.005847862173210783
0.005847862141634347
0.005847861880755948
0.005847861504476768
0.005847860873593817
0.005847860064083881
0.005847859400253621
0.005847858649241625
0.00584785835124165
0.005847858272278376
0.005847858302467842
0.005847858402645996
0.005847858420327824
0.005847858439468571
0.005847858396126572
0.00584785835542026
0.005847858303005552
0.005847858294825217
0.005847858514804576
0.005847858849867176
0.005847859377799738
0.005847859976996152
0.005847860594469741
0.005847861010623528
0.005847861375583858
0.005847861577706445
0.005847861836415461
0.005847862077061019
0.005847862335390953
0.00584786282536385
0.00584786324541372
0.005847863727843947
0.005847864122272081
0.005847864398424113
0.005847864574331121
0.005847864667497214
0.005847864701990906
0.005847864807856045
0.005847864678443936
0.005847864714552869
0.005847864522781535
0.005847864149785675
0.00584786365912459
0.005847862959214242
0.005847862398710712
0.005847861936704431
0.005847861531991586
0.005847861326046449
0.005847861175208165
0.005847861047901742
0.005847861112325808
0.005847860949280073
0.005847861020194604
0.005973834748835953
0.005973834442555793
0.005973834363624415
0.00597383432104566
0.005973834456229892
0.005973834687336886
0.005973834893527132
0.005973835181567972
0.005973835490447738
0.005973835793008471
0.005973836035379296
0.005973836164800041
0.005973836214298805
0.005973836236487757
0.005973836180573285
0.005973835888961935
0.005973835490871049
0.005973834909718177
0.005973834188689625
0.005973833641112205
0.005973833020453972
0.005973832702249468
0.005973832556342613
0.005973832509388477
0.00597383252266731
0.005973832526281224
0.005973832533009248
0.005973832526899894
0.005973832554797258
0.005973832571416366
0.005973832623534959
0.005973832836842467
0.005973833082671571
0.005973833507504514
0.005973833976972031
0.005973834528569636
0.005973834916541306
0.005973835384490252
0.005973835697146207
0.005973836101732356
0.005973836484783762
0.005973836860716107
0.005973837365393734
0.005973837770950656
0.005973838218656818
0.00597383855787932
0.005973838824319146
0.005973839008358438
0.005973839104935246
0.005973839138597962
0.005973839208795887
0.0059738390649481
0.005973839047900389
0.005973838815620888
0.005973838352091673
0.005973837840323622
0.005973837162463399
0.005973836533108225
0.005973836036672608
0.005973835580029865
0.005973835360635324
0.005973835182368643
0.005973835032020635
0.005973835068093649
0.005973834884819617
0.005973834930440275
0.006042032371408637
0.006042032152665453
0.006042032131637082
0.006042032127013433
0.006042032249774867
0.006042032459462142
0.006042032688228611
0.006042033007365053
0.006042033289791497
0.006042033588790756
0.006042033797589932
0.006042033907077904
0.006042033944309629
0.006042033958714876
0.006042033890544469
0.006042033601815604
0.006042033215060381
0.006042032699349043
0.006042032072707208
0.006042031610279381
0.00604203109461147
0.006042030775426909
0.006042030579723078
0.006042030447434924
0.006042030399445828
0.006042030379695982
0.006042030369568865
0.006042030378828578
0.006042030437195717
0.006042030503264983
0.006042030607572401
0.006042030805700891
0.006042031008181539
0.006042031370020432
0.006042031748626771
0.006042032239870558
0.006042032601736714
0.006042033115434579
0.006042033501324448
0.006042034004686715
0.006042034475660956
0.006042034944659261
0.006042035454328714
0.006042035853047636
0.006042036280435769
0.006042036581312896
0.006042036832383391
0.00604203699537555
0.006042037083025598
0.006042037104274846
0.006042037132673778
0.006042036967585684
0.006042036855892515
0.00604203656871393
0.006042036044802979
0.006042035537948164
0.006042034909106066
0.006042034269620702
0.006042033782083549
0.006042033304130659
0.006042033068370501
0.006042032866890592
0.00604203269467698
0.006042032702808065
0.00604203250457346
0.00604203254079983
0.006061595022384854
0.006061594873236807
0.00606159489520313
0.006061594893311649
0.00606159502737318
0.006061595229550299
0.006061595472266534
0.006061595804257786
0.006061596067526029
0.006061596352551841
0.006061596531340788
0.006061596621837216
0.006061596647059876
0.00606159665456237
0.00606159658320452
0.006061596315848374
0.006061595959000622
0.006061595511071229
0.006061594978861475
0.006061594581936329
0.006061594152167272
0.006061593845994345
0.006061593621710707
0.00606159343317667
0.006061593324417083
0.006061593276400577
0.006061593258714131
0.006061593263446014
0.006061593325172086
0.006061593415794925
0.006061593549101772
0.006061593738294395
0.006061593916514656
0.006061594242244322
0.006061594563611737
0.006061595004600798
0.006061595344082119
0.00606159586242604
0.006061596288505751
0.006061596847751196
0.006061597367666546
0.006061597894592737
0.006061598408636832
0.006061598804786337
0.006061599218161601
0.00606159949191501
0.006061599718803972
0.006061599852541801
0.006061599923787879
0.00606159992737743
0.00606159990749671
0.006061599700285782
0.006061599501495566
0.006061599162637364
0.006061598612514468
0.00606159811986264
0.006061597547791981
0.006061596936131257
0.006061596479074697
0.00606159600966395
0.006061595764913185
0.006061595545997561
0.006061595360561885
0.006061595343706911
0.0060615951400644
0.00606159517532005
0.006041584055821187
0.006041583957116194
0.006041583986750264
0.006041583996985587
0.006041584156068773
0.006041584343367254
0.006041584596158526
0.006041584928373045
0.006041585174461753
0.006041585439340735
0.006041585589609245
0.006041585661508497
0.00604158567582413
0.006041585678106014
0.006041585609024806
0.006041585372625557
0.006041585056017457
0.006041584673383463
0.006041584227799671
0.006041583886205804
0.006041583527967996
0.006041583244587985
0.006041583009852969
0.00604158279152938
0.006041582635771207
0.006041582555099842
0.006041582531778581
0.006041582534045421
0.006041582584140472
0.006041582683407783
0.006041582819471067
0.006041583001909516
0.006041583159420397
0.006041583463792286
0.006041583748708905
0.00604158414764687
0.006041584467944942
0.006041584962520676
0.006041585406044491
0.006041585983024684
0.006041586525940223
0.00604158707776275
0.006041587590414448
0.006041587985471702
0.006041588384655385
0.006041588637625207
0.006041588841470318
0.006041588948826919
0.00604158900650949
0.006041588993888131
0.006041588922281914
0.0060415886703789
0.006041588412520342
0.006041588024239913
0.006041587489710749
0.006041587002000787
0.006041586485386851
0.006041585919539721
0.006041585501088202
0.006041585060163891
0.00604158481506152
0.006041584585175995
0.006041584395246532
0.006041584356168681
0.006041584155312662
0.006041584191431272
0.005991610490504271
0.005991610423705876
0.005991610458754832
0.005991610483720197
0.005991610650174296
0.005991610824323401
0.005991611075965165
0.005991611396827844
0.005991611627727603
0.00599161186623384
0.005991611992033937
0.005991612048651025
0.005991612054334077
0.005991612053135166
0.005991611989101624
0.005991611789745633
0.005991611515023822
0.005991611193996454
0.005991610824949325
0.005991610536213003
0.005991610239177267
0.005991609985509503
0.005991609756497578
0.005991609528761548
0.005991609346243962
0.00599160924135927
0.005991609210886857
0.005991609208793147
0.005991609240824138
0.005991609335919972
0.005991609453557988
0.005991609630864377
0.005991609768131835
0.0059916100608825
0.00599161031629589
0.005991610675650231
0.00599161097671517
0.005991611426382727
0.005991611870216274
0.005991612431405848
0.005991612976492833
0.005991613526604422
0.005991614031827938
0.005991614422759597
0.005991614805931705
0.005991615043927092
0.005991615231644968
0.005991615321027233
0.005991615366085822
0.005991615341398301
0.005991615225611861
0.005991614950850543
0.005991614661213965
0.005991614237958209
0.005991613744764934
0.005991613258870842
0.005991612797601581
0.005991612284274005
0.005991611905365836
0.005991611504182894
0.005991611263243061
0.005991611026847252
0.005991610836868839
0.005991610774622456
0.005991610577290272
0.005991610611638683
0.005922718038298374
0.005922718010099121
0.005922718046549004
0.005922718079304429
0.00592271824011529
0.005922718397936198
0.005922718632618554
0.005922718932933222
0.005922719144389418
0.005922719354554806
0.005922719459842057
0.0059227195086699
0.005922719510022152
0.005922719507975327
0.005922719451893904
0.005922719295066659
0.005922719060600469
0.00592271879976578
0.005922718495373143
0.005922718257683274
0.005922718015741948
0.005922717794833466
0.005922717588588353
0.005922717362917886
0.005922717176638391
0.005922717046687048
0.005922717012992503
0.005922717008314705
0.005922717024082588
0.005922717107289114
0.00592271719201326
0.005922717364024231
0.005922717480468546
0.005922717761165576
0.005922717992347694
0.005922718305922153
0.005922718588391313
0.005922718967889699
0.005922719401124956
0.005922719914450866
0.005922720446033603
0.00592272097315284
0.005922721464500249
0.005922721847631487
0.005922722212700407
0.005922722440631073
0.005922722621028913
0.005922722701346362
0.00592272273847855
0.005922722714607046
0.00592272257367043
0.00592272230525326
0.005922722017566344
0.00592272157475496
0.005922721152429234
0.005922720666381959
0.005922720261619022
0.005922719805024565
0.005922719460828999
0.005922719102401226
0.005922718862833637
0.005922718614690837
0.005922718428078909
0.00592271833575631
0.005922718135992034
0.00592271816339398
0.005849332305374507
0.005849332292677351
0.005849332333729547
0.005849332367874278
0.005849332505680422
0.005849332636507371
0.005849332836142014
0.00584933310714462
0.005849333287624115
0.0058493334710121
0.005849333561388075
0.005849333618986178
0.005849333627066278
0.00584933363053905
0.005849333584584833
0.005849333481350081
0.005849333285532288
0.005849333087056111
0.005849332839656832
0.005849332651029818
0.00584933246479985
0.005849332272346919
0.005849332106075119
0.005849331880492766
0.005849331708972272
0.005849331566586399
0.005849331521522667
0.005849331518235724
0.005849331522410378
0.005849331591488358
0.005849331628858804
0.005849331788840104
0.005849331886754248
0.005849332147167574
0.005849332356002729
0.005849332605187935
0.005849332869754258
0.005849333149570401
0.005849333566434413
0.005849334001270981
0.005849334506741334
0.005849334994516859
0.005849335461563237
0.005849335830192363
0.005849336174691775
0.00584933639238913
0.00584933657652608
0.005849336657507365
0.005849336706064317
0.005849336689373512
0.005849336559865684
0.005849336327577654
0.005849336087899257
0.005849335645810003
0.005849335330604542
0.005849334847155247
0.005849334507249788
0.005849334120638727
0.005849333800238376
0.00584933348416196
0.005849333225949416
0.005849332953604842
0.00584933276965606
0.005849332630314031
0.005849332419837915
0.005849332431323345
0.005805872128569714
0.005805872011983806
0.00580587197830068
0.005805871955189027
0.005805872017468069
0.00580587210998982
0.00580587225438887
0.005805872445800486
0.005805872624410372
0.005805872821601631
0.005805872993549707
0.005805873124182091
0.005805873229116064
0.005805873300650729
0.005805873332527913
0.005805873324816658
0.005805873244056984
0.005805873119961299
0.005805872941626313
0.005805872781700317
0.005805872608874106
0.005805872427183028
0.005805872271146416
0.005805872069566224
0.005805871912063135
0.005805871769907933
0.005805871669535272
0.005805871627436877
0.005805871589864491
0.005805871578941911
0.005805871565813696
0.005805871596817279
0.005805871653061191
0.005805871788118647
0.00580587196932324
0.005805872196987685
0.005805872402495907
0.005805872665737952
0.005805872961868414
0.005805873331286631
0.005805873709444123
0.005805874107863322
0.005805874479140862
0.005805874811127952
0.005805875116896418
0.005805875358578695
0.005805875553615268
0.005805875703875689
0.005805875807399941
0.005805875853389921
0.005805875835792795
0.005805875736865529
0.005805875598984747
0.005805875390040466
0.005805875117901151
0.005805874841798892
0.005805874549926542
0.00580587423782145
0.005805873935098974
0.005805873595376479
0.005805873295988286
0.005805873009360482
0.005805872733017275
0.005805872585930433
0.005805872317031865
0.00580587227019099
0.005849407480231153
0.005849407284838736
0.005849407180257022
0.005849407080743949
0.005849407098525258
0.005849407132607812
0.005849407214246976
0.00584940734716463
0.005849407522256206
0.005849407739012685
0.00584940798154292
0.005849408168641311
0.005849408364743361
0.005849408498303433
0.005849408618763899
0.005849408682055641
0.005849408679055378
0.005849408634224553
0.005849408517207535
0.005849408383253342
0.005849408234207098
0.00584940805122048
0.005849407920831193
0.005849407728019789
0.005849407589634333
0.005849407457025768
0.005849407306045098
0.005849407241801217
0.005849407137413013
0.005849407085180167
0.005849407025460319
0.005849406936188673
0.005849406957291995
0.005849406970202387
0.005849407125686721
0.005849407330820442
0.005849407480628939
0.00584940771132031
0.005849407905095927
0.005849408207675408
0.005849408476571547
0.005849408797142309
0.005849409080626668
0.005849409381242703
0.00584940964989486
0.005849409915091577
0.005849410123303971
0.00584941032999629
0.005849410497183813
0.005849410619310666
0.005849410709513931
0.005849410729027833
0.005849410704526323
0.005849410684593555
0.005849410507098239
0.005849410400942741
0.005849410168516809
0.00584940992174126
0.005849409627277436
0.005849409272710056
0.005849408917279898
0.005849408610554512
0.005849408235404965
0.005849408072012354
0.005849407740438764
0.005849407637377921
0.005922821862112233
0.005922821669970156
0.00592282155280742
0.005922821448627828
0.00592282145873751
0.005922821472524075
0.005922821517097862
0.005922821616144869
0.005922821749397636
0.005922821937851654
0.005922822159878066
0.005922822349693631
0.005922822559508421
0.005922822714512259
0.005922822851941909
0.00592282294288682
0.005922822955871453
0.005922822942295309
0.005922822872373597
0.005922822775226455
0.005922822659146474
0.005922822499365279
0.005922822399795364
0.005922822220750105
0.005922822102071605
0.005922821994978383
0.00592282185369022
0.005922821791504254
0.005922821697618597
0.005922821627295665
0.005922821551953742
0.005922821469810562
0.005922821468862827
0.005922821485726365
0.005922821579238597
0.005922821725937302
0.005922821852463469
0.005922822010655541
0.005922822188624864
0.005922822426664433
0.005922822666587414
0.005922822950875632
0.005922823203394714
0.00592282348359851
0.005922823724512969
0.005922823971000128
0.005922824179569807
0.005922824372023493
0.00592282456193262
0.005922824699681133
0.005922824815559061
0.005922824875571231
0.00592282489007661
0.0059228248860529
0.005922824796163832
0.005922824713054789
0.005922824525722259
0.005922824342023248
0.005922824078082845
0.005922823753677362
0.005922823397650297
0.005922823072686743
0.005922822705142997
0.005922822511293598
0.005922822158435022
0.005922822039455329
0.005991732773162071
0.005991732578981318
0.005991732458159572
0.005991732354696092
0.005991732362813404
0.005991732367575111
0.005991732384831761
0.005991732458092209
0.00599173255787248
0.005991732717591365
0.005991732915260086
0.005991733093209346
0.005991733302182603
0.005991733464280082
0.005991733605417943
0.005991733715404166
0.0059917337331306
0.005991733730201073
0.005991733697827361
0.0059917336352023
0.0059917335470559
0.005991733411261497
0.005991733335110283
0.005991733178982693
0.005991733082029678
0.00599173300475984
0.005991732878324368
0.005991732833551745
0.005991732757275786
0.005991732678712719
0.005991732605043297
0.005991732527151052
0.005991732506813377
0.005991732530454361
0.005991732563747056
0.005991732662065862
0.005991732768496979
0.005991732874458464
0.005991733037364191
0.005991733232235927
0.005991733448350039
0.00599173370710533
0.005991733933683997
0.00599173419511469
0.005991734408238121
0.005991734633975859
0.005991734833998774
0.005991735004135697
0.005991735195270557
0.005991735334963286
0.005991735454751227
0.005991735543434762
0.005991735571107176
0.005991735573283132
0.005991735532613115
0.005991735473536642
0.005991735329904674
0.005991735195974936
0.005991734970303725
0.005991734683428064
0.005991734352542237
0.005991734027517269
0.005991733674160466
0.005991733469712244
0.005991733101043561
0.00599173297156529
0.006041717849036368
0.006041717647410567
0.006041717521834159
0.006041717426232631
0.006041717434115339
0.006041717434805901
0.006041717436604917
0.006041717490736845
0.006041717564075016
0.006041717696845994
0.006041717872855679
0.006041718033622932
0.006041718231977664
0.006041718389903946
0.006041718526626275
0.006041718638679606
0.00604171865481103
0.006041718656069017
0.006041718646866735
0.006041718616259096
0.006041718555399095
0.006041718445454878
0.006041718383557531
0.006041718252462084
0.006041718175955249
0.0060417181324846
0.006041718028791694
0.006041718015135837
0.006041717960399443
0.006041717872843609
0.006041717809126121
0.00604171773671288
0.006041717702680006
0.006041717712523106
0.00604171770584959
0.006041717753280202
0.006041717842069406
0.0060417179103655
0.00604171805346735
0.006041718220576604
0.006041718415797998
0.006041718659308813
0.006041718863393824
0.006041719105400993
0.006041719294015849
0.006041719499386734
0.006041719686658502
0.006041719832270201
0.006041720010254062
0.006041720141891773
0.006041720253064578
0.006041720353583061
0.006041720387535923
0.006041720392932176
0.006041720379188116
0.006041720343308668
0.006041720242045853
0.00604172014920796
0.00604171996589071
0.006041719724422754
0.006041719434393034
0.006041719128557281
0.006041718797275888
0.006041718593299023
0.006041718213088625
0.006041718072683526
0.00606173491360593
0.006061734698267197
0.006061734566843708
0.00606173448598402
0.006061734492857316
0.006061734493612886
0.006061734486903452
0.006061734530955287
0.006061734584651351
0.006061734691890776
0.006061734850749628
0.006061734994809698
0.006061735176418742
0.006061735322210903
0.006061735447044696
0.006061735541367295
0.006061735553452283
0.006061735556384452
0.006061735554859043
0.006061735552014333
0.006061735519178959
0.006061735434813065
0.006061735379789318
0.006061735274847209
0.006061735221173974
0.006061735212781877
0.006061735148016697
0.006061735143767309
0.006061735109900581
0.00606173503252765
0.006061734983394267
0.006061734924765935
0.006061734872486606
0.006061734862636595
0.006061734825255683
0.006061734830664785
0.006061734891864016
0.006061734929451918
0.00606173504377912
0.006061735197081941
0.006061735371196047
0.006061735610013383
0.006061735794823244
0.006061736017082829
0.006061736188673981
0.006061736375412697
0.00606173655127063
0.006061736673423399
0.006061736825712393
0.006061736945672394
0.006061737040054415
0.006061737140240009
0.006061737175673858
0.006061737182861706
0.006061737183283085
0.006061737168789128
0.006061737106708616
0.00606173704439468
0.006061736906755037
0.006061736718349773
0.006061736484416277
0.006061736215098919
0.006061735918920679
0.006061735721286566
0.00606173532973792
0.006061735169672122
0.006042173955134735
0.006042173717412516
0.006042173576516006
0.006042173518366706
0.006042173521364851
0.006042173531180767
0.006042173525955921
0.006042173567031744
0.006042173608799544
0.006042173693888375
0.006042173842000732
0.006042173968544764
0.00604217412761915
0.006042174256625838
0.006042174362622283
0.006042174433171126
0.006042174444083367
0.006042174438530622
0.006042174424936454
0.006042174438015473
0.006042174432950325
0.006042174377425637
0.006042174317611551
0.006042174246597492
0.006042174229254748
0.006042174244444266
0.00604217422774342
0.006042174221147679
0.006042174209705505
0.006042174158037212
0.006042174116606389
0.00604217408087025
0.006042174013352753
0.006042173982102978
0.006042173907700882
0.006042173858254024
0.006042173893606108
0.00604217391033811
0.006042173991956217
0.006042174140313584
0.006042174294414076
0.00604217453878781
0.00604217470880008
0.006042174911087788
0.006042175080336194
0.00604217525377611
0.006042175420662748
0.006042175530603273
0.006042175642781916
0.006042175747330053
0.006042175819721275
0.006042175907111257
0.00604217594143172
0.006042175954033465
0.006042175961665826
0.006042175964334809
0.006042175935231066
0.006042175889979338
0.006042175795986105
0.006042175668360202
0.006042175503575327
0.006042175287305484
0.006042175042355601
0.006042174852742291
0.006042174453330509
0.006042174255754174
0.005973974319633563
0.005973974054054103
0.005973973908371909
0.005973973880899899
0.00597397387398522
0.005973973902327067
0.005973973911494186
0.00597397395584982
0.005973973997337256
0.005973974063691191
0.005973974209087538
0.00597397431715788
0.005973974451292699
0.005973974556099979
0.005973974633986515
0.00597397467314476
0.005973974675216685
0.00597397465876036
0.005973974617304123
0.005973974644939431
0.00597397466110864
0.00597397463554733
0.005973974558058103
0.005973974543560856
0.00597397454711113
0.005973974593441557
0.005973974620190069
0.005973974617619029
0.005973974637334291
0.005973974606494799
0.005973974580427673
0.005973974570273704
0.005973974490051893
0.005973974441121173
0.00597397432549365
0.00597397419715555
0.005973974210974607
0.005973974212931099
0.005973974259735663
0.005973974409266574
0.005973974546831496
0.005973974806460567
0.005973974963189378
0.005973975144225018
0.00597397533597411
0.005973975503087908
0.005973975670403524
0.005973975780487499
0.005973975838825208
0.005973975926619076
0.00597397597558138
0.005973976042054892
0.005973976072464031
0.0059739760875707
0.005973976104561898
0.005973976118527741
0.005973976109309569
0.005973976059996305
0.005973976002244837
0.005973975941198636
0.005973975857749845
0.005973975714491898
0.005973975538457481
0.005973975359008659
0.005973974947286779
0.005973974680197737
0.005847995188842462
0.005847994886744904
0.005847994751060052
0.005847994752785837
0.005847994740238734
0.005847994799906399
0.005847994845388779
0.005847994897688801
0.005847994944244437
0.00584799500511404
0.005847995155263895
0.005847995242380775
0.005847995345352978
0.005847995423967533
0.005847995462167998
0.005847995463639442
0.005847995458207262
0.005847995432435645
0.005847995333939511
0.005847995370016344
0.005847995429773128
0.005847995410325237
0.005847995316232493
0.00584799535351387
0.005847995379808772
0.005847995483759288
0.00584799557301523
0.005847995572500536
0.0058479956131902
0.005847995601060718
0.005847995592402519
0.005847995608525453
0.005847995502265718
0.005847995439611701
0.005847995283673988
0.00584799506036333
0.005847995050293417
0.005847995053405863
0.005847995050455216
0.00584799520247819
0.005847995339204282
0.005847995621632222
0.00584799576505729
0.005847995922895392
0.005847996171092214
0.005847996340523004
0.005847996520808986
0.005847996637613789
0.005847996650150605
0.005847996697079346
0.005847996728087505
0.005847996766035043
0.005847996792841851
0.005847996804900848
0.005847996822988808
0.005847996858512817
0.005847996850856246
0.00584799677256796
0.005847996738321607
0.005847996744700678
0.005847996753192163
0.005847996699407725
0.005847996602624095
0.005847996442523747
0.005847996010096925
0.005847995625173832
0.005654438195824426
0.005654437866672384
0.005654437758911945
0.005654437803216062
0.00565443778745729
0.005654437899331131
0.005654438005891382
0.00565443805586657
0.005654438115561635
0.005654438195038573
0.00565443835121135
0.005654438416680153
0.005654438485217531
0.005654438527017034
0.005654438509906986
0.005654438488985766
0.005654438468013772
0.005654438428465376
0.00565443824998954
0.005654438294940312
0.005654438417347887
0.005654438387908265
0.005654438264098325
0.005654438388300814
0.005654438422083794
0.005654438613487754
0.005654438786746871
0.005654438763511222
0.005654438830883127
0.005654438836767276
0.005654438845327751
0.00565443890154793
0.00565443874200375
0.005654438663486628
0.005654438473086942
0.00565443812845991
0.00565443810067
0.005654438116269924
0.005654438071277018
0.005654438217705194
0.005654438368241648
0.005654438683980677
0.005654438793043657
0.00565443893084536
0.00565443927126861
0.005654439449391492
0.005654439662413198
0.005654439797343922
0.005654439745220222
0.005654439780772319
0.005654439766652605
0.005654439768875363
0.005654439798437003
0.005654439805169608
0.00565443982028615
0.005654439872361965
0.005654439852651879
0.005654439693841037
0.005654439659188919
0.005654439718578372
0.00565443985556596
0.005654439916768564
0.005654439902563169
0.005654439769624096
0.005654439301040174
0.0056544387200509
0.005382214152137047
0.005382213819754407
0.005382213761646084
0.00538221387637081
0.00538221386586266
0.005382214050206858
0.005382214234962711
0.005382214269510428
0.005382214339973782
0.005382214480694461
0.00538221465199147
0.00538221467778377
0.00538221469744727
0.005382214716596325
0.00538221465878579
0.005382214551290946
0.005382214540040776
0.005382214500465071
0.005382214206692832
0.005382214272139654
0.005382214496556103
0.005382214435688291
0.005382214274061883
0.005382214527920848
0.005382214543143538
0.005382214850091081
0.005382215112990892
0.005382215049684813
0.005382215136387267
0.005382215175794869
0.005382215181620652
0.005382215317281661
0.005382215056057659
0.005382214967787962
0.005382214755713426
0.005382214267632491
0.005382214233954548
0.005382214282277389
0.005382214202344925
0.005382214356254516
0.005382214523969084
0.005382214865937625
0.005382214902853276
0.005382215024038618
0.00538221548308863
0.005382215682759313
0.005382215933433401
0.005382216108774301
0.005382215957273649
0.005382215980789848
0.005382215903107894
0.005382215886404836
0.005382215933980319
0.005382215938413446
0.005382215939684912
0.005382216005380852
0.005382215957725762
0.005382215636095659
0.005382215567087759
0.005382215707103894
0.005382216005026984
0.005382216225859484
0.005382216290214892
0.005382216150160849
0.005382215608557663
0.005382214745895847
0.005018202905427859
0.005018202615104521
0.005018202637483492
0.005018202858382722
0.005018202838022001
0.005018203128427472
0.005018203375409899
0.005018203383577492
0.005018203475026387
0.005018203739186723
0.005018203904849479
0.005018203885305553
0.005018203836083926
0.005018203861951546
0.005018203727614854
0.005018203488293731
0.005018203532921234
0.005018203499056972
0.005018203047890349
0.005018203208578534
0.005018203583739826
0.005018203448932918
0.005018203256545193
0.005018203676152595
0.00501820360478681
0.005018204104160053
0.005018204386523022
0.00501820423929436
0.005018204365316682
0.005018204425434198
0.005018204453991793
0.005018204747635781
0.005018204307690453
0.005018204258742493
0.005018204002904303
0.005018203365358709
0.005018203347519847
0.005018203495345242
0.005018203342085113
0.005018203551086992
0.005018203745563121
0.005018204023930752
0.005018203990085666
0.005018204097406265
0.005018204708085415
0.005018204904067599
0.005018205174770913
0.005018205406458255
0.005018205091088358
0.005018205125649766
0.005018204953505883
0.005018204931155519
0.005018205024369617
0.005018205013437077
0.005018204991924301
0.0050182050695343
0.005018204971250849
0.005018204368267716
0.005018204242717246
0.00501820455981588
0.005018205045609405
0.005018205495253242
0.005018205641125068
0.005018205428298743
0.005018204699516372
0.005018203486201022
0.004547082350427349
0.004547082078591994
0.004547082295383825
0.004547082481497372
0.004547082464595147
0.004547082913538361
0.004547083185941101
0.004547083188617862
0.004547083317105433
0.004547083791944291
0.004547083910133498
0.004547083792484451
0.004547083616869793
0.004547083689628246
0.00454708343422989
0.004547083072624394
0.004547083270047506
0.004547083222193266
0.004547082517112038
0.004547082950445118
0.004547083531363322
0.004547083239266012
0.004547083008527591
0.004547083621081619
0.004547083300020134
0.004547084056152118
0.004547084281957965
0.004547083892342462
0.00454708417995898
0.004547084347312674
0.004547084452673569
0.004547085028831234
0.004547084314002131
0.004547084350689124
0.004547083938744767
0.004547083263925201
0.004547083291900218
0.004547083663619412
0.004547083356292425
0.004547083722932466
0.004547083911797803
0.004547083964620734
0.004547083790953223
0.004547083862086382
0.004547084699271378
0.0045470848759447
0.004547085060251747
0.00454708541477873
0.004547084816304344
0.004547084940820429
0.004547084622729594
0.004547084589781511
0.004547084754442006
0.004547084685582912
0.004547084585830764
0.004547084724637007
0.004547084489563757
0.004547083449792579
0.004547083332326107
0.004547084061418978
0.004547084706258389
0.004547085514492193
0.004547085666973726
0.004547085307221097
0.00454708421826748
0.004547082736334762
0.003956756200216302
0.003956755896903506
0.003956756388439815
0.003956756254847054
0.003956756178982708
0.003956756894622368
0.003956757277814813
0.003956757342048215
0.00395675740781509
0.003956758007269231
0.003956758035838442
0.003956757843105916
0.003956757271199852
0.003956757328281361
0.003956756826254089
0.003956756526046585
0.003956756983428361
0.003956756684135056
0.003956755574281082
0.003956756729172109
0.003956757354709828
0.003956756695397032
0.003956756502649542
0.003956757464285059
0.003956756799004721
0.003956758018070746
0.00395675799338244
0.003956757375042163
0.003956757966376973
0.003956758139020729
0.003956758461840152
0.003956759377981636
0.003956758124070868
0.003956758572675121
0.003956757587515533
0.003956757215613983
0.003956757361631976
0.003956758122638542
0.003956757498808576
0.003956758202232871
0.003956758193203663
0.003956758109697318
0.003956757795418132
0.003956757799371861
0.003956758654681564
0.003956758581486975
0.003956758845012218
0.003956759296184187
0.003956758158157345
0.003956758591267759
0.003956758082246303
0.003956757950639845
0.003956758069199873
0.003956757709556689
0.003956757629645172
0.003956757833205997
0.003956757233845949
0.003956755884486475
0.003956755797930412
0.003956757391897105
0.00395675794379834
0.003956759486396401
0.003956759426440154
0.003956758806936029
0.003956757438098465
0.00395675582578278
0.003261788220867515
0.003261788788813265
0.003261789835885436
0.003261788900388006
0.003261789066312428
0.003261790275764983
0.003261791512003795
0.00326179072283522
0.003261790692120463
0.003261790638509111
0.003261790853264407
0.003261790928910987
0.003261789910576498
0.003261789423405908
0.003261788245066074
0.003261788707291043
0.003261789395345244
0.003261788212676746
0.003261786879819045
0.003261789063639133
0.003261789300555605
0.003261787261011334
0.003261787309744738
0.003261788938873127
0.003261788292283001
0.003261791004015361
0.003261790270094892
0.003261790345459769
0.003261791832901646
0.003261790525536514
0.003261791583032756
0.003261792112897764
0.003261790088838601
0.003261791139353376
0.003261789144444275
0.00326178993748846
0.003261790378069727
0.003261791738589568
0.003261789967072296
0.003261790719053024
0.003261789803758438
0.003261790994329144
0.003261790561462446
0.00326179117459571
0.003261791759641683
0.003261791025721277
0.00326179143665649
0.00326179162986804
0.003261789627883644
0.003261790797239909
0.003261790451960249
0.003261788874991475
0.00326178951759518
0.003261788286444416
0.003261788684266569
0.003261788648463433
0.003261787565342236
0.003261786488541571
0.003261786364926959
0.003261789195145575
0.003261788805226903
0.003261792199758399
0.00326179122113912
0.003261790896911358
0.003261789365917174
0.00326178726874812
0.002535630498376834
0.002535628005312317
0.002535630689909869
0.002535627160157605
0.002535630181689843
0.002535628496079775
0.002535632173997255
0.002535631165947263
0.002535626585062517
0.002535648568709946
0.002535640126568626
0.002535631751159998
0.002535646713603088
0.002535654421606813
0.002535655234105243
0.002535658651602391
0.00253565726353927
0.002535653728306788
0.002535656504571215
0.002535657683823812
0.002535654026512299
0.002535653243136178
0.002535655148318416
0.002535638817541148
0.002535626037797919
0.002535630066049895
0.002535632469182733
0.002535633344334973
0.002535650896213444
0.002535656254833056
0.002535658172697265
0.002535657668540759
0.002535657052757038
0.002535657944957679
0.002535654681223776
0.002535659128512853
0.002535659308070558
0.002535661652410678
0.002535657506037938
0.002535657940519407
0.002535638341203661
0.002535634227660664
0.002535631390605567
0.002535629490025231
0.002535652327320595
0.002535659509887462
0.002535662556399343
0.002535663099150455
0.002535658252875439
0.00253566021965167
0.002535660253998613
0.002535653408312289
0.002535659025017491
0.002535653934812716
0.002535653522190318
0.002535652608087394
0.002535654820666289
0.002535654390286184
0.002535651370500576
0.002535654389403353
0.002535656069033082
0.002535645702522107
0.002535651611925448
0.002535662719210841
0.002535659993682188
0.002535656128487615
0.001891378776642861
0.0018913576716828
0.00189134129060777
0.001891348228272858
0.001891357546776127
0.001891352886257531
0.001891355957437648
0.00189133936966196
0.00189133245878735
0.001891347473487575
0.001891361409373544
0.001891345282358833
0.001891340735702246
0.001891335107130298
0.001891345259961032
0.001891347107054149
0.001891353480194541
0.001891327793833909
0.001891348116915019
0.001891352572259686
0.001891355162565753
0.001891334060228322
0.001891351509172325
0.001891359009050386
0.001891347782437825
0.001891350499552434
0.001891345467035305
0.001891341926979495
0.001891343391886835
0.001891342147687764
0.001891350439514071
0.00189135261195352
0.001891330504708321
0.001891344959071533
0.001891338211244332
0.001891347344744509
0.001891353419722322
0.001891355907245321
0.001891330011977653
0.00189135198817172
0.001891356223545435
0.001891366681220152
0.001891343369368833
0.001891332375645791
0.001891337887081469
0.001891337094000071
0.001891338476316252
0.001891348601682641
0.001891340134602367
0.001891348179277637
0.001891352943111522
0.0018913436218296
0.001891357443612553
0.001891337500948788
0.001891348410740784
0.001891348987744507
0.001891340675098638
0.001891339690525934
0.00189134348488764
0.001891351005463201
0.001891354425011805
0.001891351519638837
0.001891324258761934
0.001891350498874543
0.00189133034264028
0.001891354490511252
0.001412244454339596
0.001412296451703802
0.001412250705140881
0.001412276388490144
0.001412337181729797
0.001412277578331938
0.00141228702170653
0.001412275034789798
0.001412261903556516
0.001411456687014696
0.001412127621988045
0.001412266260631998
0.001411379703889844
0.001411182498324443
0.001411202150023722
0.001411231150872232
0.001411253683637213
0.001411194204905136
0.001411212238583722
0.001411207895036847
0.001411212498923813
0.001411239990837178
0.001411249509175033
0.001412118031841571
0.001412272227621707
0.001412282611159709
0.001412306055798772
0.00141226046771062
0.001411390228921716
0.001411235717439881
0.001411265537216839
0.001411186532370538
0.001411148569800393
0.001411208035813995
0.001411194690980492
0.001411227539860913
0.001411258051333546
0.001411231276687414
0.001411179206883356
0.001411217621280552
0.001412129588929218
0.001412367400833619
0.001412303013297359
0.001412258826311071
0.001411385385808407
0.001411148299159647
0.001411186395362492
0.001411246385232102
0.001411244406658924
0.001411253335447912
0.001411221020252809
0.001411197980164541
0.001411218874944609
0.00141118098254725
0.001411228992179708
0.001411209176541905
0.001411214582055262
0.001411203135099041
0.001411196644469112
0.001411230060657414
0.001411251866111177
0.001412057215738742
0.001411360159092237
0.001411206160074604
0.001411167942337039
0.001411214570186493
0.001062052281797516
0.001062364103684474
0.001062530771642008
0.001062408230262449
0.001062341753286327
0.001062507744993068
0.001062434946558707
0.001062315902436322
0.001062515937231562
0.00106289958836875
0.001062450798656491
0.001062461368060858
0.001063107960202526
0.00106302855454625
0.001062964644183621
0.001063006613445413
0.001062991268654444
0.001063039601780805
0.0010631515263053
0.001063087442743281
0.001063077451961719
0.00106304398196176
0.00106298157300865
0.001062463025784737
0.001062387470571207
0.001062451146055005
0.001062446322628856
0.001062501233663523
0.001063117721868684
0.001063035388510389
0.001062974259262013
0.001063144062516137
0.001063043780350013
0.001062984959030543
0.001063157914342309
0.001063085858888564
0.00106299846206956
0.001063154851281407
0.001063050528188776
0.001062972411206916
0.00106238236490838
0.001062325349844246
0.00106230882730065
0.001062493461130738
0.001063136784173468
0.001063118793818317
0.00106311681665557
0.001063082259118358
0.001063100391791006
0.001063046453311681
0.001062977236952962
0.001063141409736814
0.00106320878397791
0.001063050234767684
0.001062989604415273
0.001063105279546569
0.001063055185143041
0.001062980231743219
0.00106302002862227
0.001063152418930893
0.001063005343779962
0.001062657656737685
0.001063143629026992
0.001063262532903043
0.001063076723197853
0.001062975100699641
0.0007495414049936271
0.000749510280377696
0.0007500979006298643
0.0007495694560069405
0.0007491352888143326
0.000749828486195881
0.0007495544512001662
0.0007492254172235349
0.0007498050109861694
0.0007699710469953429
0.0007511293837491015
0.0007496065715681683
0.0007710399050248581
0.0007726594744255205
0.0007722319677310758
0.0007724065780748444
0.0007725903257626836
0.0007727567828950092
0.0007727282956272201
0.0007730478366194696
0.0007728525053560598
0.0007727222432698859
0.0007723798434467351
0.00075132796401417
0.000749588768676594
0.0007493618953883195
0.0007491430783384145
0.0007498343351717199
0.0007710810532134515
0.0007726444566900471
0.0007722173582286533
0.0007732181343807243
0.0007728056991332908
0.0007722889251619711
0.000772919721120059
0.0007727375952911795
0.0007723246723801739
0.000773221310215801
0.0007728002999565514
0.0007723185789630416
0.0007513009382421938
0.0007490390914754348
0.0007489454526903481
0.000749683023805876
0.0007711191296173718
0.0007727366567529982
0.0007729433606241971
0.0007728344341421895
0.0007724794982591896
0.0007724775594999339
0.0007723346471011901
0.0007730661571815325
0.0007734151822584578
0.0007729762030029226
0.0007726197437556258
0.0007726470835951467
0.0007726328712029671
0.0007723651733235379
0.0007725004303585507
0.0007731630697237055
0.0007725614581694132
0.0007525888541909868
0.0007712944195882098
0.0007736684174282777
0.000772899892425011
0.0007724184044516597
0.0004629972216681738
0.0004617635799797719
0.0004621444003627734
0.00046205849233552
0.0004617903191688384
0.0004619649436746988
0.0004617274432112871
0.0004616924037332037
0.0004621012503500805
0.0005104790270575923
0.0004634272169419614
0.0004618220162449796
0.0005115733275383153
0.0005147691397001456
0.0005141499890437928
0.0005144506020837682
0.0005148600285519349
0.0005151370188434987
0.0005146712468111293
0.0005146332659862941
0.0005149310326528143
0.0005151092692211657
0.0005144783489088913
0.0004635864868771628
0.0004617863038933222
0.0004616619134841243
0.0004614515651436519
0.0004619465009171789
0.0005116189307834293
0.0005147618869671144
0.0005141381272500841
0.000515087229436401
0.0005149188440570078
0.0005141890671568862
0.0005144159696239841
0.0005145438797421714
0.0005142900781643651
0.0005150924130551579
0.0005149127151994963
0.000514159057084168
0.0004635642059177656
0.0004616972103587224
0.0004615623797316681
0.0004617960610118463
0.0005116500479241514
0.000514803912802569
0.0005143882646945813
0.000514589451362341
0.0005144405744271509
0.000514510441627075
0.0005143854791975275
0.0005148205812562564
0.0005151124329089148
0.0005150396885407533
0.000515038784365873
0.0005146004850875287
0.0005145738720421305
0.0005144062469160202
0.0005145413912879574
0.0005149406947504313
0.0005144440195595548
0.0004643072502874745
0.000511837358034207
0.0005155175793256957
0.0005150218983113945
0.000514394601026676
0.0004982192127754766
0.0004980515117536457
0.0004981009620873982
0.0004980554076685486
0.0004980493253282551
0.0004980900206008619
0.000498067020721088
0.00049805956775021
0.0004980943124628716
0.0005026532459881087
0.000498270691302607
0.0004980600213907279
0.0005027400418376345
0.0005029952528562415
0.0005029466243335123
0.0005029812345164875
0.0005029961823969326
0.0005030019639962358
0.0005029816111059609
0.0005029869466389811
0.0005029967523209398
0.0005029971541978417
0.0005029594532086781
0.0004982880847882786
0.0004980538527661934
0.0004980769304189631
0.0004980680908765801
0.0004980946558983139
0.0005027446867825339
0.0005029911526770768
0.000502942447438083
0.0005030076420678674
0.0005030022666666458
0.0005029484324288858
0.0005029676252287308
0.0005029836571539161
0.0005029577176596765
0.0005030062058775367
0.000503000569913965
0.0005029454436170736
0.0004982874788110356
0.0004980194141373344
0.0004980323119635373
0.0004980712980271724
0.0005027462693881897
0.0005029969796046224
0.0005029631012116272
0.000502990947344393
0.0005029817890984561
0.0005029883886217996
0.0005029712950384046
0.0005029945052847088
0.0005030209041351815
0.0005030063967309698
0.000502988658627377
0.0005029719678431623
0.0005029892172828047
0.0005029723074246653
0.0005029904012682634
0.0005030035988400831
0.0005029587394263781
0.0004983763366094738
0.0005027626739729965
0.0005030337202449678
0.0005030139078713805
0.0005029710177191344
)
;

boundaryField
{
    inlet
    {
        type            cyclic;
    }
    outlet
    {
        type            cyclic;
    }
    bottomWall
    {
        type            fixedValue;
        value           uniform 0.0015;
    }
    topWall
    {
        type            fixedValue;
        value           uniform 0.0015;
    }
    left
    {
        type            cyclic;
    }
    right
    {
        type            cyclic;
    }
}


// ************************************************************************* //
