/*--------------------------------*- C++ -*----------------------------------*\
| =========                 |                                                 |
| \\      /  F ield         | OpenFOAM: The Open Source CFD Toolbox           |
|  \\    /   O peration     | Version:  v1812                                 |
|   \\  /    A nd           | Web:      www.OpenFOAM.com                      |
|    \\/     M anipulation  |                                                 |
\*---------------------------------------------------------------------------*/
FoamFile
{
    version     2.0;
    format      ascii;
    class       volScalarField;
    location    "10000";
    object      p;
}
// * * * * * * * * * * * * * * * * * * * * * * * * * * * * * * * * * * * * * //

dimensions      [0 2 -2 0 0 0 0];


internalField   nonuniform List<scalar> 
2838
(
7.921656488490557e-08
6.353417732170675e-07
-3.130116554633849e-08
-6.173408179397646e-07
-1.759833325779592e-06
-1.635761242305361e-06
-1.166293164957615e-06
-1.341745210062217e-06
-1.11047292742832e-06
-1.04693918668766e-06
-1.489509079392601e-06
-1.509516258058224e-06
-1.045264148764136e-06
-1.221338320778614e-06
-1.708587679902246e-06
-1.372619649774767e-06
-8.485523255494525e-07
-1.308460290961127e-06
-1.490723706736606e-06
-1.362164724777109e-06
-1.418330236639983e-06
-1.278869488509009e-06
-1.387537099473703e-06
-1.234485813627985e-06
-8.852999775485502e-07
-1.353212781918226e-06
-1.654844026544685e-06
-1.104530098049081e-06
-8.803798062480166e-07
-1.176568640822133e-06
-1.531017222802514e-06
-1.805230826846985e-06
-1.67657815975692e-06
-1.447763493600326e-06
-1.526464130883618e-06
-1.361632719085165e-06
-8.244180591431591e-07
-1.047786572714385e-06
-1.121655939635996e-06
-4.666997370784301e-07
-1.217961827957042e-06
-1.616302340714595e-06
-7.454501081074787e-07
-1.373905416489019e-06
-1.119160483625416e-06
-6.311669383344579e-07
-4.814820145425181e-07
-8.047386636322909e-08
-8.176741657952986e-07
-1.19733252360956e-06
-1.283329714766492e-06
-1.266161112214559e-06
-1.231188077200751e-06
-1.810735006119269e-06
-2.652014888971634e-06
-2.031260901782508e-06
-1.670599813712988e-06
-1.615402939899882e-06
-6.085667441904015e-07
-2.701015344042293e-07
-9.497368257822138e-07
-1.82093253172596e-06
-1.709545122674245e-06
-1.441567129826804e-06
-1.585647828577389e-06
-1.225349954884669e-06
1.035647400574931e-07
5.771889969287254e-07
-9.576716300630298e-08
-6.217875599137404e-07
-1.709792920848278e-06
-1.570991708468147e-06
-1.14931640534495e-06
-1.34625301872548e-06
-1.115927859249862e-06
-1.036585044243265e-06
-1.477697150325928e-06
-1.514858546627294e-06
-1.051015200421033e-06
-1.214704603658337e-06
-1.711085844337618e-06
-1.382837694664483e-06
-8.495690176813453e-07
-1.299155577440358e-06
-1.486153063330361e-06
-1.364902947124002e-06
-1.42561849523384e-06
-1.284790312216875e-06
-1.380932233178906e-06
-1.22764134301763e-06
-8.824391002179905e-07
-1.34945121333287e-06
-1.659252797343611e-06
-1.112625108506218e-06
-8.815274697410027e-07
-1.175186098356259e-06
-1.530704363305112e-06
-1.802105998992576e-06
-1.676720098010234e-06
-1.447611294591651e-06
-1.526267086572999e-06
-1.364222367919523e-06
-8.205519299807501e-07
-1.047116201207785e-06
-1.127554656270369e-06
-4.594153897355533e-07
-1.207673537451358e-06
-1.684408915279691e-06
-8.19277308606065e-07
-1.33252719047317e-06
-1.121915845083245e-06
-6.309583634211635e-07
-4.797600650277507e-07
-1.276975789793962e-07
-8.168043483430361e-07
-1.197709048076612e-06
-1.27943501184348e-06
-1.259515133631868e-06
-1.230573457452018e-06
-1.815621134114919e-06
-2.606511524331507e-06
-1.961656491979936e-06
-1.652248467160682e-06
-1.62074923344798e-06
-6.155242810266474e-07
-2.715757434355099e-07
-9.408989958749658e-07
-1.818747722702251e-06
-1.718165906709447e-06
-1.440465822114699e-06
-1.579215155034239e-06
-1.231661769337064e-06
1.007596783277712e-07
4.687580041391544e-07
-2.309466542991095e-07
-6.51200058081021e-07
-1.599221709968443e-06
-1.441301391597718e-06
-1.12483871704235e-06
-1.350184261277572e-06
-1.128050512081173e-06
-1.027972651269916e-06
-1.453999198237193e-06
-1.518278491045812e-06
-1.07484230055752e-06
-1.212451298806312e-06
-1.701532788839838e-06
-1.387622055146687e-06
-8.554511147956123e-07
-1.286788791583801e-06
-1.476759453220481e-06
-1.358942895389715e-06
-1.436905077756036e-06
-1.307607677095493e-06
-1.367168538041984e-06
-1.215248020199024e-06
-8.80469354399537e-07
-1.340307100746739e-06
-1.665218174462448e-06
-1.125827560021995e-06
-8.884771018243844e-07
-1.182705853282945e-06
-1.532272833752166e-06
-1.787529691607427e-06
-1.671728322406464e-06
-1.447756452521898e-06
-1.521985553228463e-06
-1.362302443934906e-06
-8.193781844770894e-07
-1.049204596468469e-06
-1.134890033455019e-06
-4.641109724903102e-07
-1.194443900272726e-06
-1.786809828971743e-06
-9.650455068816344e-07
-1.248987043278783e-06
-1.101440794079862e-06
-6.293906122206496e-07
-4.79253669389262e-07
-2.422658571168737e-07
-8.330036721745427e-07
-1.198184244030316e-06
-1.275124921271799e-06
-1.252571126759375e-06
-1.242034756381142e-06
-1.827034997352141e-06
-2.49213934662803e-06
-1.818441066844327e-06
-1.629256009672118e-06
-1.622984233867298e-06
-6.252926940998548e-07
-2.863011082820005e-07
-9.337456810630682e-07
-1.809627992078836e-06
-1.722925947837965e-06
-1.433608255877675e-06
-1.562520366895439e-06
-1.234527042583362e-06
6.798270212047953e-08
3.395031704094828e-07
-4.010487575983281e-07
-7.088952184163335e-07
-1.458162205049859e-06
-1.284053629855204e-06
-1.092243324263308e-06
-1.352287336135025e-06
-1.15414580240484e-06
-1.025621770945538e-06
-1.407303653381657e-06
-1.511221869916757e-06
-1.137772328396613e-06
-1.22603612123097e-06
-1.659296766025173e-06
-1.371728800471731e-06
-8.757314324016159e-07
-1.270026211222561e-06
-1.453324180727517e-06
-1.338617889392688e-06
-1.454105848516431e-06
-1.358037492256152e-06
-1.345566751486233e-06
-1.205253730698247e-06
-8.877317969008629e-07
-1.316904648973486e-06
-1.666780543974754e-06
-1.145547353695434e-06
-9.102322199504777e-07
-1.215238669885285e-06
-1.539026508876014e-06
-1.74630897884951e-06
-1.660111673465552e-06
-1.440565461108029e-06
-1.491608476983107e-06
-1.367344747354759e-06
-8.363257389761091e-07
-1.044904598001885e-06
-1.141516026663283e-06
-5.01970122867034e-07
-1.185499910146066e-06
-1.869417332679475e-06
-1.140346256337887e-06
-1.158074763583972e-06
-1.054490570330566e-06
-6.270349837392079e-07
-4.836924449802636e-07
-3.9529054496966e-07
-8.693580468858981e-07
-1.200930411072792e-06
-1.267388241586799e-06
-1.254972684573474e-06
-1.287043071450267e-06
-1.832617213033125e-06
-2.321193170839815e-06
-1.631708330994902e-06
-1.597706035410684e-06
-1.620245062034925e-06
-6.488429746733413e-07
-3.336483546424299e-07
-9.291292229217063e-07
-1.775962781998418e-06
-1.713130618772189e-06
-1.413054189703335e-06
-1.521410095417376e-06
-1.236257129358851e-06
2.552048360015603e-09
2.241659948507269e-07
-5.349110003532109e-07
-7.61379278833377e-07
-1.352697711632424e-06
-1.169890753919548e-06
-1.053684180574786e-06
-1.34871487047359e-06
-1.188259084903068e-06
-1.02984895099692e-06
-1.346314768021836e-06
-1.492509402423943e-06
-1.227108597612336e-06
-1.256682931933342e-06
-1.589649197846046e-06
-1.333964481603447e-06
-9.103391900596048e-07
-1.251356582325951e-06
-1.419774000972277e-06
-1.316474065018021e-06
-1.47205493278315e-06
-1.424600775027092e-06
-1.325573719356033e-06
-1.199427613158704e-06
-9.107216573844746e-07
-1.28680823569911e-06
-1.655066410357973e-06
-1.165232043566397e-06
-9.392474989897802e-07
-1.258913200745111e-06
-1.551822180529805e-06
-1.692006216892729e-06
-1.646633609927985e-06
-1.426914801555424e-06
-1.432322255747675e-06
-1.391512287433718e-06
-8.781011445309772e-07
-1.013900104735678e-06
-1.140570156136951e-06
-5.785471989116697e-07
-1.187337065582544e-06
-1.897019937568387e-06
-1.266273555695228e-06
-1.10027224437159e-06
-1.01778553385963e-06
-6.288451557316955e-07
-4.926599170142602e-07
-5.111846330412106e-07
-9.010965205228646e-07
-1.204057665244217e-06
-1.250917202337857e-06
-1.267310237110532e-06
-1.360325391680207e-06
-1.821371131250857e-06
-2.169034272559589e-06
-1.479624553258415e-06
-1.549374676830509e-06
-1.610983624077188e-06
-6.869870064743516e-07
-4.165755432941762e-07
-9.299505042106919e-07
-1.714476682842073e-06
-1.685742315190882e-06
-1.380379000093318e-06
-1.455525088140828e-06
-1.235431961089121e-06
-9.672446955104163e-08
1.229630526469325e-07
-6.163173948199143e-07
-8.013531875720304e-07
-1.286214255060385e-06
-1.114009877859947e-06
-1.023687053546987e-06
-1.327698942610318e-06
-1.213415565513437e-06
-1.053098567347405e-06
-1.291512173998769e-06
-1.454981148104385e-06
-1.316283242737401e-06
-1.300573309972991e-06
-1.515712472825745e-06
-1.284537039568546e-06
-9.53654941806526e-07
-1.244579695520095e-06
-1.381305519316617e-06
-1.291509215322063e-06
-1.482647345544235e-06
-1.491732944241063e-06
-1.317754166998943e-06
-1.197591862004927e-06
-9.442237382516405e-07
-1.256051384932312e-06
-1.632301219295709e-06
-1.189186992073275e-06
-9.619949524896356e-07
-1.287099220640171e-06
-1.564943875981909e-06
-1.644610011287732e-06
-1.63633918523314e-06
-1.416640733776134e-06
-1.357897596229382e-06
-1.423524529237308e-06
-9.507450033578809e-07
-9.673270922251285e-07
-1.129080087471278e-06
-6.761695229803728e-07
-1.192113646677668e-06
-1.868380885312062e-06
-1.325656305539345e-06
-1.076191580296671e-06
-9.969623269086549e-07
-6.391005774950729e-07
-5.1041000554485e-07
-5.84183293121584e-07
-9.250412216117893e-07
-1.203924413922434e-06
-1.231185346006908e-06
-1.279192560309432e-06
-1.432231977128322e-06
-1.792977134989544e-06
-2.057806491128409e-06
-1.393225707312252e-06
-1.487360341552512e-06
-1.601243826810605e-06
-7.43841923738342e-07
-5.129380220023055e-07
-9.351328676287886e-07
-1.632596227729835e-06
-1.647224776906066e-06
-1.345986832091092e-06
-1.370403611161267e-06
-1.215498549962535e-06
-2.099231432158935e-07
2.841683775130031e-08
-6.492221989728655e-07
-8.235025751737985e-07
-1.239734860793403e-06
-1.106871881580992e-06
-1.020679209359834e-06
-1.292781427090138e-06
-1.214323882264515e-06
-1.094440182663322e-06
-1.269945273403941e-06
-1.403154289247683e-06
-1.363947911235157e-06
-1.333729602277224e-06
-1.454321242102175e-06
-1.251510953310609e-06
-1.005467792772806e-06
-1.2644877186823e-06
-1.353443094719847e-06
-1.263925756491309e-06
-1.473457630480855e-06
-1.522432300827807e-06
-1.323194966256394e-06
-1.211778845352282e-06
-9.811265892196526e-07
-1.223106007576723e-06
-1.599606580444805e-06
-1.223921427310356e-06
-9.862685536807311e-07
-1.293770880075026e-06
-1.564783861259753e-06
-1.612331469793231e-06
-1.625249292508011e-06
-1.415579056808521e-06
-1.298732692606591e-06
-1.426922418925691e-06
-1.033788047087321e-06
-9.518517012039331e-07
-1.121866978296799e-06
-7.648973139682136e-07
-1.179167821917043e-06
-1.792204579136756e-06
-1.331836320279672e-06
-1.075058611736062e-06
-9.911757673554254e-07
-6.641823158634084e-07
-5.443312509548548e-07
-6.325977504798057e-07
-9.396462367426194e-07
-1.197804593322463e-06
-1.220485995703068e-06
-1.278607489602326e-06
-1.470476949573755e-06
-1.752377780655007e-06
-1.977811468420249e-06
-1.381288434216197e-06
-1.427792364355398e-06
-1.582994515104189e-06
-8.201472690826796e-07
-5.936685238725626e-07
-9.396330970412692e-07
-1.549707344383993e-06
-1.610729968291234e-06
-1.329425683310806e-06
-1.290062397078028e-06
-1.167178226403815e-06
-3.303642175475079e-07
-8.196224157500408e-08
-6.60997199665573e-07
-8.303920192607306e-07
-1.191456260166127e-06
-1.115048581153669e-06
-1.032868142999742e-06
-1.261487404880883e-06
-1.21051763865742e-06
-1.127507428899969e-06
-1.269459173543587e-06
-1.357568334066488e-06
-1.368430940256121e-06
-1.348989358350331e-06
-1.397508434814997e-06
-1.242207479316947e-06
-1.064339688464462e-06
-1.281118002320971e-06
-1.345373712243815e-06
-1.259809434625135e-06
-1.453938807133822e-06
-1.513374709015573e-06
-1.326625387316555e-06
-1.235211702692337e-06
-1.038600296866723e-06
-1.213658394837427e-06
-1.543876525543095e-06
-1.237790433913775e-06
-1.02590206442923e-06
-1.294388140224079e-06
-1.546074691875219e-06
-1.577838979051482e-06
-1.59055603403212e-06
-1.428850015550872e-06
-1.282025955381402e-06
-1.398082223108329e-06
-1.094337461316884e-06
-9.64472437143457e-07
-1.122719497847172e-06
-8.607656527962888e-07
-1.166706231534348e-06
-1.68587765883899e-06
-1.3123783051565e-06
-1.078688813222836e-06
-9.956829338640768e-07
-7.064214859988577e-07
-5.979733968836407e-07
-6.825363847329743e-07
-9.463819408996222e-07
-1.187570023081625e-06
-1.219416893484198e-06
-1.274537097767626e-06
-1.481973676127577e-06
-1.699458487084923e-06
-1.893368680712556e-06
-1.400378867921519e-06
-1.390347734085969e-06
-1.528402423076331e-06
-8.942224776644992e-07
-6.90511799573632e-07
-9.568276472537028e-07
-1.463031574658396e-06
-1.549432407770339e-06
-1.320907416522735e-06
-1.237990574782198e-06
-1.109449050874621e-06
-4.472941110283888e-07
-2.07610273832916e-07
-6.78398220307824e-07
-8.371729533269611e-07
-1.143710180307318e-06
-1.117907052051601e-06
-1.048157494306721e-06
-1.235364995762299e-06
-1.200507721368353e-06
-1.148523424323022e-06
-1.277552028004486e-06
-1.322177162310111e-06
-1.350277750872277e-06
-1.360281279216227e-06
-1.360586708650165e-06
-1.238901742114742e-06
-1.11294415782173e-06
-1.2896203996859e-06
-1.351953693885595e-06
-1.265388206062003e-06
-1.427241425462971e-06
-1.490678907838486e-06
-1.327084909208075e-06
-1.258628732495427e-06
-1.100698533247406e-06
-1.222167800310155e-06
-1.480954338688306e-06
-1.243295879826504e-06
-1.077514147966183e-06
-1.28752847420971e-06
-1.512011547000154e-06
-1.543881360716107e-06
-1.5461310738545e-06
-1.441332531144759e-06
-1.286163820899239e-06
-1.355695439353466e-06
-1.141910036769924e-06
-9.97464659925547e-07
-1.127188382289329e-06
-9.548707890716721e-07
-1.160536277699209e-06
-1.576976171880944e-06
-1.287723651812648e-06
-1.080831126803092e-06
-1.004597529254848e-06
-7.580666705552334e-07
-6.624096214853449e-07
-7.38566870800771e-07
-9.562565045826533e-07
-1.172511186459187e-06
-1.225145203317389e-06
-1.274262495445628e-06
-1.471578798767077e-06
-1.644814688329276e-06
-1.806277162312638e-06
-1.414013416633293e-06
-1.357131041399419e-06
-1.457012905558521e-06
-9.618112473970608e-07
-7.973597885565593e-07
-9.850125288909514e-07
-1.382166061920905e-06
-1.476613761175479e-06
-1.304439773626671e-06
-1.192876945366688e-06
-1.050973916767683e-06
-5.440971897639681e-07
-3.301224231420495e-07
-7.037021756437364e-07
-8.472698908893057e-07
-1.103302961152899e-06
-1.11443516876663e-06
-1.060896883343379e-06
-1.214459306974602e-06
-1.1900925662526e-06
-1.159195800169142e-06
-1.282005360106359e-06
-1.298137642435694e-06
-1.327671183517138e-06
-1.36353013267927e-06
-1.340363997816151e-06
-1.238333597313516e-06
-1.146796151194468e-06
-1.29248796295737e-06
-1.358700072752771e-06
-1.277421139417051e-06
-1.404891954026014e-06
-1.466310411795398e-06
-1.328139377481714e-06
-1.27965765187627e-06
-1.155358509842147e-06
-1.234831253495693e-06
-1.428579073476734e-06
-1.248308441750776e-06
-1.120880969967767e-06
-1.278217549625912e-06
-1.477025712918411e-06
-1.510892712095111e-06
-1.503060122555667e-06
-1.446123562338264e-06
-1.298741261227817e-06
-1.32200063980572e-06
-1.177378511099284e-06
-1.039109026856555e-06
-1.136052606928446e-06
-1.029841127654092e-06
-1.161160168658127e-06
-1.485276642985265e-06
-1.264757592405378e-06
-1.081762474085198e-06
-1.014677459368265e-06
-8.098874062698749e-07
-7.267399010734009e-07
-7.937886307672152e-07
-9.713805418695026e-07
-1.161433814440191e-06
-1.22994740424063e-06
-1.271901157185247e-06
-1.453866762508974e-06
-1.595134986512386e-06
-1.723162280315584e-06
-1.413850177871642e-06
-1.327420329246416e-06
-1.393892409922639e-06
-1.017304025853717e-06
-8.89336487733119e-07
-1.012658982159396e-06
-1.31232664252372e-06
-1.405619419548037e-06
-1.279482246892873e-06
-1.158090661914338e-06
-1.006306113044502e-06
-6.218985980573489e-07
-4.401729785552457e-07
-7.324143058206224e-07
-8.593631215317672e-07
-1.071729854850254e-06
-1.107577142085833e-06
-1.069830654426479e-06
-1.196042990896157e-06
-1.182604263451805e-06
-1.164929998297047e-06
-1.278452993830884e-06
-1.282427728862095e-06
-1.309217891290254e-06
-1.359502337150761e-06
-1.327305899461233e-06
-1.239005615149633e-06
-1.17283657501858e-06
-1.291804718901416e-06
-1.361396341944716e-06
-1.292573438316155e-06
-1.388897214239293e-06
-1.44687117039817e-06
-1.332007018796299e-06
-1.296744717337765e-06
-1.198854194503176e-06
-1.247752270224892e-06
-1.388962779798558e-06
-1.250919298198173e-06
-1.153581648466295e-06
-1.270048488848983e-06
-1.442680060379643e-06
-1.480992884971669e-06
-1.467914880967403e-06
-1.442559920483728e-06
-1.313109155066643e-06
-1.301899464095001e-06
-1.203421969581637e-06
-1.081029164612244e-06
-1.148205886870752e-06
-1.085823701342351e-06
-1.165714256256649e-06
-1.413195587175807e-06
-1.245167015869661e-06
-1.083518885476868e-06
-1.02573892513558e-06
-8.582254040442345e-07
-7.860882017667009e-07
-8.448565154640225e-07
-9.896381216737503e-07
-1.154601447694431e-06
-1.232246720429668e-06
-1.269144986228203e-06
-1.434015983266166e-06
-1.547759055796727e-06
-1.648041144927905e-06
-1.403891733798711e-06
-1.303093312908809e-06
-1.34498121322806e-06
-1.058056513439704e-06
-9.580465710848251e-07
-1.034736382092039e-06
-1.256352830664279e-06
-1.343739117659322e-06
-1.251633129458639e-06
-1.131539854606751e-06
-9.766516860330194e-07
-6.848483648109664e-07
-5.349396651139654e-07
-7.614777697380938e-07
-8.727268746135775e-07
-1.048461659462817e-06
-1.099180982303072e-06
-1.075386186982792e-06
-1.179902615582666e-06
-1.177157196334644e-06
-1.167150775342429e-06
-1.268876359872413e-06
-1.272276606862277e-06
-1.295657199325794e-06
-1.349585497486928e-06
-1.317073545582392e-06
-1.2414254708653e-06
-1.194106614740412e-06
-1.289401040361775e-06
-1.360347817252231e-06
-1.308230570248072e-06
-1.378816676375148e-06
-1.43238965677823e-06
-1.337920998254079e-06
-1.310577921182098e-06
-1.232567521246793e-06
-1.259449340173346e-06
-1.359595217648936e-06
-1.251522868382845e-06
-1.177852838553055e-06
-1.263671738130255e-06
-1.410616243697024e-06
-1.454506605003114e-06
-1.440524302863706e-06
-1.433566255030882e-06
-1.326148295473625e-06
-1.292743811905674e-06
-1.223064208021903e-06
-1.119376316607488e-06
-1.162384416419547e-06
-1.127259996559533e-06
-1.172063691261739e-06
-1.358324535975237e-06
-1.229924968889609e-06
-1.087407329422633e-06
-1.037712218681415e-06
-9.018903766277925e-07
-8.396450272846607e-07
-8.907431099312294e-07
-1.009255629715248e-06
-1.151169365691335e-06
-1.232366546290141e-06
-1.26640566857216e-06
-1.413222519704597e-06
-1.503082983789791e-06
-1.581669944381215e-06
-1.388398078944149e-06
-1.283205167828122e-06
-1.30716630626198e-06
-1.085748315916829e-06
-1.005970945521782e-06
-1.051306657187012e-06
-1.213291236376575e-06
-1.292275446755806e-06
-1.223654081583032e-06
-1.110797992134356e-06
-9.598728439352292e-07
-7.361666841475206e-07
-6.150885979832731e-07
-7.897532312195772e-07
-8.868513055641258e-07
-1.032204116152531e-06
-1.090386419962788e-06
-1.078453313993178e-06
-1.165778775161166e-06
-1.172112904334579e-06
-1.167059595819232e-06
-1.256400931962058e-06
-1.264818682958299e-06
-1.285389966137222e-06
-1.336372764124905e-06
-1.308520184627293e-06
-1.245183140509033e-06
-1.211496435480666e-06
-1.286644619911772e-06
-1.356754666232127e-06
-1.322647631334653e-06
-1.37359455204534e-06
-1.421964105470187e-06
-1.344856785145351e-06
-1.32197971143548e-06
-1.258862482579847e-06
-1.269788488771708e-06
-1.338064555631918e-06
-1.251153207922391e-06
-1.195645383517892e-06
-1.258743479918891e-06
-1.381792332147224e-06
-1.430551448932506e-06
-1.418957577326077e-06
-1.421990559518005e-06
-1.336544906508106e-06
-1.290656921790191e-06
-1.238594927931045e-06
-1.153268475136892e-06
-1.177977105561235e-06
-1.158765211571586e-06
-1.179429717169061e-06
-1.317359327987413e-06
-1.21868607188226e-06
-1.093316949513066e-06
-1.050119279551684e-06
-9.407282924576069e-07
-8.876542942791497e-07
-9.31715287624838e-07
-1.029221197556803e-06
-1.150428648032629e-06
-1.231125547478352e-06
-1.26319722955053e-06
-1.392223332520171e-06
-1.462028251707132e-06
-1.523302591787694e-06
-1.369962634097677e-06
-1.266284451680772e-06
-1.276799934239964e-06
-1.103240939066147e-06
-1.038041163144027e-06
-1.063538999633288e-06
-1.180774973439522e-06
-1.250055176412122e-06
-1.197068372887836e-06
-1.094265596131641e-06
-9.525622473366692e-07
-7.785831430440641e-07
-6.825204702078363e-07
-8.167883655616745e-07
-9.012129392297395e-07
-1.021484208334263e-06
-1.081947456939975e-06
-1.079695962629945e-06
-1.153294998703563e-06
-1.166559048167219e-06
-1.165499718888853e-06
-1.243099219359683e-06
-1.258020987214576e-06
-1.277104865955468e-06
-1.322189582518069e-06
-1.301278113796554e-06
-1.249435363846982e-06
-1.225314904554038e-06
-1.284288679920233e-06
-1.351828361171915e-06
-1.335074560136395e-06
-1.372109514389679e-06
-1.414652852555353e-06
-1.352061744695292e-06
-1.331733715331772e-06
-1.27991554636585e-06
-1.279093880720748e-06
-1.322714557331302e-06
-1.250571521414142e-06
-1.208194549191039e-06
-1.254576194574675e-06
-1.356307688658962e-06
-1.408359276340555e-06
-1.401561279391394e-06
-1.40966832553969e-06
-1.343811017082631e-06
-1.292604172091911e-06
-1.251784086874175e-06
-1.183198502522093e-06
-1.194717482284984e-06
-1.183744507509241e-06
-1.187518776020902e-06
-1.287405934484443e-06
-1.210704045428302e-06
-1.100608204477727e-06
-1.062524729785599e-06
-9.750351520966041e-07
-9.305810920796592e-07
-9.683771336453001e-07
-1.04892942507884e-06
-1.151787305290247e-06
-1.229131248924863e-06
-1.259238010161713e-06
-1.371464096617949e-06
-1.424969553582394e-06
-1.472071084841688e-06
-1.350135081567787e-06
-1.2511491095235e-06
-1.251163294913375e-06
-1.113058995386626e-06
-1.058496363850298e-06
-1.072226572657788e-06
-1.156334055702642e-06
-1.215534717769575e-06
-1.172756209258516e-06
-1.080890264873456e-06
-9.517351082135281e-07
-8.143108351880398e-07
-7.391770231934625e-07
-8.421713670287363e-07
-9.152718565805088e-07
-1.014941818846338e-06
-1.074329713955287e-06
-1.079628834858873e-06
-1.142179953556076e-06
-1.160288531685422e-06
-1.162961255647723e-06
-1.230109440888882e-06
-1.250888901330459e-06
-1.269986780425865e-06
-1.308591563756975e-06
-1.295014215819491e-06
-1.253379997083964e-06
-1.235930240547497e-06
-1.282715594272416e-06
-1.346643408997695e-06
-1.345371200369791e-06
-1.373253482744618e-06
-1.409681169809226e-06
-1.359036040010779e-06
-1.340448013859949e-06
-1.297371421325539e-06
-1.287828456268126e-06
-1.312302428395775e-06
-1.250053069706283e-06
-1.216434361637905e-06
-1.25051448139671e-06
-1.333960516690712e-06
-1.387723330027841e-06
-1.387158256619609e-06
-1.397600083218624e-06
-1.347964935931414e-06
-1.296483954924174e-06
-1.263781324841965e-06
-1.209922289985407e-06
-1.212226401109179e-06
-1.204481732639629e-06
-1.196218348181676e-06
-1.266034905062352e-06
-1.205185207259196e-06
-1.108668430675966e-06
-1.07472230661302e-06
-1.00527569703365e-06
-9.689088783139352e-07
-1.001304690289242e-06
-1.068014685275377e-06
-1.154748273198948e-06
-1.226798750199142e-06
-1.254511017201568e-06
-1.351193580082428e-06
-1.391864006175838e-06
-1.427250657000528e-06
-1.329827135405357e-06
-1.236978896596901e-06
-1.2284732767775e-06
-1.117127590266766e-06
-1.070596844823633e-06
-1.077892361244912e-06
-1.137844552623676e-06
-1.187316521943165e-06
-1.1512615263709e-06
-1.070033956853796e-06
-9.551942590513279e-07
-8.449427045054574e-07
-7.868144626316345e-07
-8.656767029532399e-07
-9.287070122624299e-07
-1.011461383884736e-06
-1.067808928844066e-06
-1.078656390018852e-06
-1.132188372834678e-06
-1.153417151375176e-06
-1.159667108069893e-06
-1.217934976164492e-06
-1.243125576071879e-06
-1.263537717057919e-06
-1.296287406520542e-06
-1.289367303746252e-06
-1.256586733501932e-06
-1.243907681523369e-06
-1.282034989530783e-06
-1.341935680702393e-06
-1.353687974507005e-06
-1.376019960861437e-06
-1.406365154484795e-06
-1.365475835511331e-06
-1.348552009170308e-06
-1.312424550449344e-06
-1.296390052750604e-06
-1.30577688737131e-06
-1.249628388720692e-06
-1.221266738647833e-06
-1.246235212918324e-06
-1.31452080514617e-06
-1.368714362823263e-06
-1.374822822838989e-06
-1.386029390967522e-06
-1.34920292370768e-06
-1.300952928740564e-06
-1.275294764943035e-06
-1.234155679669928e-06
-1.230193803184107e-06
-1.222540543764929e-06
-1.205485149203424e-06
-1.251303867906827e-06
-1.201539501516049e-06
-1.117127927581182e-06
-1.086653533168921e-06
-1.031981105081907e-06
-1.003098360413751e-06
-1.031027727287658e-06
-1.086270898244235e-06
-1.158921818812519e-06
-1.224372225952197e-06
-1.249195067053199e-06
-1.331514216082962e-06
-1.362342979305954e-06
-1.388060686802893e-06
-1.309543727087284e-06
-1.223295485490706e-06
-1.207608216639038e-06
-1.116749634489183e-06
-1.076594283071062e-06
-1.080948531907027e-06
-1.123712074509744e-06
-1.164295046507405e-06
-1.13278267077019e-06
-1.061294991047532e-06
-9.613445186868187e-07
-8.716709443525651e-07
-8.269366722665152e-07
-8.871641101255834e-07
-9.413027475612935e-07
-1.010135076337805e-06
-1.06245725132602e-06
-1.077080562821549e-06
-1.123151814317493e-06
-1.146235039071105e-06
-1.155814126950478e-06
-1.206787481308058e-06
-1.234815000565525e-06
-1.257400296922303e-06
-1.285463889868436e-06
-1.284107423315362e-06
-1.258922647349825e-06
-1.249816438054689e-06
-1.282179982791831e-06
-1.338180906975518e-06
-1.360373937452979e-06
-1.37957999664519e-06
-1.404128572287688e-06
-1.371205624459814e-06
-1.35630147001926e-06
-1.325858361103748e-06
-1.305032883664533e-06
-1.302240840584892e-06
-1.249289574212767e-06
-1.223641205444234e-06
-1.2417028505037e-06
-1.297787488025442e-06
-1.351504474269806e-06
-1.363789852762039e-06
-1.374844449127355e-06
-1.34784389091097e-06
-1.30516360659937e-06
-1.286620894966672e-06
-1.256453377095704e-06
-1.24831733429859e-06
-1.238901195670545e-06
-1.215223736313596e-06
-1.241680859535137e-06
-1.199357283289979e-06
-1.125745624771345e-06
-1.098312246404347e-06
-1.05562895485188e-06
-1.033572560492351e-06
-1.057979621113917e-06
-1.103592376194868e-06
-1.164007432755728e-06
-1.222025623414918e-06
-1.243496001774013e-06
-1.312517691637265e-06
-1.335917460668947e-06
-1.353771006647221e-06
-1.28966342908295e-06
-1.209859744987845e-06
-1.187904315221884e-06
-1.11288648027391e-06
-1.078165034499159e-06
-1.081850876105689e-06
-1.112781048492455e-06
-1.14551720380273e-06
-1.117227371194107e-06
-1.054377858184337e-06
-9.690939466197029e-07
-8.953369499683409e-07
-8.608397898727902e-07
-9.066462472985815e-07
-9.529934247257466e-07
-1.010252440373128e-06
-1.058248059741365e-06
-1.075106677047598e-06
-1.114889513001244e-06
-1.139036633107644e-06
-1.151587460432273e-06
-1.196669432266136e-06
-1.226132460831833e-06
-1.251330421507441e-06
-1.276003222790499e-06
-1.279070798314474e-06
-1.260422298465315e-06
-1.254212108125013e-06
-1.283069206443732e-06
-1.335639396608244e-06
-1.365817266001741e-06
-1.383262091000603e-06
-1.402435550590277e-06
-1.376131721434244e-06
-1.363888073314987e-06
-1.338189495288326e-06
-1.313854440385588e-06
-1.300922360685455e-06
-1.249042964267998e-06
-1.224464162300249e-06
-1.237082420465858e-06
-1.283640388484647e-06
-1.336214451632504e-06
-1.353342516976861e-06
-1.363684752114342e-06
-1.344206247311616e-06
-1.308644107220238e-06
-1.297923754272636e-06
-1.277244200649343e-06
-1.266356697793448e-06
-1.254165380281038e-06
-1.225360717233324e-06
-1.236003141445159e-06
-1.198375901081413e-06
-1.134408441670275e-06
-1.109723703275174e-06
-1.07667924246745e-06
-1.060742999420258e-06
-1.082545217182155e-06
-1.119906866728968e-06
-1.169769078973676e-06
-1.219853176853089e-06
-1.237612967898314e-06
-1.294265552133993e-06
-1.312087496094742e-06
-1.323673721381979e-06
-1.270434320434437e-06
-1.196548997428984e-06
-1.168981963615876e-06
-1.106288401862334e-06
-1.076525101307561e-06
-1.081065071666381e-06
-1.104211803974321e-06
-1.13014456308574e-06
-1.104266557246436e-06
-1.049060393424667e-06
-9.777151234002403e-07
-9.166258100845831e-07
-8.89619149420974e-07
-9.2416177499547e-07
-9.637159525217518e-07
-1.011233554801226e-06
-1.055033245894929e-06
-1.072854094267289e-06
-1.107311414882273e-06
-1.132162027672695e-06
-1.14723511859278e-06
-1.187510010388962e-06
-1.217278112586814e-06
-1.245196176739832e-06
-1.267669213041301e-06
-1.27419022135278e-06
-1.261185706585472e-06
-1.257527738595569e-06
-1.284600274410931e-06
-1.33443634208231e-06
-1.370442104603167e-06
-1.386609809967413e-06
-1.400842535419096e-06
-1.380236966240007e-06
-1.371446352101925e-06
-1.349717942274005e-06
-1.322826045982157e-06
-1.301184447875691e-06
-1.248905500636315e-06
-1.224528711562559e-06
-1.232645578245973e-06
-1.27196805312569e-06
-1.322868706628299e-06
-1.342903693168838e-06
-1.352260394596676e-06
-1.338682255810893e-06
-1.31120412061263e-06
-1.309228197181754e-06
-1.296762511486454e-06
-1.284009178883983e-06
-1.268628213806483e-06
-1.235769444763772e-06
-1.233345807747212e-06
-1.198388388355525e-06
-1.143032271140997e-06
-1.120940237540282e-06
-1.095521931920332e-06
-1.08500769907924e-06
-1.105014510536251e-06
-1.135145971461486e-06
-1.176009220820153e-06
-1.217937353250372e-06
-1.23167308326207e-06
-1.276858559526411e-06
-1.290435685435947e-06
-1.297166018463767e-06
-1.25205458687707e-06
-1.183315346955415e-06
-1.150685674329378e-06
-1.09765648026183e-06
-1.072707098806178e-06
-1.079092617677412e-06
-1.097352383016313e-06
-1.11741309694155e-06
-1.09345967744096e-06
-1.045151226027693e-06
-9.867952261176443e-07
-9.360319568958117e-07
-9.141712711929608e-07
-9.398098097184996e-07
-9.734588772980898e-07
-1.012625066241816e-06
-1.052650079655561e-06
-1.070366461347907e-06
-1.100347026807899e-06
-1.125907247225193e-06
-1.143000193812211e-06
-1.179174971440876e-06
-1.208390753012725e-06
-1.238945282279197e-06
-1.26017862794365e-06
-1.269410096885181e-06
-1.261310925218929e-06
-1.260133574243121e-06
-1.286751098710194e-06
-1.334621858701208e-06
-1.374621386302554e-06
-1.389300247069944e-06
-1.398969635684907e-06
-1.383587352394032e-06
-1.379135227675023e-06
-1.360587253709375e-06
-1.331798081311088e-06
-1.302447608413336e-06
-1.248836867193405e-06
-1.224441758324183e-06
-1.228667806360947e-06
-1.262752957282473e-06
-1.311400655086613e-06
-1.331984869928792e-06
-1.340381638013266e-06
-1.331699257634934e-06
-1.312869649312348e-06
-1.320550749808963e-06
-1.315047866306649e-06
-1.300926299135054e-06
-1.2824101706053e-06
-1.246338879336239e-06
-1.232970084488545e-06
-1.199225537638233e-06
-1.151621094525558e-06
-1.132075880267883e-06
-1.112523944861104e-06
-1.106750382849466e-06
-1.125602021514711e-06
-1.149217840231736e-06
-1.182557707293065e-06
-1.21631005776053e-06
-1.225755675179013e-06
-1.260419957026375e-06
-1.270668258944656e-06
-1.273744085471545e-06
-1.234634125400044e-06
-1.170134863882276e-06
-1.133000254685269e-06
-1.087681570134145e-06
-1.067602731362452e-06
-1.076395358708977e-06
-1.091654688549278e-06
-1.106638711542775e-06
-1.084313737040433e-06
-1.042511648827411e-06
-9.961302456658911e-07
-9.539958559351718e-07
-9.352252708708762e-07
-9.536936648719181e-07
-9.821729982809775e-07
-1.014051400702959e-06
-1.050905379147892e-06
-1.06766922511138e-06
-1.094027620403434e-06
-1.120565962031242e-06
-1.139128689323423e-06
-1.171526877031089e-06
-1.199579812713539e-06
-1.232617999810867e-06
-1.25327059122176e-06
-1.264717995433202e-06
-1.26088301967156e-06
-1.262268154117594e-06
-1.289469048198128e-06
-1.336172570837168e-06
-1.378697798735931e-06
-1.391183270549464e-06
-1.396560586006036e-06
-1.386338122744751e-06
-1.387104400151937e-06
-1.370820010282293e-06
-1.340543901990547e-06
-1.304180986390247e-06
-1.248733078571599e-06
-1.224644102823591e-06
-1.225437348578654e-06
-1.255922528984718e-06
-1.301627918445456e-06
-1.320306717523597e-06
-1.328099239406557e-06
-1.323727761397747e-06
-1.313796330128156e-06
-1.331878236709726e-06
-1.331969639288061e-06
-1.316689414889451e-06
-1.295491445937489e-06
-1.256915835790212e-06
-1.234227112052819e-06
-1.200715047062807e-06
-1.160222090104411e-06
-1.143270132510804e-06
-1.127985278543378e-06
-1.126330127015313e-06
-1.144449443089726e-06
-1.162027830692278e-06
-1.189278204853016e-06
-1.214998634007028e-06
-1.219897677186218e-06
-1.245076669588765e-06
-1.252584193340668e-06
-1.25299082505745e-06
-1.218228024161247e-06
-1.157003972284385e-06
-1.115997538917933e-06
-1.077072533219099e-06
-1.062050136925698e-06
-1.073387530890367e-06
-1.086643364158873e-06
-1.097228902448417e-06
-1.076356551332255e-06
-1.04100248001434e-06
-1.005692151143769e-06
-9.708470622799521e-07
-9.533578709451663e-07
-9.659402146786757e-07
-9.898221778982796e-07
-1.015208093351787e-06
-1.049652708060221e-06
-1.064774195178755e-06
-1.088415090003502e-06
-1.116389632702412e-06
-1.135833705893673e-06
-1.164422962317759e-06
-1.190906661025711e-06
-1.226296495557062e-06
-1.246714591926809e-06
-1.260098878451936e-06
-1.259949926897424e-06
-1.264125225673621e-06
-1.29275760582844e-06
-1.339044165776749e-06
-1.382955542413318e-06
-1.392190593170366e-06
-1.393454633476216e-06
-1.388766644999547e-06
-1.395545448126712e-06
-1.380312738101454e-06
-1.348762615556157e-06
-1.305883709857792e-06
-1.248423127191069e-06
-1.225398964473181e-06
-1.223144801836319e-06
-1.251399775180253e-06
-1.293307953947546e-06
-1.307737907356309e-06
-1.315635183849454e-06
-1.315232503853786e-06
-1.31426257393342e-06
-1.343265881808016e-06
-1.347267904124628e-06
-1.330847432423685e-06
-1.3078175499989e-06
-1.267354789815253e-06
-1.236535995268092e-06
-1.202686551732865e-06
-1.168968521336398e-06
-1.154710148054097e-06
-1.142162291615553e-06
-1.144082318453016e-06
-1.161651132977914e-06
-1.173488198308419e-06
-1.196077181053133e-06
-1.213986329076569e-06
-1.2141019727588e-06
-1.230964638294939e-06
-1.236078605887282e-06
-1.234595485385565e-06
-1.202848821208824e-06
-1.143909921569168e-06
-1.099777805694356e-06
-1.066527486904876e-06
-1.056798911983362e-06
-1.070355784140168e-06
-1.081875398424018e-06
-1.088668089621191e-06
-1.069131776215657e-06
-1.040534027929775e-06
-1.015567014427293e-06
-9.869304465319726e-07
-9.690542202627305e-07
-9.766744571404335e-07
-9.963116837717487e-07
-1.015844044900326e-06
-1.048808872174372e-06
-1.061727898752071e-06
-1.083586824510882e-06
-1.113587314160832e-06
-1.133292177089475e-06
-1.157720118163468e-06
-1.182409080788944e-06
-1.22010779210735e-06
-1.24034388486317e-06
-1.255575743676468e-06
-1.25856594681745e-06
-1.265815039076894e-06
-1.296542989212903e-06
-1.343104546586157e-06
-1.387619027858057e-06
-1.392326776650401e-06
-1.389609998023457e-06
-1.391238054066308e-06
-1.404649584002141e-06
-1.38889788270822e-06
-1.356171507374435e-06
-1.307107693998182e-06
-1.247681912020235e-06
-1.226869913549323e-06
-1.221917998901992e-06
-1.248950754148417e-06
-1.286111786482728e-06
-1.294299660466796e-06
-1.30334296418284e-06
-1.306600748998367e-06
-1.314559700841361e-06
-1.354811747551474e-06
-1.36067243592661e-06
-1.343011961328624e-06
-1.319361139162205e-06
-1.277525871155011e-06
-1.239340857619804e-06
-1.204958864851891e-06
-1.178055354055396e-06
-1.166568061798071e-06
-1.155235819960964e-06
-1.160308507229044e-06
-1.177291635671242e-06
-1.183547944761224e-06
-1.202926703263345e-06
-1.213251755427658e-06
-1.208366836274051e-06
-1.218155895814124e-06
-1.221052059652438e-06
-1.21828187154179e-06
-1.188476619688544e-06
-1.130840545661449e-06
-1.084415483706544e-06
-1.056689342083298e-06
-1.052446485018387e-06
-1.067451161887824e-06
-1.076980866860438e-06
-1.080548678100159e-06
-1.062236865458259e-06
-1.041000795651885e-06
-1.025933463070311e-06
-1.002535424555613e-06
-9.826806674090496e-07
-9.859800733992181e-07
-1.00150539565355e-06
-1.015723228664405e-06
-1.048415083824027e-06
-1.058615307549143e-06
-1.079618618900053e-06
-1.112362548916968e-06
-1.131676238583793e-06
-1.151290699662095e-06
-1.174092561636705e-06
-1.214155537735503e-06
-1.234023311151651e-06
-1.251168470488724e-06
-1.256776870926907e-06
-1.267492142060667e-06
-1.300791068899954e-06
-1.348204440585224e-06
-1.392887102955749e-06
-1.39163491095081e-06
-1.385058262569956e-06
-1.394206108286251e-06
-1.414595510382738e-06
-1.396265308134113e-06
-1.362504865704116e-06
-1.307530066899682e-06
-1.246336310589648e-06
-1.229184021271848e-06
-1.22176665109758e-06
-1.24825213340355e-06
-1.279697299555534e-06
-1.280091021840298e-06
-1.291597719759909e-06
-1.298115491869015e-06
-1.314983393402698e-06
-1.366670168877362e-06
-1.371917866868174e-06
-1.352856474382619e-06
-1.330159920786013e-06
-1.287322013266032e-06
-1.242090922509545e-06
-1.207359146647616e-06
-1.187758724602216e-06
-1.17901470008262e-06
-1.167327992739096e-06
-1.175262651361518e-06
-1.191428211143531e-06
-1.192182450254011e-06
-1.209843786233068e-06
-1.212717457741788e-06
-1.202669400172124e-06
-1.206715259897072e-06
-1.207464235442328e-06
-1.203891589805192e-06
-1.175161932234094e-06
-1.117820431999213e-06
-1.069969343471189e-06
-1.048132970747506e-06
-1.049438550045203e-06
-1.064678862197304e-06
-1.071686614702227e-06
-1.07255863344324e-06
-1.055275199536912e-06
-1.04236558043082e-06
-1.037046316919259e-06
-1.018006905773208e-06
-9.945434178340564e-07
-9.939215713386229e-07
-1.005166879097045e-06
-1.014706797072085e-06
-1.048641122338053e-06
-1.05549210943284e-06
-1.076507429410063e-06
-1.112907208882425e-06
-1.131150979363223e-06
-1.144985185124899e-06
-1.16593085435979e-06
-1.208530984160698e-06
-1.227667399539182e-06
-1.246934824482778e-06
-1.254653734230551e-06
-1.269278790693218e-06
-1.305381012276309e-06
-1.354123441449701e-06
-1.398948225372019e-06
-1.390170701416536e-06
-1.379859871772159e-06
-1.39813016327171e-06
-1.425480017019122e-06
-1.402066874588552e-06
-1.367614129857903e-06
-1.306905046334726e-06
-1.244206085352269e-06
-1.232450084370524e-06
-1.222651745782851e-06
-1.248952007299242e-06
-1.273755885040224e-06
-1.265252109086557e-06
-1.280754587868695e-06
-1.289870384288852e-06
-1.315707325802501e-06
-1.37897380883638e-06
-1.380833051278296e-06
-1.360228324476971e-06
-1.340364260249677e-06
-1.29665590245736e-06
-1.244203443597952e-06
-1.209680043803911e-06
-1.198389179684554e-06
-1.192139172648507e-06
-1.178449813895629e-06
-1.18914570363967e-06
-1.204094042079454e-06
-1.199398106365104e-06
-1.216906241671283e-06
-1.212292512479918e-06
-1.197006591558749e-06
-1.196653323895814e-06
-1.195267475375616e-06
-1.191313345763011e-06
-1.163001429976274e-06
-1.104917673674504e-06
-1.056471434904036e-06
-1.041315443746266e-06
-1.048016178116283e-06
-1.061977172715573e-06
-1.065867706535215e-06
-1.06447874214794e-06
-1.047860933136637e-06
-1.044556798065921e-06
-1.049211940143386e-06
-1.033674804360285e-06
-1.004860110582145e-06
-1.000451615868008e-06
-1.006948735696599e-06
-1.01268349637107e-06
-1.049768199071683e-06
-1.052424322424888e-06
-1.074257414205548e-06
-1.115506671981376e-06
-1.131957237276629e-06
-1.138676590222124e-06
-1.157884588521754e-06
-1.203256719949229e-06
-1.221193983293538e-06
-1.242934638679619e-06
-1.252257536327619e-06
-1.271406410738879e-06
-1.310231230640744e-06
-1.360642556218443e-06
-1.406029470168268e-06
-1.38802718861473e-06
-1.37409228215677e-06
-1.403506399953022e-06
-1.43730242590344e-06
-1.405749076001939e-06
-1.371381438636133e-06
-1.305080913565527e-06
-1.241205874140327e-06
-1.236879904662471e-06
-1.224506546299507e-06
-1.25074408017119e-06
-1.26799670165338e-06
-1.249818488040015e-06
-1.271102685059981e-06
-1.281873630312983e-06
-1.3168911732405e-06
-1.391942775785111e-06
-1.387388498098345e-06
-1.365115814210421e-06
-1.350182243594622e-06
-1.305431527520406e-06
-1.24506370716779e-06
-1.211753569763198e-06
-1.210333722984727e-06
-1.205994918438398e-06
-1.188566161886605e-06
-1.202155566921652e-06
-1.215337691264986e-06
-1.205252673905691e-06
-1.224242309576569e-06
-1.211829195597271e-06
-1.191349533999384e-06
-1.18801740122396e-06
-1.184467956573915e-06
-1.180552361121231e-06
-1.152176654584602e-06
-1.092145474273687e-06
-1.043855274909153e-06
-1.036584113284142e-06
-1.048294440576517e-06
-1.059227842286981e-06
-1.059514244808465e-06
-1.056070616709212e-06
-1.039489828184359e-06
-1.047575895647244e-06
-1.062838522214873e-06
-1.049959496454016e-06
-1.013832471006585e-06
-1.005497291917186e-06
-1.00640427654789e-06
-1.009718424029379e-06
-1.052142102574806e-06
-1.049286697179707e-06
-1.072769423753986e-06
-1.120498995859378e-06
-1.134335888919598e-06
-1.13215289346595e-06
-1.149855712967733e-06
-1.198296138986932e-06
-1.214560697608564e-06
-1.239289019145574e-06
-1.249679638285856e-06
-1.274087519966794e-06
-1.315149718087088e-06
-1.367501867483116e-06
-1.414368855331541e-06
-1.385210664569269e-06
-1.36775453123824e-06
-1.410843111321888e-06
-1.44999087193969e-06
-1.406787983103523e-06
-1.373866909028988e-06
-1.301909695124876e-06
-1.237179382282265e-06
-1.242621835674123e-06
-1.227285557792598e-06
-1.253498440410418e-06
-1.262165202039434e-06
-1.23372714793295e-06
-1.262875391210844e-06
-1.274005635052129e-06
-1.31858101461259e-06
-1.405815069261066e-06
-1.391685301836079e-06
-1.36772558055044e-06
-1.360015291959006e-06
-1.313565426636037e-06
-1.243973029657809e-06
-1.213415325228201e-06
-1.224039287556869e-06
-1.220558616205874e-06
-1.197562914655878e-06
-1.214479851202327e-06
-1.225165897029288e-06
-1.209838599558885e-06
-1.232018598974008e-06
-1.211169885209107e-06
-1.185695103963709e-06
-1.180825738017805e-06
-1.175029395244163e-06
-1.171605542984897e-06
-1.142866979205579e-06
-1.079478546966209e-06
-1.031935637369225e-06
-1.034146057502251e-06
-1.050285461852921e-06
-1.056362178756893e-06
-1.05271697267226e-06
-1.047067530563817e-06
-1.029606733420075e-06
-1.051393924767396e-06
-1.078406046593071e-06
-1.067305481451223e-06
-1.021576927436761e-06
-1.008783088638339e-06
-1.002917394783277e-06
-1.005953790605018e-06
-1.056125253177171e-06
-1.045901500853685e-06
-1.071997999421058e-06
-1.128371050201914e-06
-1.138598636666699e-06
-1.125215169886794e-06
-1.141711218019407e-06
-1.193471398120064e-06
-1.207683545372635e-06
-1.23606974062567e-06
-1.247016060529614e-06
-1.277735805240167e-06
-1.319987368575587e-06
-1.374417364782724e-06
-1.424202507191548e-06
-1.381626746855228e-06
-1.360866049762636e-06
-1.420861126442996e-06
-1.463355393497864e-06
-1.404385893540302e-06
-1.375120525583943e-06
-1.297214397894904e-06
-1.232033084984562e-06
-1.250064092272344e-06
-1.231076036608305e-06
-1.257225512732938e-06
-1.255857566679329e-06
-1.216544756227179e-06
-1.256214376818431e-06
-1.266172339988168e-06
-1.320904803840035e-06
-1.421053337318063e-06
-1.393972603950913e-06
-1.368350339428353e-06
-1.370352608958034e-06
-1.320905002138639e-06
-1.240121401606098e-06
-1.214636056457512e-06
-1.240085825080755e-06
-1.235774212140453e-06
-1.205308235506227e-06
-1.226315323527635e-06
-1.233666289769475e-06
-1.213312671213636e-06
-1.240346098742161e-06
-1.210064364397979e-06
-1.17995655873144e-06
-1.175161841310284e-06
-1.166970324828667e-06
-1.164568627529405e-06
-1.135321068389107e-06
-1.066626200217337e-06
-1.020320172660254e-06
-1.034236999499746e-06
-1.054020687834553e-06
-1.053325786450013e-06
-1.045609968889307e-06
-1.037081998423399e-06
-1.017491929367765e-06
-1.05610624378903e-06
-1.096570692029553e-06
-1.086225443567828e-06
-1.028201229168576e-06
-1.010028415655638e-06
-9.958103229603281e-07
-1.001733989527619e-06
-1.062074084899921e-06
-1.041771627069499e-06
-1.071845411031881e-06
-1.139724230578941e-06
-1.144989695675102e-06
-1.117479604356519e-06
-1.133234722058074e-06
-1.188513458285775e-06
-1.200510188911078e-06
-1.233405746458898e-06
-1.244385253232655e-06
-1.282675942085531e-06
-1.324407365506481e-06
-1.381243392284647e-06
-1.435847506282736e-06
-1.376887140924874e-06
-1.353268902230951e-06
-1.434453683475287e-06
-1.477182960772001e-06
-1.397884905222271e-06
-1.375472526957806e-06
-1.290708453100995e-06
-1.22553856608633e-06
-1.259490405518732e-06
-1.236097671456612e-06
-1.262214507314793e-06
-1.248625068248034e-06
-1.197752622714022e-06
-1.251187610177885e-06
-1.258081507272512e-06
-1.323910902527768e-06
-1.438171798139901e-06
-1.394468717944763e-06
-1.36743864349559e-06
-1.382017075792264e-06
-1.327308853200047e-06
-1.232471212354003e-06
-1.21541313117552e-06
-1.259139002929907e-06
-1.251434518080542e-06
-1.21159574586338e-06
-1.237810629218295e-06
-1.240825869281038e-06
-1.215899720388828e-06
-1.249352979661401e-06
-1.208302090372668e-06
-1.174119596388257e-06
-1.171036077069522e-06
-1.160230087363789e-06
-1.159475893331371e-06
-1.129810140627794e-06
-1.053189745480632e-06
-1.008438672577441e-06
-1.037075152267198e-06
-1.059560560181346e-06
-1.050125632979945e-06
-1.038353213300926e-06
-1.025618034800029e-06
-1.002377738035075e-06
-1.06179537933997e-06
-1.118093781394318e-06
-1.107338572461632e-06
-1.033744887695587e-06
-1.008696043841591e-06
-9.841793099258522e-07
-9.975490210627518e-07
-1.07025730339524e-06
-1.036263317341043e-06
-1.072345547681342e-06
-1.155246331360591e-06
-1.15373742566695e-06
-1.108559725531815e-06
-1.124138925975965e-06
-1.182866185338331e-06
-1.192936443605707e-06
-1.231210434073786e-06
-1.241845285664331e-06
-1.289551484279529e-06
-1.328133849491845e-06
-1.38788314319713e-06
-1.449556350995137e-06
-1.370177752321905e-06
-1.344933569422153e-06
-1.453093602755239e-06
-1.491230173128443e-06
-1.386337537163058e-06
-1.375188087783923e-06
-1.281895456071409e-06
-1.217533927231841e-06
-1.271526902921225e-06
-1.24286376500236e-06
-1.268895054210725e-06
-1.239713396959955e-06
-1.176281873593253e-06
-1.247603336061637e-06
-1.249380685834896e-06
-1.327901710130887e-06
-1.458128295070814e-06
-1.393379693507507e-06
-1.365327020945704e-06
-1.396107912402561e-06
-1.332442234089764e-06
-1.219690874662286e-06
-1.215977115532452e-06
-1.282032639054158e-06
-1.267299264425299e-06
-1.216178123830223e-06
-1.24899686449322e-06
-1.246819666999324e-06
-1.217948474885074e-06
-1.2590144063659e-06
-1.205626506260673e-06
-1.168019714526903e-06
-1.16846050778106e-06
-1.154799677312367e-06
-1.156516336980947e-06
-1.126740621808838e-06
-1.038202768807522e-06
-9.954744633331222e-07
-1.043194971779707e-06
-1.067021175663923e-06
-1.046821286388941e-06
-1.031087969742809e-06
-1.012055786962919e-06
-9.833598619107266e-07
-1.068690573894182e-06
-1.14396954232149e-06
-1.131299963668147e-06
-1.038298281883782e-06
-1.004305241752323e-06
-9.671062769553963e-07
-9.940795815886331e-07
-1.080934383382158e-06
-1.028353560998387e-06
-1.073537469304507e-06
-1.175835523542317e-06
-1.164854336596053e-06
-1.097824659649909e-06
-1.114106153946805e-06
-1.17592110236592e-06
-1.184827202479784e-06
-1.229428984967376e-06
-1.239515833543658e-06
-1.298689440071769e-06
-1.330551793956908e-06
-1.394739873583408e-06
-1.465831911962375e-06
-1.360134219780883e-06
-1.335690465975968e-06
-1.478722763933629e-06
-1.505208409547341e-06
-1.369148453916617e-06
-1.374933463944333e-06
-1.270048304262281e-06
-1.207601760523814e-06
-1.286584035870211e-06
-1.252006604447071e-06
-1.277943132583562e-06
-1.228308737892476e-06
-1.151268969077454e-06
-1.245134624489081e-06
-1.23924741996023e-06
-1.333283123808465e-06
-1.481944769699634e-06
-1.390572505904067e-06
-1.362446280442049e-06
-1.414174931344639e-06
-1.336007836881776e-06
-1.200096372424339e-06
-1.216662354854494e-06
-1.309664233105454e-06
-1.282760799927868e-06
-1.218710689798999e-06
-1.259795267528585e-06
-1.25162948609883e-06
-1.219923627003179e-06
-1.269313056723965e-06
-1.201917307171544e-06
-1.161667850283206e-06
-1.167289918940109e-06
-1.150476956911011e-06
-1.15582713273964e-06
-1.126634174361174e-06
-1.020549195449649e-06
-9.804854494138881e-07
-1.053247423880866e-06
-1.076557877487517e-06
-1.043494989512157e-06
-1.024013127170139e-06
-9.955553039701344e-07
-9.594389402670211e-07
-1.077037195879106e-06
-1.175438584513384e-06
-1.158902405005548e-06
-1.04191349652501e-06
-9.961000404176048e-07
-9.434541312569218e-07
-9.922645921999153e-07
-1.094225268259559e-06
-1.016802092294423e-06
-1.07566044202775e-06
-1.202426072712979e-06
-1.178143008438392e-06
-1.084828407920336e-06
-1.102833863578376e-06
-1.166767964661708e-06
-1.176112523735689e-06
-1.22744416282172e-06
-1.237281867646958e-06
-1.31104027112632e-06
-1.331154509435922e-06
-1.402254454672325e-06
-1.484945593430063e-06
-1.344602162076004e-06
-1.325905253281962e-06
-1.514429432421952e-06
-1.518970517745419e-06
-1.345465258850002e-06
-1.375136035737326e-06
-1.254193584127484e-06
-1.19532966444566e-06
-1.3052463575383e-06
-1.264401450018022e-06
-1.290094894131183e-06
-1.213288648166686e-06
-1.121527886409822e-06
-1.243147728794739e-06
-1.226602968732952e-06
-1.341006804082663e-06
-1.511320661023954e-06
-1.38576169534869e-06
-1.358941889885586e-06
-1.438177013243198e-06
-1.337432144341428e-06
-1.171414350349271e-06
-1.218293447380344e-06
-1.342993141220512e-06
-1.296988509889574e-06
-1.218768034549251e-06
-1.269859225127022e-06
-1.255544309335823e-06
-1.222530705060132e-06
-1.280034874622482e-06
-1.19703141586412e-06
-1.154846625975044e-06
-1.167352679273362e-06
-1.147178677170257e-06
-1.157877412739193e-06
-1.130114397397273e-06
-9.982609284050473e-07
-9.626029517666717e-07
-1.068457421653508e-06
-1.088167985575411e-06
-1.040400357332719e-06
-1.017431245926151e-06
-9.749697034970106e-07
-9.29452833734379e-07
-1.087142085808183e-06
-1.214223149413296e-06
-1.190867754332701e-06
-1.04461920771359e-06
-9.83325661682652e-07
-9.120618384164869e-07
-9.933573723567386e-07
-1.110228267059811e-06
-9.99904386924391e-07
-1.079069189520203e-06
-1.236272175518473e-06
-1.193156791343244e-06
-1.068999923749769e-06
-1.090141301910964e-06
-1.154716749826889e-06
-1.16677892591213e-06
-1.224546614149202e-06
-1.235150745987839e-06
-1.327150736414005e-06
-1.329128167071738e-06
-1.411540927522434e-06
-1.507197859567711e-06
-1.320609503257445e-06
-1.316136073046764e-06
-1.563881515228202e-06
-1.532207330173512e-06
-1.31505102786067e-06
-1.376457172784856e-06
-1.233166243903034e-06
-1.180170774023802e-06
-1.327582120927566e-06
-1.280998665570958e-06
-1.306124748813531e-06
-1.193253674073749e-06
-1.086553905735104e-06
-1.240994952118243e-06
-1.209757902272387e-06
-1.352444479167873e-06
-1.547933339695821e-06
-1.378105759744157e-06
-1.355227388226948e-06
-1.47063640468888e-06
-1.336078627335098e-06
-1.130910677946599e-06
-1.221922773356313e-06
-1.383029072860004e-06
-1.308592916046479e-06
-1.215739580323644e-06
-1.278766222330402e-06
-1.258655529575148e-06
-1.226630380043188e-06
-1.291089202657232e-06
-1.191075934967313e-06
-1.147432039030141e-06
-1.168145140414725e-06
-1.144736279776568e-06
-1.16338082809356e-06
-1.13768676422111e-06
-9.691554532800319e-07
-9.414062883726228e-07
-1.090205553464895e-06
-1.101561158098561e-06
-1.037884933432796e-06
-1.01186637515878e-06
-9.488407674374011e-07
-8.919372571244861e-07
-1.099439535080162e-06
-1.262490792483536e-06
-1.227767231623724e-06
-1.046313609287804e-06
-9.648565590352149e-07
-8.716123920595469e-07
-9.991794697666991e-07
-1.128633983882222e-06
-9.756694970279976e-07
-1.084559705627712e-06
-1.278545741822053e-06
-1.209186026682085e-06
-1.050397102396929e-06
-1.075932692659194e-06
-1.138963677939311e-06
-1.157633901824508e-06
-1.219335156770709e-06
-1.232406303031121e-06
-1.348304765474559e-06
-1.324623536306032e-06
-1.424109914857083e-06
-1.532032251218625e-06
-1.284132800010507e-06
-1.307734523907428e-06
-1.630778611097342e-06
-1.544608216457072e-06
-1.278105286523214e-06
-1.378555894240889e-06
-1.205439130391499e-06
-1.162165685127549e-06
-1.353711683450309e-06
-1.303246195887879e-06
-1.326980535008749e-06
-1.166412355998503e-06
-1.045679581794062e-06
-1.237667562397247e-06
-1.186737133878514e-06
-1.369493501072672e-06
-1.59349089170805e-06
-1.366366777878846e-06
-1.351554575394458e-06
-1.514622846559767e-06
-1.330997013559137e-06
-1.075131625721565e-06
-1.229230773565216e-06
-1.430626013222895e-06
-1.316301474809806e-06
-1.208926826398046e-06
-1.285490853531317e-06
-1.261443851098339e-06
-1.233078666506842e-06
-1.302273676993126e-06
-1.184392628473452e-06
-1.138785928979984e-06
-1.168959315499906e-06
-1.143290709230041e-06
-1.174127585525049e-06
-1.149553463666747e-06
-9.294039730387061e-07
-9.171665881598426e-07
-1.120662430956012e-06
-1.115732885947519e-06
-1.036526029781644e-06
-1.008090429118804e-06
-9.15363475889133e-07
-8.452688289928877e-07
-1.114404828818121e-06
-1.322893094555472e-06
-1.269487810454881e-06
-1.046557447633233e-06
-9.400336005404816e-07
-8.218817809630808e-07
-1.012226268278536e-06
-1.148455938327746e-06
-9.416193518641064e-07
-1.092974018285916e-06
-1.329773785631719e-06
-1.225282745339639e-06
-1.029919111312347e-06
-1.060342674357253e-06
-1.119468311877506e-06
-1.15033703986467e-06
-1.210859442255972e-06
-1.228483134121725e-06
-1.37388809312579e-06
-1.317178833480711e-06
-1.442841815036236e-06
-1.558974312297e-06
-1.231245999935373e-06
-1.3021255497964e-06
-1.716041423254453e-06
-1.554930479206919e-06
-1.237633732325341e-06
-1.381208839841135e-06
-1.169629792938603e-06
-1.142001977765771e-06
-1.382144566399791e-06
-1.332355601636149e-06
-1.353614100634378e-06
-1.131543247066909e-06
-1.000752715405004e-06
-1.232419340498671e-06
-1.155053257436675e-06
-1.393935971067495e-06
-1.647562997099958e-06
-1.348047509109508e-06
-1.348556456766268e-06
-1.573163924195902e-06
-1.321623760041663e-06
-1.001662081044464e-06
-1.242057889881907e-06
-1.485433607034719e-06
-1.31847626252164e-06
-1.198113234504485e-06
-1.288720942967727e-06
-1.263801742640029e-06
-1.242257210568732e-06
-1.3130697915009e-06
-1.178340628715267e-06
-1.128893352462267e-06
-1.167961610516018e-06
-1.142882892501421e-06
-1.192230332518207e-06
-1.165186285138876e-06
-8.760283342050879e-07
-8.91517710371328e-07
-1.161264878225154e-06
-1.129044159981918e-06
-1.037315311626112e-06
-1.00676616977775e-06
-8.728401873007721e-07
-7.884028645615699e-07
-1.132330700745186e-06
-1.39758262956251e-06
-1.312837601520771e-06
-1.045605270654293e-06
-9.091182805176487e-07
-7.656368250423752e-07
-1.0349851580471e-06
-1.168328617900569e-06
-8.987744983612932e-07
-1.104157328350757e-06
-1.386775701159627e-06
-1.239061290677701e-06
-1.009638473662972e-06
-1.043796777357083e-06
-1.098648659973225e-06
-1.148248446157918e-06
-1.199290227140108e-06
-1.224109154258865e-06
-1.402010803893474e-06
-1.308026321197468e-06
-1.468683797775675e-06
-1.584482589095405e-06
-1.162424593053405e-06
-1.302543217098223e-06
-1.811877716029715e-06
-1.558332469958066e-06
-1.198588194715734e-06
-1.383241299721065e-06
-1.127774132052846e-06
-1.122838925525495e-06
-1.411793840971551e-06
-1.368354045554471e-06
-1.384408361542083e-06
-1.090167572410159e-06
-9.572243637796245e-07
-1.224423310569071e-06
-1.114923909009282e-06
-1.426848560952111e-06
-1.707242290550718e-06
-1.322613480485456e-06
-1.345414879622134e-06
-1.643338690394478e-06
-1.306451714997983e-06
-9.127420979776198e-07
-1.262241646127942e-06
-1.543322381687883e-06
-1.315871036533035e-06
-1.186879849210184e-06
-1.287590205203662e-06
-1.266296589759356e-06
-1.25487514660711e-06
-1.321297836301934e-06
-1.172964777307752e-06
-1.118899558125315e-06
-1.164364910507652e-06
-1.142944068227009e-06
-1.218461697876411e-06
-1.182220744603742e-06
-8.089179168786782e-07
-8.685666992601808e-07
-1.211675228013858e-06
-1.138789331380171e-06
-1.041830452803467e-06
-1.008109881582046e-06
-8.211839148777385e-07
-7.246379230365472e-07
-1.150920160159945e-06
-1.483015408142364e-06
-1.351734561567258e-06
-1.043285103759369e-06
-8.776312108003183e-07
-7.112323041961106e-07
-1.064592795268212e-06
-1.184443261740102e-06
-8.557609662129172e-07
-1.117613153998241e-06
-1.43813366472857e-06
-1.249993142667108e-06
-9.968724432757328e-07
-1.022921304127202e-06
-1.073383626984025e-06
-1.151199115934016e-06
-1.187572396200416e-06
-1.223847089786886e-06
-1.425177428956838e-06
-1.295424342508595e-06
-1.500540943111408e-06
-1.605237367912651e-06
-1.089084166225252e-06
-1.310944074948392e-06
-1.901621372758939e-06
-1.554543609851987e-06
-1.170178711475615e-06
-1.382966891505028e-06
-1.090658622431144e-06
-1.106200069718533e-06
-1.427949408618434e-06
-1.408260000198785e-06
-1.413618614926211e-06
-1.047865965469961e-06
-9.307495833166999e-07
-1.216207016461303e-06
-1.070607608020938e-06
-1.463263600917833e-06
-1.758509753568315e-06
-1.294000331665192e-06
-1.343133867905216e-06
-1.715183773170688e-06
-1.294051055312562e-06
-8.265198611520603e-07
-1.288989828721484e-06
-1.590018802690917e-06
-1.303286610951856e-06
-1.178943934799692e-06
-1.28498506208578e-06
-1.265793780604847e-06
-1.268526326992016e-06
-1.325531484616966e-06
-1.165697499945684e-06
-1.111231252595298e-06
-1.159945183046891e-06
-1.144027853669697e-06
-1.246738356317372e-06
-1.195994355496403e-06
-7.42492979011207e-07
-8.513112942029968e-07
-1.26090378613148e-06
-1.144041757577392e-06
-1.053543817716888e-06
-1.012694525251878e-06
-7.662943681754919e-07
-6.666474182020813e-07
-1.166989007482016e-06
-1.566729535371362e-06
-1.382370550482195e-06
-1.037215393675241e-06
-8.535304610821942e-07
-6.763961581791954e-07
-1.089840657758388e-06
-1.193885488322184e-06
-8.188066972772838e-07
-1.124578927701694e-06
-1.475033942565566e-06
-1.259480575443639e-06
-9.975687962157455e-07
-1.008087048149084e-06
-1.050010144189443e-06
-1.150931167826099e-06
-1.180413132714567e-06
-1.223848777121849e-06
-1.438377658400485e-06
-1.290573723544899e-06
-1.524603877190209e-06
-1.612850460348955e-06
-1.032271938938841e-06
-1.324201836997567e-06
-1.96482552765756e-06
-1.549982059384319e-06
-1.161950284908434e-06
-1.381359837877252e-06
-1.064197948495426e-06
-1.096094405641404e-06
-1.429716637499059e-06
-1.436015749555741e-06
-1.434689251970486e-06
-1.011034243890663e-06
-9.144625054088176e-07
-1.21654050669065e-06
-1.048717060609218e-06
-1.4918928742335e-06
-1.789131691014393e-06
-1.264866780930556e-06
-1.334218731866218e-06
-1.771202145013098e-06
-1.291914431363984e-06
-7.614419789381942e-07
-1.31042523864657e-06
-1.625745480917455e-06
-1.290742423188733e-06
-1.170958138962481e-06
-1.283638730829356e-06
-1.26623542531012e-06
-1.282734802469161e-06
-1.330047900038275e-06
-1.14881376401723e-06
-1.098308799169971e-06
-1.164481790389283e-06
-1.152790309812253e-06
-1.267578106398053e-06
-1.201493713893093e-06
-6.979158497298107e-07
-8.405279051853663e-07
-1.290023258044362e-06
-1.14797982760227e-06
-1.072992464209605e-06
-1.014079276111426e-06
-7.211224050446499e-07
-6.230635609843658e-07
-1.170774722598047e-06
-1.638042335886064e-06
-1.418686706998371e-06
-1.034174810880041e-06
-8.316783380758774e-07
-6.629062323203314e-07
-1.117595678712087e-06
-1.196387721127926e-06
-7.894466720114188e-07
-1.123119970382192e-06
-1.488479814924756e-06
-1.261532758553024e-06
-1.013284539332463e-06
-9.902029940305905e-07
-1.021633414993572e-06
-1.154592555133555e-06
-1.185418043706182e-06
-1.222429533854944e-06
-1.425872739095827e-06
-1.291574428276962e-06
-1.545545255494663e-06
-1.606387477834892e-06
-9.988943651874474e-07
-1.342553456515468e-06
-2.007837158675388e-06
-1.551357566005503e-06
-1.161888732793494e-06
-1.393075754380528e-06
-1.065498033703543e-06
-1.072129841476362e-06
-1.406958670394149e-06
-1.456436763157483e-06
-1.439921174547303e-06
-9.871251681133864e-07
-9.133267196302383e-07
-1.207148912644488e-06
-1.044488787537074e-06
-1.523401813791917e-06
-1.799880959326501e-06
-1.238904621330287e-06
-1.316356603917549e-06
-1.812917978396354e-06
-1.317271030964905e-06
-7.247245685637085e-07
-1.319768744898027e-06
-1.633248998217019e-06
-1.279317435391253e-06
-1.172311080135385e-06
-1.281906196563341e-06
-1.267091226636905e-06
-1.286685510011138e-06
-1.334820581390432e-06
-1.12946413071278e-06
-1.077486383580855e-06
-1.171538672952854e-06
-1.163286619930644e-06
-1.278041402218488e-06
-1.204988010776643e-06
-6.768074056512402e-07
-8.320998425374975e-07
-1.305965106219006e-06
-1.151226780082194e-06
-1.099430305329926e-06
-1.016658554397079e-06
-6.854403807883689e-07
-5.95965215322037e-07
-1.158371874542307e-06
-1.69324444987687e-06
-1.417181538631719e-06
-1.031752287278675e-06
-8.244071004063808e-07
-6.475679598740983e-07
-1.131904761691834e-06
-1.205500339846745e-06
-7.673720805972266e-07
-1.11738129056698e-06
-1.520205447939651e-06
-1.271294092703964e-06
-1.006559408650848e-06
-9.897007542650711e-07
-1.022133037004479e-06
-1.156475709341682e-06
-1.195141174991749e-06
-1.2269125495969e-06
-1.416108923962546e-06
-1.301306972015638e-06
-1.558461464502392e-06
-1.596850981019374e-06
-9.800709750795095e-07
-1.351411581595151e-06
-2.016463787266237e-06
-1.527890119017299e-06
-1.154602299802365e-06
-1.398706767741997e-06
-1.069158736807293e-06
-1.075689052187961e-06
-1.406794594052093e-06
-1.473881687647262e-06
-1.447734007132322e-06
-9.697316028779535e-07
-9.151231612122599e-07
-1.207212593536586e-06
-1.039321411466161e-06
-1.536708334789405e-06
-1.809984067943666e-06
-1.223664186870549e-06
-1.298535260814735e-06
-1.828828067015219e-06
-1.317488202020863e-06
-6.868912019252438e-07
-1.325125655822908e-06
-1.657161281822194e-06
-1.295736748972237e-06
-1.182591710208171e-06
-1.277266647994998e-06
-1.266948216594935e-06
-1.290053602024841e-06
-1.339323742020564e-06
-1.109535958708703e-06
-1.069582462006325e-06
-1.185511388803785e-06
-1.160330090133359e-06
-1.28238383830091e-06
-1.210641997676087e-06
-6.621157245466644e-07
-8.231733085057376e-07
-1.31149941519254e-06
-1.152861588572068e-06
-1.109556219996111e-06
-1.016388412003134e-06
-6.79046280163663e-07
-5.818707264579711e-07
-1.14438593148042e-06
-1.710370696605207e-06
-1.33485791105219e-06
-1.025416029769194e-06
-8.303783459119614e-07
-6.268678012214657e-07
-1.126565812015743e-06
-1.228035302282067e-06
-7.521416746624225e-07
-1.101171036532108e-06
-1.615109616539818e-06
-1.300324269021189e-06
-9.273058410590013e-07
-1.043232057597892e-06
-1.101158896695648e-06
-1.160408238990303e-06
-1.207353479932848e-06
-1.237457196086661e-06
-1.410930180498454e-06
-1.318845481115605e-06
-1.565185144931936e-06
-1.585035691516629e-06
-9.648774054343601e-07
-1.351070008883187e-06
-1.96363400821319e-06
-1.433720506963694e-06
-1.134849339512917e-06
-1.399498583223895e-06
-1.063609916050761e-06
-1.148685215146964e-06
-1.48628497501629e-06
-1.488823513687727e-06
-1.46357357714022e-06
-9.532992299809777e-07
-9.038264120381584e-07
-1.229057763454385e-06
-1.032318562044505e-06
-1.527969134475134e-06
-1.828381488635739e-06
-1.213611747803483e-06
-1.285817185907304e-06
-1.782353040205059e-06
-1.243184025497784e-06
-6.399426696289177e-07
-1.315183202201585e-06
-1.747204491987371e-06
-1.395019263760153e-06
-1.198814874491898e-06
-1.261839361286915e-06
-1.270141801387575e-06
-1.303532966105176e-06
-1.336013346339757e-06
-1.087420807950485e-06
-1.076112812466247e-06
-1.201443263858092e-06
-1.143597927992607e-06
-1.287826676031255e-06
-1.216529588970369e-06
-6.458976193926105e-07
-8.225038949727887e-07
-1.313945464808061e-06
-1.15301708954861e-06
-1.059955494631457e-06
-1.008301019755352e-06
-7.431860072522176e-07
-5.752514188518364e-07
-1.132334549178927e-06
-1.654812582849892e-06
-1.217827991842437e-06
-1.018143057092464e-06
-8.328297271770464e-07
-6.167930845083893e-07
-1.121583455729121e-06
-1.241432196013596e-06
-7.473126923168543e-07
-1.087033285402694e-06
-1.718055685879887e-06
-1.32194849435403e-06
-8.271627121792463e-07
-1.123511475786259e-06
-1.21854101581679e-06
-1.179264217063519e-06
-1.218281904052249e-06
-1.246696417318117e-06
-1.404600378348123e-06
-1.334283275805418e-06
-1.568789982360695e-06
-1.571385324654392e-06
-9.590396615163492e-07
-1.352450789317292e-06
-1.863956446946424e-06
-1.310028430165012e-06
-1.123291973437089e-06
-1.402035480420208e-06
-1.056381468681481e-06
-1.238445612101585e-06
-1.603083715720114e-06
-1.511270073502606e-06
-1.471652484323311e-06
-9.474275186823973e-07
-8.951018798932874e-07
-1.243187108421454e-06
-1.032347749904912e-06
-1.51915952488054e-06
-1.835661701408956e-06
-1.210329551743728e-06
-1.282947912496571e-06
-1.688496498865366e-06
-1.132792283054918e-06
-6.135062251157981e-07
-1.30143684082265e-06
-1.848640804068954e-06
-1.526407931254497e-06
-1.226161562622589e-06
-1.252237245988057e-06
-1.273061604322301e-06
-1.310152452634906e-06
-1.329531748521145e-06
-1.07464142566254e-06
-1.082785962744825e-06
-1.208565394339162e-06
-1.128244115196467e-06
-1.293502602945588e-06
-1.221338158306526e-06
-6.357888907466632e-07
-8.272034285008923e-07
-1.31739266343019e-06
-1.154085642043434e-06
-9.599759729063788e-07
-9.85795179586674e-07
-8.530491058790557e-07
-5.890707852024807e-07
-1.1256956435768e-06
-1.554305540819689e-06
-1.150572061612301e-06
-1.013917234989196e-06
-8.281985633521458e-07
-6.179350215250645e-07
-1.124344831546555e-06
-1.241028359702655e-06
-7.478813855231728e-07
-1.085406638542827e-06
-1.764769812671915e-06
-1.324625538604833e-06
-7.761006799584357e-07
-1.172056121080894e-06
-1.285268976100922e-06
-1.194803468745323e-06
-1.223163617742028e-06
-1.253267459107203e-06
-1.401424347993574e-06
-1.341612162957926e-06
-1.571414042706349e-06
-1.560872080383531e-06
-9.610269022422774e-07
-1.357560478981033e-06
-1.797995603479808e-06
-1.238811258238293e-06
-1.123365425400024e-06
-1.402752523914598e-06
-1.049867971365122e-06
-1.285690400461682e-06
-1.671431354531925e-06
-1.525353849948555e-06
-1.470400269280972e-06
-9.48963686160418e-07
-8.952279984048728e-07
-1.244459296773472e-06
-1.034692411290425e-06
-1.520997335435592e-06
-1.83223774660804e-06
-1.209225492900436e-06
-1.289154076057525e-06
-1.624088753739641e-06
-1.063941279691783e-06
-6.127285744815576e-07
-1.298622605205839e-06
-1.897059957640395e-06
-1.596235845585729e-06
-1.243326576713056e-06
-1.253719038627285e-06
-1.275904904702096e-06
-1.307886120327187e-06
-1.323964403815551e-06
-1.073707432745752e-06
-1.085059964217081e-06
-1.209187981297736e-06
-1.121390630584309e-06
-1.297262839062917e-06
-1.221603428941054e-06
-6.311492492128286e-07
-8.332746616089821e-07
-1.317656716388761e-06
-1.154819849192864e-06
-8.919767503804387e-07
-9.690520504282494e-07
-9.207411030546051e-07
-6.067101818105489e-07
-1.129806335196501e-06
-1.48921386268498e-06
)
;

boundaryField
{
    inlet
    {
        type            cyclic;
    }
    outlet
    {
        type            cyclic;
    }
    bottomWall
    {
        type            zeroGradient;
    }
    topWall
    {
        type            zeroGradient;
    }
    left
    {
        type            cyclic;
    }
    right
    {
        type            cyclic;
    }
}


// ************************************************************************* //
