/*--------------------------------*- C++ -*----------------------------------*\
| =========                 |                                                 |
| \\      /  F ield         | OpenFOAM: The Open Source CFD Toolbox           |
|  \\    /   O peration     | Version:  v1812                                 |
|   \\  /    A nd           | Web:      www.OpenFOAM.com                      |
|    \\/     M anipulation  |                                                 |
\*---------------------------------------------------------------------------*/
FoamFile
{
    version     2.0;
    format      ascii;
    class       volScalarField;
    location    "10000";
    object      nuTilda;
}
// * * * * * * * * * * * * * * * * * * * * * * * * * * * * * * * * * * * * * //

dimensions      [0 2 -1 0 0 0 0];


internalField   nonuniform List<scalar> 
3770
(
0.000500004673085092
0.0004999957380033765
0.0004998549587057523
0.0004997840359898906
0.000499969933819101
0.0004998558826367813
0.0004997840554621105
0.0004999697187042612
0.0004998757552408915
0.0004997960167786667
0.0004999106382094427
0.0004998326733783379
0.0004999431022437435
0.0004999959738235696
0.0004947193384742133
0.0004945481865891415
0.000494656457563558
0.0004947275986407548
0.0004945482189973406
0.0004946564368759622
0.0004947276138796053
0.0004945482119559807
0.0004946564408685354
0.000494727608851757
0.0004945482203974872
0.0004946564402437267
0.0004947276090835478
0.0004945482112238707
0.0004946564360691083
0.0004947276165413647
0.0004945488557615958
0.0004946564406194723
0.0004947043047493174
0.0004945676346804345
0.0004945567561370734
0.0004999352331737997
0.0004999932244660547
0.000494721027654637
0.0004946752430154276
0.00049467207677266
0.0004945646659922849
0.0004945535922947273
0.0004998025876450767
0.0004999426963510152
0.0004999953304819209
0.0004946962718428103
0.0004945679872818875
0.0004945569451025849
0.0004997899587632867
0.00049990877319522
0.0004998288911195174
0.0004999415394723144
0.0004999910494965094
0.0004946816459870942
0.000494674660958201
0.0004945648758236524
0.000494557409958844
0.0004999126166283989
0.0005551260013776386
0.0005554541997405881
0.0005534921379620948
0.0005523525391323247
0.0005545378108891098
0.0005535162136238623
0.0005523526079977503
0.0005545466888617767
0.0005538202348153637
0.0005525196097149156
0.000553582031383067
0.0005531529123024529
0.0005546991431662358
0.000551301094378968
0.000480941336092734
0.0004799769990530245
0.0004804198252026557
0.0004810368558673276
0.0004799780832407717
0.0004804197233862928
0.0004810368631673251
0.000479978202857256
0.0004804197427473554
0.000481036959801825
0.0004799782492302566
0.0004804198107585317
0.0004810369608692825
0.0004799782770104443
0.0004804198477895821
0.0004810370290925988
0.0004799784055853829
0.0004804200974301447
0.0004810338578864073
0.0004798999599051371
0.0004817335946038546
0.0005546282543379193
0.0005512111299362731
0.0004810359300703965
0.0004811553679874576
0.0004810871392342738
0.0004799028040851851
0.0004816115201543853
0.000552467050373479
0.0005546999238208877
0.0005513127352237548
0.0004809291843992632
0.0004799009541173546
0.0004816687936015769
0.00055233788845681
0.0005535830352304373
0.0005531511058938412
0.0005547026037663585
0.0005511026386036248
0.0004811861592346024
0.0004810848441934654
0.0004798994476047423
0.0004816840537704345
0.0005537234141158738
0.0008445316020375154
0.000844678577636524
0.0008435447225750126
0.0008426707120250567
0.000844385093724027
0.0008435600636316974
0.0008426696687779007
0.0008443882384775917
0.0008436670770590383
0.0008426741039106564
0.0008430239796183435
0.0008429195017362288
0.0008445022679891511
0.0008418269095922574
0.0007954589052353803
0.0007933256869048333
0.0007944182913325055
0.0007956006647843844
0.0007933325127575805
0.0007944173779565364
0.000795600779564988
0.000793332708095122
0.0007944175810337187
0.0007956009955212984
0.0007933327657330624
0.0007944176604871434
0.0007956009096178373
0.0007933328996317717
0.0007944177529981826
0.0007956010995513466
0.0007933331417418293
0.0007944181738141652
0.0007955937766830803
0.0007931725470488201
0.0007970992048779818
0.0008444195426485953
0.0008417165801191192
0.0007957362372654086
0.0007953097280482416
0.0007953591204002762
0.0007931759657772704
0.0007967125979225701
0.0008428180399571397
0.0008445019743961002
0.0008418363311290753
0.0007954343236374667
0.0007931695086752404
0.0007968917464891338
0.0008425996795635606
0.0008430231117962061
0.0008429175862387046
0.0008445004242579358
0.0008416322695022867
0.0007954059970301739
0.0007953280654796641
0.0007931730611047787
0.000797003136067842
0.000844044713801422
0.001158757628586533
0.001158811537321994
0.001158340989538471
0.001158001678609914
0.001158713255097521
0.001158348703653101
0.001157999511195071
0.001158713188924404
0.001158384320852795
0.001157998798200561
0.001158137686513209
0.001158088783154011
0.001158752153323844
0.001157732649836373
0.001142080673612557
0.001141283386815644
0.001141694544863794
0.001142128163700334
0.001141290310356417
0.001141692182366646
0.001142129046290084
0.001141289862107716
0.001141692716874186
0.001142128973920878
0.001141290085601063
0.001141692633167736
0.001142128962028301
0.001141289918414889
0.001141692405807866
0.001142128528621267
0.001141288792374383
0.00114169133546638
0.001142121672059741
0.001141224632005989
0.001142593216959499
0.001158724858325496
0.001157676062207
0.001142182946056954
0.001142043735497525
0.001142053079070145
0.001141222426699218
0.001142450618805962
0.001158068067867759
0.001158748174975224
0.001157735361969241
0.001142064715483762
0.001141216688538139
0.001142515355578063
0.001157978138694691
0.001158132656589956
0.001158085851042828
0.00115874532603905
0.001157647865312883
0.001142090937168699
0.001142042567335045
0.001141225874347009
0.001142563798820116
0.001158601786301134
0.001484501593442146
0.00148450593607215
0.001484363292990268
0.001484286623850869
0.001484482920042822
0.001484367361266773
0.001484283303106656
0.001484481493860046
0.001484374358997446
0.001484298320545265
0.001484369061923218
0.001484322358909711
0.001484484088007644
0.001484228649183621
0.001479638476212724
0.001479358482693585
0.001479499439109169
0.001479651306559765
0.001479366699381356
0.0014794949744239
0.001479652699806825
0.001479365534907004
0.001479495840699775
0.001479652258223729
0.001479365897248832
0.001479495510048741
0.001479652217631828
0.001479365437819707
0.001479494955088103
0.001479651232439327
0.001479362931978807
0.001479493378465217
0.001479643129354957
0.001479334968635382
0.001479780920340621
0.001484492353470218
0.001484202073312154
0.001479672934621639
0.001479642252700763
0.001479635412098452
0.001479329735931965
0.00147973550573113
0.001484315756246008
0.001484476642409133
0.001484226981432039
0.001479623428141852
0.001479323826098727
0.001479753986615329
0.001484307776140356
0.001484361187086782
0.001484318421937934
0.001484473929939037
0.001484202478816979
0.001479667556406557
0.001479631975237406
0.001479338924953864
0.001479775515028326
0.001484491920218634
0.001805266347477581
0.001805257970605836
0.001805222869034656
0.001805231085102887
0.001805258553258604
0.001805226142900946
0.00180522687188465
0.001805256727901942
0.001805224137505345
0.001805233057916886
0.001805277291877249
0.001805246192626237
0.001805248341344678
0.001805225580260352
0.001803870372630649
0.00180374292211328
0.001803798981461263
0.001803867103410374
0.001803753034825311
0.001803792112315125
0.001803868121279591
0.001803751252014267
0.001803793165569019
0.001803867356072796
0.0018037516833834
0.001803792607048765
0.001803867247856337
0.001803750976755114
0.00180379178858327
0.001803865875585318
0.00180374724115645
0.0018037908473871
0.001803857126222279
0.001803727622186127
0.001803908766844686
0.001805262474393423
0.001805207144552367
0.001803884194104297
0.001803876291846689
0.001803866743438958
0.001803721143652588
0.001803892680582572
0.001805243258124799
0.001805238844240953
0.001805221861790205
0.001803854038065447
0.001803714515253206
0.001803896176438843
0.001805247966609198
0.001805268921102234
0.001805241673030155
0.001805236391019958
0.001805217612984345
0.00180390920963798
0.001803869782555448
0.001803735249434494
0.001803912319307898
0.001805301823535823
0.002120229744555606
0.002120213971080221
0.002120210643992007
0.002120246319399375
0.002120220557421683
0.002120214212464654
0.002120241493354431
0.002120218600757036
0.00212020795332352
0.002120243248887094
0.002120280131690187
0.002120256810059435
0.002120207757013587
0.00212025186600587
0.002119851783962692
0.002119765610236599
0.002119793156135069
0.002119838308475513
0.002119773999897415
0.002119786871429127
0.002119839914965844
0.002119771695207599
0.002119787962841591
0.002119838867304504
0.002119772130034552
0.002119787205459574
0.002119838666504402
0.002119771225693693
0.002119786176605767
0.002119837035519719
0.002119767343599265
0.002119783427667188
0.00211982685443522
0.002119750060241746
0.002119856335636678
0.00212022063041111
0.002120234991622685
0.002119856279736843
0.002119854096011998
0.002119847018367533
0.002119746092822683
0.002119848946976575
0.002120252743166126
0.002120197368331207
0.002120246860673347
0.002119834224172418
0.002119738494274412
0.002119847050963523
0.002120259992092186
0.002120272696154631
0.002120252858425904
0.002120195369630792
0.002120248235143427
0.002119894010176125
0.00211985228023458
0.002119762013208277
0.002119864458176883
0.002120275247269423
0.002435044851862743
0.002435023539739937
0.00243502638846515
0.002435071338425195
0.002435030496219099
0.002435030470407029
0.002435066148290782
0.002435028449094266
0.002435022366873032
0.002435064596168944
0.002435101220241419
0.002435083655541869
0.002435017526549395
0.002435078017579156
0.002434967912454501
0.00243489402683298
0.002434909577840348
0.002434948606105583
0.002434900542094371
0.002434903218148131
0.002434950089754582
0.0024348977710761
0.002434904200244446
0.002434948803346509
0.002434898139660914
0.00243490326625823
0.002434948487451708
0.002434897073674891
0.002434902059971437
0.002434946669736334
0.002434892972937782
0.002434898456198977
0.002434935882199683
0.002434874725849206
0.002434958841064884
0.002435027859246265
0.002435060932656771
0.002434967347726366
0.002434967086878182
0.002434963152858674
0.002434874054440282
0.002434954036356207
0.002435077536340615
0.002435006386798599
0.002435072065627696
0.00243494957028103
0.002434865322632909
0.002434949660435596
0.002435083326370362
0.002435095380636952
0.002435080318916167
0.002435005122396045
0.002435074523449927
0.002435010333201189
0.002434971122775133
0.002434891533077194
0.002434970056571832
0.002435088997569607
0.002758471124613752
0.002758445700081412
0.002758446482928947
0.002758494491697359
0.002758451582412067
0.002758451004552444
0.002758489156156802
0.002758449457749362
0.002758441988660038
0.002758484231859702
0.002758522667927068
0.002758511033733637
0.002758439247470351
0.002758499660575783
0.002758480811062396
0.002758412365129496
0.002758420290651261
0.002758457587310453
0.002758416765907505
0.002758413631136877
0.002758458614639007
0.002758413567746761
0.002758414370772718
0.002758457082293682
0.002758413790939218
0.002758413269571458
0.002758456628325972
0.002758412584793162
0.002758411907771135
0.002758454680104154
0.002758408328361957
0.002758407765290178
0.002758443802669074
0.002758387899623162
0.002758463701027827
0.002758446749910784
0.002758482235444421
0.002758476043000124
0.002758477450210383
0.002758477397366405
0.002758391503824693
0.002758459865845519
0.002758503167592928
0.002758427509831197
0.002758492864294496
0.002758462159465202
0.00275838136964172
0.002758453730334457
0.002758505969742275
0.002758519121186213
0.002758508562839701
0.002758427232071722
0.002758494892533807
0.002758520835352411
0.002758488042046519
0.002758410328139689
0.002758477612572452
0.002758511182930159
0.003102760010413942
0.003102731587554268
0.003102727646334465
0.003102775932026737
0.003102736024825499
0.00310273230509283
0.003102770576861389
0.003102733603799913
0.003102722708764874
0.003102761992862863
0.003102802439003852
0.003102797580784046
0.003102724880743053
0.003102778867983188
0.003102791455241987
0.003102727906649409
0.003102728931724979
0.003102765172454499
0.003102729709192351
0.003102721815937297
0.003102765513051262
0.003102726111507515
0.003102722188342206
0.003102763721859031
0.00310272607492079
0.003102720902384513
0.003102763100110625
0.003102724737438473
0.003102719397346282
0.00310276105990424
0.003102720418908112
0.003102714851174678
0.003102750473840962
0.003102697322671567
0.003102767700699061
0.00310272888727357
0.003102760864617384
0.003102782283394854
0.003102785712927492
0.003102790310569554
0.003102706216159593
0.00310276451200799
0.003102788150276205
0.003102712718169807
0.003102771311420948
0.003102772915348398
0.003102694474448888
0.003102756689275206
0.003102787052182624
0.003102801777427016
0.003102796267465614
0.003102713653334567
0.003102772494490902
0.003102827179633434
0.00310280342619188
0.003102726299695032
0.00310278446779969
0.003102795424412614
0.003483555044044219
0.003483524583720253
0.00348351478041223
0.003483561506669209
0.003483527090467288
0.003483519193841734
0.003483556200542322
0.003483524269889239
0.003483509264445292
0.003483543713887601
0.003483585444509246
0.0034835884713213
0.003483517668596402
0.003483562086116615
0.003483587820112909
0.003483530533088182
0.003483524442512994
0.003483559156838833
0.00348352927448518
0.003483516800562145
0.003483558562185463
0.003483525237061656
0.003483516650508253
0.003483556466404974
0.003483524850660532
0.00348351516222642
0.003483555632200741
0.003483523377876939
0.003483513517161115
0.003483553524320299
0.003483519095442058
0.00348350861275158
0.003483543577261035
0.003483493258740545
0.003483557613144554
0.00348351695158943
0.00348354353186407
0.003483573690464059
0.003483579511451541
0.003483589591971307
0.00348350848590208
0.003483555494571214
0.00348357763412642
0.00348350518274876
0.003483553757749087
0.00348356984566539
0.003483494824007101
0.003483545905732621
0.003483571605691676
0.003483588193906981
0.003483588678474474
0.003483507724152443
0.003483554106754144
0.003483617559663862
0.00348360486085654
0.003483529758339645
0.003483577782738327
0.003483585398995483
0.003917945582565402
0.003917914435064015
0.003917898174538127
0.003917941460446015
0.003917914146734158
0.00391790175762735
0.003917936164054375
0.003917910740945498
0.003917891697143228
0.00391791973730022
0.003917961172332617
0.003917973241472563
0.003917906966749099
0.003917939729022747
0.003917972245425427
0.003917923454132606
0.003917910144882287
0.003917942236967709
0.003917918708085257
0.003917901878644066
0.003917940434610073
0.003917914152957391
0.003917901013236884
0.003917937968565298
0.003917913306348703
0.003917899288170646
0.003917936862459111
0.003917911680211733
0.00391789749892903
0.003917934699227145
0.003917907542501952
0.003917892260176766
0.003917925712536231
0.003917879116173553
0.00391793595543973
0.003917900455733287
0.003917920218835447
0.003917952540658499
0.003917961136733972
0.003917977463250164
0.00391790169195565
0.003917935738284186
0.003917961237151526
0.00391789435082219
0.003917930645968474
0.003917955319944423
0.003917885863104448
0.003917924240487484
0.00391794953481456
0.003917967758516903
0.003917975395574048
0.003917898876467946
0.003917930501836975
0.003917994310930666
0.003917994582274619
0.003917924014977978
0.003917960441661536
0.003917970482639652
0.004420423125901508
0.004420393206782694
0.0044203703153981
0.004420408069037716
0.004420388763747978
0.004420372314137703
0.0044204026146568
0.004420384498826441
0.004420362315495663
0.004420382674566237
0.004420421382676211
0.004420442990430084
0.004420384208085187
0.004420404377278544
0.004420440028427701
0.0044204020005329
0.004420382239518581
0.004420410260710076
0.004420393665058134
0.004420373273147298
0.004420407011235273
0.004420388513944851
0.004420371477093399
0.00442040407005641
0.004420387066296581
0.004420369460544004
0.004420402614500398
0.004420385250557975
0.004420367513081211
0.004420400390973881
0.00442038135832789
0.004420361946505262
0.004420392652527316
0.004420351012298236
0.004420398471362046
0.004420370644404001
0.004420383530012025
0.004420414465151351
0.004420425805777804
0.004420448786365724
0.004420381542375302
0.004420401452886645
0.004420430279929445
0.004420371821190492
0.004420394572737894
0.004420424602338706
0.004420363439120991
0.004420387949219441
0.004420412668663705
0.00442043200730241
0.004420447537942429
0.004420378636988825
0.004420394619051329
0.004420452734434208
0.004420467630450123
0.004420404438171318
0.004420428389520261
0.004420441861543222
0.004997733721603945
0.004997707493389739
0.004997678844722897
0.004997708963534075
0.004997697453122982
0.004997678327911587
0.004997702980477556
0.00499769197970323
0.004997668560210331
0.004997680630961694
0.004997713447361932
0.004997743766738082
0.004997695597858309
0.004997703875043088
0.004997738713234516
0.004997713246966389
0.004997689174898723
0.004997711644022093
0.004997701763300074
0.004997679552729668
0.004997706793144005
0.00499769595386822
0.004997676610280822
0.004997703261435109
0.004997693761958065
0.00499767423263149
0.004997701367508552
0.004997691702616215
0.004997672103912698
0.004997699058430081
0.004997688124024511
0.004997666245376915
0.004997692720672732
0.004997657111009207
0.004997693913206278
0.004997674522746287
0.004997680700793007
0.004997707759466051
0.004997721436703665
0.004997750582158221
0.004997695241588363
0.004997701643325401
0.004997731161194842
0.004997683952152675
0.004997693498292207
0.00499772519357911
0.004997675201817206
0.004997686150403048
0.00499770829045292
0.004997727737839795
0.00499775094952029
0.00499769316785501
0.004997694027900119
0.004997741863482408
0.004997770730269103
0.004997718197272016
0.00499773028013106
0.004997745931342165
0.005644825098439209
0.005644804961771601
0.005644772827581771
0.00564479383428034
0.005644788452081152
0.005644769016791483
0.005644786805676398
0.005644781459940248
0.005644759556319322
0.005644763469673363
0.005644787904547094
0.005644823894690404
0.005644788695977719
0.005644787307882931
0.005644818124560865
0.005644804933025161
0.005644780116937391
0.005644796026036215
0.005644791545115655
0.005644770065911347
0.005644789628687673
0.005644785013858707
0.005644765926689665
0.005644785407376189
0.005644781987084828
0.005644763095520953
0.005644782985114975
0.005644779606255527
0.005644760761410431
0.005644780541886075
0.005644776305631888
0.005644754702552172
0.005644775552001195
0.005644746572185484
0.00564477236412498
0.005644760631072868
0.005644761274239695
0.005644782890002333
0.005644797626022706
0.005644831175898537
0.005644790454340082
0.005644785560039839
0.005644812951403488
0.005644778558929814
0.0056447769167493
0.005644806454582611
0.00564476947221884
0.005644768972855311
0.00564478602352918
0.005644804400740331
0.005644833542080918
0.005644789805336054
0.005644777544798142
0.005644813300635723
0.005644851999888454
0.005644812885702664
0.005644815555419366
0.005644830935935065
0.006344201045921451
0.006344187745798199
0.006344156113557096
0.006344167716851404
0.006344166051747339
0.006344148302540163
0.006344159123781913
0.006344157438419554
0.006344139119343221
0.006344135891754682
0.006344151719353888
0.006344188132599564
0.006344166581783781
0.00634415864950278
0.00634418398798453
0.006344180362997927
0.006344159056396588
0.006344168235714061
0.00634416739875629
0.006344148582259531
0.006344160605679796
0.006344160203017522
0.006344143366759935
0.00634415566503109
0.006344156458789123
0.00634413991927528
0.006344152644600792
0.006344153706609743
0.006344137338628285
0.006344150010293211
0.006344150584049676
0.006344131183448162
0.006344146079643569
0.006344123596333481
0.006344139418978579
0.006344133610859439
0.0063441298572773
0.006344145946348002
0.006344160044099577
0.006344195050503288
0.006344169630165264
0.006344157324554499
0.006344180851487144
0.006344158781249333
0.006344148705901715
0.006344174148380896
0.006344149708926171
0.006344140379624084
0.006344152316336163
0.006344167762044485
0.006344199466193546
0.006344170596566995
0.006344150105405137
0.006344173794442852
0.006344215916653394
0.006344191295929066
0.006344188098631818
0.006344201546697626
0.007069432313282296
0.007069424548795953
0.007069397610369475
0.007069401058123098
0.007069400897202374
0.007069385790760408
0.007069390706052973
0.007069390737924734
0.007069376745888971
0.007069368279242393
0.007069377154738508
0.007069408598522278
0.007069398842171993
0.007069388635069619
0.007069407638090734
0.007069410913808155
0.007069394775982083
0.0070693987569675
0.007069400004578239
0.007069384678933931
0.007069390521993308
0.007069392508357549
0.007069378611523498
0.007069384908284287
0.007069388081151946
0.0070693745214482
0.007069381292490613
0.007069384920319798
0.007069371672595521
0.007069378388227278
0.007069381930981776
0.007069365445900671
0.007069375156676868
0.007069358443115632
0.00706936628935787
0.007069363914987835
0.007069357827051933
0.00706936874129882
0.007069380793103737
0.007069413904289257
0.007069401871543901
0.007069387355309328
0.007069405878407609
0.007069393794658371
0.007069379577602003
0.007069399494428072
0.007069385289843792
0.007069371172052526
0.007069378423805135
0.007069390047715057
0.007069420095598038
0.007069404386422046
0.00706938194729889
0.007069395758267636
0.00706943412152077
0.007069422882220012
0.007069417651590398
0.007069428603352108
0.007791265999375245
0.007791262481575755
0.007791242520481906
0.007791240191575692
0.007791240152284198
0.007791227859882142
0.007791228355407119
0.007791228771808686
0.007791218629088
0.007791207601895527
0.007791211102146129
0.007791234857206836
0.007791233061822204
0.007791224262238085
0.007791237027851955
0.007791244611962283
0.007791233535933575
0.007791234416890556
0.007791236462101282
0.007791224898234076
0.007791226417435933
0.007791229055024942
0.00779121840006836
0.007791220443820256
0.00779122407857978
0.007791213754337253
0.007791216332342961
0.00779122052019912
0.007791210657673633
0.007791213145898798
0.007791217543798351
0.007791204370918692
0.007791210061439311
0.007791198091540227
0.007791200324727081
0.00779119931015175
0.007791192460864239
0.00779119907402892
0.007791208352537818
0.007791236814413913
0.007791234457131942
0.007791222404699466
0.007791235760957424
0.007791230323191216
0.007791216278067436
0.007791230313119812
0.007791223018279158
0.007791208130085019
0.007791211645940604
0.007791219224785607
0.007791244613146347
0.007791238254302607
0.007791219421830883
0.007791226092299241
0.007791256465240773
0.007791255272662004
0.007791251133083142
0.00779125961830619
0.008483562794484081
0.008483562436840801
0.008483549511603575
0.008483544069515622
0.008483543692200543
0.008483534196187564
0.008483531670001434
0.008483531705156687
0.008483524522349328
0.008483513324017556
0.008483512763656272
0.008483528613702206
0.008483531396541568
0.008483524973510102
0.008483532946086059
0.00848354221443277
0.008483535631202296
0.00848353511442048
0.008483537045545589
0.008483529172807498
0.008483528078162619
0.008483530136498498
0.008483522702708524
0.008483522130841477
0.008483524839538972
0.008483517643576343
0.008483517708546454
0.008483520947458635
0.008483514366394386
0.008483514304650719
0.008483517849340675
0.00848350797576374
0.008483510895060435
0.008483502706500109
0.008483501355671655
0.008483500513990338
0.008483493628854203
0.00848349715142965
0.008483503539836085
0.008483525740861329
0.008483529967023555
0.008483521683560962
0.008483531006400121
0.008483529337730816
0.008483518112559239
0.00848352702718759
0.008483523406852605
0.008483510844387631
0.00848351166038927
0.008483515624693575
0.008483535036192025
0.008483534365971277
0.008483521385952595
0.008483523691609219
0.008483545151475418
0.008483550533606476
0.008483548529752546
0.008483555208978363
0.009126937714150369
0.009126939958002572
0.009126932329415763
0.009126926345341917
0.009126925620530297
0.00912691847447347
0.009126914553381819
0.009126914013670901
0.009126908628771073
0.009126898787150384
0.009126895080674
0.009126904798348628
0.009126909309026468
0.009126904923533402
0.009126909787399416
0.009126918816156442
0.009126915629026127
0.00912691487280327
0.009126916556149139
0.009126911607750204
0.00912690920782692
0.009126910560113279
0.009126905638885527
0.00912690353412262
0.009126905281089285
0.009126900595507671
0.009126899057178464
0.009126901202037928
0.009126897068843957
0.009126895386784968
0.009126897935246611
0.009126890649832823
0.009126891811394151
0.009126886377177519
0.009126882901857512
0.009126881911430631
0.009126875351426393
0.009126876823153152
0.009126880603858111
0.009126896345699629
0.009126904408568226
0.009126899442312821
0.009126906146799221
0.009126906716199389
0.009126898578421425
0.009126903884370511
0.009126902108008232
0.009126892716693376
0.009126891868003275
0.009126893357976132
0.009126906797159932
0.009126909631510284
0.009126901377232993
0.009126901719710468
0.009126915682448774
0.009126924446876029
0.009126924362337965
0.009126930116096187
0.009709600919095503
0.009709604994051378
0.0097096010664915
0.009709596115653909
0.009709595282729166
0.009709590060068551
0.009709585814331224
0.009709584852829852
0.009709580558463883
0.009709572614761538
0.009709567080997556
0.009709572377761402
0.00970957668887109
0.0097095738062748
0.009709576872366956
0.009709584475687597
0.009709583613641689
0.009709583232783713
0.00970958467367415
0.009709581802282506
0.009709579107058096
0.009709579822967556
0.009709576663849877
0.009709573944401246
0.009709574847726566
0.009709571852652678
0.009709569556545228
0.009709570746809608
0.009709568239406625
0.009709565743106271
0.009709567315341016
0.009709561999945401
0.009709562135430201
0.009709558495151555
0.009709554075123122
0.009709552847581184
0.009709546825714531
0.009709546928240232
0.009709548652141449
0.009709558858413608
0.00970956818945237
0.009709565778148768
0.009709570714002967
0.00970957276394748
0.009709567119249462
0.009709570211052652
0.009709569337806723
0.009709562756304822
0.009709561276422094
0.009709561291386698
0.009709569747469437
0.009709574134619056
0.009709569421545784
0.009709569054359711
0.00970957775445015
0.009709587310433757
0.009709588664653115
0.009709594225023264
0.01022617639539572
0.01022618150523238
0.01022617998055311
0.01022617673690891
0.0102261760535211
0.01022617241613661
0.01022616853690485
0.0102261674002568
0.01022616382237951
0.01022615773407063
0.01022615157588456
0.01022615392468043
0.01022615706306402
0.01022615514643237
0.01022615713634417
0.01022616305940981
0.01022616357968864
0.01022616367939555
0.01022616495500682
0.0102261633858996
0.01022616103600808
0.01022616128144434
0.01022615923434068
0.01022615655771753
0.01022615683196984
0.01022615485019054
0.01022615240764694
0.01022615286212866
0.0102261512985948
0.01022614856564658
0.01022614931902029
0.0102261455063202
0.01022614512012899
0.01022614242919066
0.01022613786236144
0.01022613646430824
0.01022613118611704
0.01022613028754614
0.01022613060102825
0.01022613656516319
0.01022614531453549
0.0102261446134287
0.01022614838797081
0.01022615118107675
0.01022614745640337
0.01022614928085577
0.01022614885281521
0.01022614441349482
0.01022614313672939
0.01022614214740015
0.01022614716311621
0.01022615164398706
0.01022614920030601
0.01022614885375319
0.01022615424351024
0.0102261630199126
0.01022616526389205
0.01022617084571056
0.01067568310074808
0.01067568859174436
0.01067568850709493
0.01067568700887886
0.01067568665519207
0.01067568434825409
0.01067568121361913
0.0106756801168225
0.01067567712295013
0.01067567260900811
0.01067566673423698
0.01067566724841498
0.01067566891344434
0.0106756675751901
0.01067566886456125
0.01067567310618892
0.01067567434093752
0.01067567488068778
0.01067567609233743
0.01067567522486524
0.01067567354379653
0.01067567351614393
0.01067567207471
0.01067566984376274
0.01067566974584326
0.01067566826004754
0.0106756660559032
0.01067566603836776
0.01067566490536131
0.01067566230278363
0.01067566243839779
0.01067565955868416
0.01067565895645905
0.01067565684159455
0.0106756525598094
0.01067565110104247
0.01067564647780431
0.01067564512630537
0.01067564438407907
0.01067564758572094
0.0106756545857
0.01067565491736729
0.01067565793161533
0.01067566082517636
0.01067565847545991
0.01067565961511006
0.01067565942493874
0.01067565652315974
0.01067565563955251
0.01067565419644212
0.01067565702619214
0.01067566087852613
0.01067565973548135
0.01067565969428871
0.01067566319926606
0.0106756704974106
0.01067567311668149
0.01067567860870902
0.01105960108787303
0.01105960645695787
0.01105960759955408
0.01105960714315586
0.01105960720780359
0.01105960599180361
0.01105960375798898
0.0110596028462819
0.01105960041372855
0.01105959715445334
0.01105959218515202
0.01105959153047897
0.01105959203296532
0.01105959095623364
0.01105959171798052
0.01105959450899905
0.01105959594882593
0.0110595966980262
0.01105959784214416
0.01105959741301759
0.01105959632692322
0.01105959621864874
0.01105959516281902
0.01105959341748954
0.01105959318690753
0.0110595919993921
0.0110595900905342
0.01105958988404109
0.01105958894551927
0.01105958668657085
0.01105958645833888
0.01105958406151147
0.01105958336036304
0.01105958164019709
0.01105957785778808
0.0110595764245902
0.01105957240576084
0.0110595708238984
0.01105956935938138
0.01105957094708738
0.01105957568174677
0.01105957658589623
0.01105957913283356
0.01105958170444618
0.01105958027161515
0.01105958108015708
0.01105958102527728
0.01105957917662612
0.0110595786487649
0.01105957716388234
0.01105957869645963
0.01105958167285157
0.01105958119615063
0.01105958144566382
0.0110595840226276
0.01105958971478895
0.01105959230368041
0.01105959749169817
0.01138045806196861
0.01138046289755932
0.01138046492159544
0.01138046536029702
0.01138046587966641
0.01138046530401756
0.01138046391723836
0.01138046326246867
0.01138046139479216
0.01138045913223115
0.01138045521148967
0.01138045401589505
0.01138045392592715
0.01138045284549235
0.01138045314412647
0.01138045476583399
0.01138045609655251
0.01138045690456529
0.01138045789918316
0.01138045770892786
0.01138045709419996
0.01138045699591399
0.01138045621603017
0.01138045493189525
0.01138045468798707
0.0113804537241408
0.01138045211249594
0.01138045185017259
0.01138045103446331
0.01138044907893825
0.0113804486890716
0.01138044664466651
0.01138044580904897
0.0113804444644297
0.01138044124018755
0.01138043991585974
0.01138043646038112
0.011380434807462
0.01138043297557541
0.01138043352086158
0.01138043625782431
0.0113804372667342
0.0113804393644079
0.0113804414762547
0.01138044061724016
0.01138044129244165
0.01138044135279081
0.01138044015609211
0.01138043985681265
0.01138043856990674
0.01138043944488172
0.011380441518839
0.01138044148071828
0.01138044193275359
0.01138044391139736
0.01138044821186521
0.01138045053998935
0.0113804552018873
0.01164098253352604
0.01164098664933052
0.01164098905485604
0.01164099013233051
0.01164099113281439
0.01164099098082642
0.01164099034462323
0.01164098997561175
0.01164098866316379
0.01164098720338601
0.01164098430481987
0.01164098294952874
0.01164098265128018
0.01164098160423542
0.01164098151694939
0.01164098226211184
0.01164098328998696
0.01164098402852454
0.01164098482808473
0.01164098475489106
0.01164098445748578
0.01164098438777352
0.01164098381486527
0.01164098294333124
0.01164098273782132
0.0116409819637313
0.01164098063329054
0.01164098037175748
0.01164097962691481
0.01164097797503317
0.01164097754392132
0.01164097579957079
0.01164097488224896
0.01164097383393315
0.01164097114973243
0.01164096998458964
0.01164096706758819
0.01164096543619043
0.01164096355343822
0.01164096338468456
0.01164096461189243
0.01164096542341559
0.01164096698824423
0.01164096861904968
0.01164096809392457
0.01164096863516395
0.01164096881236569
0.0116409680500399
0.01164096789713791
0.01164096687180523
0.01164096738908259
0.01164096881023835
0.01164096909131299
0.01164096967073707
0.01164097114376313
0.01164097430398596
0.01164097628319772
0.01164098029508929
0.01184368056944034
0.0118436838958561
0.01184368633597006
0.01184368779717889
0.01184368919716819
0.01184368947742618
0.0118436893478104
0.01184368924054834
0.011843688433959
0.0118436876470271
0.01184368563447875
0.01184368437361091
0.01184368404111651
0.01184368308560306
0.01184368271813025
0.01184368297221883
0.01184368357866394
0.0118436841575661
0.01184368475091104
0.01184368466255929
0.01184368460864752
0.01184368455286075
0.01184368413854241
0.01184368361945512
0.01184368346162262
0.01184368285921959
0.01184368178178075
0.01184368154331962
0.01184368083020606
0.01184367950216522
0.01184367909365747
0.01184367761586088
0.01184367668899964
0.0118436758700131
0.01184367366531352
0.01184367269158055
0.01184367027242104
0.01184366874470023
0.01184366694637086
0.0118436663081809
0.0118436666150766
0.01184366708607297
0.01184366801799195
0.01184366918633132
0.01184366883693741
0.0118436692383564
0.01184366948648971
0.01184366901430519
0.01184366895634779
0.0118436681775382
0.01184366851158696
0.0118436694349871
0.01184366984200223
0.01184367039216915
0.01184367156922071
0.01184367391224844
0.01184367553365889
0.01184367885698613
0.01199066166514071
0.01199066419520885
0.01199066646169015
0.01199066810736442
0.01199066969356635
0.01199067041330372
0.01199067075370857
0.01199067082324158
0.01199067041863511
0.01199067008501911
0.01199066883473802
0.01199066785798769
0.01199066757378174
0.0119906667841485
0.01199066628321563
0.01199066628385327
0.01199066646210481
0.01199066681354936
0.01199066722750095
0.0119906671216901
0.01199066715321105
0.01199066710138356
0.01199066681653319
0.01199066657536849
0.01199066644899485
0.01199066600690478
0.01199066514913981
0.011990664947174
0.01199066427904439
0.01199066325704966
0.01199066289236435
0.01199066164958712
0.01199066079224203
0.0119906601489674
0.01199065835760754
0.01199065757702557
0.01199065561635388
0.01199065424734781
0.0119906525954131
0.01199065176807632
0.01199065152215878
0.01199065155993086
0.01199065190546507
0.01199065267004451
0.01199065240448668
0.01199065266994165
0.01199065291758491
0.01199065263613252
0.01199065263159739
0.01199065206256878
0.01199065228842142
0.01199065286599878
0.01199065328560269
0.01199065379547478
0.01199065470741983
0.01199065645293023
0.01199065774387235
0.01199066041277567
0.01208358198026782
0.0120835837487892
0.01208358574997454
0.01208358743893091
0.01208358905439099
0.01208359007152226
0.0120835907691177
0.0120835911233199
0.01208359103902728
0.01208359099471331
0.01208359031277472
0.01208358971287081
0.01208358949827855
0.01208358893516457
0.01208358840633994
0.01208358831298696
0.01208358818554547
0.01208358831170788
0.01208358850961761
0.01208358841472991
0.01208358845763302
0.01208358843811001
0.0120835882076204
0.0120835881582888
0.01208358792771754
0.01208358774248941
0.01208358702547087
0.01208358687239019
0.01208358625988853
0.01208358553975886
0.01208358520510203
0.01208358417465084
0.01208358346584097
0.01208358293168554
0.01208358150133335
0.01208358091076697
0.01208357935361302
0.01208357819520852
0.01208357672235028
0.01208357586135289
0.01208357523402828
0.01208357509444279
0.01208357503635825
0.01208357524389679
0.01208357504816355
0.01208357518565951
0.01208357535489135
0.01208357520124557
0.01208357522532848
0.0120835748328217
0.01208357493013966
0.01208357525396418
0.01208357564046691
0.01208357610697925
0.01208357681925108
0.01208357807061077
0.01208357907731523
0.01208358114904836
0.01212362759484921
0.01212362867848204
0.01212363041729275
0.01212363206004178
0.01212363359378723
0.01212363477768427
0.01212363571821084
0.01212363633194779
0.01212363662208707
0.01212363678374502
0.01212363645993618
0.01212363621021472
0.01212363598811479
0.01212363579250736
0.0121236352146762
0.0121236351246672
0.01212363479260852
0.01212363480202091
0.01212363479082319
0.01212363476372336
0.01212363473895019
0.01212363475060019
0.0121236345578403
0.01212363454355674
0.0121236342799959
0.01212363421359574
0.01212363365970253
0.01212363355688
0.01212363300662602
0.01212363257965461
0.01212363216917836
0.01212363141456007
0.01212363091780163
0.01212363034695165
0.01212362932409159
0.01212362890186842
0.0121236276975195
0.01212362678640997
0.01212362549664396
0.01212362471614123
0.01212362383305082
0.01212362370596469
0.01212362324033355
0.01212362319403448
0.01212362292048014
0.01212362304305827
0.0121236229273847
0.01212362291319289
0.0121236228849887
0.01212362263725702
0.01212362262670637
0.01212362273787184
0.01212362306476197
0.01212362350271981
0.01212362406042842
0.01212362489644508
0.0121236256513603
0.01212362717954925
0.01211149915837517
0.01211149989118287
0.012111501394909
0.01211150291765381
0.01211150430569433
0.01211150553067995
0.0121115066091783
0.01211150739060189
0.01211150796103023
0.01211150840103238
0.01211150834469239
0.01211150835550708
0.01211150811817487
0.01211150808795926
0.01211150762348699
0.01211150756748734
0.01211150719865918
0.0121115071571906
0.01211150699792183
0.01211150705174852
0.01211150691546833
0.01211150691877521
0.01211150674336774
0.01211150678735638
0.01211150648419713
0.01211150645987025
0.01211150603133185
0.01211150597255431
0.01211150548172124
0.01211150534081396
0.01211150482404513
0.01211150430620501
0.012111504091016
0.01211150343739129
0.01211150276837902
0.01211150247600389
0.0121115015721389
0.01211150093875621
0.01211149982305816
0.01211149919602749
0.01211149817063677
0.01211149800732702
0.01211149733530553
0.0121114972228579
0.01211149680810138
0.0121114968664259
0.01211149656302018
0.01211149652599785
0.01211149640851783
0.01211149634728437
0.01211149619502433
0.01211149624386904
0.0121114964490329
0.01211149684763604
0.01211149727926862
0.01211149777280986
0.01211149830273832
0.01211149936912505
0.01204738081640117
0.01204738130245673
0.01204738243571942
0.01204738377283431
0.01204738496845167
0.01204738614609347
0.01204738727568289
0.01204738814111315
0.01204738890384728
0.0120473895701833
0.01204738984696023
0.01204739005047627
0.01204738981515509
0.01204738986230097
0.01204738951691186
0.01204738945622898
0.01204738915268217
0.01204738917628063
0.01204738888199004
0.01204738884509324
0.01204738872298221
0.01204738874988853
0.01204738857702304
0.01204738866506024
0.01204738832120185
0.01204738827390229
0.0120473879567341
0.01204738793608724
0.01204738748690501
0.01204738744103498
0.01204738695133192
0.01204738665854549
0.01204738655970563
0.01204738596398514
0.01204738561513108
0.01204738540086576
0.0120473847855409
0.01204738447053231
0.01204738346668508
0.01204738307433002
0.01204738194522731
0.01204738176963514
0.0120473809815691
0.01204738084454169
0.01204738035039765
0.01204738033425882
0.01204737991319179
0.01204737993957633
0.01204737968707366
0.01204737968265918
0.01204737947046574
0.01204737945713134
0.01204737962703405
0.01204737989174197
0.01204738018957482
0.01204738039652768
0.01204738072642836
0.01204738141381612
0.01193087962622009
0.01193087991511686
0.011930880700002
0.01193088178507243
0.0119308827627773
0.01193088383033802
0.011930884939538
0.01193088582137171
0.01193088669225417
0.01193088751127364
0.01193088801307262
0.01193088844877844
0.01193088828899786
0.01193088835517723
0.01193088814379235
0.0119308881101756
0.01193088784574039
0.01193088789261945
0.01193088755514285
0.01193088749621517
0.01193088736399684
0.01193088737064123
0.01193088721868415
0.01193088732236561
0.01193088696413302
0.01193088692621077
0.01193088666024126
0.01193088668875803
0.0119308862812626
0.01193088621061887
0.01193088579513337
0.01193088567686816
0.01193088564209776
0.01193088513656264
0.01193088505952596
0.01193088473152585
0.01193088450280993
0.01193088438003542
0.01193088359957349
0.01193088334819625
0.01193088229123265
0.01193088212729822
0.01193088130614254
0.01193088116607489
0.01193088062715636
0.01193088057872073
0.01193088008650551
0.01193088013253729
0.01193087980832788
0.01193087980403618
0.0119308795497306
0.0119308795391266
0.01193087959431006
0.01193087978400822
0.01193087996229589
0.01193087987482056
0.01193088007895114
0.01193088044701646
0.01176092737410351
0.01176092750651606
0.01176092800770358
0.0117609287753908
0.0117609295364775
0.01176093045478134
0.01176093148705432
0.01176093233276153
0.01176093324396859
0.01176093414998305
0.01176093478910661
0.01176093544033802
0.01176093540508715
0.01176093557263087
0.01176093541693391
0.01176093539394015
0.01176093515428511
0.01176093520965756
0.01176093487182419
0.01176093481162437
0.01176093468076101
0.01176093465478708
0.01176093452291585
0.01176093463671568
0.01176093428238224
0.01176093423234841
0.01176093400111792
0.01176093406278592
0.0117609336957525
0.01176093369549092
0.01176093328186242
0.0117609332520547
0.01176093326568652
0.01176093290819207
0.01176093289463074
0.01176093268609887
0.01176093266460546
0.01176093264971715
0.01176093213026092
0.01176093198988371
0.01176093105922836
0.01176093093242811
0.0117609301336431
0.01176093000447711
0.01176092945863661
0.01176092940590048
0.01176092888608132
0.01176092894137257
0.01176092858050692
0.01176092856760731
0.0117609283070377
0.01176092825883289
0.01176092828621732
0.01176092835866423
0.01176092841729959
0.01176092817540974
0.01176092824734542
0.01176092834665275
0.01153925063528779
0.01153925066858718
0.01153925091965657
0.01153925131120317
0.01153925187701475
0.01153925262872612
0.01153925354144662
0.01153925431333683
0.01153925521012322
0.01153925614753187
0.01153925685223887
0.01153925761430093
0.01153925777209638
0.01153925815641113
0.01153925794663753
0.01153925796125409
0.01153925770481359
0.01153925775809489
0.01153925745589831
0.01153925741371066
0.01153925725411494
0.0115392572908972
0.01153925711609837
0.01153925721711634
0.0115392568844347
0.0115392568434531
0.01153925664669368
0.01153925665979907
0.01153925637548312
0.01153925644176109
0.01153925603883867
0.01153925607444328
0.0115392560969689
0.01153925590053967
0.01153925599132384
0.01153925592419335
0.01153925601065241
0.01153925619524345
0.01153925577413993
0.0115392557043504
0.01153925490055164
0.01153925481605239
0.01153925407748846
0.01153925397049331
0.01153925344693238
0.01153925340011966
0.01153925289124122
0.0115392529655898
0.01153925259259292
0.01153925256484818
0.01153925229171722
0.01153925226962089
0.0115392522535729
0.01153925214878344
0.01153925221131743
0.01153925182631623
0.01153925181307186
0.0115392517644889
0.0112670661533171
0.01126706608666934
0.011267066081383
0.01126706625709408
0.01126706661387636
0.01126706718665916
0.01126706795255882
0.01126706862668874
0.01126706946704034
0.01126707039058029
0.01126707110723634
0.01126707193118803
0.01126707219695701
0.01126707277228917
0.01126707257727085
0.01126707261102288
0.01126707239924177
0.01126707238774081
0.01126707212859889
0.01126707220337104
0.01126707198137989
0.0112670720116823
0.01126707181772159
0.01126707189398675
0.01126707161261526
0.01126707159768887
0.01126707142080458
0.01126707144866606
0.01126707119596784
0.01126707130449565
0.01126707095678867
0.01126707093528638
0.01126707111325087
0.01126707102282332
0.01126707116273083
0.0112670713311391
0.01126707150239727
0.01126707176831702
0.01126707141813441
0.0112670713947666
0.01126707069923224
0.01126707065349324
0.0112670699941145
0.01126706991639268
0.01126706943698312
0.01126706940798365
0.01126706892983437
0.01126706902914861
0.01126706868310613
0.01126706862453464
0.01126706836021773
0.01126706835135834
0.01126706832244661
0.01126706811222527
0.0112670681555807
0.01126706766028068
0.01126706756272006
0.01126706744230844
0.01094514479032798
0.01094514459138591
0.01094514446162569
0.01094514450744986
0.01094514467005086
0.0109451449649998
0.01094514558505835
0.0109451461504237
0.01094514690466978
0.01094514777864171
0.01094514846513569
0.01094514930605493
0.0109451496279215
0.01094515033346582
0.01094515022475419
0.0109451502164726
0.01094515008214977
0.01094515007491141
0.01094514985578856
0.01094514986887319
0.01094514972014927
0.01094514969216873
0.01094514957308107
0.01094514957491458
0.01094514936906139
0.01094514937539048
0.01094514921472037
0.01094514926314433
0.01094514903432846
0.01094514917980078
0.01094514887535753
0.01094514888940938
0.01094514901813367
0.01094514920240502
0.01094514939827833
0.01094514963075419
0.01094514986259709
0.01094515023874408
0.0109451499652955
0.01094514997961768
0.0109451493757366
0.01094514935869615
0.01094514877811103
0.01094514873233856
0.01094514832401841
0.01094514833370726
0.0109451479142619
0.01094514793486478
0.01094514764260262
0.01094514766988628
0.01094514737861117
0.01094514737655948
0.01094514734412862
0.01094514706291152
0.01094514708990319
0.01094514652154446
0.0109451463213644
0.01094514615908159
0.0105738510646685
0.01057385081180336
0.01057385047005911
0.01057385042573976
0.01057385045127738
0.01057385055280679
0.01057385101235094
0.01057385146499649
0.01057385211061082
0.01057385290835591
0.01057385353402109
0.01057385435675818
0.0105738546980181
0.01057385546437471
0.01057385544499129
0.01057385548451101
0.01057385537804264
0.01057385537364618
0.01057385517553488
0.01057385518922864
0.01057385506017994
0.01057385502449052
0.01057385493137884
0.0105738549231646
0.01057385474666107
0.01057385475972916
0.01057385461489817
0.01057385467964408
0.01057385447435032
0.01057385464278047
0.01057385438754002
0.0105738544163708
0.01057385454683409
0.01057385482189624
0.01057385515992108
0.01057385537972369
0.0105738557099544
0.01057385618003637
0.01057385601269888
0.01057385600333955
0.01057385553675422
0.01057385555858624
0.01057385507626528
0.01057385499204684
0.01057385467267862
0.01057385471969628
0.01057385433331106
0.01057385441083763
0.010573854160704
0.01057385414123901
0.01057385389512884
0.01057385389685284
0.01057385386092144
0.01057385354144701
0.01057385355450515
0.01057385295852962
0.01057385265473752
0.01057385246382381
0.01015316538592951
0.01015316521381852
0.01015316459711627
0.01015316449990795
0.01015316440324422
0.01015316439964287
0.01015316466881728
0.01015316500827439
0.01015316552600994
0.01015316622834741
0.01015316677309546
0.0101531675505631
0.01015316787690027
0.0101531685789583
0.0101531686872396
0.01015316889185986
0.01015316875247443
0.01015316873476443
0.01015316855576858
0.01015316858664261
0.01015316846933697
0.01015316844408144
0.01015316836136065
0.0101531683507925
0.01015316819657203
0.01015316820230388
0.01015316807618144
0.0101531681393595
0.01015316796357814
0.01015316811448794
0.01015316793664571
0.01015316798669604
0.01015316812720116
0.01015316843920565
0.01015316888837983
0.01015316911088951
0.01015316951130099
0.01015317004943212
0.01015316999870586
0.0101531700281817
0.01015316964752346
0.01015316968993187
0.01015316928589175
0.01015316922318843
0.01015316898114637
0.01015316896422902
0.01015316871949882
0.01015316875799626
0.01015316859617496
0.01015316858471726
0.01015316838766918
0.01015316834281748
0.01015316833249647
0.01015316797134018
0.01015316796564587
0.01015316738726039
0.01015316699414853
0.01015316678157355
0.009682699719358603
0.009682699538902726
0.009682698795085628
0.009682698739398294
0.00968269838491442
0.009682698399637176
0.009682698490639031
0.009682698775621263
0.009682699112924176
0.009682699712716507
0.009682700168755014
0.009682700881650033
0.009682701177886265
0.009682701804868778
0.009682701965183109
0.0096827022808355
0.009682702158690375
0.009682702148345065
0.009682701985945411
0.009682702031771583
0.009682701879871221
0.009682701934171747
0.009682701858333283
0.00968270182933784
0.009682701693015779
0.009682701697540453
0.009682701600087478
0.009682701636432414
0.009682701538772185
0.009682701590968517
0.009682701518879717
0.009682701603440634
0.009682701751578244
0.009682702070994711
0.009682702586944066
0.009682702832043966
0.009682703265112665
0.009682703764252985
0.009682703859712694
0.009682704066799257
0.009682703701111722
0.009682703752900026
0.009682703407439206
0.009682703369418424
0.009682703180136155
0.009682703172166603
0.009682702995996334
0.00968270305121432
0.009682702942942633
0.00968270294895439
0.009682702758545443
0.009682702718433992
0.009682702751312196
0.009682702348219904
0.009682702330236811
0.009682701772585066
0.009682701306228704
0.009682701075946893
0.009161733236109325
0.00916173301936269
0.009161732210466287
0.009161732135229769
0.00916173166062728
0.009161731643538501
0.00916173163483856
0.009161731869880205
0.009161732060164863
0.00916173254292325
0.009161732912055741
0.009161733546287713
0.009161733804882978
0.00916173434771324
0.009161734518758558
0.009161734880037228
0.009161734797416001
0.009161734804007247
0.009161734662098738
0.009161734714063974
0.009161734592400919
0.009161734600682259
0.009161734543055492
0.009161734547904372
0.00916173443493822
0.009161734441931578
0.009161734367209009
0.009161734394814587
0.009161734331566519
0.009161734381196421
0.009161734361633526
0.009161734477318799
0.009161734630024895
0.00916173493744292
0.009161735471169151
0.00916173573518766
0.009161736187488747
0.00916173666366241
0.009161736829955594
0.009161737179164516
0.009161736876164421
0.009161736940944893
0.009161736644751652
0.009161736625508933
0.009161736485522107
0.009161736495160408
0.009161736370248981
0.009161736450101125
0.009161736389180442
0.009161736422326257
0.00916173625711929
0.009161736257748208
0.009161736227831284
0.009161735846595525
0.009161735820839869
0.009161735285844262
0.009161734769245566
0.009161734522071042
0.008589331298906934
0.008589331006923061
0.008589330188063741
0.008589330095167921
0.008589329588209422
0.008589329484623249
0.008589329437150923
0.008589329587918099
0.008589329728658038
0.008589330098805657
0.008589330386725842
0.008589330933390085
0.008589331149519742
0.008589331604146723
0.00858933175991985
0.00858933210454854
0.008589332075163013
0.008589332101368054
0.008589331979442127
0.008589332021655103
0.008589331931554927
0.008589331914903818
0.008589331869227555
0.00858933190024521
0.008589331811483745
0.008589331820812245
0.008589331770584333
0.008589331787367155
0.008589331748668598
0.008589331816610162
0.008589331807679122
0.008589332000206005
0.008589332157046155
0.008589332442195572
0.008589332946644861
0.008589333209695063
0.00858933368027848
0.008589334136899397
0.008589334345100213
0.008589334770026064
0.00858933454423569
0.008589334616129232
0.008589334377767696
0.008589334366658305
0.008589334289098877
0.008589334303493552
0.008589334226681161
0.008589334327839515
0.008589334317527425
0.008589334386353519
0.008589334243279664
0.008589334210199306
0.008589334238997989
0.008589333848042365
0.008589333806884997
0.008589333294781407
0.008589332756747123
0.00858933248715375
0.007964681742688429
0.007964681352330326
0.007964680577293957
0.00796468047046643
0.007964679987105714
0.007964679783873338
0.007964679788564103
0.007964679799712507
0.007964679979285291
0.00796468022630443
0.007964680447186663
0.007964680899922583
0.007964681071740497
0.007964681439934701
0.007964681557071798
0.007964681785952814
0.007964681835865866
0.007964681947657062
0.007964681818021187
0.00796468184169999
0.00796468173939876
0.007964681785309135
0.007964681727163669
0.007964681760499328
0.007964681694944601
0.007964681707611271
0.007964681677268796
0.00796468169538272
0.007964681673851802
0.007964681694062212
0.007964681766483588
0.007964681903165505
0.007964682155035135
0.007964682391181765
0.007964682903899031
0.007964683146283107
0.00796468362057251
0.007964684060494696
0.007964684283651975
0.007964684734827466
0.007964684619350383
0.00796468463749939
0.007964684485552011
0.007964684459010088
0.007964684427293306
0.007964684477345333
0.007964684436732495
0.007964684502951817
0.007964684610843167
0.00796468471411237
0.007964684561091643
0.007964684521226071
0.007964684557495206
0.00796468419087909
0.0079646841325259
0.007964683643151735
0.007964683119629697
0.007964682803399448
0.007287893512684491
0.007287893091813802
0.0072878923765096
0.007287892201519482
0.007287891798845882
0.007287891559525121
0.00728789154532858
0.007287891586982056
0.007287891681234501
0.007287891884356711
0.007287892049597252
0.007287892409645812
0.007287892535747294
0.007287892820658151
0.007287892898152687
0.007287893037196646
0.007287893097264529
0.007287893234734653
0.007287893142866965
0.007287893140523988
0.007287893092684024
0.007287893091929296
0.007287893066938952
0.007287893101493321
0.007287893057356097
0.007287893077922303
0.007287893062846083
0.007287893092298519
0.007287893084717507
0.007287893138951562
0.007287893168491462
0.007287893318417503
0.007287893601210024
0.007287893810329856
0.007287894307991248
0.007287894529876962
0.007287894987595592
0.007287895408268319
0.007287895620075289
0.00728789605659388
0.007287896004884502
0.007287896036994924
0.007287895925068863
0.007287895909769552
0.007287895892307431
0.007287895980814289
0.007287895968837755
0.007287896032903393
0.007287896154716924
0.007287896301110187
0.007287896177029298
0.007287896121772967
0.007287896147672924
0.007287895830720573
0.007287895751533832
0.00728789528428091
0.007287894813459865
0.00728789440205035
0.006561620907747349
0.006561620498439313
0.006561619857408156
0.00656161964095047
0.006561619315327681
0.006561619077520183
0.006561619056154299
0.006561619074549439
0.006561619148848148
0.00656161931521029
0.006561619437395169
0.006561619714090303
0.006561619795014686
0.006561620002780949
0.006561620047257691
0.006561620117180053
0.006561620149835904
0.006561620269202841
0.006561620215590442
0.00656162020860278
0.006561620171109952
0.006561620184074546
0.006561620177201305
0.006561620207440806
0.006561620178064587
0.006561620209013526
0.006561620203718725
0.00656162025029173
0.006561620253564136
0.006561620303078769
0.006561620348198564
0.006561620489114487
0.006561620785608536
0.006561620967626926
0.006561621432122852
0.006561621638965232
0.006561622059199543
0.00656162245824856
0.006561622637106646
0.00656162302199891
0.006561623008424779
0.00656162306394269
0.006561622993509248
0.006561622985472164
0.006561622978990238
0.00656162305036816
0.006561623093399133
0.006561623189032948
0.006561623266869615
0.006561623417262108
0.006561623349158214
0.006561623279385172
0.006561623284201775
0.006561623027174265
0.0065616229189816
0.006561622477857761
0.006561622090574905
0.006561621598931346
0.005793840946817805
0.005793840585838377
0.005793840033626107
0.005793839815780139
0.005793839559031299
0.005793839350353828
0.005793839321951413
0.00579383930342923
0.005793839366957917
0.005793839518762107
0.005793839600636765
0.005793839808389681
0.005793839847771148
0.005793839985853024
0.005793840003929752
0.005793840030424633
0.005793840023975425
0.005793840082669619
0.005793840063037819
0.005793840054713967
0.005793840046834866
0.005793840051015726
0.005793840048673221
0.005793840089394502
0.005793840071902779
0.005793840111535656
0.005793840114194694
0.00579384017314789
0.005793840185893152
0.005793840268032651
0.00579384030251447
0.005793840423583474
0.005793840728742137
0.005793840869162473
0.005793841292411928
0.005793841481927503
0.005793841852568456
0.005793842220509138
0.005793842350109081
0.005793842649743329
0.005793842651223876
0.005793842733108184
0.005793842700265273
0.005793842701215878
0.005793842700968997
0.005793842786132911
0.005793842802633889
0.005793842943483542
0.005793842972957455
0.005793843109593233
0.005793843093277684
0.005793843027100058
0.005793842992904619
0.005793842796992892
0.005793842656219667
0.005793842254047185
0.005793841961704084
0.005793841418080261
0.005001501674607903
0.005001501393771752
0.005001500938784723
0.005001500742044246
0.00500150055019944
0.005001500381370261
0.00500150035004249
0.005001500289171022
0.00500150038284206
0.005001500502965914
0.005001500524525057
0.005001500674894752
0.005001500691733034
0.005001500796807373
0.005001500770992032
0.005001500787762466
0.005001500709133797
0.005001500766956883
0.005001500735831022
0.005001500749423927
0.005001500720627557
0.005001500740562281
0.005001500737881958
0.005001500787732629
0.005001500775448976
0.005001500847286571
0.005001500821204838
0.005001500903020126
0.005001500915602595
0.005001501045842951
0.005001501032762089
0.005001501161646732
0.00500150147042293
0.005001501545831795
0.005001501931230626
0.005001502097144182
0.005001502408952771
0.00500150273972152
0.005001502787506853
0.005001503032957335
0.005001503007427297
0.005001503107170359
0.005001503095379005
0.005001503123896304
0.005001503117947042
0.00500150322602717
0.005001503202128181
0.005001503365109928
0.005001503364671143
0.005001503494353606
0.005001503471723115
0.005001503438305412
0.005001503357100487
0.005001503214229393
0.005001503063345924
0.005001502712847625
0.005001502478959829
0.005001501939126296
0.004213140394787358
0.004213140200793006
0.004213139842629539
0.004213139683376374
0.004213139547891936
0.00421313941661739
0.004213139343360091
0.004213139304970913
0.004213139438969672
0.004213139502773219
0.004213139535987966
0.00421313956800934
0.004213139580208222
0.004213139651568706
0.004213139612380757
0.00421313960921865
0.004213139504511391
0.004213139559883492
0.004213139499362629
0.004213139483460653
0.004213139506778576
0.004213139549180185
0.00421313947812179
0.004213139546940736
0.004213139543398037
0.004213139611282745
0.004213139608533193
0.004213139689751441
0.004213139692073416
0.004213139826647947
0.004213139832065503
0.004213139987969547
0.004213140256141538
0.00421314027638769
0.004213140631390897
0.004213140686259952
0.004213140996308159
0.004213141267525238
0.00421314124417905
0.004213141441792083
0.004213141413770507
0.00421314155035627
0.004213141464564545
0.004213141529718295
0.00421314154686812
0.004213141640317893
0.004213141637316337
0.004213141791859097
0.004213141760522827
0.004213141870532881
0.00421314190314816
0.004213141823269858
0.004213141734287286
0.004213141655718282
0.004213141506200724
0.004213141211054954
0.004213141014007436
0.004213140499157501
0.003467123949007432
0.003467123803974532
0.00346712352181462
0.003467123390364107
0.003467123297773722
0.003467123086537898
0.003467123130051954
0.003467123106128283
0.003467123202773196
0.003467123214061353
0.00346712331514609
0.003467123275513195
0.003467123275232197
0.003467123372803923
0.003467123278485505
0.003467123310737337
0.003467123113234374
0.003467123209431847
0.003467123125189293
0.003467123079234506
0.003467123123962028
0.003467123183974433
0.003467123072592311
0.00346712314361174
0.003467123143325597
0.003467123215746649
0.003467123209178511
0.003467123289232843
0.003467123286000889
0.003467123436840386
0.003467123422309545
0.003467123619846058
0.0034671237884826
0.003467123833840783
0.003467124114140101
0.003467124180739688
0.003467124467724841
0.003467124671058668
0.003467124609961469
0.003467124772189006
0.003467124722880175
0.003467124867457997
0.003467124809986513
0.003467124828267879
0.003467124855374971
0.003467124940557372
0.003467124935960187
0.00346712508921098
0.003467125043505041
0.00346712517846825
0.003467125141679602
0.003467125077045694
0.003467125062849223
0.003467124970141728
0.003467124849295894
0.003467124637116257
0.003467124496201307
0.003467123990900966
0.002804349183407614
0.002804349030695363
0.002804348777728239
0.002804348665492103
0.002804348566550942
0.002804348361749985
0.002804348419600685
0.002804348413486397
0.002804348498506222
0.002804348495746856
0.002804348611757937
0.002804348582361822
0.002804348537833737
0.002804348626121105
0.002804348540340007
0.002804348550111792
0.002804348364630134
0.002804348451305419
0.002804348348182402
0.002804348270735836
0.002804348356547788
0.002804348327182507
0.002804348277512403
0.002804348317981053
0.002804348317253098
0.002804348381808462
0.002804348374758921
0.002804348460451367
0.002804348429423458
0.002804348575519217
0.002804348564154328
0.002804348764113183
0.002804348915457488
0.00280434894466859
0.002804349200860707
0.002804349248365169
0.002804349531585177
0.002804349699120877
0.002804349642894456
0.002804349773642955
0.002804349723474372
0.002804349820778308
0.00280434979891089
0.002804349849395541
0.002804349840756615
0.002804349972672624
0.002804349896899547
0.002804350068383048
0.002804350030623642
0.00280435016641312
0.002804350144441683
0.002804350094163873
0.002804350085957144
0.002804350017516135
0.002804349920626741
0.002804349718437303
0.002804349651799863
0.002804349252701535
0.002251095045130967
0.002251094885360932
0.0022510946338605
0.00225109451707909
0.00225109438436324
0.002251094249196089
0.002251094292071792
0.002251094276117799
0.002251094338381365
0.002251094350690765
0.00225109443054287
0.002251094486154165
0.002251094367488146
0.002251094457940082
0.002251094389711881
0.002251094338017114
0.002251094291577637
0.00225109432926932
0.00225109418358634
0.002251094079091855
0.002251094172711608
0.002251094143425679
0.002251094096101231
0.002251094121781796
0.002251094121799019
0.002251094175481851
0.002251094167685375
0.00225109424582536
0.002251094202250632
0.002251094330815636
0.00225109432642525
0.002251094506393931
0.002251094648513497
0.002251094669037722
0.002251094894827645
0.00225109493758808
0.002251095190453182
0.002251095312192532
0.002251095316677595
0.002251095395453931
0.002251095372067903
0.002251095435332391
0.00225109543665851
0.002251095476617161
0.002251095471735411
0.002251095567788546
0.002251095541782855
0.002251095681711118
0.002251095652642438
0.002251095780429464
0.002251095806181646
0.002251095746665871
0.002251095790679147
0.002251095679345039
0.002251095615662942
0.002251095457714228
0.002251095372448808
0.002251095117371036
0.001806290844051779
0.001806290691402858
0.001806290454615253
0.001806290338788446
0.001806290150760486
0.001806290142899904
0.001806290164092575
0.001806290091840651
0.001806290183989804
0.001806290148713324
0.001806290235014911
0.001806290291165199
0.001806290187015071
0.001806290263145687
0.001806290206211519
0.001806290152059387
0.001806290141003028
0.00180629016233201
0.001806290058617468
0.001806289909289138
0.001806289990366893
0.001806289961639206
0.001806289913495591
0.001806289927734146
0.001806289927354046
0.001806289965842311
0.001806289962206229
0.001806290026746857
0.001806289989816386
0.001806290094643168
0.00180629009247743
0.001806290245483074
0.001806290372401801
0.001806290386299052
0.001806290579758795
0.001806290615903213
0.001806290834934446
0.001806290942918055
0.001806290949847514
0.001806291046598977
0.001806290975706913
0.001806291044211897
0.001806291060989455
0.001806291093728554
0.001806291090024476
0.001806291175934187
0.001806291154360354
0.001806291277902498
0.001806291261698515
0.001806291382368822
0.001806291399621297
0.001806291398574252
0.001806291366063206
0.001806291355328199
0.00180629128101826
0.00180629118771592
0.001806291062087071
0.001806290904880463
0.001459240108118181
0.001459239971641784
0.001459239759798562
0.001459239660596753
0.001459239531849495
0.001459239511892264
0.001459239497352505
0.001459239408531715
0.001459239491882387
0.001459239452993058
0.001459239522605303
0.001459239550912211
0.001459239509944302
0.001459239562258975
0.001459239514095286
0.001459239466809714
0.001459239465921475
0.001459239453278113
0.001459239366572894
0.00145923928048629
0.001459239323124985
0.001459239290899572
0.001459239241983371
0.001459239249232287
0.001459239246411249
0.001459239283617727
0.001459239266866507
0.00145923931213036
0.001459239302458787
0.001459239375128531
0.001459239382745494
0.001459239505783696
0.001459239629633746
0.00145923960986854
0.001459239781609598
0.001459239815072857
0.001459239995760775
0.001459240124561151
0.001459240110252381
0.001459240171364566
0.001459240158344164
0.00145924020004952
0.00145924021155662
0.001459240239060475
0.001459240239262136
0.001459240313797182
0.001459240297060591
0.001459240401664716
0.001459240393670078
0.001459240498363912
0.001459240492506741
0.001459240507368719
0.001459240501739413
0.001459240485363391
0.001459240398433222
0.001459240381815058
0.001459240261446815
0.001459240154581092
0.001191216997530272
0.001191216909414729
0.001191216729154532
0.001191216647807339
0.001191216556294239
0.001191216523116041
0.001191216475798565
0.001191216416551777
0.00119121645882093
0.001191216451193142
0.001191216503922775
0.001191216539171054
0.001191216477885339
0.001191216527803105
0.001191216492616039
0.001191216452200738
0.001191216450367645
0.001191216402619189
0.001191216378092307
0.001191216332830547
0.00119121630019032
0.001191216298920824
0.001191216242729633
0.001191216254060666
0.001191216239333686
0.001191216274121078
0.001191216254350409
0.001191216287349933
0.001191216289755981
0.00119121634380861
0.001191216352590571
0.001191216452468554
0.001191216559058514
0.001191216536232935
0.001191216698668085
0.001191216697048263
0.0011912168598649
0.001191216990836655
0.001191216997412673
0.001191217021236454
0.001191217012344595
0.001191217051092529
0.001191217061976958
0.0011912170921341
0.001191217085010961
0.001191217152109031
0.001191217140309211
0.001191217229179848
0.00119121722393825
0.001191217315226597
0.001191217319602699
0.001191217317477145
0.001191217336043114
0.001191217290247844
0.001191217272042069
0.001191217218094005
0.001191217153218796
0.001191217058223013
0.000982731666175089
0.0009827315945320548
0.0009827314448973799
0.0009827313783312985
0.0009827313108060605
0.0009827312740108114
0.0009827312214500802
0.0009827311583933439
0.0009827311907405405
0.0009827311828456628
0.0009827312314200616
0.0009827312609120506
0.0009827312040296147
0.0009827312357002622
0.0009827312391758386
0.0009827311913675767
0.0009827311889999465
0.0009827311254164445
0.0009827311274787725
0.0009827311082219303
0.0009827310735556003
0.0009827310355693937
0.0009827309898810307
0.000982731003266736
0.0009827309939307481
0.0009827310207642305
0.0009827310020641528
0.0009827310284138263
0.0009827310304367266
0.0009827310751273472
0.00098273107965131
0.0009827311648835308
0.00098273125152275
0.0009827312345645151
0.0009827313716581443
0.00098273136962228
0.0009827315020692713
0.0009827316291218038
0.0009827316573019064
0.0009827316502079241
0.0009827316490810902
0.0009827316870796477
0.0009827316896217945
0.000982731721760319
0.0009827317148876154
0.0009827317709040296
0.0009827317634746239
0.0009827318375537021
0.0009827318335310917
0.0009827319098335476
0.0009827319052294968
0.0009827319110469832
0.0009827319127598602
0.0009827319005836885
0.00098273188203701
0.0009827318544871841
0.0009827317901533446
0.0009827317077719213
0.0008167223169848819
0.000816722244195549
0.0008167221268186127
0.0008167220738741727
0.0008167220197775292
0.000816721986408476
0.000816721934288168
0.0008167218720044301
0.0008167218939936691
0.0008167218870546191
0.0008167219280369771
0.0008167219514909108
0.0008167219031683147
0.0008167219279008294
0.0008167219339314414
0.0008167218958033744
0.0008167218911998578
0.0008167218370987988
0.0008167218411508242
0.0008167218311656229
0.0008167217994590615
0.0008167217575847291
0.0008167217109723423
0.0008167217262393242
0.0008167217159200231
0.0008167217370684843
0.000816721722542705
0.0008167217432681276
0.0008167217452035757
0.0008167217917190773
0.000816721779992081
0.0008167218561210729
0.0008167219293600568
0.000816721914628697
0.0008167220318921579
0.0008167220278396548
0.0008167221383969696
0.0008167222507176919
0.000816722274587764
0.0008167222745442588
0.0008167222719100096
0.0008167223056345365
0.0008167223099538633
0.0008167223333330667
0.0008167223316775274
0.0008167223761194933
0.0008167223755425297
0.0008167224357761058
0.0008167224310965198
0.000816722496466169
0.0008167224859082053
0.0008167225080704939
0.0008167224945229784
0.000816722504907106
0.0008167224668874154
0.0008167224593104878
0.0008167224045620092
0.0008167223189319087
0.0006799076657826173
0.0006799076064179148
0.0006799075178932871
0.00067990747356427
0.0006799074317844558
0.0006799074017053449
0.0006799073544547954
0.0006799072923796115
0.0006799073081298531
0.0006799073016336087
0.0006799073356917888
0.000679907347213715
0.0006799073151503215
0.0006799073337582102
0.0006799073401972944
0.0006799073122591174
0.0006799073069654614
0.0006799072776224679
0.0006799072723082421
0.0006799072511364962
0.0006799072294701832
0.000679907195475984
0.0006799071494166061
0.0006799071606338442
0.0006799071558075982
0.0006799071680064837
0.0006799071593358989
0.0006799071753478081
0.0006799071756005445
0.000679907211062633
0.0006799072063831018
0.0006799072689426127
0.0006799073274187863
0.0006799073167955507
0.0006799074138363177
0.0006799074130324928
0.000679907501104479
0.000679907601924898
0.0006799076290630222
0.0006799076263846265
0.0006799076260780731
0.0006799076512933053
0.0006799076562640227
0.0006799076829393533
0.0006799076699474521
0.0006799077095423504
0.0006799077130056066
0.000679907761046851
0.0006799077573629201
0.0006799078101293218
0.0006799078062438988
0.0006799078083106732
0.0006799078164885653
0.0006799078235728042
0.000679907782561573
0.0006799077781603575
0.0006799077357287014
0.0006799076728729688
0.0005631920896361609
0.0005631920351551906
0.0005631919697315458
0.0005631919294978245
0.000563191900112109
0.000563191874589651
0.0005631918312006782
0.0005631917794361299
0.0005631917832389019
0.0005631917816020235
0.000563191808030411
0.0005631918200544577
0.0005631917908422494
0.0005631918109334283
0.0005631918027972505
0.0005631918034241233
0.0005631917847752368
0.0005631917715878153
0.0005631917635735397
0.0005631917364955491
0.0005631917180124466
0.0005631916906212901
0.0005631916577064014
0.0005631916615502866
0.0005631916606000633
0.000563191668561249
0.0005631916605240277
0.0005631916733081085
0.0005631916742683822
0.0005631917028627845
0.0005631916991185306
0.0005631917511088536
0.0005631917992105016
0.0005631917888508069
0.0005631918709841945
0.0005631918693325472
0.0005631919417440165
0.0005631920251579824
0.0005631920512656587
0.0005631920527923063
0.0005631920492933825
0.0005631920706957214
0.0005631920755675617
0.0005631920984817703
0.0005631920840819689
0.0005631921178561526
0.0005631921208591961
0.0005631921578733359
0.0005631921579454711
0.0005631922005951821
0.0005631921904335522
0.0005631921963687339
0.0005631922071614412
0.0005631922138426127
0.0005631921748095531
0.0005631921678716044
0.0005631921301861449
0.000563192082417698
0.0004614304032104336
0.0004614303599726206
0.00046143031083918
0.0004614302751220092
0.0004614302554469497
0.0004614302323567926
0.0004614301981343672
0.0004614301653174361
0.0004614301553414952
0.0004614301468127458
0.0004614301717471092
0.0004614301769678381
0.0004614301630640299
0.0004614301768493193
0.000461430169716817
0.000461430174206246
0.0004614301500169846
0.0004614301499106947
0.0004614301490594737
0.0004614301163027986
0.0004614301027414563
0.0004614300836376431
0.0004614300595920098
0.0004614300596265124
0.0004614300596302587
0.0004614300657052629
0.0004614300579758385
0.000461430068595205
0.0004614300692047962
0.0004614300931726101
0.0004614300898040118
0.0004614301328715917
0.0004614301692007718
0.0004614301611264029
0.0004614302267235231
0.0004614302276285227
0.0004614302828730236
0.0004614303523548064
0.0004614303734723769
0.0004614303759346775
0.0004614303741005388
0.0004614303907164894
0.0004614303949090882
0.0004614304141317113
0.0004614304015496058
0.0004614304325654329
0.0004614304274515757
0.000461430455677134
0.0004614304574778031
0.000461430485957603
0.000461430488946869
0.0004614304820480483
0.0004614304949444692
0.0004614305012440297
0.0004614304672010025
0.0004614304595785655
0.0004614304274803577
0.0004614303911110749
0.000372997265369955
0.0003729972312971491
0.0003729971998884991
0.0003729971702274312
0.0003729971502950319
0.0003729971391846807
0.0003729971123627098
0.0003729970956287411
0.0003729970831732382
0.0003729970693369188
0.0003729970954403271
0.0003729970956076142
0.0003729970961420872
0.0003729970885386304
0.0003729970927558859
0.0003729970959063235
0.0003729970763240102
0.0003729970794124609
0.0003729970815670436
0.0003729970476048174
0.0003729970390198721
0.0003729970341426902
0.0003729970173455643
0.0003729970127485683
0.0003729970139178979
0.0003729970152030001
0.0003729970132725962
0.0003729970212466849
0.0003729970208626557
0.0003729970402902711
0.0003729970387615668
0.0003729970726399041
0.0003729970998813238
0.0003729970919739901
0.0003729971432942494
0.0003729971483002919
0.000372997186649377
0.0003729972390090215
0.0003729972541453448
0.0003729972595246422
0.0003729972562381809
0.000372997269440024
0.0003729972728164127
0.0003729972815534458
0.000372997278527352
0.0003729972949934142
0.0003729972965309348
0.0003729973167882135
0.0003729973093844183
0.000372997335949104
0.0003729973313635345
0.0003729973313048667
0.0003729973365418464
0.0003729973449998737
0.0003729973197760254
0.000372997309787292
0.0003729972812046513
0.0003729972534693421
0.0002996511085005963
0.0002996510860189722
0.0002996510694030193
0.0002996510451687676
0.0002996510344140831
0.0002996510234491327
0.0002996510127040887
0.0002996509962627238
0.0002996509879956295
0.0002996509743115198
0.0002996509962708399
0.0002996509940364088
0.0002996509962759584
0.0002996509917729011
0.0002996509954725719
0.0002996509925930501
0.0002996509847806224
0.0002996509848748966
0.0002996509890204173
0.0002996509572021171
0.0002996509642013673
0.000299650955534285
0.0002996509523767876
0.0002996509440779474
0.0002996509408694322
0.0002996509450433616
0.0002996509436697766
0.0002996509505421881
0.0002996509489420537
0.0002996509672412904
0.0002996509614148489
0.0002996509884074575
0.0002996510043226548
0.0002996510012474489
0.0002996510350478567
0.0002996510395461
0.0002996510643124809
0.0002996511043550242
0.0002996511135610304
0.0002996511179421441
0.000299651115818582
0.0002996511250428006
0.0002996511270396316
0.0002996511344295571
0.0002996511271284643
0.0002996511409291663
0.0002996511388838777
0.0002996511524954202
0.000299651151602464
0.0002996511617914114
0.000299651159824121
0.0002996511600957776
0.0002996511636861498
0.000299651165240796
0.000299651153331305
0.0002996511450205424
0.0002996511181174401
0.0002996511054969811
0.0002471713233820897
0.000247171303085135
0.0002471712943280849
0.0002471712775522344
0.0002471712778733978
0.0002471712635912617
0.0002471712600635194
0.0002471712538456157
0.0002471712402378056
0.0002471712384189045
0.0002471712492670043
0.0002471712497788762
0.0002471712512572014
0.000247171250014853
0.0002471712511294626
0.000247171251559415
0.00024717124389296
0.0002471712458229793
0.0002471712448635351
0.0002471712276236088
0.0002471712342523415
0.0002471712268893105
0.0002471712287681609
0.0002471712194238973
0.0002471712194020872
0.0002471712205565247
0.0002471712228876253
0.0002471712232166022
0.0002471712254742599
0.0002471712331763506
0.0002471712326358575
0.0002471712466461946
0.0002471712556489658
0.0002471712569240636
0.000247171272828197
0.0002471712812134143
0.000247171289522048
0.0002471713154545726
0.0002471713203826281
0.0002471713258438798
0.0002471713253996585
0.0002471713304336777
0.000247171331684493
0.0002471713350513789
0.0002471713293385035
0.000247171337778603
0.0002471713403176385
0.0002471713412007423
0.0002471713434961509
0.0002471713491243562
0.0002471713446155836
0.0002471713524781632
0.000247171345512693
0.0002471713550923977
0.000247171344263592
0.0002471713403796695
0.0002471713232251098
0.0002471713151421026
0.0002285510197857778
0.000228551007249319
0.0002285510011595024
0.0002285509908652284
0.0002285509905155897
0.0002285509810744078
0.000228550978031795
0.0002285509755064215
0.0002285509672819015
0.0002285509684518683
0.0002285509719643811
0.0002285509746045118
0.000228550975523742
0.0002285509760013014
0.0002285509761052843
0.0002285509764990144
0.0002285509721645062
0.0002285509709545344
0.0002285509711803639
0.0002285509621283718
0.00022855096294188
0.0002285509585687785
0.0002285509587331384
0.0002285509519275055
0.0002285509524013756
0.0002285509499608547
0.0002285509518068588
0.0002285509495022008
0.0002285509511455196
0.0002285509519962734
0.0002285509520927408
0.0002285509553918805
0.0002285509602648107
0.0002285509622525521
0.0002285509670127177
0.0002285509749779238
0.000228550980089499
0.0002285509916490113
0.0002285509973310114
0.0002285510013733996
0.0002285510031610316
0.0002285510059261206
0.000228551008090401
0.0002285510093910473
0.000228551007931989
0.0002285510105186503
0.0002285510149160763
0.0002285510150441914
0.0002285510171894316
0.0002285510227946164
0.0002285510200303372
0.0002285510297775298
0.0002285510250949633
0.0002285510335288896
0.0002285510274146255
0.0002285510296233228
0.0002285510190215696
0.0002285510158663382
0.0002726772286288985
0.0002726772208748958
0.0002726772188199447
0.0002726772132289979
0.0002726772147985887
0.000272677209633031
0.0002726772093785865
0.0002726772088504876
0.0002726772065159165
0.0002726772078766691
0.0002726772089381259
0.0002726772106532499
0.0002726772114578942
0.0002726772118919331
0.0002726772120308606
0.000272677212236916
0.0002726772108345233
0.0002726772089698255
0.0002726772102656668
0.0002726772054451537
0.0002726772059891118
0.0002726772027662957
0.0002726772037588219
0.0002726771996058763
0.0002726772008075559
0.0002726771975012412
0.0002726771989792437
0.0002726771961640149
0.0002726771973364447
0.0002726771961203267
0.0002726771961268357
0.0002726771965156706
0.0002726771975221337
0.0002726772000902879
0.0002726771991645295
0.0002726772046701795
0.0002726772058273512
0.0002726772101985051
0.0002726772125270809
0.0002726772149196997
0.000272677215772045
0.0002726772164332015
0.0002726772183180389
0.000272677218363429
0.0002726772190047107
0.0002726772186981752
0.0002726772227117912
0.0002726772210063785
0.0002726772235971117
0.0002726772264936719
0.0002726772246610849
0.0002726772318524981
0.0002726772269657192
0.0002726772339759206
0.0002726772285927789
0.0002726772335549227
0.0002726772255279247
0.0002726772273817718
0.0004955055793063017
0.0004955055791857958
0.000495505579026549
0.0004955055788671712
0.0004955055789662551
0.0004955055788933603
0.0004955055788873748
0.0004955055789886495
0.0004955055789146447
0.0004955055790627511
0.0004955055790911122
0.000495505579175577
0.0004955055791941188
0.0004955055791790268
0.0004955055791882107
0.0004955055791431855
0.0004955055791118346
0.0004955055789403959
0.0004955055790687059
0.0004955055788477729
0.0004955055789315466
0.0004955055787331193
0.0004955055788534316
0.0004955055786433992
0.000495505578759516
0.0004955055785498336
0.0004955055786829077
0.000495505578499159
0.000495505578616728
0.0004955055784959941
0.0004955055785669314
0.0004955055785007541
0.0004955055786253053
0.0004955055787387332
0.0004955055786531231
0.0004955055789190864
0.0004955055789905671
0.0004955055790465433
0.0004955055791797303
0.0004955055791753866
0.0004955055792230971
0.0004955055791237262
0.000495505579278563
0.000495505579219391
0.0004955055792941562
0.0004955055792195676
0.0004955055794938154
0.0004955055793468014
0.0004955055795616143
0.0004955055796563301
0.0004955055795162301
0.000495505579892677
0.0004955055795003838
0.0004955055799081171
0.0004955055794978837
0.0004955055798204687
0.0004955055793141496
0.0004955055794919819
)
;

boundaryField
{
    inlet
    {
        type            cyclic;
    }
    outlet
    {
        type            cyclic;
    }
    bottomWall
    {
        type            fixedValue;
        value           uniform 0.0015;
    }
    topWall
    {
        type            fixedValue;
        value           uniform 0.0015;
    }
    left
    {
        type            cyclic;
    }
    right
    {
        type            cyclic;
    }
}


// ************************************************************************* //
