/*--------------------------------*- C++ -*----------------------------------*\
| =========                 |                                                 |
| \\      /  F ield         | OpenFOAM: The Open Source CFD Toolbox           |
|  \\    /   O peration     | Version:  v1812                                 |
|   \\  /    A nd           | Web:      www.OpenFOAM.com                      |
|    \\/     M anipulation  |                                                 |
\*---------------------------------------------------------------------------*/
FoamFile
{
    version     2.0;
    format      ascii;
    class       volScalarField;
    location    "20000";
    object      nuTilda;
}
// * * * * * * * * * * * * * * * * * * * * * * * * * * * * * * * * * * * * * //

dimensions      [0 2 -1 0 0 0 0];


internalField   nonuniform List<scalar> 
3770
(
0.0004787831286098944
0.0004787831286079346
0.0004787831286075428
0.0004787831286075785
0.0004787831286071447
0.0004787831286073381
0.0004787831286069337
0.0004787831286072106
0.0004787831286071629
0.0004787831286069745
0.0004787831286068275
0.0004787831286069495
0.0004787831286069126
0.0004787831286068527
0.0004787831286068254
0.000478783128606848
0.0004787831286068164
0.0004787831286068112
0.0004787831286068151
0.0004787831286067931
0.0004787831286067837
0.0004787831286068133
0.0004787831286067764
0.0004787831286067856
0.0004787831286068636
0.000478783128606738
0.0004787831286067522
0.0004787831286068177
0.0004787831286067777
0.000478783128606801
0.0004787831286068683
0.0004787831286067457
0.0004787831286067513
0.0004787831286068324
0.0004787831286067403
0.000478783128606846
0.0004787831286068613
0.0004787831286068717
0.000478783128606862
0.0004787831286069372
0.0004787831286068201
0.0004787831286069166
0.0004787831286067557
0.0004787831286069052
0.0004787831286068056
0.0004787831286068868
0.0004787831286067432
0.0004787831286070688
0.0004787831286066571
0.0004787831286070806
0.000478783128606716
0.0004787831286071828
0.0004787831286066041
0.000478783128607537
0.0004787831286066197
0.0004787831286078486
0.0004787831286072289
0.000478783128608721
0.0004930931406390792
0.00049309314101513
0.0004930931408460918
0.0004930931408683961
0.0004930931407862105
0.0004930931408207124
0.0004930931408013942
0.0004930931407503982
0.0004930931407622962
0.0004930931407661548
0.0004930931407498773
0.0004930931407164612
0.000493093140734605
0.0004930931407362395
0.0004930931406947402
0.0004930931407214669
0.0004930931407258899
0.0004930931406875467
0.0004930931407164786
0.0004930931407219169
0.0004930931406836202
0.000493093140713187
0.0004930931407188849
0.0004930931406829791
0.0004930931407129035
0.0004930931407192185
0.0004930931406823263
0.0004930931407135474
0.0004930931407197254
0.000493093140684437
0.000493093140715251
0.0004930931407215173
0.0004930931406835605
0.0004930931407147739
0.00049309314072027
0.0004930931406887096
0.0004930931407163478
0.0004930931407241006
0.0004930931406854427
0.0004930931407285856
0.0004930931407375979
0.0004930931407507163
0.0004930931407409778
0.0004930931407225394
0.0004930931407314561
0.0004930931407503301
0.0004930931406799919
0.0004930931407456353
0.0004930931407146807
0.0004930931407236403
0.0004930931406953743
0.0004930931407755164
0.0004930931406558649
0.0004930931407789057
0.0004930931406944045
0.0004930931407603912
0.0004930931406705739
0.0004930931406916671
0.0009191602987483878
0.0009191602996906955
0.0009191602996357364
0.0009191602996612128
0.0009191602995856958
0.0009191602996548719
0.000919160299657925
0.0009191602995459993
0.000919160299607703
0.000919160299618558
0.0009191602995979451
0.0009191602995367163
0.0009191602995932126
0.0009191602996046145
0.0009191602995034557
0.0009191602995756694
0.0009191602995943037
0.0009191602994949474
0.0009191602995711945
0.0009191602995913969
0.0009191602994926009
0.0009191602995680182
0.0009191602995892953
0.0009191602994926641
0.0009191602995701712
0.0009191602995905238
0.0009191602994937326
0.0009191602995714475
0.0009191602995933716
0.0009191602994968397
0.0009191602995760945
0.0009191602995958457
0.0009191602994972937
0.000919160299574467
0.0009191602995950979
0.0009191602995010558
0.0009191602995780192
0.0009191602995943672
0.0009191602994965782
0.0009191602995749741
0.0009191602996197212
0.0009191602996284638
0.0009191602996192409
0.0009191602995449066
0.0009191602996044163
0.0009191602996270545
0.0009191602995064087
0.0009191602996073789
0.0009191602996067806
0.0009191602995304647
0.0009191602995777361
0.0009191602996291964
0.0009191602994929301
0.0009191602996043062
0.0009191602995956664
0.0009191602995311132
0.0009191602994810285
0.0009191602994466012
0.00125494344224163
0.00125494344363243
0.001254943443679731
0.001254943443707127
0.001254943443615387
0.001254943443748459
0.001254943443763254
0.001254943443575376
0.001254943443699476
0.001254943443712028
0.001254943443683103
0.001254943443585831
0.001254943443690933
0.001254943443711826
0.001254943443534548
0.001254943443668337
0.001254943443700797
0.001254943443525108
0.001254943443664195
0.001254943443698516
0.001254943443523624
0.001254943443661139
0.001254943443697736
0.001254943443525824
0.001254943443666873
0.001254943443700551
0.001254943443528471
0.001254943443669068
0.001254943443706089
0.001254943443534348
0.001254943443677738
0.001254943443709731
0.001254943443535111
0.001254943443674736
0.001254943443710097
0.001254943443541613
0.001254943443683725
0.001254943443706886
0.001254943443530788
0.001254943443667146
0.001254943443752244
0.001254943443755146
0.001254943443742604
0.001254943443604496
0.00125494344372362
0.001254943443751469
0.001254943443558986
0.001254943443713246
0.001254943443730772
0.001254943443569101
0.001254943443691088
0.001254943443741279
0.001254943443550213
0.00125494344369272
0.001254943443717237
0.001254943443563701
0.001254943443516802
0.001254943443512923
0.001591455772990149
0.001591455774652557
0.001591455774892155
0.001591455774907003
0.001591455774809008
0.001591455775038955
0.001591455775065885
0.001591455774786622
0.001591455775003852
0.001591455775019969
0.00159145577497929
0.00159145577483753
0.001591455775010979
0.001591455775039559
0.001591455774765188
0.001591455774987255
0.001591455775031618
0.001591455774758204
0.001591455774985853
0.00159145577503167
0.001591455774759252
0.00159145577498482
0.001591455775034534
0.001591455774765693
0.001591455774996325
0.001591455775040513
0.001591455774771334
0.001591455775000558
0.00159145577504997
0.001591455774781255
0.001591455775014393
0.001591455775055243
0.001591455774782502
0.00159145577501029
0.001591455775058401
0.001591455774792925
0.00159145577502746
0.00159145577505325
0.001591455774777082
0.001591455774996453
0.001591455775128948
0.001591455775130673
0.001591455775110289
0.001591455774880936
0.001591455775084173
0.00159145577510977
0.001591455774825033
0.00159145577505759
0.001591455775093882
0.001591455774819107
0.00159145577504687
0.001591455775085723
0.001591455774822977
0.001591455775021682
0.001591455775083267
0.001591455774831414
0.001591455774775809
0.001591455774859689
0.001926494224754163
0.001926494226520441
0.001926494226961007
0.00192649422696426
0.001926494226865168
0.001926494227215417
0.001926494227255462
0.001926494226873537
0.001926494227204336
0.001926494227227201
0.001926494227172785
0.001926494226980764
0.001926494227236276
0.001926494227274697
0.001926494226887178
0.001926494227215018
0.001926494227273497
0.001926494226886006
0.001926494227218831
0.001926494227277601
0.001926494226891184
0.001926494227221589
0.001926494227285997
0.001926494226903713
0.001926494227240834
0.001926494227296789
0.001926494226913626
0.001926494227248146
0.001926494227311259
0.001926494226928955
0.001926494227268243
0.001926494227319094
0.001926494226931335
0.001926494227263762
0.001926494227326555
0.001926494226947033
0.001926494227291476
0.001926494227319892
0.001926494226926208
0.001926494227243772
0.001926494227432253
0.001926494227431748
0.001926494227402592
0.001926494227064546
0.001926494227367598
0.001926494227389235
0.00192649422699653
0.001926494227322354
0.001926494227379282
0.00192649422697253
0.001926494227324683
0.001926494227350888
0.001926494227001466
0.001926494227274768
0.001926494227372953
0.001926494227014056
0.001926494226947227
0.001926494227161217
0.002260884243750746
0.002260884245474587
0.002260884246081084
0.002260884246078328
0.002260884245984216
0.002260884246472326
0.002260884246527026
0.002260884246032249
0.002260884246492704
0.002260884246526875
0.002260884246457128
0.002260884246209518
0.002260884246557994
0.002260884246610714
0.002260884246095835
0.002260884246542862
0.002260884246619797
0.002260884246103797
0.002260884246554535
0.002260884246629874
0.002260884246114904
0.002260884246562975
0.00226088424664528
0.002260884246135035
0.002260884246591681
0.002260884246662717
0.002260884246150603
0.002260884246603221
0.002260884246683315
0.002260884246172667
0.002260884246630557
0.002260884246695229
0.002260884246177561
0.002260884246627091
0.002260884246708386
0.002260884246199837
0.002260884246667406
0.002260884246700449
0.002260884246173806
0.002260884246600844
0.002260884246860917
0.002260884246852895
0.002260884246812899
0.002260884246352029
0.002260884246765751
0.002260884246784503
0.00226088424626917
0.002260884246699949
0.002260884246780056
0.002260884246226016
0.002260884246715428
0.002260884246731551
0.002260884246280056
0.002260884246644772
0.002260884246778643
0.002260884246299583
0.002260884246224295
0.002260884246598642
0.002598656825494875
0.002598656827050953
0.002598656827798718
0.002598656827790871
0.002598656827676195
0.002598656828316748
0.002598656828388442
0.002598656827770203
0.002598656828374227
0.002598656828425412
0.00259865682833883
0.002598656828030134
0.002598656828480791
0.002598656828554597
0.002598656827898377
0.00259865682847581
0.002598656828577486
0.002598656827918676
0.00259865682849806
0.002598656828595673
0.002598656827937761
0.002598656828514266
0.0025986568286192
0.00259865682796669
0.002598656828553962
0.002598656828645489
0.002598656827989649
0.002598656828571134
0.002598656828673433
0.00259865682801979
0.002598656828606546
0.002598656828691481
0.002598656828029367
0.002598656828606409
0.002598656828711794
0.002598656828059493
0.002598656828661104
0.002598656828702418
0.002598656828027749
0.002598656828573527
0.002598656828927031
0.002598656828896293
0.002598656828842672
0.002598656828251933
0.00259865682878493
0.002598656828804321
0.002598656828151205
0.002598656828697004
0.002598656828803746
0.00259865682808825
0.002598656828724781
0.002598656828736032
0.002598656828165771
0.002598656828637954
0.002598656828807834
0.002598656828187951
0.002598656828113569
0.002598656828671332
0.002947733371641465
0.002947733372913589
0.002947733373763934
0.002947733373747801
0.002947733373586493
0.002947733374394944
0.002947733374487221
0.002947733373732627
0.002947733374494099
0.002947733374569539
0.002947733374464432
0.002947733374088159
0.002947733374649826
0.002947733374754533
0.002947733373940897
0.002947733374659654
0.002947733374794868
0.002947733373976847
0.002947733374695561
0.002947733374823844
0.002947733374006404
0.002947733374721943
0.002947733374856239
0.002947733374045036
0.002947733374774092
0.002947733374894306
0.002947733374077784
0.002947733374798768
0.002947733374931131
0.00294773337411755
0.002947733374843076
0.002947733374957886
0.002947733374134872
0.002947733374849766
0.002947733374987073
0.002947733374174167
0.0029477333749205
0.00294773337497561
0.002947733374135726
0.002947733374809282
0.002947733375288146
0.00294773337522609
0.002947733375147778
0.002947733374413188
0.002947733375073714
0.002947733375100188
0.002947733374291492
0.002947733374962285
0.002947733375100486
0.00294773337420781
0.002947733375000803
0.002947733375014898
0.002947733374306124
0.002947733374902354
0.002947733375111247
0.002947733374317472
0.002947733374260089
0.002947733375025379
0.00332054538511189
0.003320545385982635
0.003320545386879465
0.003320545386854256
0.003320545386613044
0.00332054538760866
0.003320545387726861
0.003320545386818492
0.003320545387753248
0.003320545387862862
0.003320545387736928
0.003320545387284703
0.003320545387967074
0.003320545388117126
0.003320545387125174
0.003320545387997754
0.003320545388179064
0.003320545387180442
0.003320545388050987
0.003320545388222481
0.003320545387223766
0.003320545388090466
0.003320545388264254
0.003320545387272868
0.003320545388156808
0.003320545388318478
0.003320545387319172
0.003320545388191771
0.003320545388366331
0.003320545387370628
0.003320545388246037
0.003320545388404632
0.003320545387399585
0.003320545388264559
0.003320545388445297
0.003320545387449768
0.00332054538835301
0.003320545388430309
0.00332054538740299
0.003320545388215045
0.00332054538887481
0.003320545388776006
0.003320545388642915
0.003320545387743241
0.003320545388540764
0.003320545388584996
0.003320545387597372
0.003320545388404567
0.003320545388581234
0.003320545387490984
0.003320545388451417
0.003320545388479708
0.003320545387606733
0.003320545388345733
0.003320545388600984
0.003320545387577784
0.003320545387562364
0.00332054538857263
0.003733629951059122
0.003733629951414367
0.00373362995226904
0.003733629952242827
0.003733629951865766
0.003733629953072132
0.003733629953223397
0.003733629952137396
0.003733629953263498
0.003733629953421819
0.003733629953271637
0.003733629952732207
0.003733629953546415
0.003733629953763736
0.003733629952565282
0.003733629953606433
0.00373362995385233
0.003733629952644262
0.003733629953681676
0.00373362995391578
0.003733629952706157
0.003733629953737905
0.003733629953967172
0.003733629952766468
0.003733629953820981
0.003733629954044605
0.003733629952832435
0.003733629953870419
0.003733629954106475
0.003733629952898557
0.003733629953936508
0.003733629954159063
0.003733629952943766
0.003733629953973765
0.003733629954215774
0.003733629953007568
0.003733629954081757
0.003733629954194434
0.003733629952949751
0.003733629953913898
0.003733629954749897
0.003733629954618182
0.003733629954456616
0.003733629953365547
0.003733629954311063
0.003733629954390701
0.003733629953192483
0.003733629954149185
0.003733629954374888
0.00373362995305948
0.003733629954200391
0.003733629954260778
0.003733629953188895
0.003733629954092348
0.003733629954408025
0.003733629953166308
0.003733629953223245
0.003733629954451107
0.004205283568037761
0.004205283567796332
0.004205283568471769
0.004205283568469232
0.004205283567853712
0.004205283569281287
0.004205283569472193
0.004205283568178625
0.004205283569512399
0.004205283569740437
0.004205283569561246
0.004205283568919923
0.004205283569877312
0.004205283570195241
0.004205283568754861
0.004205283569979359
0.004205283570317111
0.004205283568862793
0.004205283570082148
0.004205283570409064
0.004205283568950505
0.00420528357015967
0.004205283570469657
0.004205283569022718
0.004205283570263499
0.004205283570582126
0.004205283569118461
0.004205283570333847
0.004205283570661638
0.004205283569203295
0.004205283570415146
0.004205283570730369
0.004205283569269593
0.004205283570480015
0.004205283570811699
0.004205283569352058
0.004205283570609813
0.004205283570778352
0.004205283569278733
0.004205283570409857
0.004205283571385432
0.004205283571228634
0.004205283571099715
0.004205283569785771
0.004205283570889863
0.004205283571033774
0.004205283569584334
0.004205283570702384
0.004205283570993115
0.004205283569417914
0.004205283570751124
0.004205283570872864
0.004205283569557145
0.004205283570647176
0.004205283571047301
0.004205283569576186
0.004205283569760107
0.004205283571180976
0.004751009215091314
0.004751009214463507
0.004751009214741119
0.004751009214655638
0.004751009213868077
0.004751009215477672
0.004751009215706772
0.004751009214175477
0.004751009215720571
0.004751009216045493
0.004751009215832245
0.004751009215070891
0.004751009216178476
0.004751009216645657
0.004751009214926211
0.004751009216341325
0.004751009216809816
0.004751009215069056
0.004751009216477429
0.004751009216942528
0.004751009215193181
0.004751009216581607
0.004751009217009582
0.004751009215277454
0.004751009216712222
0.004751009217177097
0.004751009215419181
0.004751009216813109
0.004751009217276917
0.004751009215527291
0.004751009216915075
0.004751009217361908
0.004751009215618929
0.004751009217018243
0.00475100921748378
0.004751009215729574
0.004751009217173117
0.004751009217426911
0.004751009215633014
0.004751009216941214
0.004751009218151434
0.004751009217974618
0.004751009217836598
0.004751009216249488
0.004751009217514215
0.004751009217767698
0.004751009216022167
0.004751009217303419
0.004751009217682129
0.004751009215811461
0.004751009217338449
0.004751009217567888
0.004751009215957509
0.004751009217247978
0.004751009217770484
0.004751009216047804
0.004751009216440639
0.004751009218023372
0.005377826320568041
0.005377826320033742
0.005377826320001744
0.005377826319613522
0.005377826318446554
0.005377826320106451
0.005377826320350458
0.005377826318565925
0.005377826320293834
0.005377826320743503
0.005377826320495115
0.005377826319593419
0.005377826320844935
0.005377826321525199
0.005377826319500554
0.005377826321092599
0.005377826321744256
0.005377826319684697
0.005377826321266953
0.005377826321933386
0.005377826319859235
0.005377826321404536
0.005377826321997235
0.005377826319953393
0.005377826321569267
0.005377826322253006
0.005377826320166316
0.005377826321715453
0.005377826322371085
0.005377826320300543
0.005377826321843828
0.005377826322470726
0.005377826320420485
0.005377826321998048
0.005377826322660561
0.005377826320576488
0.00537782632218446
0.005377826322557508
0.005377826320443034
0.005377826321926803
0.005377826323441432
0.005377826323263674
0.00537782632309239
0.005377826321182795
0.005377826322592503
0.005377826323021582
0.005377826320943401
0.005377826322365304
0.00537782632285959
0.005377826320671715
0.005377826322370377
0.005377826322772819
0.005377826320824858
0.005377826322306059
0.005377826323004273
0.0053778263210088
0.00537782632169963
0.005377826323401205
0.006079865994758693
0.006079865994546964
0.006079865994352195
0.006079865993784348
0.0060798659921527
0.006079865993645837
0.006079865993885682
0.006079865991880548
0.006079865993672901
0.006079865994285554
0.006079865994000411
0.006079865992938881
0.006079865994294887
0.006079865995273635
0.00607986599294806
0.006079865994650203
0.006079865995562267
0.006079865993179422
0.006079865994866738
0.006079865995824974
0.006079865993420058
0.006079865995047069
0.006079865995865092
0.006079865993517938
0.006079865995252631
0.006079865996258989
0.006079865993837689
0.006079865995466219
0.006079865996384125
0.006079865993995769
0.006079865995621166
0.006079865996492559
0.006079865994145136
0.006079865995843964
0.006079865996797147
0.006079865994375152
0.006079865996074408
0.006079865996605162
0.006079865994181408
0.006079865995806061
0.006079865997668197
0.006079865997650628
0.006079865997425563
0.006079865995032754
0.006079865996544332
0.006079865997246079
0.006079865994827661
0.006079865996316938
0.00607986599696106
0.006079865994470858
0.006079865996267863
0.00607986599693499
0.006079865994637768
0.006079865996245807
0.006079865997196068
0.006079865994924886
0.006079865995916083
0.00607986599767694
0.00683777244993808
0.006837772450036394
0.006837772449791944
0.00683777244917832
0.00683777244738364
0.006837772448584027
0.006837772448830436
0.006837772446761078
0.006837772448332201
0.006837772449145749
0.006837772448854453
0.006837772447608683
0.006837772448962486
0.006837772450377663
0.006837772447806106
0.006837772449438306
0.006837772450740506
0.006837772448087654
0.006837772449707352
0.006837772451092925
0.006837772448407577
0.006837772449941681
0.006837772451081584
0.006837772448501161
0.006837772450188062
0.006837772451674044
0.0068377724489694
0.006837772450504378
0.006837772451786308
0.00683777244914211
0.006837772450673255
0.006837772451891313
0.006837772449321522
0.006837772450988717
0.006837772452385972
0.006837772449667959
0.006837772451281805
0.006837772452031586
0.006837772449377403
0.006837772451032867
0.006837772453288426
0.006837772453184356
0.006837772452970745
0.006837772450269828
0.006837772451801984
0.006837772452924743
0.006837772450211692
0.006837772451604096
0.006837772452448202
0.006837772449736086
0.006837772451454982
0.006837772452531084
0.006837772449932621
0.006837772451500765
0.006837772452818126
0.006837772450312256
0.006837772451433756
0.006837772453200096
0.007622641444375062
0.007622641444531625
0.007622641444356813
0.007622641444005961
0.007622641442627227
0.007622641443406653
0.007622641443662851
0.007622641442000643
0.007622641442769348
0.007622641443784712
0.00762264144365162
0.00762264144215124
0.007622641443231578
0.007622641445378886
0.007622641442677539
0.007622641443845783
0.00762264144576732
0.007622641443003795
0.007622641444204969
0.007622641446231971
0.007622641443410178
0.007622641444494175
0.007622641446162359
0.00762264144350023
0.007622641444770478
0.007622641446989604
0.007622641444145714
0.007622641445244491
0.007622641447080516
0.007622641444324868
0.007622641445395831
0.007622641447141154
0.007622641444535161
0.007622641445824457
0.007622641447956588
0.007622641445051866
0.00762264144617759
0.007622641447331335
0.007622641444627102
0.007622641446009363
0.007622641448923047
0.00762264144817919
0.007622641448252733
0.007622641445515445
0.007622641446806086
0.007622641448577253
0.007622641445680039
0.007622641446665017
0.007622641447812935
0.007622641445053439
0.007622641446302744
0.007622641448067417
0.007622641445300329
0.007622641446487066
0.007622641448363195
0.007622641445738475
0.007622641446700631
0.007622641448466663
0.008402703734681353
0.008402703734543968
0.0084027037346805
0.00840270373446194
0.008402703733991034
0.008402703735051595
0.008402703734274805
0.008402703734333748
0.008402703733942357
0.00840270373412194
0.00840270373493008
0.008402703732869877
0.008402703733769451
0.00840270373654938
0.008402703733875111
0.008402703734695231
0.008402703736699102
0.008402703734216655
0.008402703735221175
0.008402703737335045
0.00840270373471083
0.008402703735470564
0.008402703737378673
0.008402703734832271
0.008402703735773958
0.008402703738337817
0.008402703735629603
0.008402703736479883
0.008402703738487359
0.00840270373584299
0.008402703736644812
0.008402703738312348
0.008402703736073696
0.008402703737072052
0.008402703739745847
0.008402703736809259
0.00840270373738884
0.00840270373867251
0.008402703736241727
0.008402703737469161
0.008402703740851315
0.00840270373931587
0.008402703739934812
0.008402703737288249
0.00840270373851265
0.008402703740404851
0.008402703737488486
0.008402703738389191
0.008402703739293445
0.008402703736739982
0.008402703737508718
0.008402703739763118
0.008402703737036533
0.008402703738067651
0.008402703740007058
0.008402703737476045
0.00840270373797538
0.008402703739618838
0.009149726719368699
0.009149726719397665
0.009149726720294174
0.009149726719083422
0.00914972671905892
0.009149726720129441
0.009149726718859262
0.009149726719712098
0.009149726718534403
0.009149726718590939
0.009149726719611808
0.009149726717968473
0.009149726718432194
0.009149726721590574
0.009149726719142909
0.009149726719388414
0.009149726721403227
0.009149726719500815
0.009149726720216722
0.009149726722436731
0.009149726720078376
0.009149726721110097
0.009149726722597059
0.00914972672031032
0.009149726721057627
0.009149726723241379
0.009149726721132845
0.009149726722129416
0.009149726723832
0.009149726721466297
0.009149726722025088
0.009149726723583518
0.009149726721732584
0.009149726722800653
0.009149726725491292
0.009149726722655474
0.009149726722673033
0.009149726723628732
0.009149726722027334
0.009149726723567675
0.009149726726774684
0.009149726724713035
0.009149726725993965
0.009149726723262763
0.009149726724096734
0.009149726726207402
0.009149726723311359
0.009149726723547384
0.009149726725138382
0.009149726722614592
0.00914972672309489
0.009149726725407448
0.009149726722877189
0.009149726723973205
0.009149726725551166
0.009149726723275721
0.009149726723530528
0.009149726724873171
0.009842885382465562
0.009842885382315645
0.009842885384543358
0.009842885382004576
0.009842885382682572
0.009842885384087164
0.009842885381887564
0.009842885383388318
0.009842885381570755
0.009842885382025213
0.009842885383777743
0.009842885381499897
0.009842885381776505
0.009842885384228789
0.009842885382483433
0.009842885382766113
0.009842885384491734
0.009842885383006357
0.009842885383568317
0.009842885386114367
0.00984288538360165
0.009842885384470932
0.009842885386257149
0.009842885384067909
0.00984288538430592
0.009842885386305157
0.009842885384770423
0.009842885385701093
0.009842885387713871
0.009842885385235435
0.009842885385315204
0.009842885387027557
0.00984288538560522
0.009842885386317878
0.009842885389372254
0.009842885386636477
0.009842885386491078
0.009842885385735073
0.009842885386376081
0.009842885387322215
0.00984288539106937
0.009842885388470359
0.009842885390361876
0.009842885387351671
0.009842885387305204
0.009842885390540634
0.009842885387231212
0.009842885387079855
0.009842885389434617
0.009842885386672079
0.009842885387316124
0.00984288538901963
0.009842885386806879
0.009842885387842445
0.00984288538930923
0.009842885387171039
0.009842885387527331
0.009842885388762884
0.01046960533593941
0.01046960533547675
0.01046960533879173
0.01046960533544889
0.01046960533526622
0.01046960533844512
0.01046960533594796
0.01046960533611451
0.01046960533460468
0.01046960533510945
0.01046960533731662
0.0104696053351259
0.01046960533524654
0.01046960533766956
0.01046960533561234
0.01046960533713084
0.01046960533825761
0.01046960533666603
0.01046960533720031
0.01046960533920624
0.01046960533713173
0.01046960533740281
0.01046960533987082
0.01046960533790029
0.01046960533816651
0.0104696053401495
0.01046960533849678
0.01046960533874249
0.01046960534138667
0.01046960533864857
0.01046960533982088
0.01046960534143136
0.01046960533961336
0.01046960534000098
0.01046960534271825
0.01046960534069061
0.01046960534083759
0.01046960533920446
0.01046960533938149
0.01046960534206367
0.01046960534508369
0.01046960534250105
0.01046960534476831
0.01046960534125992
0.01046960534094842
0.01046960534473057
0.01046960534119353
0.01046960534088391
0.01046960534397963
0.01046960534045098
0.01046960534170756
0.01046960534333305
0.01046960534050367
0.01046960534199379
0.01046960534345186
0.01046960534078486
0.01046960534212063
0.01046960534308237
0.01102424126514601
0.01102424126432098
0.01102424126859144
0.01102424126473531
0.01102424126407429
0.0110242412683401
0.0110242412657187
0.01102424126563982
0.01102424126317361
0.01102424126502994
0.01102424126683197
0.01102424126381742
0.01102424126524533
0.01102424126748696
0.01102424126464435
0.01102424126645298
0.01102424126820609
0.01102424126539552
0.0110242412669295
0.01102424126880832
0.01102424126588672
0.01102424126741163
0.01102424126958532
0.01102424126668507
0.01102424126811356
0.01102424127003477
0.01102424126725954
0.01102424126879674
0.01102424127104305
0.01102424126780853
0.01102424126937279
0.01102424127136555
0.01102424126893429
0.01102424126862982
0.01102424127316488
0.01102424127054005
0.01102424127086355
0.01102424126803539
0.01102424126964034
0.01102424127010281
0.01102424127555149
0.01102424127225986
0.01102424127481032
0.0110242412708035
0.01102424127020426
0.01102424127464274
0.01102424127033103
0.01102424127142993
0.01102424127339635
0.01102424127039513
0.01102424127012678
0.01102424127418074
0.01102424127053883
0.01102424127032605
0.01102424127425682
0.01102424127027242
0.01102424127188265
0.01102424127310349
0.01150587336806671
0.0115058733668771
0.0115058733720014
0.01150587336777188
0.01150587336671436
0.01150587337186897
0.01150587336924442
0.01150587336913628
0.01150587336595959
0.01150587336818233
0.01150587337027719
0.01150587336662531
0.01150587336838235
0.01150587337094162
0.01150587336747512
0.01150587336937611
0.0115058733716992
0.01150587336817422
0.01150587336993336
0.01150587337226472
0.0115058733687172
0.01150587337054542
0.01150587337301254
0.01150587336947094
0.01150587337119211
0.0115058733735456
0.01150587337004753
0.01150587337187886
0.01150587337435886
0.01150587337066936
0.01150587337239363
0.01150587337482717
0.0115058733719559
0.0115058733712921
0.01150587337679676
0.01150587337407208
0.01150587337443784
0.01150587337089669
0.01150587337252444
0.01150587337315394
0.01150587337929633
0.01150587337558394
0.01150587337850439
0.0115058733740245
0.01150587337309281
0.01150587337820912
0.01150587337333514
0.01150587337473067
0.01150587337692665
0.01150587337374532
0.01150587337292926
0.01150587337805437
0.01150587337394428
0.01150587337310272
0.0115058733781345
0.01150587337350172
0.01150587337492296
0.01150587337677789
0.01191621159748077
0.01191621159592204
0.01191621160179197
0.0119162115972633
0.01191621159585508
0.01191621160178523
0.0119162115992416
0.01191621159912243
0.0119162115953983
0.01191621159776923
0.01191621160015463
0.01191621159600481
0.01191621159783762
0.01191621160077462
0.01191621159681377
0.01191621159873798
0.01191621160154168
0.0119162115975124
0.01191621159932033
0.01191621160210736
0.01191621159807849
0.011916211599972
0.01191621160282544
0.01191621159879224
0.01191621160057669
0.01191621160338064
0.01191621159936735
0.01191621160123632
0.0119162116040755
0.01191621159997704
0.0119162116017812
0.01191621160462907
0.01191621160143876
0.01191621160046262
0.01191621160670824
0.01191621160407052
0.01191621160427662
0.01191621160089082
0.01191621160021631
0.01191621160470601
0.01191621160870464
0.01191621160510101
0.01191621160838653
0.01191621160357676
0.01191621160236377
0.0119162116081279
0.0119162116027613
0.01191621160422792
0.01191621160684082
0.0119162116034133
0.01191621160222972
0.0119162116081266
0.01191621160366331
0.01191621160239839
0.0119162116082195
0.01191621160378238
0.01191621160284899
0.01191621160750232
0.01225807067570767
0.01225807067392885
0.01225807068036528
0.01225807067559274
0.01225807067389241
0.01225807068048426
0.01225807067804814
0.0122580706779692
0.0122580706740254
0.01225807067624376
0.01225807067876523
0.01225807067424413
0.01225807067612408
0.01225807067943055
0.0122580706750497
0.01225807067697751
0.0122580706801925
0.01225807067574755
0.01225807067758916
0.01225807068074325
0.01225807067630212
0.012258070678215
0.01225807068144112
0.01225807067699222
0.01225807067877606
0.01225807068198334
0.01225807067755194
0.01225807067942679
0.01225807068261199
0.01225807067813401
0.0122580706800117
0.01225807068322267
0.01225807067978534
0.01225807067854677
0.0122580706853812
0.01225807068292738
0.01225807068282455
0.01225807067923788
0.01225807067788786
0.01225807068379507
0.01225807068685948
0.01225807068332728
0.01225807068652613
0.0122580706817403
0.01225807068045015
0.01225807068676287
0.01225807068097384
0.01225807068247638
0.01225807068549177
0.0122580706818326
0.01225807068033715
0.01225807068689447
0.01225807068213451
0.01225807068050868
0.01225807068699383
0.01225807068235321
0.01225807068072036
0.01225807068633511
0.01253446013626367
0.01253446013468707
0.01253446014115558
0.0125344601362398
0.01253446013431548
0.01253446014143407
0.01253446013894428
0.01253446013925868
0.01253446013611581
0.01253446013636596
0.01253446013967261
0.01253446013483791
0.01253446013677087
0.01253446014042042
0.01253446013566348
0.01253446013759923
0.01253446014116823
0.01253446013634735
0.01253446013829986
0.01253446014168541
0.01253446013686513
0.01253446013880252
0.01253446014236458
0.01253446013754136
0.01253446013931224
0.01253446014287292
0.01253446013806907
0.01253446014002013
0.01253446014346433
0.01253446013862458
0.01253446014061622
0.01253446014412427
0.0125344601404965
0.01253446013908398
0.01253446014629272
0.01253446014390438
0.01253446014374292
0.0125344601398833
0.01253446013813098
0.01253446014540371
0.01253446014678972
0.0125344601443694
0.01253446014617644
0.01253446014207838
0.01253446014113326
0.01253446014748288
0.01253446014144752
0.01253446014300817
0.01253446014637901
0.01253446014250631
0.0125344601407422
0.01253446014787158
0.01253446014285231
0.01253446014092141
0.01253446014797599
0.01253446014309366
0.01253446014107094
0.01253446014728691
0.01274813171857513
0.0127481317171763
0.01274813172365619
0.01274813171863445
0.01274813171651979
0.01274813172401109
0.01274813172101062
0.01274813172252208
0.01274813171846621
0.01274813171733316
0.01274813172342651
0.01274813171734952
0.01274813171921243
0.01274813172316211
0.01274813171805848
0.01274813172001322
0.01274813172388842
0.01274813171871499
0.01274813172093457
0.01274813172435029
0.01274813171918041
0.01274813172115399
0.01274813172501208
0.01274813171984295
0.0127481317216076
0.01274813172547592
0.01274813172032322
0.01274813172250512
0.01274813172603853
0.01274813172085609
0.01274813172301671
0.01274813172675401
0.01274813172301064
0.01274813172154063
0.01274813172879714
0.01274813172644095
0.01274813172634726
0.01274813172226441
0.01274813172032001
0.01274813172787064
0.01274813172620687
0.01274813172441185
0.01274813172979158
0.01274813172353499
0.01274813172541652
0.01274813172904668
0.01274813172356866
0.01274813172524737
0.01274813172892396
0.01274813172485706
0.01274813172291428
0.01274813173046881
0.01274813172522845
0.01274813172306285
0.01274813173058817
0.01274813172548308
0.01274813172316929
0.01274813172987605
0.0129013944480007
0.01290139444648278
0.01290139445325492
0.01290139444815177
0.01290139444597207
0.0129013944535238
0.01290139445050687
0.0129013944522231
0.01290139444772107
0.01290139444601431
0.01290139445346524
0.01290139444690501
0.01290139444876946
0.01290139445299187
0.01290139444757017
0.01290139444954969
0.01290139445369342
0.01290139444819592
0.01290139445062331
0.01290139445409804
0.01290139444860409
0.01290139445060719
0.01290139445472304
0.01290139444923542
0.01290139445100529
0.01290139445514065
0.01290139444965976
0.01290139445213419
0.01290139445568124
0.01290139445017817
0.01290139445251808
0.01290139445644756
0.01290139445275033
0.01290139445135081
0.0129013944580352
0.01290139445578335
0.01290139445597549
0.01290139445174714
0.01290139445004218
0.01290139445758139
0.01290139445406788
0.01290139445228496
0.0129013944595483
0.01290139445269862
0.01290139445470695
0.01290139445846067
0.01290139445280632
0.01290139445454291
0.01290139445847596
0.01290139445424003
0.01290139445246734
0.01290139445998484
0.01290139445460913
0.01290139445231482
0.01290139446016909
0.01290139445487985
0.01290139445236489
0.01290139445947815
0.01299605488101373
0.01299605487887313
0.01299605488644314
0.01299605488127813
0.01299605487928078
0.01299605488625197
0.01299605488392077
0.01299605488490214
0.01299605488050624
0.01299605487838452
0.01299605488684905
0.0129960548799662
0.0129960548818746
0.01299605488634701
0.01299605488063887
0.01299605488264141
0.01299605488702351
0.01299605488123832
0.01299605488365118
0.01299605488738055
0.01299605488159382
0.0129960548836081
0.01299605488793907
0.01299605488216379
0.01299605488394676
0.0129960548883135
0.0129960548825298
0.01299605488526251
0.01299605488883854
0.01299605488304888
0.01299605488551775
0.01299605488963731
0.01299605488637977
0.01299605488525039
0.01299605488978947
0.01299605488813156
0.01299605488926343
0.01299605488487456
0.01299605488342144
0.01299605489077664
0.01299605488625108
0.01299605488421797
0.01299605489249659
0.01299605488537652
0.01299605488734644
0.01299605489143115
0.01299605488553893
0.01299605488735422
0.01299605489149262
0.01299605488711078
0.01299605488554044
0.01299605489294315
0.01299605488746513
0.01299605488553876
0.01299605489309659
0.01299605488773454
0.01299605488510769
0.01299605489255258
0.0130333990085646
0.01303339900587852
0.01303339901399693
0.01303339900896791
0.01303339900776055
0.0130333990124511
0.01303339901094628
0.01303339901247415
0.0130333990080239
0.01303339900550397
0.01303339901463001
0.01303339900746034
0.01303339900941564
0.01303339901411498
0.01303339900815615
0.01303339901017609
0.01303339901476903
0.01303339900873457
0.01303339901090613
0.01303339901509971
0.0130333990090465
0.01303339901108134
0.01303339901555771
0.01303339900952626
0.01303339901132506
0.01303339901588884
0.01303339900983216
0.01303339901280122
0.01303339901640119
0.01303339901037275
0.01303339901289125
0.01303339901720446
0.01303339901508938
0.01303339901511505
0.01303339901296466
0.01303339901487152
0.01303339901736791
0.01303339901257081
0.01303339901148157
0.01303339901831596
0.0130333990132594
0.01303339901106339
0.01303339901978564
0.01303339901242892
0.01303339901447149
0.01303339901878052
0.01303339901264873
0.01303339901461812
0.01303339901888995
0.01303339901437961
0.01303339901253469
0.01303339902034735
0.01303339901471399
0.01303339901338485
0.0130333990203451
0.01303339901496484
0.01303339901220039
0.01303339902000249
0.01301417430617374
0.01301417430346567
0.01301417431108193
0.01301417430672986
0.01301417430800931
0.01301417430552027
0.01301417430769809
0.01301417431049731
0.01301417430566974
0.0130141743029751
0.01301417431221967
0.01301417430481318
0.01301417430680323
0.01301417431170737
0.01301417430553823
0.01301417430756795
0.01301417431234345
0.01301417430609333
0.01301417430807338
0.01301417431265439
0.01301417430636398
0.01301417430854669
0.01301417431300681
0.01301417430674562
0.01301417430856405
0.01301417431328477
0.013014174306989
0.01301417431021424
0.01301417431378615
0.01301417430756833
0.01301417431010407
0.01301417431453495
0.01301417431313979
0.0130141743134396
0.01301417430864388
0.01301417431103559
0.01301417431483998
0.01301417431001007
0.01301417430946045
0.0130141743156306
0.01301417431031018
0.01301417430810867
0.01301417431692952
0.01301417430933017
0.01301417431145499
0.01301417431592376
0.01301417430956976
0.01301417431178046
0.01301417431610399
0.01301417431146636
0.01301417430881156
0.0130141743176441
0.01301417431177345
0.013014174310718
0.01301417431744411
0.01301417431201689
0.01301417430907486
0.01301417431724602
0.01293855209532142
0.0129385520930241
0.01293855209832647
0.0129385520958255
0.01293855209738581
0.0129385520924509
0.01293855209526542
0.01293855209927306
0.01293855209423091
0.01293855209218592
0.01293855210073397
0.01293855209326522
0.01293855209529559
0.0129385521003811
0.01293855209404581
0.01293855209607289
0.0129385521009999
0.01293855209457055
0.01293855209648607
0.01293855210129104
0.01293855209478818
0.01293855209746914
0.01293855210154954
0.01293855209508758
0.01293855209695096
0.01293855210176366
0.01293855209526833
0.01293855209876456
0.0129385521022562
0.0129385520959345
0.01293855209851862
0.01293855210288209
0.01293855210190339
0.01293855210232108
0.01293855209632028
0.01293855209857792
0.01293855210317273
0.01293855209842992
0.01293855209788445
0.01293855210409396
0.01293855209857809
0.0129385520963373
0.01293855210519996
0.0129385520973842
0.01293855209950286
0.01293855210412383
0.01293855209758951
0.01293855210004144
0.01293855210439141
0.01293855209947005
0.01293855209731237
0.01293855210570784
0.01293855209986205
0.01293855209893686
0.01293855210562563
0.01293855210016172
0.01293855209738805
0.01293855210549971
0.0128060576906502
0.01280605769012842
0.01280605768780737
0.01280605768984521
0.01280605769231668
0.01280605768602724
0.01280605768873147
0.01280605769330409
0.01280605768679283
0.01280605768915164
0.0128060576937291
0.01280605768709726
0.01280605768921757
0.01280605769445226
0.01280605768799642
0.01280605769000133
0.01280605769504295
0.01280605768847918
0.01280605769039183
0.01280605769531566
0.01280605768863089
0.01280605769208378
0.01280605769551873
0.01280605768888435
0.01280605769086725
0.01280605769564348
0.0128060576890008
0.0128060576926936
0.01280605769613508
0.01280605769007354
0.01280605769240341
0.01280605769652144
0.01280605769570253
0.01280605769633817
0.0128060576897882
0.01280605769187354
0.01280605769687676
0.01280605769220588
0.01280605769115777
0.01280605769800333
0.01280605769233598
0.01280605768986771
0.01280605769888477
0.01280605769091403
0.01280605769297251
0.01280605769771388
0.01280605769105075
0.01280605769365907
0.01280605769804642
0.01280605769150063
0.01280605769401707
0.01280605769820098
0.01280605769327617
0.01280605769264372
0.01280605769916195
0.01280605769371379
0.01280605769171047
0.01280605769907187
0.01261545443872126
0.01261545443885989
0.01261545443369527
0.01261545443669662
0.012615454440001
0.01261545443324869
0.01261545443584996
0.01261545444058772
0.01261545443382873
0.01261545443629689
0.01261545444096946
0.01261545443433674
0.01261545443643686
0.01261545444177038
0.01261545443524253
0.01261545443720602
0.01261545444230947
0.01261545443566254
0.01261545443764959
0.01261545444256787
0.01261545443575327
0.0126154544398136
0.01261545444277505
0.01261545443601095
0.01261545443818179
0.01261545444277721
0.01261545443606091
0.01261545443970885
0.01261545444328771
0.01261545443924645
0.01261545443825642
0.01261545444336993
0.01261545444213963
0.01261545444358297
0.01261545443679487
0.01261545443871275
0.01261545444387604
0.0126154544392403
0.01261545443703278
0.01261545444526993
0.01261545443941256
0.01261545443649207
0.01261545444580323
0.01261545443774227
0.01261545443989574
0.01261545444457214
0.01261545443782141
0.01261545444047806
0.01261545444492078
0.01261545443800428
0.01261545444079634
0.01261545444491648
0.01261545444006974
0.01261545443967892
0.01261545444590983
0.01261545444051535
0.01261545443879606
0.01261545444597981
0.01236861428323283
0.01236861428373066
0.01236861427740667
0.01236861428041473
0.01236861428422429
0.0123686142773669
0.01236861427985463
0.01236861428463721
0.01236861427783721
0.01236861428018779
0.01236861428506223
0.01236861427839088
0.01236861428045014
0.01236861428583683
0.01236861427928031
0.01236861428122722
0.01236861428630004
0.01236861427960901
0.01236861428190506
0.01236861428655276
0.01236861427966123
0.01236861428401259
0.01236861428679144
0.0123686142799848
0.01236861428210731
0.0123686142867192
0.01236861427998212
0.01236861428319519
0.01236861428721941
0.01236861428445045
0.01236861428562741
0.01236861428291145
0.01236861428498571
0.01236861428789332
0.01236861428080262
0.01236861428251114
0.01236861428767581
0.0123686142830494
0.01236861428000391
0.01236861428925372
0.01236861428326614
0.01236861427992237
0.01236861428943695
0.01236861428135929
0.01236861428383525
0.01236861428823072
0.01236861428141205
0.01236861428399847
0.01236861428851329
0.01236861428147629
0.01236861428432941
0.01236861428848129
0.01236861428366452
0.01236861428338621
0.0123686142893949
0.01236861428407758
0.01236861428232144
0.01236861428965271
0.01206683599757774
0.01206683599823982
0.01206683599143191
0.01206683599397304
0.01206683599838394
0.01206683599152347
0.01206683599376622
0.01206683599861107
0.01206683599184459
0.01206683599423675
0.01206683599910958
0.0120668359924208
0.01206683599442916
0.01206683599982419
0.01206683599328116
0.01206683599532407
0.01206683600019424
0.01206683599349727
0.01206683599649547
0.01206683600044356
0.01206683599354119
0.01206683599792914
0.0120668360007172
0.01206683599398714
0.01206683599602441
0.01206683600064095
0.01206683599393471
0.01206683599652164
0.01206683600110807
0.01206683600007969
0.01206683600052645
0.01206683599502053
0.01206683599749841
0.01206683600167372
0.01206683599468812
0.01206683599635539
0.01206683600141661
0.01206683599661618
0.01206683599419173
0.01206683600282271
0.01206683599701769
0.01206683599422835
0.01206683600284645
0.01206683599516238
0.01206683599730819
0.01206683600195112
0.01206683599501769
0.01206683599743142
0.01206683600201384
0.01206683599515588
0.01206683599820887
0.01206683600203048
0.0120668359972289
0.01206683599688516
0.01206683600280556
0.01206683599759054
0.01206683599564544
0.01206683600322914
0.01171091175795562
0.01171091175860687
0.01171091175157639
0.01171091175397926
0.01171091175854394
0.0117109117517516
0.01171091175367879
0.01171091175858972
0.01171091175192349
0.01171091175432708
0.01171091175914288
0.01171091175249606
0.01171091175443987
0.01171091175979438
0.0117109117533134
0.01171091175540923
0.01171091176009439
0.01171091175344025
0.011710911756911
0.01171091176035054
0.01171091175349957
0.01171091175772125
0.01171091176060708
0.01171091175412388
0.01171091175637274
0.01171091176056927
0.01171091175401616
0.01171091175655998
0.0117109117608044
0.01171091176071929
0.01171091176099153
0.01171091175428915
0.01171091175659801
0.01171091176129286
0.01171091175449393
0.01171091175633654
0.01171091176112347
0.01171091175465282
0.01171091175683131
0.01171091176143289
0.01171091175669733
0.01171091175508569
0.01171091176223588
0.01171091175659731
0.01171091175392311
0.01171091176258477
0.0117109117547548
0.01171091175694646
0.01171091176152463
0.01171091175653672
0.01171091175608561
0.01171091176224091
0.01171091175691853
0.01171091175636891
0.01171091176220328
0.01171091175713205
0.01171091175480964
0.01171091176278473
0.01130116455926157
0.01130116455977108
0.0113011645526482
0.01130116455507149
0.01130116455958584
0.01130116455290766
0.01130116455463901
0.01130116455949629
0.01130116455296944
0.01130116455523774
0.011301164560017
0.01130116455349345
0.0113011645553755
0.01130116456062687
0.01130116455425604
0.01130116455617621
0.01130116456091708
0.01130116455435589
0.01130116455765359
0.01130116456114239
0.0113011645544445
0.01130116455825605
0.01130116456133819
0.01130116455538435
0.01130116455836147
0.01130116456125723
0.01130116455544693
0.01130116455815691
0.01130116456067358
0.01130116456123924
0.01130116456222144
0.01130116455499767
0.01130116455716729
0.01130116456182393
0.01130116455514237
0.01130116455727975
0.01130116456169029
0.01130116455502432
0.01130116455774169
0.01130116456187461
0.01130116455735691
0.0113011645562278
0.01130116456262111
0.01130116455750005
0.01130116455364525
0.0113011645632269
0.01130116455533625
0.01130116455762051
0.01130116456192635
0.01130116455733358
0.01130116455422667
0.01130116456313262
0.01130116455752692
0.01130116455682087
0.01130116456245797
0.0113011645576213
0.0113011645546782
0.01130116456321644
0.01083746288385624
0.01083746288432237
0.01083746287723554
0.01083746287965649
0.0108374628840677
0.01083746287756034
0.01083746287924718
0.01083746288396925
0.01083746287757237
0.01083746287964661
0.01083746288434656
0.01083746287799725
0.01083746287986514
0.01083746288492318
0.01083746287868272
0.01083746288058912
0.01083746288520537
0.01083746287881678
0.01083746288139365
0.01083746288542468
0.01083746287898011
0.01083746288208508
0.01083746288550714
0.01083746288048493
0.01083746288490553
0.01083746288482869
0.0108374628821435
0.01083746288354447
0.01083746288153966
0.01083746288385998
0.01083746288756583
0.01083746287972006
0.01083746288165577
0.01083746288590019
0.01083746287927778
0.01083746288154578
0.01083746288573719
0.01083746287933468
0.01083746288205597
0.01083746288588579
0.01083746288151747
0.01083746288036296
0.01083746288649723
0.01083746288164648
0.01083746287763575
0.01083746288709338
0.01083746287958785
0.01083746288213483
0.01083746288580337
0.01083746288138546
0.01083746287814565
0.01083746288710355
0.01083746288157757
0.01083746288070214
0.01083746288618182
0.01083746288177272
0.01083746287862428
0.0108374628869637
0.01031922374590959
0.01031922374653634
0.01031922373966056
0.01031922374202613
0.01031922374629638
0.0103192237400449
0.01031922374187033
0.0103192237463163
0.01031922374005081
0.01031922374214906
0.0103192237465082
0.01031922374035175
0.01031922374226391
0.01031922374701937
0.01031922374093957
0.01031922374299766
0.01031922374728846
0.01031922374110732
0.01031922374323945
0.01031922374750508
0.01031922374140875
0.01031922374383879
0.01031922374740125
0.01031922374344779
0.01031922374837226
0.01031922374543189
0.01031922374172933
0.01031922374774157
0.01031922374420529
0.01031922374188433
0.01031922374956242
0.01031922374379185
0.01031922374391766
0.01031922374801984
0.01031922374148463
0.01031922374325653
0.01031922374765884
0.01031922374320037
0.01031922374209586
0.01031922374827971
0.01031922374357675
0.01031922374219223
0.01031922374811544
0.01031922374353234
0.01031922373929203
0.01031922374878912
0.01031922374335873
0.01031922374236421
0.01031922374800618
0.01031922374329236
0.01031922374044786
0.01031922374881607
0.01031922374343582
0.01031922374238907
0.01031922374768788
0.01031922374395699
0.01031922374337491
0.01031922374759975
0.009745433410201444
0.009745433411012866
0.009745433404721214
0.009745433406761175
0.009745433410904968
0.009745433405181358
0.009745433406833509
0.009745433411125172
0.009745433405216287
0.009745433407423921
0.009745433411122264
0.009745433405392034
0.009745433406961277
0.009745433411566327
0.009745433405867785
0.009745433408044787
0.009745433411772506
0.009745433405822269
0.009745433407899712
0.009745433411970667
0.009745433406380561
0.009745433408920553
0.009745433411426497
0.009745433410223426
0.009745433412023484
0.00974543340879107
0.009745433405111366
0.009745433412810268
0.009745433408581331
0.009745433404953353
0.009745433413400402
0.009745433408509339
0.009745433406824025
0.009745433412499178
0.009745433407785801
0.009745433405123946
0.009745433412746793
0.00974543340798543
0.009745433404343265
0.009745433412780407
0.009745433408040745
0.009745433406522839
0.009745433412049288
0.009745433407794331
0.009745433403599504
0.009745433412771608
0.009745433407928513
0.0097454334055264
0.009745433412093003
0.009745433407563765
0.009745433405114438
0.009745433412861238
0.009745433407707468
0.009745433406509085
0.009745433411532778
0.009745433405769513
0.009745433407966419
0.009745433411169487
0.009114760660077407
0.009114760661202852
0.009114760657264643
0.009114760656669562
0.009114760661716459
0.009114760657798857
0.009114760656098521
0.009114760662279732
0.009114760658006517
0.009114760656483003
0.009114760662193439
0.009114760658028532
0.00911476065517125
0.009114760662774762
0.009114760658458933
0.009114760657644825
0.009114760662542774
0.009114760656509346
0.009114760658594401
0.009114760662193556
0.009114760657697743
0.009114760660866033
0.009114760660648525
0.009114760659153016
0.009114760662395643
0.00911476065891856
0.009114760655067658
0.009114760663095739
0.009114760658903116
0.009114760655536343
0.009114760662915271
0.009114760658742222
0.009114760655876401
0.00911476066263665
0.009114760658432587
0.009114760654881402
0.009114760662726963
0.009114760658316873
0.00911476065423188
0.009114760662680037
0.009114760658288959
0.009114760656595272
0.009114760661785154
0.0091147606579051
0.009114760653853842
0.009114760662512246
0.009114760658090569
0.009114760655592956
0.009114760661721987
0.009114760657637295
0.009114760655451774
0.009114760662633148
0.009114760657825297
0.009114760656513824
0.009114760661198431
0.00911476065539937
0.009114760657642617
0.009114760660623571
0.008425932234693583
0.008425932236716125
0.008425932233676084
0.008425932231030865
0.008425932237831599
0.008425932234358077
0.008425932231026377
0.008425932238500699
0.008425932234705561
0.008425932232037905
0.008425932238190588
0.008425932234599677
0.008425932230936645
0.008425932238650126
0.008425932234909828
0.008425932232305979
0.008425932238449724
0.008425932232733432
0.008425932234712458
0.008425932237500749
0.008425932236366711
0.008425932237119019
0.008425932235056399
0.008425932232578688
0.008425932238566598
0.00842593223476904
0.008425932230879573
0.008425932238526694
0.008425932234713019
0.008425932232037898
0.008425932237901928
0.008425932234356132
0.008425932230640008
0.008425932238141165
0.008425932234268303
0.008425932230429849
0.008425932237864246
0.008425932233988423
0.008425932230011942
0.008425932237852206
0.00842593223388584
0.008425932231898558
0.008425932236905033
0.008425932233438219
0.008425932229595565
0.008425932237569296
0.00842593223360944
0.008425932231209972
0.008425932236682455
0.008425932233108894
0.008425932231073173
0.008425932237663523
0.00842593223333319
0.00842593223194839
0.008425932236233625
0.008425932231018866
0.008425932233595104
0.00842593223520245
0.007678706826077557
0.00767870683177755
0.007678706828895449
0.007678706825727057
0.007678706832623721
0.007678706829653722
0.007678706826265054
0.007678706833258679
0.00767870683006836
0.007678706827611128
0.007678706832847481
0.007678706829865484
0.007678706826294626
0.007678706833255769
0.007678706830063638
0.00767870682735602
0.007678706832917213
0.007678706828193479
0.007678706829480444
0.007678706830991519
0.007678706830684326
0.007678706832452393
0.007678706828257972
0.007678706829160465
0.007678706832142164
0.00767870682942596
0.007678706825879007
0.007678706832734336
0.007678706829442961
0.007678706827258848
0.007678706831894159
0.007678706828936255
0.007678706825399062
0.007678706832283969
0.007678706828899895
0.007678706825311827
0.007678706831798662
0.007678706828546844
0.007678706824897208
0.007678706831832213
0.007678706828181786
0.007678706826504915
0.007678706830833772
0.007678706827883112
0.007678706824363668
0.007678706831442861
0.007678706828009588
0.007678706825626632
0.007678706830520583
0.007678706827505746
0.007678706825576916
0.00767870683145087
0.007678706827723551
0.007678706826240436
0.007678706830106105
0.007678706826195205
0.007678706829767071
0.007678706827878205
0.006876006658325136
0.006876006661949724
0.006876006660390717
0.006876006658150652
0.006876006663842319
0.006876006661586239
0.006876006658627803
0.006876006664580659
0.006876006662032677
0.006876006659921385
0.006876006664142767
0.006876006661771635
0.006876006658644379
0.006876006664460698
0.006876006661845601
0.006876006659432016
0.006876006663978406
0.006876006661829285
0.006876006659295818
0.006876006662687787
0.00687600666168374
0.006876006663780598
0.00687600665992723
0.006876006661001578
0.006876006662980771
0.00687600666085297
0.006876006657843408
0.006876006663523859
0.006876006660814599
0.006876006658737883
0.006876006662624919
0.006876006660263122
0.006876006657228752
0.006876006662967575
0.006876006660010539
0.006876006657486935
0.006876006662250561
0.006876006659768313
0.006876006656711123
0.006876006662378586
0.006876006657966374
0.006876006659624573
0.006876006661015645
0.006876006658983459
0.006876006656092346
0.00687600666190959
0.006876006659062506
0.006876006656630854
0.006876006661036135
0.006876006658628242
0.006876006656817879
0.006876006661790685
0.006876006658777898
0.006876006657081617
0.006876006660412619
0.006876006659707537
0.006876006660606014
0.006876006656394191
0.00602784466458849
0.006027844667571284
0.006027844666301243
0.006027844667268761
0.006027844669667408
0.006027844668547484
0.006027844666361195
0.006027844670955759
0.006027844669038281
0.006027844667282578
0.006027844670508239
0.006027844668772162
0.00602784466627789
0.006027844670723594
0.006027844668704568
0.006027844666651858
0.006027844670130208
0.006027844668351442
0.006027844666381317
0.006027844669246532
0.006027844668539869
0.006027844669793061
0.006027844666870041
0.006027844667639077
0.00602784466905328
0.006027844667511226
0.006027844665556013
0.006027844669355043
0.006027844667301862
0.006027844665276351
0.006027844668553653
0.006027844666836334
0.006027844664803212
0.006027844668682288
0.006027844665392522
0.006027844666156404
0.006027844667551424
0.006027844666169972
0.006027844664593125
0.006027844667916927
0.00602784466445035
0.006027844665763681
0.006027844666817945
0.006027844665356346
0.006027844664055757
0.006027844667381497
0.006027844665286638
0.006027844663027317
0.006027844666775222
0.006027844665023813
0.006027844663363056
0.006027844667267665
0.006027844665056768
0.00602784466390085
0.006027844664544309
0.006027844666491509
0.006027844667180097
0.006027844662415293
0.005156953771360995
0.005156953772369975
0.005156953774863798
0.005156953774791428
0.005156953776141323
0.005156953775672906
0.005156953774567079
0.005156953777492547
0.005156953776160447
0.005156953774786402
0.005156953777105616
0.005156953775981412
0.005156953774245665
0.00515695377722735
0.005156953775793656
0.00515695377421541
0.005156953776614104
0.005156953775593469
0.005156953774903871
0.00515695377574912
0.00515695377504558
0.005156953776289042
0.005156953774250209
0.005156953774767491
0.005156953775560131
0.005156953774537717
0.005156953774075863
0.005156953775604176
0.005156953774189513
0.005156953772640884
0.005156953774910328
0.005156953773872621
0.005156953773125942
0.005156953774895253
0.005156953772498331
0.005156953773304357
0.005156953773933608
0.005156953773140297
0.005156953772612821
0.00515695377402884
0.00515695377166808
0.005156953772574618
0.005156953773176405
0.005156953771702839
0.005156953772129636
0.005156953773524263
0.005156953772087273
0.005156953770620259
0.005156953773008046
0.005156953771987906
0.00515695377058617
0.005156953773315541
0.005156953771873829
0.005156953771331068
0.005156953771616743
0.005156953772040898
0.00515695377385894
0.005156953769552746
0.004303243252081626
0.004303243252791317
0.004303243254877484
0.00430324325464017
0.004303243256135187
0.00430324325580549
0.004303243256327665
0.004303243257180115
0.004303243256546348
0.004303243255755922
0.004303243257183776
0.00430324325652593
0.004303243255481393
0.004303243257321541
0.004303243256371262
0.004303243255425197
0.004303243256735997
0.004303243255591583
0.004303243255759199
0.004303243256142132
0.004303243255750198
0.004303243256457917
0.004303243255189784
0.004303243255582744
0.004303243255888864
0.004303243254817854
0.004303243255090813
0.004303243255786418
0.004303243254865202
0.004303243254005457
0.004303243255140548
0.004303243254579162
0.004303243253626067
0.004303243255290727
0.004303243253614252
0.004303243254105561
0.00430324325431254
0.004303243253568212
0.004303243253636602
0.004303243254395512
0.00430324325284069
0.00430324325342729
0.004303243253608682
0.004303243252687199
0.004303243253122618
0.004303243253921536
0.004303243252908765
0.004303243252138386
0.004303243253340433
0.004303243252857413
0.004303243252427029
0.004303243253398233
0.004303243252535279
0.004303243251797939
0.004303243252795039
0.004303243252631006
0.004303243254088263
0.004303243251022551
0.003518001211369585
0.003518001211407117
0.003518001212595428
0.003518001212696014
0.00351800121356695
0.003518001213522874
0.003518001214166705
0.003518001214880558
0.003518001214686566
0.003518001214668203
0.003518001215125916
0.003518001214834449
0.003518001214269512
0.003518001215336318
0.003518001214789779
0.003518001214427443
0.0035180012149063
0.003518001214162341
0.003518001214378518
0.003518001214549195
0.003518001214361878
0.003518001214718902
0.003518001213997377
0.003518001214315889
0.00351800121436989
0.003518001213910848
0.003518001213760176
0.003518001214215227
0.003518001213623494
0.003518001213136889
0.003518001213661017
0.003518001213279036
0.003518001212643665
0.00351800121371749
0.003518001212716907
0.003518001212902524
0.003518001212993169
0.003518001212512605
0.003518001212552266
0.003518001212975691
0.003518001212068306
0.003518001212352314
0.003518001212409497
0.003518001211915459
0.003518001212111894
0.003518001212559622
0.003518001211952132
0.003518001211499287
0.003518001212094288
0.003518001211774882
0.003518001211397678
0.003518001212114828
0.00351800121136149
0.003518001211200839
0.003518001211556601
0.003518001211265288
0.00351800121259996
0.003518001210911019
0.002838678255229102
0.002838678255217992
0.002838678255494158
0.002838678255678004
0.002838678255885485
0.002838678256372845
0.002838678256341816
0.002838678256935583
0.002838678257259485
0.00283867825761811
0.002838678257867995
0.002838678257724142
0.002838678257465305
0.002838678258071196
0.002838678257785048
0.002838678257703236
0.00283867825784481
0.002838678257360111
0.002838678257536317
0.002838678257604022
0.002838678257531941
0.002838678257701029
0.002838678257416115
0.002838678257270792
0.002838678257559251
0.002838678257215447
0.002838678256896767
0.002838678257360225
0.002838678256974257
0.002838678256825221
0.00283867825688678
0.002838678256607463
0.002838678256256621
0.002838678256852713
0.002838678256286363
0.002838678256309405
0.002838678256392281
0.002838678255990899
0.002838678256083195
0.002838678256281531
0.002838678255774045
0.002838678255954374
0.002838678255927934
0.002838678255526416
0.002838678255700125
0.002838678255928774
0.002838678255596462
0.002838678255294728
0.002838678255620315
0.002838678255258421
0.002838678255243664
0.002838678255529194
0.002838678255169581
0.002838678254967973
0.002838678255224269
0.002838678255232065
0.002838678255736861
0.002838678255129314
0.002275328605921959
0.002275328605882229
0.002275328605925243
0.002275328605973912
0.002275328605944859
0.00227532860629325
0.002275328606319702
0.002275328606613335
0.002275328606996519
0.002275328607241972
0.002275328607702163
0.002275328607593485
0.00227532860766445
0.002275328607868109
0.002275328607745272
0.002275328607739175
0.002275328607815646
0.002275328607627121
0.002275328607613662
0.002275328607677467
0.002275328607637656
0.002275328607726829
0.002275328607571638
0.002275328607438012
0.002275328607644679
0.002275328607425005
0.002275328607197429
0.002275328607464037
0.002275328607211576
0.002275328607041186
0.002275328607161103
0.002275328606941863
0.002275328606724033
0.002275328607036373
0.00227532860669805
0.00227532860668022
0.002275328606733419
0.002275328606446585
0.002275328606503197
0.002275328606601072
0.002275328606372645
0.002275328606374935
0.002275328606361822
0.002275328606073269
0.002275328606181847
0.002275328606300069
0.00227532860610259
0.002275328606042175
0.002275328606074017
0.002275328605806833
0.002275328605842408
0.002275328605977391
0.002275328605769093
0.002275328605780607
0.002275328605658018
0.002275328605817445
0.002275328606051661
0.002275328605845675
0.001822685433347436
0.001822685433266075
0.001822685433312763
0.001822685433263979
0.001822685433209472
0.00182268543338417
0.001822685433434231
0.001822685433600546
0.00182268543389138
0.001822685434126058
0.001822685434418226
0.001822685434589929
0.001822685434606894
0.001822685434699933
0.001822685434636976
0.001822685434689963
0.00182268543472679
0.001822685434645141
0.00182268543457654
0.001822685434669474
0.001822685434639298
0.001822685434695063
0.001822685434582506
0.001822685434590457
0.001822685434620175
0.001822685434503582
0.00182268543437159
0.001822685434488204
0.001822685434286185
0.001822685434276319
0.001822685434274551
0.001822685434137679
0.001822685434006115
0.001822685434143275
0.001822685433947874
0.001822685433921342
0.001822685433942694
0.001822685433777015
0.001822685433771001
0.001822685433817359
0.001822685433658348
0.001822685433626659
0.001822685433659413
0.001822685433472924
0.00182268543349301
0.001822685433555975
0.001822685433443207
0.001822685433424263
0.00182268543340685
0.001822685433244564
0.001822685433224638
0.001822685433299659
0.001822685433195335
0.001822685433218212
0.001822685433135232
0.001822685433165169
0.001822685433312943
0.001822685433245284
0.001467422617841399
0.001467422617814721
0.001467422617794823
0.001467422617752236
0.001467422617710698
0.001467422617756579
0.001467422617815095
0.001467422617948242
0.001467422618145538
0.00146742261837025
0.001467422618569927
0.001467422618717328
0.001467422618745082
0.001467422618801156
0.001467422618810196
0.001467422618835119
0.00146742261887809
0.001467422618856859
0.001467422618818875
0.001467422618848171
0.001467422618831673
0.001467422618874486
0.001467422618839648
0.001467422618824279
0.001467422618827178
0.001467422618777363
0.001467422618689143
0.001467422618713594
0.001467422618610152
0.001467422618580767
0.001467422618568383
0.001467422618495976
0.001467422618399193
0.001467422618432493
0.001467422618360983
0.001467422618313327
0.001467422618309888
0.001467422618243311
0.00146742261818067
0.001467422618200069
0.001467422618121341
0.00146742261808526
0.001467422618072404
0.001467422617989922
0.001467422617928421
0.00146742261796437
0.001467422617893285
0.001467422617888915
0.001467422617863801
0.001467422617804155
0.001467422617712286
0.001467422617760311
0.001467422617701093
0.001467422617722634
0.00146742261765862
0.001467422617672826
0.00146742261775068
0.001467422617714883
0.001191697119863051
0.001191697119837743
0.001191697119823972
0.001191697119827851
0.001191697119718591
0.001191697119759834
0.001191697119777404
0.001191697119915824
0.001191697120033928
0.001191697120238369
0.001191697120390799
0.001191697120473833
0.001191697120482215
0.00119169712056539
0.001191697120587957
0.00119169712058996
0.001191697120653271
0.001191697120659957
0.001191697120615975
0.001191697120636274
0.001191697120607838
0.001191697120655451
0.001191697120662668
0.001191697120621836
0.001191697120633899
0.001191697120620851
0.001191697120567147
0.001191697120540592
0.001191697120450944
0.001191697120457437
0.001191697120457482
0.001191697120400027
0.001191697120297243
0.001191697120311037
0.00119169712029667
0.001191697120249837
0.001191697120240984
0.001191697120180971
0.001191697120156209
0.001191697120153396
0.001191697120101043
0.001191697120062442
0.001191697120060078
0.001191697119987744
0.001191697119902347
0.001191697119917969
0.001191697119871565
0.001191697119871224
0.001191697119871503
0.00119169711983175
0.00119169711972434
0.001191697119756332
0.001191697119713202
0.001191697119733898
0.001191697119681505
0.001191697119731072
0.001191697119736625
0.001191697119691245
0.0009766963969366751
0.0009766963969178545
0.0009766963969132846
0.0009766963969410937
0.0009766963967943192
0.0009766963968357396
0.0009766963968281383
0.0009766963969748688
0.000976696396994243
0.0009766963971947532
0.0009766963973235326
0.0009766963973722525
0.0009766963973450056
0.0009766963974357818
0.0009766963974561455
0.0009766963974623055
0.0009766963975473039
0.0009766963975434153
0.0009766963975250927
0.0009766963975609783
0.00097669639749647
0.0009766963975792555
0.0009766963975479156
0.0009766963975246146
0.0009766963975674334
0.0009766963975229139
0.0009766963975295577
0.0009766963974272959
0.0009766963973997728
0.0009766963974207428
0.0009766963973881725
0.0009766963973683908
0.0009766963972796944
0.0009766963973062107
0.0009766963972643661
0.0009766963972847589
0.0009766963972194329
0.0009766963971798068
0.0009766963971693287
0.0009766963971854184
0.0009766963971090089
0.0009766963971149284
0.0009766963971258131
0.000976696397060655
0.0009766963969488377
0.0009766963969493627
0.0009766963969143711
0.0009766963969193522
0.0009766963969092561
0.0009766963969320807
0.000976696396789723
0.0009766963968303604
0.0009766963967862633
0.0009766963968126591
0.0009766963967530037
0.0009766963968197424
0.0009766963968043318
0.0009766963967241405
0.0008057067548771788
0.0008057067549099151
0.0008057067548799115
0.0008057067549050692
0.0008057067547748139
0.0008057067547962326
0.0008057067547904001
0.000805706754890888
0.000805706754903592
0.0008057067550635863
0.0008057067551735875
0.0008057067551717842
0.0008057067551748732
0.0008057067552587864
0.0008057067552729737
0.0008057067552790144
0.0008057067553678567
0.0008057067553550702
0.0008057067553518435
0.0008057067553612205
0.0008057067553358119
0.0008057067554054843
0.0008057067553777769
0.0008057067553488643
0.0008057067553996364
0.0008057067553618138
0.0008057067553811677
0.0008057067552666552
0.00080570675526533
0.0008057067552998893
0.0008057067552669398
0.0008057067552293043
0.0008057067551700122
0.0008057067551685603
0.0008057067551734266
0.0008057067551742365
0.0008057067551431418
0.0008057067550851497
0.0008057067550936227
0.0008057067551158655
0.0008057067550701371
0.0008057067550651622
0.0008057067550557708
0.0008057067550114722
0.0008057067549294464
0.0008057067548901526
0.0008057067548573666
0.0008057067548959238
0.0008057067548484766
0.0008057067548639446
0.0008057067547661198
0.0008057067548002543
0.0008057067547598079
0.000805706754785045
0.0008057067547218202
0.0008057067547859819
0.000805706754767675
0.0008057067546669137
0.0006651252331034539
0.0006651252331580077
0.0006651252331267462
0.0006651252331312207
0.0006651252330594756
0.0006651252330600113
0.0006651252330528443
0.00066512523313298
0.0006651252331211352
0.0006651252332394026
0.0006651252333324771
0.0006651252333279405
0.0006651252333335146
0.0006651252334217377
0.000665125233421063
0.0006651252334252885
0.0006651252335057628
0.0006651252334966761
0.0006651252334990934
0.0006651252335026873
0.0006651252334893279
0.0006651252335427236
0.0006651252335255695
0.0006651252334983912
0.0006651252335413693
0.0006651252335155227
0.0006651252335314979
0.0006651252334395992
0.0006651252334413329
0.0006651252334617392
0.0006651252334233762
0.0006651252334218771
0.0006651252333704862
0.0006651252333625938
0.0006651252333485619
0.0006651252333686789
0.0006651252333354953
0.0006651252333093076
0.000665125233311305
0.000665125233323029
0.0006651252332763791
0.0006651252332804359
0.0006651252332797999
0.0006651252332458479
0.0006651252331900246
0.0006651252331667609
0.0006651252331007223
0.0006651252331401786
0.0006651252331018902
0.0006651252331236068
0.0006651252330300183
0.0006651252330626191
0.000665125233030604
0.0006651252330491424
0.0006651252329906632
0.0006651252330408185
0.0006651252330253462
0.0006651252329241461
0.0005453681169172754
0.0005453681169738084
0.000545368116965472
0.0005453681169656049
0.0005453681169322479
0.000545368116918915
0.0005453681169130116
0.0005453681169528931
0.0005453681169574074
0.0005453681170147349
0.0005453681170888226
0.0005453681171132521
0.0005453681171166364
0.0005453681171662318
0.0005453681171870891
0.0005453681171907306
0.0005453681172399766
0.0005453681172592033
0.0005453681172678115
0.0005453681172616793
0.0005453681172577784
0.0005453681172871963
0.0005453681172812118
0.0005453681172667429
0.0005453681172891095
0.0005453681172786437
0.0005453681172797184
0.0005453681172366537
0.0005453681172232897
0.0005453681172217871
0.0005453681172124548
0.000545368117207785
0.0005453681171787424
0.0005453681171667238
0.0005453681171467555
0.0005453681171532948
0.0005453681171458859
0.0005453681171330185
0.0005453681171199754
0.0005453681171223687
0.0005453681170981024
0.0005453681170911897
0.000545368117081768
0.0005453681170653847
0.000545368117022156
0.0005453681170137804
0.0005453681169599098
0.0005453681169739357
0.0005453681169563999
0.0005453681169583205
0.000545368116904548
0.0005453681169225996
0.0005453681168960687
0.0005453681169089786
0.00054536811685808
0.0005453681168863865
0.0005453681168832889
0.0005453681168030852
0.0004406389352449525
0.0004406389353004142
0.0004406389353032772
0.0004406389353377472
0.0004406389352968311
0.0004406389352887197
0.0004406389352973168
0.0004406389353004325
0.0004406389353234048
0.0004406389353257511
0.0004406389353773206
0.0004406389354356495
0.0004406389354343969
0.0004406389354433228
0.0004406389354693051
0.0004406389354815394
0.0004406389355046616
0.0004406389355329185
0.0004406389355660973
0.0004406389355432398
0.0004406389355575003
0.0004406389355737781
0.0004406389355519187
0.0004406389355670912
0.000440638935577557
0.0004406389355567433
0.0004406389355678997
0.0004406389355508448
0.0004406389355196945
0.0004406389355269625
0.0004406389355286698
0.0004406389355057635
0.000440638935490686
0.0004406389354888278
0.0004406389354781282
0.000440638935479723
0.000440638935469277
0.0004406389354699182
0.0004406389354380862
0.0004406389354479668
0.0004406389354228922
0.0004406389354093369
0.000440638935414669
0.0004406389354080429
0.000440638935362335
0.0004406389353835952
0.0004406389353409787
0.0004406389353432988
0.0004406389353226371
0.0004406389353261135
0.0004406389352908068
0.0004406389353021305
0.0004406389352754507
0.0004406389352867752
0.0004406389352427288
0.0004406389352402383
0.0004406389352687793
0.0004406389351963061
0.0003482665602179619
0.0003482665602554295
0.0003482665602656892
0.0003482665603373429
0.0003482665602756457
0.0003482665602850303
0.0003482665603019602
0.0003482665603036147
0.0003482665603110019
0.0003482665602808782
0.0003482665603366633
0.0003482665603870516
0.0003482665603817019
0.0003482665603953221
0.0003482665604034354
0.0003482665604302871
0.0003482665604064833
0.0003482665604454408
0.000348266560492875
0.0003482665604500781
0.0003482665604745367
0.0003482665605045293
0.0003482665604516406
0.0003482665604893502
0.0003482665605086051
0.0003482665604584665
0.0003482665604871091
0.0003482665604947524
0.0003482665604337161
0.0003482665604596277
0.0003482665604751015
0.0003482665604226434
0.0003482665604377391
0.0003482665604498618
0.0003482665604320775
0.0003482665604393084
0.0003482665604157597
0.000348266560436239
0.0003482665603764066
0.0003482665603945805
0.000348266560398378
0.0003482665603506785
0.0003482665603732808
0.0003482665603851475
0.0003482665603298702
0.0003482665603747958
0.0003482665603394665
0.0003482665603389591
0.0003482665603181357
0.0003482665603228165
0.0003482665602967178
0.0003482665603054094
0.0003482665602804792
0.0003482665602893735
0.000348266560238533
0.0003482665602120688
0.0003482665602845485
0.0003482665602048459
0.0002687767883907445
0.0002687767884146617
0.000268776788417953
0.0002687767884544513
0.0002687767884146243
0.0002687767883852066
0.0002687767884497668
0.0002687767884471341
0.000268776788450628
0.0002687767884328308
0.000268776788439822
0.0002687767885044208
0.0002687767884703215
0.000268776788498383
0.0002687767884856133
0.0002687767885339085
0.0002687767884923866
0.0002687767884721046
0.0002687767885833732
0.000268776788528883
0.0002687767884965725
0.0002687767885972663
0.0002687767884998292
0.0002687767885583388
0.0002687767885884927
0.000268776788507919
0.0002687767885543833
0.000268776788583015
0.0002687767884973385
0.0002687767885268149
0.0002687767885664634
0.0002687767884908288
0.0002687767885090781
0.0002687767885539198
0.0002687767885317687
0.0002687767885426395
0.0002687767885092746
0.0002687767885431582
0.0002687767884776864
0.0002687767884468079
0.0002687767885229344
0.0002687767884627093
0.0002687767884791963
0.0002687767885094505
0.000268776788479663
0.0002687767884891389
0.0002687767884692872
0.0002687767884719347
0.0002687767884539026
0.0002687767884599346
0.0002687767884398706
0.0002687767884467576
0.0002687767884265341
0.0002687767884324707
0.0002687767883717237
0.0002687767883232863
0.0002687767884436789
0.0002687767883166902
0.0002082133246786662
0.0002082133246814665
0.0002082133246730229
0.0002082133247066864
0.0002082133246671997
0.0002082133246943912
0.0002082133246467077
0.0002082133247331773
0.0002082133247155634
0.0002082133246813529
0.0002082133246284245
0.0002082133247648421
0.0002082133247012298
0.0002082133247350425
0.0002082133247330419
0.0002082133247615974
0.0002082133246654221
0.0002082133247362479
0.0002082133247767337
0.0002082133246932912
0.0002082133247453635
0.0002082133247917417
0.0002082133246862851
0.0002082133247663353
0.0002082133247901244
0.0002082133246990095
0.0002082133247574294
0.0002082133247927644
0.0002082133247289608
0.0002082133246830489
0.0002082133247944677
0.0002082133247327682
0.0002082133246627257
0.0002082133247969755
0.0002082133247570868
0.0002082133247632329
0.0002082133247403145
0.000208213324759027
0.0002082133246529211
0.0002082133247209761
0.0002082133247426787
0.0002082133246547723
0.0002082133247119512
0.0002082133247445133
0.0002082133247242173
0.0002082133247307059
0.0002082133247125122
0.0002082133247206665
0.0002082133247022493
0.0002082133247167015
0.0002082133246971015
0.0002082133247050024
0.0002082133246876032
0.0002082133246941065
0.0002082133246327814
0.0002082133245795136
0.0002082133247185312
0.0002082133245827715
0.0001843492297079619
0.00018434922970848
0.0001843492296974911
0.0001843492297408511
0.0001843492297110892
0.0001843492297310924
0.0001843492297298207
0.0001843492297303216
0.0001843492297498029
0.000184349229719839
0.0001843492296968293
0.0001843492297583362
0.000184349229725239
0.0001843492297246435
0.0001843492297585802
0.0001843492297571848
0.0001843492297148676
0.000184349229743613
0.0001843492297562734
0.0001843492297234656
0.0001843492297463211
0.0001843492297629779
0.0001843492297213667
0.0001843492297538261
0.0001843492297624775
0.0001843492297273397
0.0001843492297495153
0.0001843492297638426
0.0001843492297279552
0.0001843492297381016
0.0001843492297568842
0.0001843492297359646
0.000184349229709167
0.000184349229769743
0.0001843492297492848
0.0001843492297485944
0.0001843492297401478
0.0001843492297446172
0.0001843492297044687
0.0001843492297363514
0.0001843492297433661
0.0001843492297081363
0.0001843492297304243
0.0001843492297434845
0.0001843492297342112
0.0001843492297376591
0.0001843492297272455
0.0001843492297350518
0.0001843492297169563
0.0001843492297568909
0.000184349229731395
0.0001843492297306316
0.0001843492297217517
0.0001843492297223409
0.0001843492296956494
0.0001843492296771749
0.0001843492297380688
0.0001843492297013287
0.0002360494358390947
0.0002360494358439666
0.0002360494358455237
0.0002360494358503062
0.0002360494358453278
0.0002360494358495967
0.0002360494358496022
0.0002360494358501988
0.0002360494358549298
0.0002360494358502323
0.0002360494358431503
0.0002360494358503953
0.000236049435847115
0.0002360494358479783
0.000236049435855312
0.0002360494358543492
0.0002360494358478745
0.0002360494358523378
0.0002360494358495468
0.0002360494358475553
0.0002360494358499581
0.0002360494358507686
0.0002360494358471324
0.0002360494358531273
0.0002360494358500029
0.0002360494358477499
0.000236049435850112
0.0002360494358506016
0.0002360494358461309
0.0002360494358485877
0.0002360494358493021
0.0002360494358482225
0.000236049435843265
0.0002360494358503939
0.000236049435849411
0.0002360494358499358
0.0002360494358469922
0.0002360494358476163
0.0002360494358445132
0.0002360494358500427
0.0002360494358472233
0.00023604943584479
0.0002360494358474378
0.0002360494358469292
0.000236049435848555
0.0002360494358496061
0.0002360494358469112
0.0002360494358466046
0.0002360494358459354
0.0002360494358541336
0.0002360494358497801
0.0002360494358456664
0.000236049435847087
0.0002360494358475204
0.0002360494358435583
0.0002360494358388867
0.0002360494358442782
0.0002360494358471125
0.0004779739951384442
0.0004779739951396714
0.0004779739951396362
0.0004779739951399022
0.0004779739951396913
0.0004779739951392692
0.000477973995139057
0.0004779739951393641
0.0004779739951396043
0.0004779739951397252
0.0004779739951390901
0.0004779739951395171
0.0004779739951395243
0.0004779739951394327
0.0004779739951392403
0.000477973995139241
0.0004779739951391538
0.0004779739951397117
0.0004779739951390006
0.0004779739951391292
0.0004779739951393308
0.0004779739951390372
0.0004779739951390316
0.0004779739951396361
0.0004779739951389162
0.0004779739951390675
0.0004779739951392558
0.0004779739951389844
0.0004779739951390584
0.0004779739951392727
0.000477973995138869
0.000477973995139229
0.0004779739951387911
0.0004779739951392547
0.0004779739951390031
0.0004779739951390792
0.0004779739951390416
0.0004779739951391306
0.0004779739951390273
0.0004779739951395015
0.0004779739951388604
0.0004779739951389519
0.0004779739951393117
0.0004779739951389638
0.0004779739951389934
0.0004779739951391838
0.0004779739951390859
0.0004779739951387681
0.0004779739951388254
0.0004779739951392181
0.0004779739951391966
0.000477973995138807
0.0004779739951391292
0.0004779739951390209
0.0004779739951393514
0.0004779739951387699
0.000477973995139055
0.0004779739951393181
)
;

boundaryField
{
    inlet
    {
        type            cyclic;
    }
    outlet
    {
        type            cyclic;
    }
    bottomWall
    {
        type            fixedValue;
        value           uniform 0.0015;
    }
    topWall
    {
        type            fixedValue;
        value           uniform 0.0015;
    }
    left
    {
        type            cyclic;
    }
    right
    {
        type            cyclic;
    }
}


// ************************************************************************* //
