/*--------------------------------*- C++ -*----------------------------------*\
| =========                 |                                                 |
| \\      /  F ield         | OpenFOAM: The Open Source CFD Toolbox           |
|  \\    /   O peration     | Version:  v1812                                 |
|   \\  /    A nd           | Web:      www.OpenFOAM.com                      |
|    \\/     M anipulation  |                                                 |
\*---------------------------------------------------------------------------*/
FoamFile
{
    version     2.0;
    format      ascii;
    class       volScalarField;
    location    "20000";
    object      p;
}
// * * * * * * * * * * * * * * * * * * * * * * * * * * * * * * * * * * * * * //

dimensions      [0 2 -2 0 0 0 0];


internalField   nonuniform List<scalar> 
3770
(
-1.106649210647894e-14
-2.610185521077746e-10
-2.122867845557735e-10
-2.769566361166352e-10
-2.65102328986865e-10
-2.834910954674759e-10
-2.761614690230214e-10
-2.869242227200015e-10
-2.8002244425516e-10
-2.806075914369298e-10
-2.784409336531445e-10
-2.770838606783888e-10
-2.736808177487492e-10
-2.697716080811156e-10
-2.683177173187898e-10
-2.640366785821851e-10
-2.588682482633333e-10
-2.572268901766158e-10
-2.527670181141994e-10
-2.473073131600399e-10
-2.454898844860617e-10
-2.403673088582949e-10
-2.350758953284461e-10
-2.328213114647099e-10
-2.281367962925554e-10
-2.218159925016924e-10
-2.197896208100406e-10
-2.142912460024483e-10
-2.087444097864159e-10
-2.058659804912574e-10
-2.011924929033062e-10
-1.952434226998591e-10
-1.933922202345411e-10
-1.876343176904839e-10
-1.819956149486765e-10
-1.786191246055331e-10
-1.742223121132852e-10
-1.658178793412864e-10
-1.65777495135857e-10
-1.587451623200661e-10
-1.547224847715917e-10
-1.442414701455416e-10
-1.433952234512306e-10
-1.354668208018879e-10
-1.383821481203888e-10
-1.239527952157589e-10
-1.324710354628497e-10
-1.133456850649974e-10
-1.243259001831882e-10
-1.018061146351416e-10
-1.213737983688295e-10
-8.450995858004855e-11
-1.188166407106273e-10
-6.845744496971939e-11
-1.127306721827654e-10
-5.118269965349457e-11
-1.021421262635486e-10
-3.955977180171493e-11
1.148470311422338e-13
-2.606320468916812e-10
-2.123129278668491e-10
-2.768592378432185e-10
-2.650895059931026e-10
-2.834462108269234e-10
-2.761302696383694e-10
-2.869303797264016e-10
-2.800094301088501e-10
-2.805818876735888e-10
-2.78439826033086e-10
-2.770916879221554e-10
-2.736663126785639e-10
-2.697586732334617e-10
-2.68327993993503e-10
-2.640289819865955e-10
-2.588573451527002e-10
-2.572385818427363e-10
-2.527592320472346e-10
-2.472967124933196e-10
-2.455034046717581e-10
-2.403629021596036e-10
-2.35067074916501e-10
-2.328343714401755e-10
-2.28132778281001e-10
-2.21808547900935e-10
-2.198028864199549e-10
-2.142864135427698e-10
-2.087367004417094e-10
-2.058799147394798e-10
-2.01185437111845e-10
-1.952342508618072e-10
-1.934085825113685e-10
-1.87631538201163e-10
-1.819883993356597e-10
-1.786326142102215e-10
-1.7422419472126e-10
-1.658171468799776e-10
-1.657914250843115e-10
-1.587429646593598e-10
-1.547172114972294e-10
-1.442366710688235e-10
-1.433944863070757e-10
-1.35473387751417e-10
-1.383809682383094e-10
-1.239489053753765e-10
-1.324944531637609e-10
-1.133346023615188e-10
-1.243246466916044e-10
-1.018213586309955e-10
-1.213809613908162e-10
-8.450416560812532e-11
-1.188560416930419e-10
-6.847097141825232e-11
-1.127571421570768e-10
-5.128600015157078e-11
-1.022136828441426e-10
-3.999729316293416e-11
1.155710739974704e-13
-2.596994098120723e-10
-2.121023633686422e-10
-2.766938233504809e-10
-2.649591306478833e-10
-2.833461233395205e-10
-2.76035305832217e-10
-2.869310351914601e-10
-2.799521487419228e-10
-2.80528598911219e-10
-2.784299055963545e-10
-2.77094855656576e-10
-2.736224859050174e-10
-2.697373412253275e-10
-2.68344293560815e-10
-2.639995432475368e-10
-2.588427294441045e-10
-2.57261033625703e-10
-2.527307052279285e-10
-2.472834417903297e-10
-2.455299366840237e-10
-2.403412033474215e-10
-2.350583959309749e-10
-2.328609263030575e-10
-2.281133228543581e-10
-2.218027346262238e-10
-2.198306153880343e-10
-2.14265363313256e-10
-2.087308366830912e-10
-2.059085280266484e-10
-2.011617712311134e-10
-1.952254253462636e-10
-1.934418896047345e-10
-1.876144908040213e-10
-1.819854286351124e-10
-1.786603125449846e-10
-1.74219419027179e-10
-1.65827596631415e-10
-1.65825699043337e-10
-1.587220735389598e-10
-1.547071212774433e-10
-1.44232277744522e-10
-1.434102838643633e-10
-1.354814660112603e-10
-1.383737469583403e-10
-1.239401843264137e-10
-1.325495992104417e-10
-1.132902202615375e-10
-1.243490084431437e-10
-1.018366528687047e-10
-1.21408514264304e-10
-8.448388936591048e-11
-1.189673514419878e-10
-6.846319419813245e-11
-1.12860038634706e-10
-5.150198082478608e-11
-1.024145927458317e-10
-4.113373501966202e-11
-3.250539209650485e-13
-2.586525265885703e-10
-2.116130459044022e-10
-2.764790759647317e-10
-2.647187019589161e-10
-2.832116361237152e-10
-2.758822965199766e-10
-2.868977917368927e-10
-2.798700154908043e-10
-2.804606949751692e-10
-2.783917662955797e-10
-2.770787375844136e-10
-2.735676064852197e-10
-2.697054864914394e-10
-2.683501643863098e-10
-2.639633128861598e-10
-2.588235344661731e-10
-2.572784756342758e-10
-2.52698352512116e-10
-2.472663403121879e-10
-2.45552475199725e-10
-2.403179004007613e-10
-2.350498982785527e-10
-2.328856627097225e-10
-2.280944040225856e-10
-2.217980925786412e-10
-2.198566739645704e-10
-2.142438526707394e-10
-2.087256778197913e-10
-2.059367850698542e-10
-2.011379369562363e-10
-1.952144689160165e-10
-1.934761307149398e-10
-1.875989128404778e-10
-1.819865254128371e-10
-1.786863552591176e-10
-1.742163413363882e-10
-1.658441708721754e-10
-1.658680261871061e-10
-1.586989509767345e-10
-1.547032979691265e-10
-1.442362554740625e-10
-1.43435248125505e-10
-1.354826645695801e-10
-1.383680176522473e-10
-1.239178022628228e-10
-1.326119659840249e-10
-1.132388054448704e-10
-1.243889866364753e-10
-1.01838044344219e-10
-1.214585416472938e-10
-8.445161698291305e-11
-1.191020564832555e-10
-6.84549289454064e-11
-1.129827566511593e-10
-5.175463250668128e-11
-1.025898940475939e-10
-4.257067533666947e-11
-1.099291764724214e-12
-2.580798865314131e-10
-2.110388987155365e-10
-2.763021200918222e-10
-2.644534497048098e-10
-2.830793907692569e-10
-2.757406422500264e-10
-2.868370884907119e-10
-2.79788172959465e-10
-2.804064821839074e-10
-2.783448167424641e-10
-2.770461174633996e-10
-2.735200405510957e-10
-2.696834687567807e-10
-2.683375521173862e-10
-2.639276402074253e-10
-2.588157384165488e-10
-2.572791691632088e-10
-2.5266976703799e-10
-2.472608212770928e-10
-2.45557193379395e-10
-2.402973286793646e-10
-2.350538744575026e-10
-2.328938029545135e-10
-2.280790903773413e-10
-2.218060996479673e-10
-2.198650723309355e-10
-2.142247365932441e-10
-2.087320792236202e-10
-2.059481215572499e-10
-2.011183527941192e-10
-1.952142282600652e-10
-1.934947206644976e-10
-1.87586522191659e-10
-1.819993172370934e-10
-1.786938982157562e-10
-1.742101522836243e-10
-1.658704377538621e-10
-1.658937081701902e-10
-1.586692907849217e-10
-1.547076505206679e-10
-1.442504570769316e-10
-1.434684861910759e-10
-1.354742104513012e-10
-1.383646660613355e-10
-1.239032591221707e-10
-1.326541796009995e-10
-1.131953644039636e-10
-1.244375624743092e-10
-1.018217149984621e-10
-1.215029480268838e-10
-8.442757282422894e-11
-1.191993815923208e-10
-6.84441398775557e-11
-1.130722955438438e-10
-5.194032437163468e-11
-1.026331973274302e-10
-4.359728056781849e-11
-2.090644259720059e-12
-2.579229710803029e-10
-2.10443319250387e-10
-2.761487934048426e-10
-2.641774459138991e-10
-2.829404822886525e-10
-2.756113896725622e-10
-2.867555947793414e-10
-2.797039304069578e-10
-2.803607003056246e-10
-2.782933230053623e-10
-2.770006783845819e-10
-2.73475536597351e-10
-2.69671467419459e-10
-2.683119063596062e-10
-2.638895453133027e-10
-2.588193310381938e-10
-2.572667658890616e-10
-2.526401931045033e-10
-2.47265917753177e-10
-2.455477828634059e-10
-2.402756257578554e-10
-2.350707930834539e-10
-2.328894453844858e-10
-2.28064003274585e-10
-2.218273347335456e-10
-2.198597076508029e-10
-2.142041617370242e-10
-2.087504392655404e-10
-2.059470820968824e-10
-2.010977218764495e-10
-1.952234250576247e-10
-1.935025255046217e-10
-1.875746472114766e-10
-1.820244014743456e-10
-1.786873978069616e-10
-1.741970382909104e-10
-1.659063697364745e-10
-1.659067321415094e-10
-1.586318485281779e-10
-1.547150748269853e-10
-1.442694550295972e-10
-1.435109307170188e-10
-1.354617029569363e-10
-1.383606991154928e-10
-1.239004749725807e-10
-1.326800660572843e-10
-1.131558442889025e-10
-1.244934139969381e-10
-1.017961167383417e-10
-1.215367613403667e-10
-8.441748689644744e-11
-1.192622403973385e-10
-6.843156281923906e-11
-1.131302260691292e-10
-5.208354950701783e-11
-1.025837709325115e-10
-4.42486745922573e-11
-3.246079889278195e-12
-2.580946624221316e-10
-2.098435501763579e-10
-2.760017048780948e-10
-2.638851302022205e-10
-2.82787710998528e-10
-2.754890729264677e-10
-2.866547469014349e-10
-2.796106143688252e-10
-2.803184229197336e-10
-2.782392348638004e-10
-2.769438397701605e-10
-2.734290264378979e-10
-2.696673117616106e-10
-2.682758529270645e-10
-2.63845324870095e-10
-2.588319999516127e-10
-2.572454651517582e-10
-2.526068804647346e-10
-2.472806095558456e-10
-2.455286311426859e-10
-2.402495701538203e-10
-2.350981139563056e-10
-2.328766975609867e-10
-2.280460013920447e-10
-2.218596725120732e-10
-2.198449893559196e-10
-2.141796681960065e-10
-2.087789733173316e-10
-2.05937274618576e-10
-2.010740728390501e-10
-1.952420919107647e-10
-1.9350303537543e-10
-1.875596468451365e-10
-1.820598971550834e-10
-1.786714176355908e-10
-1.741764213600349e-10
-1.659519793574008e-10
-1.659122599578264e-10
-1.585858003837168e-10
-1.547233638830642e-10
-1.442919418755078e-10
-1.435628714047058e-10
-1.354467331724612e-10
-1.383543881366791e-10
-1.239087412860483e-10
-1.326952516282066e-10
-1.131158153671823e-10
-1.245567889982215e-10
-1.017646657510102e-10
-1.215604785600301e-10
-8.44200086231681e-11
-1.193015397794527e-10
-6.8417071265528e-11
-1.131680302103778e-10
-5.220604090828318e-11
-1.024698189240166e-10
-4.462417725841834e-11
-4.547604236720449e-12
-2.585829585545468e-10
-2.092502308080122e-10
-2.758550433582003e-10
-2.635779444455339e-10
-2.826147476661595e-10
-2.753698416877145e-10
-2.865335066774112e-10
-2.795053009455619e-10
-2.802757546266917e-10
-2.781804608201496e-10
-2.768751595260307e-10
-2.733781973155385e-10
-2.69669891534977e-10
-2.682315775453117e-10
-2.637944052358859e-10
-2.588534142750242e-10
-2.572155107674725e-10
-2.525672185729051e-10
-2.473033063438704e-10
-2.455002638735199e-10
-2.402175149569123e-10
-2.351364780326581e-10
-2.328566358980564e-10
-2.280240599123606e-10
-2.219036517145032e-10
-2.198222212718511e-10
-2.141499523892173e-10
-2.08818185673624e-10
-2.059211541699974e-10
-2.010449919958128e-10
-1.952684294111788e-10
-1.934981105770565e-10
-1.875410079670664e-10
-1.821067993960932e-10
-1.786476014484263e-10
-1.741462958766507e-10
-1.660069442037358e-10
-1.659134472431464e-10
-1.585298158994365e-10
-1.547289553117947e-10
-1.443160162899768e-10
-1.436265977387464e-10
-1.354322820118063e-10
-1.383452836535969e-10
-1.239279214516854e-10
-1.327016333308277e-10
-1.130741647216746e-10
-1.246286717602471e-10
-1.017288474385534e-10
-1.215744860028429e-10
-8.443596152208926e-11
-1.193187863053456e-10
-6.839986771132687e-11
-1.131887832298943e-10
-5.231528983077285e-11
-1.02299440098817e-10
-4.474655659657017e-11
-6.000551673604873e-12
-2.594062821769812e-10
-2.086807855575622e-10
-2.75709029690162e-10
-2.632572594088826e-10
-2.824175555167996e-10
-2.75255372707492e-10
-2.863877240438261e-10
-2.793829226912981e-10
-2.80232157275386e-10
-2.781191749876483e-10
-2.767931701876843e-10
-2.733207110041555e-10
-2.696797626517969e-10
-2.68177293489145e-10
-2.63733807997979e-10
-2.588837033501667e-10
-2.571770584476074e-10
-2.52520218541947e-10
-2.473362648409838e-10
-2.454630383869641e-10
-2.401775006408538e-10
-2.351857341289978e-10
-2.328291475997062e-10
-2.279958822824822e-10
-2.219596491800747e-10
-2.197915192475045e-10
-2.141134032869909e-10
-2.088686367037184e-10
-2.058980019398935e-10
-2.010100121152739e-10
-1.95305826323934e-10
-1.934865879829705e-10
-1.875160120149612e-10
-1.821653235041747e-10
-1.786158298470024e-10
-1.741059669222271e-10
-1.660731431037681e-10
-1.659102161805276e-10
-1.584614229769206e-10
-1.547310683204909e-10
-1.443439519943178e-10
-1.437035411498301e-10
-1.354178496078203e-10
-1.383320284378632e-10
-1.239603663550661e-10
-1.326985785705662e-10
-1.130299954020877e-10
-1.24709004147743e-10
-1.016893826896943e-10
-1.215751428311542e-10
-8.446818824337669e-11
-1.193119963620831e-10
-6.838166607360488e-11
-1.131942446064257e-10
-5.241589033389838e-11
-1.020635488362092e-10
-4.460079961731866e-11
-7.634851034650762e-12
-2.606254629588868e-10
-2.081534045278456e-10
-2.755613730656078e-10
-2.629204565859662e-10
-2.821824201068044e-10
-2.751439408722165e-10
-2.86209441302165e-10
-2.792362045495847e-10
-2.8018325741159e-10
-2.780522012308158e-10
-2.766944552207685e-10
-2.732533489576094e-10
-2.696975168323443e-10
-2.681122079351e-10
-2.636619490575113e-10
-2.589251066034859e-10
-2.571275055610979e-10
-2.524614767463946e-10
-2.473802724163457e-10
-2.45415064580249e-10
-2.401265391468755e-10
-2.352489194465908e-10
-2.327926740341795e-10
-2.279586208860428e-10
-2.220304333888328e-10
-2.197521908058056e-10
-2.140681309850259e-10
-2.089335635112518e-10
-2.058686035639433e-10
-2.009664764029513e-10
-1.953556836115791e-10
-1.934677793813687e-10
-1.874822345353582e-10
-1.822389695659113e-10
-1.785758746486023e-10
-1.740516344136454e-10
-1.661528430961776e-10
-1.65904197717909e-10
-1.583779727621171e-10
-1.547268091971688e-10
-1.443743771112205e-10
-1.437971551468708e-10
-1.354063159900194e-10
-1.383134156316244e-10
-1.240096220048076e-10
-1.326844337122561e-10
-1.129828965990244e-10
-1.247998685909531e-10
-1.016469263185876e-10
-1.215583344162014e-10
-8.452315186470244e-11
-1.192745535835025e-10
-6.836306168687771e-11
-1.131796631601791e-10
-5.251199076983256e-11
-1.017505413748086e-10
-4.414757181353877e-11
-9.496896472093923e-12
-2.62351290860925e-10
-2.077076383908045e-10
-2.754105109962857e-10
-2.625684502817078e-10
-2.818945115070376e-10
-2.750376150182075e-10
-2.85986417937747e-10
-2.790541077863687e-10
-2.801267138725067e-10
-2.779808075360719e-10
-2.765723369176043e-10
-2.731704220480505e-10
-2.697250469238324e-10
-2.680314029113143e-10
-2.635715975882399e-10
-2.589796754482971e-10
-2.570644945247782e-10
-2.523873357309414e-10
-2.474403637019122e-10
-2.453547116278658e-10
-2.400600671454066e-10
-2.353288360935904e-10
-2.327452910054267e-10
-2.279073249104798e-10
-2.221196106574884e-10
-2.197023338358226e-10
-2.140093935957242e-10
-2.090165182641527e-10
-2.058304698425588e-10
-2.009111762151833e-10
-1.954248612908697e-10
-1.934392861599115e-10
-1.874351765903409e-10
-1.823313295109492e-10
-1.785255536716588e-10
-1.73978853458341e-10
-1.662514316417693e-10
-1.658944063632475e-10
-1.582724721035802e-10
-1.547129008639836e-10
-1.444106610758033e-10
-1.439139691140424e-10
-1.353983938964273e-10
-1.382861047745888e-10
-1.240823739578344e-10
-1.326558663821222e-10
-1.129312232048773e-10
-1.249027592033774e-10
-1.016025612458955e-10
-1.215146148157416e-10
-8.460975906797612e-11
-1.19195888251859e-10
-6.834680709784986e-11
-1.131343565996307e-10
-5.260062334750888e-11
-1.013361984931673e-10
-4.331073289759535e-11
-1.161485863789849e-11
-2.647731815531802e-10
-2.074201180764934e-10
-2.752571215903555e-10
-2.622075762138838e-10
-2.815296419480631e-10
-2.749393324121821e-10
-2.857029344843834e-10
-2.788220213622776e-10
-2.800548145218595e-10
-2.77900672064164e-10
-2.764187313728362e-10
-2.730649589345291e-10
-2.697639871782101e-10
-2.679304937532092e-10
-2.634566584669011e-10
-2.590521957655995e-10
-2.569832301597477e-10
-2.522892144320585e-10
-2.475195179146242e-10
-2.452785999178102e-10
-2.399721101513536e-10
-2.354309071861585e-10
-2.326834459670609e-10
-2.278347182196856e-10
-2.222319627865369e-10
-2.196402410067084e-10
-2.139327631367085e-10
-2.091237402696294e-10
-2.05782932642513e-10
-2.008394114573965e-10
-1.95518419301701e-10
-1.933987946739782e-10
-1.873683785027559e-10
-1.824482866221966e-10
-1.784641677334223e-10
-1.738799339293426e-10
-1.663739435505907e-10
-1.658825086750758e-10
-1.581363902627139e-10
-1.54683132690602e-10
-1.444532514120723e-10
-1.440621080401115e-10
-1.353990264339194e-10
-1.382466315851005e-10
-1.241868333673081e-10
-1.326087010049383e-10
-1.128740248373557e-10
-1.250210770423839e-10
-1.015575203289266e-10
-1.214319132883648e-10
-8.474011036306921e-11
-1.190601260790229e-10
-6.833234572340946e-11
-1.130380939509358e-10
-5.266654465208979e-11
-1.007969789134363e-10
-4.19670401853055e-11
-1.394722760918082e-11
-2.68108206028607e-10
-2.074266116017438e-10
-2.751192558147335e-10
-2.618702698266294e-10
-2.810739183700866e-10
-2.748559077482054e-10
-2.853439757721146e-10
-2.785267094854528e-10
-2.799623195460759e-10
-2.77811638643592e-10
-2.762239925865918e-10
-2.729269132602363e-10
-2.698137153700019e-10
-2.678043261940206e-10
-2.633064064250508e-10
-2.591442430782192e-10
-2.568805848577467e-10
-2.521603273694659e-10
-2.476219880767538e-10
-2.451847369229149e-10
-2.398555987692484e-10
-2.355586612937185e-10
-2.326054691284503e-10
-2.277338835893374e-10
-2.223717216543049e-10
-2.195635056147558e-10
-2.13829880340079e-10
-2.09258634038438e-10
-2.057242357230019e-10
-2.007445012909131e-10
-1.956422475479075e-10
-1.933459214167292e-10
-1.8727629344069e-10
-1.825943293503223e-10
-1.783898705766603e-10
-1.737449346072074e-10
-1.665242357591747e-10
-1.658694071509037e-10
-1.579555708690151e-10
-1.54627108876611e-10
-1.44507750164772e-10
-1.442540485376328e-10
-1.354133186838878e-10
-1.38190395341574e-10
-1.243311936810814e-10
-1.325395046755752e-10
-1.128088036977294e-10
-1.251558231865174e-10
-1.015145944978745e-10
-1.212956545572997e-10
-8.492380156381974e-11
-1.18849690558882e-10
-6.831506315252677e-11
-1.128691582039198e-10
-5.267288307555889e-11
-1.001090698429555e-10
-3.997523602109674e-11
-1.632387967963182e-11
-2.725498555159107e-10
-2.079243255099114e-10
-2.750455497814701e-10
-2.616046027720159e-10
-2.805306568935062e-10
-2.748021725003688e-10
-2.849017289779023e-10
-2.781572276476324e-10
-2.798407832050822e-10
-2.777090697716785e-10
-2.759817225084169e-10
-2.727493658242104e-10
-2.698696532974317e-10
-2.676489750524456e-10
-2.631143267847231e-10
-2.592564543600976e-10
-2.567544049274023e-10
-2.519919946843737e-10
-2.47745229603211e-10
-2.45073151454212e-10
-2.397060137668819e-10
-2.357122210293079e-10
-2.325094994585823e-10
-2.275962591009392e-10
-2.225370328727174e-10
-2.19474105349958e-10
-2.13698183012184e-10
-2.094223423800568e-10
-2.056555099337276e-10
-2.006235424512582e-10
-1.957965753342745e-10
-1.932801038361445e-10
-1.871510825408363e-10
-1.827690172392553e-10
-1.783064347818885e-10
-1.735666787657848e-10
-1.66700355513874e-10
-1.658600041561294e-10
-1.577154657083251e-10
-1.545323612834455e-10
-1.445829242976735e-10
-1.444999573314808e-10
-1.354463184390837e-10
-1.381149867344614e-10
-1.245183148853113e-10
-1.324484376194724e-10
-1.127352378913079e-10
-1.253072790938177e-10
-1.014750640352523e-10
-1.210943338253581e-10
-8.516113523912809e-11
-1.185536433801295e-10
-6.827980594472651e-11
-1.12607838460442e-10
-5.255293330739315e-11
-9.92733447713125e-11
-3.722270276756126e-11
-1.844914176289451e-11
-2.781959837747216e-10
-2.091022002227719e-10
-2.751243594676993e-10
-2.615055809332359e-10
-2.799348998556931e-10
-2.747905464498899e-10
-2.843841521740125e-10
-2.777157331746094e-10
-2.796886900387514e-10
-2.775932281516348e-10
-2.756875319001257e-10
-2.725259562582971e-10
-2.699172364595198e-10
-2.674652446378827e-10
-2.628779106744427e-10
-2.593798275543948e-10
-2.566083777180558e-10
-2.517833234727274e-10
-2.478790271320475e-10
-2.449494996525845e-10
-2.395241702792741e-10
-2.358819222329399e-10
-2.323991033206979e-10
-2.274201932305264e-10
-2.227175774518403e-10
-2.193772770179386e-10
-2.135362211446669e-10
-2.096038736702324e-10
-2.055808647621102e-10
-2.004765141419689e-10
-1.959724944426608e-10
-1.932069330410909e-10
-1.86992579074059e-10
-1.82963424653088e-10
-1.782207738526658e-10
-1.733409373903445e-10
-1.668883872778907e-10
-1.658615381700857e-10
-1.574125090562491e-10
-1.543880110265125e-10
-1.446846767615596e-10
-1.448061688491381e-10
-1.355025327693554e-10
-1.380182836320274e-10
-1.247381883634465e-10
-1.323429993847296e-10
-1.126547930075475e-10
-1.254675655392526e-10
-1.014413062972892e-10
-1.208269143108934e-10
-8.543521941683765e-11
-1.181736177736802e-10
-6.820119294382735e-11
-1.12243363456973e-10
-5.222051838364401e-11
-9.833196366758203e-11
-3.365687800006634e-11
-2.000829973826187e-11
-2.850384060415214e-10
-2.11048207278245e-10
-2.754169105543855e-10
-2.616665904753995e-10
-2.793505928430465e-10
-2.748264575422989e-10
-2.838245335391281e-10
-2.772221833516526e-10
-2.795046612897375e-10
-2.7747093595351e-10
-2.753477858980083e-10
-2.722541255836709e-10
-2.699268592501684e-10
-2.672614574230576e-10
-2.626066839478137e-10
-2.59490761339155e-10
-2.564563906170996e-10
-2.515408495845096e-10
-2.479938369720319e-10
-2.448323534955809e-10
-2.393235862368197e-10
-2.360387130905629e-10
-2.322840335593026e-10
-2.272071317383947e-10
-2.228803660661359e-10
-2.192938310154833e-10
-2.133603975002308e-10
-2.097764377991253e-10
-2.055135066812988e-10
-2.003195561903789e-10
-1.961428461138067e-10
-1.931348516988254e-10
-1.868021256914768e-10
-1.831458542182766e-10
-1.781553391073526e-10
-1.730806107270528e-10
-1.670565305185752e-10
-1.658842407825591e-10
-1.570859584968475e-10
-1.542166157708397e-10
-1.448001413292704e-10
-1.451445586218323e-10
-1.35580002481147e-10
-1.378964673169084e-10
-1.249579986564209e-10
-1.322442696102683e-10
-1.12581718729445e-10
-1.256125297976977e-10
-1.014182673055527e-10
-1.205033595260739e-10
-8.570112602416818e-11
-1.177356237070668e-10
-6.805392207231336e-11
-1.117669484757207e-10
-5.160011142316099e-11
-9.738095733475782e-11
-2.930938936239156e-11
-2.079944422644236e-11
-2.929908782309747e-10
-2.137193122426432e-10
-2.758836064810776e-10
-2.621364634960907e-10
-2.788755476492519e-10
-2.748765777415378e-10
-2.832692969209655e-10
-2.767419884977743e-10
-2.792712789384747e-10
-2.77341719086425e-10
-2.749973303517175e-10
-2.719363145145639e-10
-2.698466287634825e-10
-2.670602975316591e-10
-2.623281577625476e-10
-2.595411840177679e-10
-2.563257233815031e-10
-2.512866501180563e-10
-2.480352224943542e-10
-2.447569444767209e-10
-2.391387001739905e-10
-2.36127514504318e-10
-2.321830398753405e-10
-2.269710484446217e-10
-2.229660955334795e-10
-2.1925992922615e-10
-2.13204236321532e-10
-2.098858979228471e-10
-2.054766738026445e-10
-2.001883177843977e-10
-1.962551148516334e-10
-1.930810859472852e-10
-1.865963263057382e-10
-1.832579781876832e-10
-1.781477020742732e-10
-1.728166886386586e-10
-1.671437590029449e-10
-1.659417034057454e-10
-1.567825494715175e-10
-1.540743740163757e-10
-1.449522786102164e-10
-1.454381792824862e-10
-1.356602549203999e-10
-1.37753816491395e-10
-1.251149017227823e-10
-1.32189904460838e-10
-1.125533002147546e-10
-1.256889490253714e-10
-1.014166262038943e-10
-1.201515665555958e-10
-8.588372213545054e-11
-1.172860542714401e-10
-6.782870255626591e-11
-1.111607121299886e-10
-5.06561235828491e-11
-9.654645834414406e-11
-2.428791527705195e-11
-2.073425810651629e-11
-3.018934738894128e-10
-2.170360270465157e-10
-2.76459522849995e-10
-2.62840867585699e-10
-2.786332932708013e-10
-2.749163187774694e-10
-2.826992137955773e-10
-2.763962788800238e-10
-2.789723014355752e-10
-2.771502003211104e-10
-2.746833025070249e-10
-2.716098071441104e-10
-2.696637164837825e-10
-2.66846984909802e-10
-2.620903192321524e-10
-2.595161003151129e-10
-2.561914560381935e-10
-2.51058114152098e-10
-2.479871231223151e-10
-2.447087522295257e-10
-2.390275969994505e-10
-2.361303345267813e-10
-2.320560750948468e-10
-2.267353838135945e-10
-2.229503500253045e-10
-2.192649901619038e-10
-2.131224776586617e-10
-2.099203723125948e-10
-2.054487815463551e-10
-2.001435796712714e-10
-1.962874920647651e-10
-1.930028174709429e-10
-1.863998929336871e-10
-1.832739818175848e-10
-1.78194781258433e-10
-1.726102065320581e-10
-1.671241170984095e-10
-1.65995698967261e-10
-1.565254802911313e-10
-1.540129809551353e-10
-1.451765206388454e-10
-1.456205748631356e-10
-1.356976380665442e-10
-1.376312594702996e-10
-1.251884527701889e-10
-1.321685255538435e-10
-1.126360090872808e-10
-1.256781406551691e-10
-1.01385850469494e-10
-1.198159421178161e-10
-8.594325050570442e-11
-1.168244466204521e-10
-6.754444672044454e-11
-1.104504296194248e-10
-4.937423941133228e-11
-9.593503526212157e-11
-1.871480204685055e-11
-1.980392376173301e-11
-3.115353146073151e-10
-2.209218318387552e-10
-2.77221739630177e-10
-2.636716366306741e-10
-2.785754397974489e-10
-2.749634343042128e-10
-2.821010639600025e-10
-2.76199174088898e-10
-2.786343085143735e-10
-2.768638084300885e-10
-2.744045668791621e-10
-2.713366003069815e-10
-2.694179506489122e-10
-2.665960342017621e-10
-2.619385385294593e-10
-2.594261803477636e-10
-2.559849843647725e-10
-2.508982353850048e-10
-2.478859484492232e-10
-2.446264969443226e-10
-2.390312249652567e-10
-2.360710237227632e-10
-2.318376055317817e-10
-2.265364005335139e-10
-2.22858412607922e-10
-2.192466311988001e-10
-2.131407795618684e-10
-2.099127700029962e-10
-2.053836362137975e-10
-2.002193296939499e-10
-1.962559844280743e-10
-1.928334210761392e-10
-1.862341094472092e-10
-1.832269070588961e-10
-1.782589572886663e-10
-1.725276900370005e-10
-1.670133043191419e-10
-1.659704926165292e-10
-1.563471662718956e-10
-1.540143353018025e-10
-1.454216228965096e-10
-1.45697539689255e-10
-1.356864339004575e-10
-1.375914211761264e-10
-1.252144598575348e-10
-1.321049694858681e-10
-1.12846134586953e-10
-1.256163400471873e-10
-1.012721669784961e-10
-1.195564713552192e-10
-8.589747347922842e-11
-1.162952806251018e-10
-6.723342781953895e-11
-1.097138046026139e-10
-4.775521644602778e-11
-9.559672098904075e-11
-1.268611294906699e-11
-1.809123446514678e-11
-3.216215552390554e-10
-2.252318315327559e-10
-2.783309193078626e-10
-2.646026806784359e-10
-2.785853853010587e-10
-2.75084190241798e-10
-2.815291183887227e-10
-2.760541628401165e-10
-2.782667745807122e-10
-2.765162827554444e-10
-2.741293423247258e-10
-2.711295692114662e-10
-2.691317587353201e-10
-2.663097891681776e-10
-2.618526292069337e-10
-2.592724473003126e-10
-2.557040256799919e-10
-2.508508473111663e-10
-2.477722659473541e-10
-2.444555268396788e-10
-2.390921163221734e-10
-2.359605557539923e-10
-2.315599609457542e-10
-2.264299663042468e-10
-2.227182280291249e-10
-2.191435568327516e-10
-2.132127279496844e-10
-2.098945087598877e-10
-2.052935148117077e-10
-2.003500634858479e-10
-1.961599083816993e-10
-1.926080112109837e-10
-1.861151544381857e-10
-1.831598576021178e-10
-1.783081351896174e-10
-1.725778720701926e-10
-1.668322345995265e-10
-1.658197481997752e-10
-1.562658470808319e-10
-1.540448000179424e-10
-1.456494653484337e-10
-1.457231429109048e-10
-1.356358766755675e-10
-1.376419793176315e-10
-1.252405148707974e-10
-1.319675228727001e-10
-1.130885263383362e-10
-1.255250058420747e-10
-1.011246577807043e-10
-1.193867634642768e-10
-8.577365250524302e-11
-1.157149170277017e-10
-6.692809735530432e-11
-1.090107173400876e-10
-4.582526957260443e-11
-9.549094389592332e-11
-6.33069692690921e-12
-1.577438051538264e-11
-3.318422162802038e-10
-2.297776567285796e-10
-2.797875767242747e-10
-2.656295497234593e-10
-2.786673017243961e-10
-2.752749372370373e-10
-2.809869717101696e-10
-2.759544141171523e-10
-2.779081307334013e-10
-2.761620068629971e-10
-2.738284460011805e-10
-2.709468512028861e-10
-2.688214244836163e-10
-2.659975315147338e-10
-2.617907183354806e-10
-2.590824000544352e-10
-2.554018050876587e-10
-2.509004335889068e-10
-2.476644608562928e-10
-2.441891569945423e-10
-2.390779396897064e-10
-2.358132758091819e-10
-2.313194857110666e-10
-2.264477439292436e-10
-2.225721919660821e-10
-2.189206760342227e-10
-2.132463622409998e-10
-2.098938508726044e-10
-2.052199264824839e-10
-2.00433797001323e-10
-1.960164859252298e-10
-1.924330295090784e-10
-1.860531352045354e-10
-1.830848556609689e-10
-1.782839893897989e-10
-1.727149103735663e-10
-1.666576854083829e-10
-1.65586670492051e-10
-1.562045108854565e-10
-1.540432519802272e-10
-1.458667259283833e-10
-1.457609892781285e-10
-1.355878118490834e-10
-1.377123479821164e-10
-1.252898755381912e-10
-1.318003681020982e-10
-1.132521791880242e-10
-1.25416982149343e-10
-1.010095867408911e-10
-1.192157546240265e-10
-8.562063239576884e-11
-1.151726486601211e-10
-6.659898198911315e-11
-1.083971059834558e-10
-4.368153215478406e-11
-9.551969041440976e-11
1.741150967314067e-13
-1.303654996042665e-11
-3.41949135422349e-10
-2.344059194453568e-10
-2.81479345549303e-10
-2.66744435463159e-10
-2.787975689560357e-10
-2.754650071329186e-10
-2.804682643698131e-10
-2.759210710035927e-10
-2.775996151979071e-10
-2.758460268799154e-10
-2.735065751369196e-10
-2.70733365017386e-10
-2.685165847499534e-10
-2.657025066902465e-10
-2.616869548661289e-10
-2.588904395463519e-10
-2.551488027746635e-10
-2.509224532377656e-10
-2.47544030488046e-10
-2.43934363309953e-10
-2.389696120028318e-10
-2.356620618704e-10
-2.311526853424801e-10
-2.264875230009635e-10
-2.224575307324237e-10
-2.186918146778304e-10
-2.132046891111625e-10
-2.09884312764651e-10
-2.051727590479903e-10
-2.004466161015029e-10
-1.958749061726413e-10
-1.923491919686296e-10
-1.859878324370585e-10
-1.829837718525666e-10
-1.781821256783147e-10
-1.728768696740077e-10
-1.665641858410679e-10
-1.653553340998882e-10
-1.56064229036902e-10
-1.53964976964853e-10
-1.460761684889825e-10
-1.458376674829521e-10
-1.356007461402549e-10
-1.377552363586441e-10
-1.253356561037189e-10
-1.316622223239694e-10
-1.133226621072585e-10
-1.252825132984586e-10
-1.009403585670407e-10
-1.190005580244042e-10
-8.548048852886578e-11
-1.146918218419972e-10
-6.616558948640061e-11
-1.078969826536282e-10
-4.149247892693087e-11
-9.563378632071758e-11
6.650732213473409e-12
-9.9904917587756e-12
-3.517055256735471e-10
-2.390093641323348e-10
-2.833206564987624e-10
-2.679253682446269e-10
-2.789416680117974e-10
-2.75661396943209e-10
-2.800006348528727e-10
-2.759395723353759e-10
-2.772722965443484e-10
-2.755362593841953e-10
-2.732221865088454e-10
-2.704893242390515e-10
-2.682279054623709e-10
-2.654493892145402e-10
-2.615085226799932e-10
-2.587053033641445e-10
-2.549632153029612e-10
-2.50854035413635e-10
-2.473981654308552e-10
-2.437584367978419e-10
-2.388389555066487e-10
-2.355265262916006e-10
-2.310309392256776e-10
-2.264649750411109e-10
-2.223663989421226e-10
-2.185547586400323e-10
-2.131274861252245e-10
-2.098361535931234e-10
-2.051326280954078e-10
-2.004179915763893e-10
-1.957519874228976e-10
-1.923261141074217e-10
-1.858722367210515e-10
-1.82851460694946e-10
-1.780537833738661e-10
-1.730224083260341e-10
-1.665402192479526e-10
-1.651522227029747e-10
-1.558237526865501e-10
-1.538302937076144e-10
-1.463018727754508e-10
-1.459579228419035e-10
-1.356610914335872e-10
-1.377746462714787e-10
-1.253616159687248e-10
-1.315633804473706e-10
-1.133447135393597e-10
-1.251103533060836e-10
-1.009006568496055e-10
-1.187760104063533e-10
-8.534852425037411e-11
-1.142520724942653e-10
-6.563793363049602e-11
-1.074908671653111e-10
-3.936467984665231e-11
-9.584593225583036e-11
1.292181295493918e-11
-6.708701054871688e-12
-3.609044189691328e-10
-2.435219569699795e-10
-2.852334196567672e-10
-2.691430782669402e-10
-2.790711870300512e-10
-2.758871168065257e-10
-2.796049798872906e-10
-2.759747398857103e-10
-2.768990545152242e-10
-2.752090184620585e-10
-2.729954706981961e-10
-2.702496260921909e-10
-2.679427284448609e-10
-2.652288134131319e-10
-2.613023684591676e-10
-2.585125419786435e-10
-2.548105864621734e-10
-2.507391084606176e-10
-2.472279232404621e-10
-2.436317523144799e-10
-2.387084411680575e-10
-2.353935475079228e-10
-2.309379867923662e-10
-2.264110334490776e-10
-2.222680986653982e-10
-2.184776221715694e-10
-2.130466116306323e-10
-2.097587980077314e-10
-2.050998362570376e-10
-2.003726728513421e-10
-1.956244624327595e-10
-1.923452856667975e-10
-1.857238097011951e-10
-1.826746544993182e-10
-1.779403138222693e-10
-1.731705679532571e-10
-1.665322535206755e-10
-1.649864329213447e-10
-1.555029390187198e-10
-1.536338114473114e-10
-1.465823183099516e-10
-1.46136678536638e-10
-1.357350621005305e-10
-1.377670023659026e-10
-1.253684544077012e-10
-1.314863001929007e-10
-1.133467097880905e-10
-1.249138746352629e-10
-1.008798192269474e-10
-1.185471880852443e-10
-8.520341872395284e-11
-1.138607954165151e-10
-6.508595141371432e-11
-1.071681375442425e-10
-3.733389497368695e-11
-9.616962655874391e-11
1.880570047668236e-11
-3.26195452784419e-12
-3.693799672238855e-10
-2.479049877314367e-10
-2.871449031316404e-10
-2.703702611439021e-10
-2.791625882980636e-10
-2.761490711577104e-10
-2.792732453283048e-10
-2.759816447178654e-10
-2.765347726008102e-10
-2.748962530299436e-10
-2.727916966439555e-10
-2.700146807574725e-10
-2.676549368599978e-10
-2.650293536934613e-10
-2.610879392418821e-10
-2.583082746759666e-10
-2.546732437329998e-10
-2.506067953626446e-10
-2.470417979241851e-10
-2.43530216934262e-10
-2.38578323804624e-10
-2.352592623599513e-10
-2.308671274559689e-10
-2.263454010346508e-10
-2.221553443035561e-10
-2.184359317504863e-10
-2.129667321502409e-10
-2.096638835114946e-10
-2.050779718061737e-10
-2.003174940239412e-10
-1.954850134705593e-10
-1.923967471947022e-10
-1.855449817994071e-10
-1.824429499670652e-10
-1.778670336044002e-10
-1.733443463666651e-10
-1.665171270434506e-10
-1.648500659048575e-10
-1.551403041117553e-10
-1.533885279483715e-10
-1.469209017217071e-10
-1.463723606914173e-10
-1.357783616759384e-10
-1.377386001068976e-10
-1.253702525717803e-10
-1.314152733759343e-10
-1.133390309891208e-10
-1.247032958209057e-10
-1.008694681067604e-10
-1.183126845466646e-10
-8.504883691281503e-11
-1.135203690249504e-10
-6.455133763578155e-11
-1.069253082943953e-10
-3.544889470587816e-11
-9.660197890616592e-11
2.415640293662266e-11
2.816503735866941e-13
-3.769995479483058e-10
-2.521309966131229e-10
-2.889881741358122e-10
-2.715819979645986e-10
-2.791908467657709e-10
-2.764503612977014e-10
-2.789912663689426e-10
-2.75905801895406e-10
-2.762426334535468e-10
-2.746479789893601e-10
-2.725739785132113e-10
-2.697734682616133e-10
-2.673632571312871e-10
-2.648402250464277e-10
-2.608682058301464e-10
-2.580964517504065e-10
-2.54542457404399e-10
-2.504699400937942e-10
-2.468509237968967e-10
-2.434407991785799e-10
-2.384460895589793e-10
-2.351263750280544e-10
-2.308128620285639e-10
-2.262752824906496e-10
-2.220311890623572e-10
-2.184172480736474e-10
-2.12886339825931e-10
-2.095603645179267e-10
-2.050620043251191e-10
-2.00249714134334e-10
-1.953393082233555e-10
-1.924738138521976e-10
-1.853329249313647e-10
-1.821799900276726e-10
-1.77828458298137e-10
-1.735228871927849e-10
-1.665161173756429e-10
-1.647200499632584e-10
-1.547991776709634e-10
-1.531733383651078e-10
-1.47239056636566e-10
-1.465927711463975e-10
-1.357767650543006e-10
-1.37730019029231e-10
-1.253909954661281e-10
-1.313338284538734e-10
-1.133247818794543e-10
-1.244865646007825e-10
-1.008605922067861e-10
-1.180736753766472e-10
-8.490188009215076e-11
-1.132240128111388e-10
-6.405760903174779e-11
-1.067589123636532e-10
-3.377105713675522e-11
-9.71408033029973e-11
2.886327342029231e-11
3.865862474568178e-12
-3.836488106010602e-10
-2.561748776963867e-10
-2.907158176595569e-10
-2.727516431055251e-10
-2.791676139659585e-10
-2.767643877755907e-10
-2.787814903963244e-10
-2.758174940192497e-10
-2.759604225344878e-10
-2.744096113754634e-10
-2.723398466942122e-10
-2.695257981591345e-10
-2.6707360785744e-10
-2.646509278978299e-10
-2.606432609284804e-10
-2.578864225224719e-10
-2.544066873622142e-10
-2.503335135234597e-10
-2.466707876705957e-10
-2.433532477482118e-10
-2.383099228946118e-10
-2.350018128583001e-10
-2.307683550350826e-10
-2.262021450020887e-10
-2.219007731237228e-10
-2.18410665211733e-10
-2.128047990633933e-10
-2.094592312502372e-10
-2.050375481027974e-10
-2.001642795861486e-10
-1.952025705922964e-10
-1.925692083442923e-10
-1.850884141361288e-10
-1.819135252832138e-10
-1.778166189580597e-10
-1.736878858862741e-10
-1.665394398435866e-10
-1.645600985805572e-10
-1.546567297520108e-10
-1.53125316296741e-10
-1.472962790111e-10
-1.466853422142929e-10
-1.358226109272968e-10
-1.37737593220739e-10
-1.253937079474681e-10
-1.312557149145444e-10
-1.133136749135421e-10
-1.24274378511212e-10
-1.008495770397223e-10
-1.178334210738026e-10
-8.477713902327985e-11
-1.129601699805472e-10
-6.362367636015185e-11
-1.066702250393577e-10
-3.234710706825832e-11
-9.77914807324121e-11
3.282225658254331e-11
7.441671749262604e-12
-3.892246721171385e-10
-2.600162267676655e-10
-2.922887968155746e-10
-2.738535450016282e-10
-2.791177799129392e-10
-2.770760075050476e-10
-2.786531328439704e-10
-2.757914806323847e-10
-2.756170250410968e-10
-2.741088727037762e-10
-2.721003929676871e-10
-2.692748542233469e-10
-2.667894368072948e-10
-2.64456246940733e-10
-2.604129597206216e-10
-2.576847662213579e-10
-2.542615041753507e-10
-2.501978433523141e-10
-2.465076460459244e-10
-2.43263701052463e-10
-2.381697127008867e-10
-2.348898769521146e-10
-2.307276303964094e-10
-2.261251790450392e-10
-2.217686431332352e-10
-2.184107080274312e-10
-2.127228320639248e-10
-2.09366995785944e-10
-2.049920571593608e-10
-2.000551437858388e-10
-1.950863967981025e-10
-1.926724753664869e-10
-1.848220783065408e-10
-1.816279440213024e-10
-1.77854840913699e-10
-1.738835023808279e-10
-1.665502512166226e-10
-1.643744361671751e-10
-1.547317101512495e-10
-1.532548743777495e-10
-1.47079671144145e-10
-1.466378619000586e-10
-1.359515217738257e-10
-1.377322462186279e-10
-1.253362258987368e-10
-1.311967867450937e-10
-1.133127886855107e-10
-1.240704044367232e-10
-1.008441928882994e-10
-1.175955170668513e-10
-8.467711898064318e-11
-1.127234718818192e-10
-6.326774859311024e-11
-1.066546169227021e-10
-3.12089865424021e-11
-9.855994599326008e-11
3.593249320374023e-11
1.09644867949539e-11
-3.936310425922277e-10
-2.636369921784271e-10
-2.936631343043699e-10
-2.748739270334738e-10
-2.790243116968693e-10
-2.774105234136021e-10
-2.785882018351888e-10
-2.757674836539215e-10
-2.752450251020447e-10
-2.737652207811889e-10
-2.718516040410092e-10
-2.690186351071256e-10
-2.665100436205684e-10
-2.642588753933592e-10
-2.601779554013536e-10
-2.574908880895509e-10
-2.54117353273493e-10
-2.500619053000696e-10
-2.463506888559002e-10
-2.431769531196642e-10
-2.380273326979507e-10
-2.347874524681802e-10
-2.306880397537446e-10
-2.260433541364403e-10
-2.216357174318141e-10
-2.184179874953867e-10
-2.126404396033034e-10
-2.092830807895074e-10
-2.049296499809631e-10
-1.999187402769289e-10
-1.949761846597236e-10
-1.927575085994301e-10
-1.845863077253066e-10
-1.813726923042224e-10
-1.77902839034022e-10
-1.740917562506907e-10
-1.66538836127618e-10
-1.642035117034183e-10
-1.548625492506433e-10
-1.534638637935074e-10
-1.468136598531384e-10
-1.465193879376565e-10
-1.360826734544672e-10
-1.377188916752793e-10
-1.252513708514166e-10
-1.311505003518223e-10
-1.133176075505442e-10
-1.238678213057089e-10
-1.008580748380057e-10
-1.173623920309944e-10
-8.459685755602089e-11
-1.12519173339609e-10
-6.30068788002825e-11
-1.066969571689613e-10
-3.037648753089278e-11
-9.945128458217591e-11
3.809494509069474e-11
1.439156091980954e-11
-3.967757815861142e-10
-2.670038312590511e-10
-2.947916706523174e-10
-2.758527915609112e-10
-2.789314968369627e-10
-2.777158325125761e-10
-2.785240125413174e-10
-2.757190046262959e-10
-2.748698350484961e-10
-2.734105590168729e-10
-2.715930108556662e-10
-2.687558489941918e-10
-2.662376700718146e-10
-2.640626495547767e-10
-2.599386845393294e-10
-2.573028600413728e-10
-2.539829009115096e-10
-2.4992395833526e-10
-2.461893667273375e-10
-2.430996258972118e-10
-2.378857205879686e-10
-2.346901673963751e-10
-2.306503368864449e-10
-2.259558600686876e-10
-2.215000215393967e-10
-2.184352348140972e-10
-2.125574901705599e-10
-2.092044164644426e-10
-2.048660221384597e-10
-1.997540290308586e-10
-1.948152399728922e-10
-1.927663769670287e-10
-1.845307342335653e-10
-1.813169318255806e-10
-1.77785304156979e-10
-1.741836667125518e-10
-1.665603922605725e-10
-1.640740439699922e-10
-1.549936538135925e-10
-1.536908845553735e-10
-1.465745459720379e-10
-1.463927462624098e-10
-1.361715614407589e-10
-1.376981128792309e-10
-1.251803115532327e-10
-1.3110958187004e-10
-1.13320851162552e-10
-1.236683985835395e-10
-1.009026809093977e-10
-1.171349191934512e-10
-8.453514952259074e-11
-1.123493559457667e-10
-6.285599212737676e-11
-1.067848357436107e-10
-2.987344554654138e-11
-1.004683768434271e-10
3.922689280186357e-11
1.76824108499516e-11
-3.985954087371022e-10
-2.700488274284761e-10
-2.955857103995916e-10
-2.76939972740999e-10
-2.78986584269424e-10
-2.778085472093468e-10
-2.783266124900613e-10
-2.756739972591337e-10
-2.745163835669015e-10
-2.730830875079685e-10
-2.713287639112065e-10
-2.684878406007353e-10
-2.659728113920246e-10
-2.638694420579074e-10
-2.596963780727579e-10
-2.571209712448209e-10
-2.538516771720012e-10
-2.497829796323535e-10
-2.460285652755271e-10
-2.430363031357253e-10
-2.377470418541389e-10
-2.345943497421635e-10
-2.306158446521104e-10
-2.258626834734224e-10
-2.213602013312034e-10
-2.184627117313823e-10
-2.124716923272495e-10
-2.091291391413576e-10
-2.048274170664274e-10
-1.995649215274034e-10
-1.945687646236222e-10
-1.92715880914901e-10
-1.846738524679761e-10
-1.814675742795239e-10
-1.774909670008405e-10
-1.741324283072944e-10
-1.666180286707586e-10
-1.639846675676903e-10
-1.551086091378305e-10
-1.538928582455966e-10
-1.463692945495798e-10
-1.46306058749021e-10
-1.362146657437556e-10
-1.376686957492661e-10
-1.251394227297862e-10
-1.3105457061928e-10
-1.133160318190968e-10
-1.234910702587747e-10
-1.009642149779061e-10
-1.169165175225178e-10
-8.451691673943798e-11
-1.122053927079825e-10
-6.282539834680552e-11
-1.069127251084388e-10
-2.973853760142816e-11
-1.016120596127053e-10
3.927762485896303e-11
2.082001207211026e-11
-3.990958818108809e-10
-2.727893764726926e-10
-2.959693422361486e-10
-2.781065321871845e-10
-2.791867862746963e-10
-2.776854647010765e-10
-2.779842862848396e-10
-2.756074780053069e-10
-2.741908198784035e-10
-2.728157839668302e-10
-2.710656462755255e-10
-2.682163551646652e-10
-2.657096672721434e-10
-2.636797345206947e-10
-2.594534061637442e-10
-2.569459691305286e-10
-2.537153818074187e-10
-2.496394843549154e-10
-2.458744779328511e-10
-2.429853462685442e-10
-2.376131221996162e-10
-2.345010543984431e-10
-2.305855465148585e-10
-2.257636612901796e-10
-2.212158310118806e-10
-2.184983523680905e-10
-2.123788973026106e-10
-2.090580784207511e-10
-2.048371887768877e-10
-1.993569309641806e-10
-1.942462997980729e-10
-1.926783441665081e-10
-1.84889525867331e-10
-1.816885486420611e-10
-1.771679371990151e-10
-1.740158702868846e-10
-1.666601665231931e-10
-1.63916682007118e-10
-1.552046801140526e-10
-1.540523355099296e-10
-1.461899722890638e-10
-1.462734911654073e-10
-1.362358157600586e-10
-1.376360019691251e-10
-1.251158551749874e-10
-1.309688854531188e-10
-1.132991934037006e-10
-1.233450366498226e-10
-1.010067633388251e-10
-1.167202953278013e-10
-8.458886802942309e-11
-1.120747602786591e-10
-6.292113231960437e-11
-1.070737340959371e-10
-3.000809877227688e-11
-1.028818643143484e-10
3.822091904249614e-11
2.382686626202649e-11
-3.983040188914233e-10
-2.754093466474688e-10
-2.958848301221777e-10
-2.790851259568951e-10
-2.793985914039386e-10
-2.775096546375361e-10
-2.775931538510771e-10
-2.755044248851719e-10
-2.738847503236394e-10
-2.725783197755104e-10
-2.708120834041896e-10
-2.679457809142971e-10
-2.654437432726174e-10
-2.634941059519866e-10
-2.592138387376104e-10
-2.567773847506522e-10
-2.535762895941266e-10
-2.494958880122267e-10
-2.45722807312631e-10
-2.429398895021185e-10
-2.374848351826829e-10
-2.344149431742628e-10
-2.305614300835911e-10
-2.256590268828783e-10
-2.210657573966175e-10
-2.185394494547689e-10
-2.122732650309521e-10
-2.089932331701643e-10
-2.048844401806249e-10
-1.99141418045863e-10
-1.938542408073104e-10
-1.926810115632336e-10
-1.851524827809759e-10
-1.819015054220642e-10
-1.768633126645759e-10
-1.738842125580737e-10
-1.666745685088072e-10
-1.638608062429407e-10
-1.552824174676773e-10
-1.541827564009387e-10
-1.460300794553437e-10
-1.462746805031411e-10
-1.362660483994036e-10
-1.376083194710953e-10
-1.25081613798422e-10
-1.308629827803455e-10
-1.132732372511376e-10
-1.23221512111991e-10
-1.01057018272605e-10
-1.165396135231548e-10
-8.472534421488817e-11
-1.119559794343743e-10
-6.314989532468267e-11
-1.072584592846339e-10
-3.069054751026997e-11
-1.042745447579174e-10
3.600311669742049e-11
2.6649251597927e-11
-3.9611814593436e-10
-2.779348816182962e-10
-2.953715274254398e-10
-2.797757789405197e-10
-2.79533192230117e-10
-2.773279049879192e-10
-2.772167610711854e-10
-2.754164282081394e-10
-2.735873088474842e-10
-2.723073357832824e-10
-2.705736520501056e-10
-2.676822196948137e-10
-2.651756160004678e-10
-2.633149461470011e-10
-2.58982815021496e-10
-2.566117934417107e-10
-2.53440611529949e-10
-2.493556532477745e-10
-2.45565080233233e-10
-2.428926723354109e-10
-2.373615492683226e-10
-2.343395821814546e-10
-2.305445802816874e-10
-2.25548882694117e-10
-2.209099862833702e-10
-2.18588721630656e-10
-2.121475160237908e-10
-2.089253491918872e-10
-2.049090946154728e-10
-1.989593562656306e-10
-1.934932233621369e-10
-1.926932089303639e-10
-1.854153545493859e-10
-1.820840387592275e-10
-1.765865743793373e-10
-1.737608711064246e-10
-1.666742320901335e-10
-1.638132818380551e-10
-1.553347637709184e-10
-1.543131537122545e-10
-1.458882819214422e-10
-1.462766750809294e-10
-1.363197692077988e-10
-1.375910369167412e-10
-1.25017716767201e-10
-1.307540655715234e-10
-1.132452235491687e-10
-1.231137717852824e-10
-1.011763146407527e-10
-1.163600934380168e-10
-8.4859666847541e-11
-1.118502340243727e-10
-6.351771557148594e-11
-1.074546555597731e-10
-3.178032646600927e-11
-1.057834241501194e-10
3.253275441191043e-11
2.916010163343902e-11
-3.923801534234151e-10
-2.802056436583573e-10
-2.945366499435909e-10
-2.802349890969733e-10
-2.795485748329348e-10
-2.771338294327572e-10
-2.768709611378272e-10
-2.75328806298731e-10
-2.732879538914186e-10
-2.720204938641106e-10
-2.703460796242308e-10
-2.674287543271723e-10
-2.64909879763416e-10
-2.631479455154726e-10
-2.587650304785971e-10
-2.564429795517239e-10
-2.533117244151218e-10
-2.49222442485731e-10
-2.453976955421533e-10
-2.428442683993144e-10
-2.372402645442984e-10
-2.342711524817197e-10
-2.305378019469422e-10
-2.254316089451049e-10
-2.207492435235264e-10
-2.186579787088371e-10
-2.119942249305705e-10
-2.08798345640935e-10
-2.048260283277024e-10
-1.989449111912543e-10
-1.933793445136055e-10
-1.925836120862666e-10
-1.855331774798565e-10
-1.822703860924175e-10
-1.763510037470723e-10
-1.736581684542254e-10
-1.666542557405979e-10
-1.637722715764929e-10
-1.553758688754222e-10
-1.544665831470455e-10
-1.45764773546701e-10
-1.462556760596589e-10
-1.363797113639946e-10
-1.37585714804571e-10
-1.249365835679332e-10
-1.306532674736455e-10
-1.132213148790371e-10
-1.230147068133261e-10
-1.013535552536585e-10
-1.161863932460868e-10
-8.499858974965785e-11
-1.117481911075556e-10
-6.402397303727978e-11
-1.076482076219551e-10
-3.327407642517601e-11
-1.073974417278708e-10
2.772190050954244e-11
3.125841202157852e-11
-3.870157433809535e-10
-2.821149916449525e-10
-2.934092024933426e-10
-2.804957717368559e-10
-2.794720717286379e-10
-2.769248792656814e-10
-2.765270485606651e-10
-2.751941402329569e-10
-2.729843690368339e-10
-2.717677079343532e-10
-2.701268557962646e-10
-2.67187710848292e-10
-2.646493451357347e-10
-2.629983430274619e-10
-2.585634547881771e-10
-2.562650798088886e-10
-2.531868076877815e-10
-2.490997815353174e-10
-2.452246008739366e-10
-2.428003536226194e-10
-2.371171623463296e-10
-2.342013877606781e-10
-2.305398744418309e-10
-2.252996829475573e-10
-2.205886263760944e-10
-2.187598716621984e-10
-2.118035524760047e-10
-2.085624110083921e-10
-2.046787701480759e-10
-1.991530463524919e-10
-1.935023342597228e-10
-1.923433548846271e-10
-1.85480262480838e-10
-1.824607158267647e-10
-1.761544444031868e-10
-1.735765824636764e-10
-1.665891366664907e-10
-1.637408195311348e-10
-1.554396597594929e-10
-1.546423638504359e-10
-1.456577777359093e-10
-1.462130808213234e-10
-1.36403791015326e-10
-1.375907852133487e-10
-1.248782789627168e-10
-1.305794667081506e-10
-1.132035667679676e-10
-1.229076544470223e-10
-1.015309450324413e-10
-1.160255505386684e-10
-8.51970557109316e-11
-1.116410533495056e-10
-6.466360159358882e-11
-1.078232744813119e-10
-3.51616775354218e-11
-1.090980608720653e-10
2.151008588886054e-11
3.28495900462853e-11
-3.800112964849749e-10
-2.835889451114425e-10
-2.919910656249999e-10
-2.805716080302134e-10
-2.793368026755317e-10
-2.767016802119939e-10
-2.761541477018667e-10
-2.750140238956606e-10
-2.726795912476954e-10
-2.715476212243216e-10
-2.699171369636418e-10
-2.669618104514763e-10
-2.643947182630081e-10
-2.628658002827225e-10
-2.583775516786306e-10
-2.560784611965972e-10
-2.530606119152922e-10
-2.489894526600803e-10
-2.45056143782977e-10
-2.427633271201748e-10
-2.369867159731477e-10
-2.34126771612449e-10
-2.30554092074189e-10
-2.251429814806687e-10
-2.204200017511149e-10
-2.188845841236331e-10
-2.11585094369263e-10
-2.082579055120916e-10
-2.045635737664717e-10
-1.994808351527978e-10
-1.936840099894761e-10
-1.920943578607526e-10
-1.853543700128343e-10
-1.82626652953215e-10
-1.759815291768042e-10
-1.734975241337589e-10
-1.665276208824155e-10
-1.637295410032241e-10
-1.554809162067579e-10
-1.548241503069495e-10
-1.455646439563712e-10
-1.461754900229669e-10
-1.363802097447981e-10
-1.375980282591858e-10
-1.248537668717179e-10
-1.305549360433718e-10
-1.131944975310755e-10
-1.22778763827504e-10
-1.016919357965926e-10
-1.158724335565869e-10
-8.546514872852381e-11
-1.115265757393666e-10
-6.543094959621439e-11
-1.079640841855498e-10
-3.74229400440552e-11
-1.108561315555789e-10
1.386744115646088e-11
3.383583574830173e-11
-3.713944176887127e-10
-2.845643297038537e-10
-2.90288756067008e-10
-2.804725595415994e-10
-2.791470622432221e-10
-2.764612661113143e-10
-2.757485083359371e-10
-2.748234884836303e-10
-2.723834102135378e-10
-2.713280130610883e-10
-2.697186219331787e-10
-2.667539491826117e-10
-2.641438615418734e-10
-2.627374642510877e-10
-2.582031255588239e-10
-2.558967786696898e-10
-2.529392584921922e-10
-2.488893857783595e-10
-2.448928453231824e-10
-2.427369538038172e-10
-2.368417360739874e-10
-2.340291691860862e-10
-2.305610108997118e-10
-2.249787687556529e-10
-2.20243468067255e-10
-2.190185462602462e-10
-2.113960424671092e-10
-2.079580931411052e-10
-2.044599292066119e-10
-1.998252186602142e-10
-1.938613053357508e-10
-1.918888293966195e-10
-1.852194796380036e-10
-1.827713349161339e-10
-1.758242901713574e-10
-1.734100599448673e-10
-1.665208140106006e-10
-1.637403779484815e-10
-1.554509376343195e-10
-1.550017533412822e-10
-1.454828800154975e-10
-1.461548442523134e-10
-1.363502690561182e-10
-1.37602717072686e-10
-1.248161866854858e-10
-1.30578218530304e-10
-1.132021531246627e-10
-1.226359157915113e-10
-1.018615785612752e-10
-1.157241458459162e-10
-8.576609984825829e-11
-1.114079361804823e-10
-6.632008091610671e-11
-1.080556100896893e-10
-4.002617111481731e-11
-1.126306959526757e-10
4.796628410670344e-12
3.412223573107994e-11
-3.611685283431031e-10
-2.850145276093191e-10
-2.883247307355668e-10
-2.801850497701618e-10
-2.78883188450074e-10
-2.761979140694266e-10
-2.753284518859137e-10
-2.746586129013354e-10
-2.721059450033754e-10
-2.710788674830533e-10
-2.695334508197576e-10
-2.665662778527744e-10
-2.638935235613471e-10
-2.626064307726713e-10
-2.580369703550461e-10
-2.557294602170845e-10
-2.528358300109719e-10
-2.487939285001518e-10
-2.447273337548527e-10
-2.427329470208256e-10
-2.366755032828184e-10
-2.338494898833285e-10
-2.304836728887508e-10
-2.249142920647815e-10
-2.201099854489904e-10
-2.190501343694878e-10
-2.113548070956158e-10
-2.0781324850335e-10
-2.042703551666994e-10
-2.000819933236459e-10
-1.940174510520269e-10
-1.91738233925178e-10
-1.851133985173946e-10
-1.829041210670522e-10
-1.7567920950952e-10
-1.733239626915282e-10
-1.66515415027474e-10
-1.637646533343463e-10
-1.554088709615417e-10
-1.551690527165169e-10
-1.454064233236163e-10
-1.461472472925558e-10
-1.363263430964644e-10
-1.376097483421939e-10
-1.247519295730295e-10
-1.306014314814542e-10
-1.132288579761848e-10
-1.225267738015462e-10
-1.020215292323443e-10
-1.155845015667102e-10
-8.610703674753989e-11
-1.112853313736323e-10
-6.73212889400175e-11
-1.080799997836416e-10
-4.292158153134365e-11
-1.143704827939694e-10
-5.730086258571583e-12
3.360781552511186e-11
-3.49328874180678e-10
-2.849192251807957e-10
-2.861350915687687e-10
-2.796919005013247e-10
-2.78514798470461e-10
-2.759086201824744e-10
-2.749265131189985e-10
-2.745189936921621e-10
-2.71850423709764e-10
-2.708098467810383e-10
-2.693600127401474e-10
-2.663992183174639e-10
-2.636460020645965e-10
-2.624839371485569e-10
-2.578800427785646e-10
-2.555705500884343e-10
-2.527415681939091e-10
-2.486940069283173e-10
-2.445680489942319e-10
-2.427636719123661e-10
-2.364905225116964e-10
-2.335544163282066e-10
-2.303242672244003e-10
-2.25071895077963e-10
-2.200712426205796e-10
-2.188586703588213e-10
-2.114449713367594e-10
-2.079151266463259e-10
-2.039778156084492e-10
-2.001957635225037e-10
-1.941597185208674e-10
-1.916339088992666e-10
-1.850202872163141e-10
-1.830066932014557e-10
-1.755431157480233e-10
-1.732741038939121e-10
-1.664835153872e-10
-1.637908511976213e-10
-1.55386301527916e-10
-1.553282543678731e-10
-1.453324476536338e-10
-1.461530758669692e-10
-1.362858851426791e-10
-1.37621171198568e-10
-1.246972527494014e-10
-1.306263871416493e-10
-1.132554979976637e-10
-1.224514614406927e-10
-1.021383982615096e-10
-1.154511475887327e-10
-8.651305312993174e-11
-1.111605425897504e-10
-6.842371712792815e-11
-1.080107930446792e-10
-4.603072091171051e-11
-1.16015593600251e-10
-1.776525618376325e-11
3.217054768152371e-11
-3.359510055686504e-10
-2.842198501666593e-10
-2.837581504783139e-10
-2.790058978431779e-10
-2.780030014058699e-10
-2.755950844680544e-10
-2.745906618261757e-10
-2.743627915707463e-10
-2.716124474997302e-10
-2.705744539633678e-10
-2.691814114777832e-10
-2.662494679800394e-10
-2.634233114757959e-10
-2.623673538034362e-10
-2.577342890550685e-10
-2.554281200304898e-10
-2.526328875473864e-10
-2.485821880977632e-10
-2.444251947869697e-10
-2.428046712443422e-10
-2.36333605338143e-10
-2.332527108059572e-10
-2.301303639381473e-10
-2.253562923021334e-10
-2.201282556456401e-10
-2.185435751176964e-10
-2.115283626232809e-10
-2.081468108593448e-10
-2.036754413094692e-10
-2.002161861317599e-10
-1.942934083361816e-10
-1.915580866642444e-10
-1.8491530955453e-10
-1.830502158292567e-10
-1.754103139902402e-10
-1.732966274162785e-10
-1.664476178252935e-10
-1.638149001674736e-10
-1.553593798652448e-10
-1.554859648985743e-10
-1.452627086585954e-10
-1.461734694337743e-10
-1.362280809891883e-10
-1.37639922483751e-10
-1.246559786207479e-10
-1.306838789878834e-10
-1.132689049279633e-10
-1.223797293915446e-10
-1.02218941674228e-10
-1.153258275994324e-10
-8.696850807050044e-11
-1.110348674315623e-10
-6.961465220277864e-11
-1.078404982172602e-10
-4.93265278950163e-11
-1.174682647279376e-10
-3.122982242902953e-11
2.968840481889665e-11
-3.212018692581239e-10
-2.82866829189957e-10
-2.812263051416413e-10
-2.781560725096013e-10
-2.773893565446172e-10
-2.752433979905582e-10
-2.742937055494805e-10
-2.741874599032486e-10
-2.713884693889437e-10
-2.703869400257225e-10
-2.689870780060014e-10
-2.6611058310234e-10
-2.632480912439905e-10
-2.622399860136913e-10
-2.575952236703795e-10
-2.553224665979842e-10
-2.525022944837628e-10
-2.484637133591071e-10
-2.442740891761022e-10
-2.427892715977346e-10
-2.363243151074866e-10
-2.331268639990614e-10
-2.298497403309591e-10
-2.25559907079701e-10
-2.202419021626764e-10
-2.182498772068933e-10
-2.115665756567967e-10
-2.083898138303034e-10
-2.034188578596036e-10
-2.002140937205079e-10
-1.943932736028822e-10
-1.914983814476048e-10
-1.848189040374517e-10
-1.830861840615674e-10
-1.752852239879172e-10
-1.733395086321507e-10
-1.664107629578042e-10
-1.638428531467148e-10
-1.553266748840097e-10
-1.556454579129241e-10
-1.451991456822723e-10
-1.462097472051974e-10
-1.361582114633438e-10
-1.376707024783045e-10
-1.2461183208841e-10
-1.307642442826611e-10
-1.132737586204779e-10
-1.223234155110124e-10
-1.022789084594581e-10
-1.152148233811019e-10
-8.744311336016876e-11
-1.109064812764267e-10
-7.087658520008946e-11
-1.075740523559096e-10
-5.276788242553405e-11
-1.186066699321251e-10
-4.59685960992902e-11
2.607888187574264e-11
-3.053293555795443e-10
-2.808324562252161e-10
-2.785747736804179e-10
-2.77156152114277e-10
-2.767439377448926e-10
-2.74856791847385e-10
-2.739822276155394e-10
-2.740243791510064e-10
-2.711823239431237e-10
-2.702130475260819e-10
-2.688073455595274e-10
-2.659840822628104e-10
-2.630935594588299e-10
-2.621281991898215e-10
-2.574684359100501e-10
-2.552315577235376e-10
-2.523632211377563e-10
-2.483607877776691e-10
-2.440951078752919e-10
-2.426867776227819e-10
-2.364713490785082e-10
-2.332013644577999e-10
-2.295193527709145e-10
-2.256530659841261e-10
-2.203558614863873e-10
-2.180133376381255e-10
-2.115770828742443e-10
-2.086128872472182e-10
-2.03216503936141e-10
-2.002125014426154e-10
-1.944428784293206e-10
-1.914487640221391e-10
-1.847473139776694e-10
-1.831577425527407e-10
-1.751798217255048e-10
-1.733609143492596e-10
-1.663646645524757e-10
-1.638795633664337e-10
-1.5529803361731e-10
-1.558034583543036e-10
-1.451425267092915e-10
-1.462640675315226e-10
-1.360798713442976e-10
-1.377191522396226e-10
-1.245571530691564e-10
-1.308594655633572e-10
-1.132692686906329e-10
-1.222937447378998e-10
-1.023263621337476e-10
-1.151285301573698e-10
-8.791140806990025e-11
-1.107733553306162e-10
-7.21844387383652e-11
-1.072046818538973e-10
-5.621717482639784e-11
-1.193327103678817e-10
-6.183078251620989e-11
2.135732194405787e-11
-2.886589262270029e-10
-2.780922895705677e-10
-2.758522596105721e-10
-2.760388123597838e-10
-2.760818378037618e-10
-2.744666932935049e-10
-2.736642903751664e-10
-2.738718305960923e-10
-2.710013344870193e-10
-2.700500428024787e-10
-2.68650766696938e-10
-2.658758741971271e-10
-2.62948715103777e-10
-2.620511802549078e-10
-2.573666248330618e-10
-2.55141100523254e-10
-2.522303044494019e-10
-2.48311531029551e-10
-2.439422261935768e-10
-2.425138479108461e-10
-2.366176145685601e-10
-2.33378315298233e-10
-2.292525958405814e-10
-2.256897463728725e-10
-2.204387107138582e-10
-2.178285421827896e-10
-2.115764218736095e-10
-2.088163682134696e-10
-2.030669819601271e-10
-2.002118107631652e-10
-1.94453673136883e-10
-1.914104947369471e-10
-1.846983426598059e-10
-1.832355123491704e-10
-1.750972142629979e-10
-1.733897530320449e-10
-1.663100581785785e-10
-1.639296897425249e-10
-1.552725374502266e-10
-1.559474410387502e-10
-1.45093625847763e-10
-1.463456857222062e-10
-1.359941551633962e-10
-1.377910304807553e-10
-1.244884804445423e-10
-1.309654139481421e-10
-1.132528954896629e-10
-1.222981646151841e-10
-1.023601559574653e-10
-1.150788651491179e-10
-8.835546181275712e-11
-1.106388448632532e-10
-7.351117230375099e-11
-1.067105305563131e-10
-5.949156627248717e-11
-1.196043358197585e-10
-7.86135528834255e-11
1.553901902027759e-11
-2.717450521372596e-10
-2.746616368597727e-10
-2.731108634367072e-10
-2.748578190738378e-10
-2.754168758359049e-10
-2.74096041016832e-10
-2.733534405525211e-10
-2.737197459354347e-10
-2.708537890001919e-10
-2.699140305024463e-10
-2.684997113024747e-10
-2.657914676969304e-10
-2.628351320001003e-10
-2.619875574476162e-10
-2.572938613973593e-10
-2.550747067316976e-10
-2.521090608972327e-10
-2.483400350999732e-10
-2.438762911834144e-10
-2.422969227899297e-10
-2.36667937872174e-10
-2.335769178914248e-10
-2.290758181777627e-10
-2.257023008779314e-10
-2.204918694793139e-10
-2.176927942753521e-10
-2.115776233315072e-10
-2.089957786790245e-10
-2.029667075005076e-10
-2.002148782913491e-10
-1.944438326785967e-10
-1.91393000694515e-10
-1.846617711445829e-10
-1.832968176637681e-10
-1.750405669708014e-10
-1.734401872066213e-10
-1.662503332231249e-10
-1.640009547683223e-10
-1.552429091776419e-10
-1.560688588179452e-10
-1.450575248217883e-10
-1.464560006317332e-10
-1.358992246500969e-10
-1.378927087527846e-10
-1.244041717891453e-10
-1.310792625483391e-10
-1.132229684466934e-10
-1.223412850038966e-10
-1.023725548797419e-10
-1.150786082446764e-10
-8.875921571302827e-11
-1.105084642296693e-10
-7.483460146161551e-11
-1.060849297632784e-10
-6.249985582315278e-11
-1.193123748423715e-10
-9.578830710855943e-11
8.711528972066812e-12
-2.553804225035489e-10
-2.706587813607383e-10
-2.704130032397522e-10
-2.736463327561267e-10
-2.747598339010325e-10
-2.737644280338693e-10
-2.730687957675727e-10
-2.735714692608608e-10
-2.707480107243604e-10
-2.69807845303375e-10
-2.68353700437385e-10
-2.657383782541288e-10
-2.627554124429256e-10
-2.61926341579828e-10
-2.572532161618724e-10
-2.550457431758296e-10
-2.520045011685214e-10
-2.484018324560836e-10
-2.438810146119534e-10
-2.421033948390347e-10
-2.366505354266355e-10
-2.337380199266746e-10
-2.289693203048754e-10
-2.257189217499402e-10
-2.205212063955863e-10
-2.176068286375352e-10
-2.11586795579053e-10
-2.091404140252546e-10
-2.029108325948186e-10
-2.002273599931323e-10
-1.944273025698171e-10
-1.91408136985699e-10
-1.846255164491983e-10
-1.833453044970996e-10
-1.750196726988067e-10
-1.73496282082176e-10
-1.661848664032669e-10
-1.641001604868203e-10
-1.552061329360863e-10
-1.561802889298612e-10
-1.450355151629561e-10
-1.465704359398706e-10
-1.357922400274221e-10
-1.380324041050347e-10
-1.243056483676431e-10
-1.311976355852753e-10
-1.131796061877123e-10
-1.224248097261736e-10
-1.023558571006219e-10
-1.151400308815661e-10
-8.91050991045304e-11
-1.103819955144286e-10
-7.613392673955382e-11
-1.054045593767882e-10
-6.52393269995737e-11
-1.182795318549001e-10
-1.124928119596096e-10
1.189781986358155e-12
-2.404235307717612e-10
-2.662939269211542e-10
-2.678342072993487e-10
-2.724374962265117e-10
-2.741045736259007e-10
-2.734900455755675e-10
-2.728423465356242e-10
-2.734300886051052e-10
-2.706857968554193e-10
-2.697313139322741e-10
-2.682183926152387e-10
-2.657225384782238e-10
-2.627045761241295e-10
-2.6186203014973e-10
-2.572465095896776e-10
-2.550391264466397e-10
-2.519089593263652e-10
-2.484719601099244e-10
-2.439248640757783e-10
-2.41970283283503e-10
-2.36616306728304e-10
-2.338485167747493e-10
-2.289135497591825e-10
-2.257441840365297e-10
-2.2053382553846e-10
-2.175716019854689e-10
-2.116038716667277e-10
-2.092434328551364e-10
-2.028930699233537e-10
-2.002515601549782e-10
-1.944067368649336e-10
-1.914577225054933e-10
-1.845917437338432e-10
-1.833868953397133e-10
-1.750331803516578e-10
-1.73545357175375e-10
-1.661179548400171e-10
-1.642276252620116e-10
-1.55164414399688e-10
-1.562779565283983e-10
-1.450234881811436e-10
-1.466825021560708e-10
-1.356618438742591e-10
-1.382123994035595e-10
-1.242046812968285e-10
-1.313160218418113e-10
-1.131231820126154e-10
-1.225497931288038e-10
-1.023041234905068e-10
-1.152676035773702e-10
-8.938065741344868e-11
-1.10260214892557e-10
-7.738753747605699e-11
-1.047785874187976e-10
-6.768894302848706e-11
-1.164729544673226e-10
-1.278245198841282e-10
-6.449536886297193e-12
-2.276324405524805e-10
-2.619503354413227e-10
-2.654811563452551e-10
-2.71282528408899e-10
-2.734459549199927e-10
-2.732726386016457e-10
-2.726733232842472e-10
-2.732954700536392e-10
-2.706588637381846e-10
-2.696839885662771e-10
-2.681013555838521e-10
-2.6573772223926e-10
-2.626728364341574e-10
-2.61793007313809e-10
-2.572690796901098e-10
-2.550389807610905e-10
-2.518278526245787e-10
-2.485425648259114e-10
-2.43963051647874e-10
-2.418956414967372e-10
-2.366025208773204e-10
-2.33918303797749e-10
-2.28894906074696e-10
-2.257728635940886e-10
-2.205347094509914e-10
-2.175797260676875e-10
-2.116267289313137e-10
-2.093062899493588e-10
-2.02902525737447e-10
-2.002918048819747e-10
-1.943748767895857e-10
-1.915249890443838e-10
-1.845779871656719e-10
-1.834110912876656e-10
-1.750656137977921e-10
-1.735970152911556e-10
-1.660461395242383e-10
-1.643739718409372e-10
-1.551296110865307e-10
-1.563498518863169e-10
-1.450182790509484e-10
-1.468048230295412e-10
-1.355127164285759e-10
-1.384196331929104e-10
-1.241018035761422e-10
-1.314323977344338e-10
-1.130548007648154e-10
-1.227123253409727e-10
-1.022118177434335e-10
-1.154498593475401e-10
-8.959149263700248e-11
-1.101551941871546e-10
-7.8543879747533e-11
-1.042499624455486e-10
-6.988903961955988e-11
-1.140678023209463e-10
-1.409679429496126e-10
-1.354931807141511e-11
-2.174481515992497e-10
-2.58050472749204e-10
-2.634402380182748e-10
-2.702626449977528e-10
-2.728510313165618e-10
-2.730768318873418e-10
-2.725217144592127e-10
-2.731686793769572e-10
-2.706530806034621e-10
-2.696545450446885e-10
-2.680048169400019e-10
-2.657706304094455e-10
-2.626530968795753e-10
-2.617260480703831e-10
-2.573075581817454e-10
-2.550442275577499e-10
-2.517678740769744e-10
-2.485967339774706e-10
-2.439747772353819e-10
-2.418646191889138e-10
-2.366161477025962e-10
-2.339597405835876e-10
-2.289009890538826e-10
-2.258052739806775e-10
-2.205290729535999e-10
-2.176122017347956e-10
-2.116538259747306e-10
-2.093401398484529e-10
-2.029255653132979e-10
-2.003399216046599e-10
-1.943404571752649e-10
-1.915964555287567e-10
-1.845784932762585e-10
-1.834202148391236e-10
-1.751046300157825e-10
-1.736526663604392e-10
-1.659705267469707e-10
-1.6452032202616e-10
-1.551054130354862e-10
-1.56406315202142e-10
-1.450157192827672e-10
-1.469315718396808e-10
-1.353666783284321e-10
-1.386327593856511e-10
-1.239904771244705e-10
-1.315497530757462e-10
-1.129761613440609e-10
-1.22898959481099e-10
-1.020830374986325e-10
-1.156577410171793e-10
-8.974724560647962e-11
-1.100832299077692e-10
-7.954773370085704e-11
-1.038064960796779e-10
-7.191295966031248e-11
-1.113870008100634e-10
-1.513908576052306e-10
-1.966942065449436e-11
-2.098745961742768e-10
-2.548190023306206e-10
-2.617462730168971e-10
-2.694219809344842e-10
-2.723737754801082e-10
-2.729013919037084e-10
-2.723797220913916e-10
-2.730466437385569e-10
-2.70655252578205e-10
-2.696323951802355e-10
-2.67927411312561e-10
-2.658076580686449e-10
-2.626415155158117e-10
-2.616681249062642e-10
-2.573479715132505e-10
-2.550513627901258e-10
-2.517225998257032e-10
-2.486410214381265e-10
-2.439804207592191e-10
-2.418499250833968e-10
-2.366377691364071e-10
-2.339927409312295e-10
-2.289201982753996e-10
-2.258306090357781e-10
-2.205227287989957e-10
-2.176515368249317e-10
-2.116819198624619e-10
-2.093573599059253e-10
-2.029512534444621e-10
-2.003841311392768e-10
-1.943159830161613e-10
-1.916661878341483e-10
-1.845810704355526e-10
-1.834230818012975e-10
-1.751406203432698e-10
-1.737091883486471e-10
-1.659063851520353e-10
-1.646499197696414e-10
-1.550837703353819e-10
-1.564528681796267e-10
-1.450105623416699e-10
-1.470568752220478e-10
-1.352373233320231e-10
-1.388308730714343e-10
-1.238792974852134e-10
-1.31666009620986e-10
-1.128913147598758e-10
-1.230876786079528e-10
-1.019433686364415e-10
-1.158648741132274e-10
-8.985118930703886e-11
-1.100436008417407e-10
-8.037859772190912e-11
-1.034370995827014e-10
-7.377890313733639e-11
-1.08755963511684e-10
-1.590203697677776e-10
-2.469071789545658e-11
-2.045353360490501e-10
-2.522849276105979e-10
-2.603971631856412e-10
-2.687470300236504e-10
-2.720035382756804e-10
-2.727650142182263e-10
-2.722676796550077e-10
-2.729383660241792e-10
-2.70654148175958e-10
-2.696127510305499e-10
-2.678661597343132e-10
-2.658391455965155e-10
-2.626361537095424e-10
-2.616202187577686e-10
-2.573828075538092e-10
-2.550585561201671e-10
-2.516890131866191e-10
-2.486759820409216e-10
-2.439874505161551e-10
-2.418429412638903e-10
-2.366586982498679e-10
-2.340245783429969e-10
-2.289465411796147e-10
-2.258445017490416e-10
-2.205173287339145e-10
-2.176886409934931e-10
-2.117097617485117e-10
-2.093675368857739e-10
-2.029740536687441e-10
-2.004204238795008e-10
-1.943005396041154e-10
-1.917280142163718e-10
-1.845863010659932e-10
-1.83424603036159e-10
-1.751694826154964e-10
-1.737614216038763e-10
-1.658571610306662e-10
-1.647573478227188e-10
-1.550647671941514e-10
-1.564948879672618e-10
-1.450024028675205e-10
-1.471703682606758e-10
-1.351288524713e-10
-1.390015081007951e-10
-1.237805752660971e-10
-1.317727547412646e-10
-1.128069732101463e-10
-1.232629009647899e-10
-1.018140483079363e-10
-1.16053519111079e-10
-8.991283528744207e-11
-1.100238862692993e-10
-8.104095924779131e-11
-1.031404222189758e-10
-7.545479123908144e-11
-1.063598564705523e-10
-1.642399338114564e-10
-2.877407912137411e-11
-2.00855264489158e-10
-2.503435391412569e-10
-2.593517609577926e-10
-2.682162323264358e-10
-2.717209672322229e-10
-2.726618586510128e-10
-2.721875206044305e-10
-2.728529275776558e-10
-2.706496957023711e-10
-2.695933792632089e-10
-2.67817014554494e-10
-2.658646237744449e-10
-2.626349019638175e-10
-2.615804741182384e-10
-2.574115283007373e-10
-2.550652491373885e-10
-2.516637750217904e-10
-2.487019479845097e-10
-2.439967426646649e-10
-2.418402969304983e-10
-2.366778860659058e-10
-2.340517069267358e-10
-2.289746581389581e-10
-2.258524499483237e-10
-2.205123686308415e-10
-2.17721058508908e-10
-2.11735694018036e-10
-2.093745545552876e-10
-2.029935903199402e-10
-2.004481399232351e-10
-1.942922735803324e-10
-1.917795317578752e-10
-1.84592573207409e-10
-1.8342615603764e-10
-1.75192456600861e-10
-1.738058846254236e-10
-1.658206240274598e-10
-1.648439889840646e-10
-1.5505043944229e-10
-1.565335540485295e-10
-1.449938327827655e-10
-1.472643604868358e-10
-1.350417516720572e-10
-1.391422182496083e-10
-1.236994669211939e-10
-1.318648890732126e-10
-1.127315153480439e-10
-1.234140893212676e-10
-1.017034628681282e-10
-1.162138727902394e-10
-8.994774481238672e-11
-1.100137766104989e-10
-8.155655218863647e-11
-1.029104895302955e-10
-7.690008776288811e-11
-1.042201195523782e-10
-1.67681674814213e-10
-3.21768263332348e-11
-1.982587538606354e-10
-2.488451478158187e-10
-2.585527061082857e-10
-2.678049170457683e-10
-2.71506564656355e-10
-2.725821393785027e-10
-2.721284206127851e-10
-2.727876819537004e-10
-2.706461925578322e-10
-2.695773087752288e-10
-2.677799656314952e-10
-2.658833350963876e-10
-2.626352648830325e-10
-2.615486683606482e-10
-2.574347945741665e-10
-2.550702134422288e-10
-2.516460314308394e-10
-2.487217249156035e-10
-2.440069358150125e-10
-2.41839663586312e-10
-2.366937327811653e-10
-2.340737835498702e-10
-2.29002981539327e-10
-2.258569877715383e-10
-2.205090171773021e-10
-2.177490676794843e-10
-2.117577054657865e-10
-2.093789750680043e-10
-2.030106745044513e-10
-2.004688037840855e-10
-1.942891914018471e-10
-1.918218705425591e-10
-1.845986032554907e-10
-1.83427639788944e-10
-1.752116317467057e-10
-1.738416670266745e-10
-1.657945937157185e-10
-1.649129516432746e-10
-1.550399443983153e-10
-1.56566136474326e-10
-1.449872424825412e-10
-1.473393940323217e-10
-1.34974796371702e-10
-1.392553469932419e-10
-1.236350476657957e-10
-1.319417070819412e-10
-1.126700926787611e-10
-1.235358766979013e-10
-1.01614398180141e-10
-1.16344086342856e-10
-8.996843450415468e-11
-1.100087955477054e-10
-8.195351751713094e-11
-1.02742176911694e-10
-7.809169408148951e-11
-1.022748073923379e-10
-1.699909661440729e-10
-3.51135223637798e-11
-1.962895513904812e-10
-2.476551756570412e-10
-2.579412871717189e-10
-2.674869968581612e-10
-2.713452654512716e-10
-2.725203222787546e-10
-2.720833527581187e-10
-2.727384325115776e-10
-2.706442393336805e-10
-2.695649040771087e-10
-2.677549383130081e-10
-2.658960481173998e-10
-2.626354053564191e-10
-2.615253146522152e-10
-2.5745384566224e-10
-2.550734376884509e-10
-2.51634701280352e-10
-2.487371825349106e-10
-2.440164301662147e-10
-2.418397693421987e-10
-2.367078364124357e-10
-2.340925043502564e-10
-2.290288041921414e-10
-2.258586293674694e-10
-2.205075991925161e-10
-2.177732141285047e-10
-2.117756969319203e-10
-2.09381395169335e-10
-2.030253583036749e-10
-2.004842406626788e-10
-1.942903269474999e-10
-1.91856155112153e-10
-1.846038796782141e-10
-1.83429434420121e-10
-1.752279289834226e-10
-1.738697723539157e-10
-1.657773913898381e-10
-1.649672977272308e-10
-1.55032007865584e-10
-1.565925121544642e-10
-1.449833924762253e-10
-1.473977191292475e-10
-1.349256465076058e-10
-1.393450011607384e-10
-1.235850246461542e-10
-1.32003215985767e-10
-1.126229751160231e-10
-1.23630690666684e-10
-1.015464951528998e-10
-1.16446863515643e-10
-8.998195907390392e-11
-1.100044825709228e-10
-8.226246502015996e-11
-1.026263140021471e-10
-7.903858780687225e-11
-1.004691370557631e-10
-1.716690184584174e-10
-3.771425261115158e-11
-1.946590122063369e-10
-2.466760028272434e-10
-2.574678344320056e-10
-2.672401557996967e-10
-2.712244664891207e-10
-2.724727542214164e-10
-2.720497572120671e-10
-2.727018232234413e-10
-2.706439539737725e-10
-2.695558448038368e-10
-2.677387146092209e-10
-2.659048702095266e-10
-2.626358782775655e-10
-2.615087678392827e-10
-2.574698582561321e-10
-2.550757266393896e-10
-2.516283148855135e-10
-2.487493460249088e-10
-2.440252748487181e-10
-2.418399647078108e-10
-2.367199158599777e-10
-2.341089072572662e-10
-2.290520627091857e-10
-2.258590168218898e-10
-2.205079443779106e-10
-2.177930650339662e-10
-2.117910424697276e-10
-2.093831096421977e-10
-2.030376033055198e-10
-2.004961607136554e-10
-1.942936672576111e-10
-1.91883463050509e-10
-1.846094038370431e-10
-1.834317352857645e-10
-1.752414300158411e-10
-1.738919116606213e-10
-1.657662914531304e-10
-1.65009661571367e-10
-1.550265130306242e-10
-1.566141360501644e-10
-1.449814260296544e-10
-1.474432241994575e-10
-1.348897795418519e-10
-1.394153523777895e-10
-1.235469859309366e-10
-1.320521991373916e-10
-1.125873967988917e-10
-1.237045076069535e-10
-1.014952935794983e-10
-1.165262914660231e-10
-8.999199467199744e-11
-1.100001199595143e-10
-8.250865950334831e-11
-1.025513587668516e-10
-7.977290004868296e-11
-9.877765519150678e-11
-1.730294551448567e-10
-4.005926091537784e-11
-1.932242606969021e-10
-2.458423308636245e-10
-2.57092746033969e-10
-2.670470381866596e-10
-2.711346151733215e-10
-2.724376770146348e-10
-2.720258267673071e-10
-2.726748847332379e-10
-2.706458455720833e-10
-2.695494572894008e-10
-2.677282716772483e-10
-2.65912170608281e-10
-2.626372609406927e-10
-2.614969388349536e-10
-2.574836667228596e-10
-2.55077659658124e-10
-2.516251463329454e-10
-2.487594328677021e-10
-2.440325822668411e-10
-2.418400966361869e-10
-2.367313018813145e-10
-2.341236247069632e-10
-2.290721784966362e-10
-2.258583252972263e-10
-2.205086782308647e-10
-2.17809596530678e-10
-2.118041832187952e-10
-2.093844978994449e-10
-2.030477592381847e-10
-2.005055297817888e-10
-1.942978243090613e-10
-1.919052806025172e-10
-1.846147615409379e-10
-1.834344078258825e-10
-1.752524067674816e-10
-1.739097122909022e-10
-1.657587928449945e-10
-1.650432181983872e-10
-1.550226699874184e-10
-1.566322894321113e-10
-1.449806230914461e-10
-1.4747931096482e-10
-1.348625594243022e-10
-1.394711698794261e-10
-1.235173902760402e-10
-1.320918386713884e-10
-1.125604045617366e-10
-1.237628424254913e-10
-1.014553808206145e-10
-1.165887264558435e-10
-8.999946083013715e-11
-1.099957306783172e-10
-8.271027686242339e-11
-1.025064874213518e-10
-8.034002714108568e-11
-9.718310083435797e-11
-1.742267526536278e-10
-4.22051437886345e-11
-1.919515035061122e-10
-2.451142373218596e-10
-2.567860133162214e-10
-2.668939803188226e-10
-2.710680363094816e-10
-2.724135439762918e-10
-2.720100257516359e-10
-2.726557724925119e-10
-2.706502489007494e-10
-2.695456175770633e-10
-2.677212981404084e-10
-2.659192025081321e-10
-2.626398810435349e-10
-2.614879922624523e-10
-2.574958274705e-10
-2.550797958148263e-10
-2.51623676710674e-10
-2.487680339661773e-10
-2.440386650226771e-10
-2.418401553508339e-10
-2.36740826374795e-10
-2.341364213327448e-10
-2.290898481310753e-10
-2.258577190229877e-10
-2.205089177798496e-10
-2.178231526589463e-10
-2.1181540292262e-10
-2.093856994347863e-10
-2.030558426826436e-10
-2.005133398662847e-10
-1.943011722693732e-10
-1.919231873574372e-10
-1.846192321634375e-10
-1.834371172506988e-10
-1.752611459696439e-10
-1.739242619847558e-10
-1.657527036612488e-10
-1.650708239661282e-10
-1.550191334906374e-10
-1.566479541280023e-10
-1.449797167415958e-10
-1.475089301862971e-10
-1.348398572223036e-10
-1.395167440518544e-10
-1.234927453302372e-10
-1.321252989521012e-10
-1.125380763781412e-10
-1.238110436159715e-10
-1.014218550864278e-10
-1.166400110848634e-10
-9.000371995998191e-11
-1.099932444635056e-10
-8.287963432416805e-11
-1.024877333457131e-10
-8.078441473681682e-11
-9.565746162017111e-11
-1.753049536055765e-10
-4.418383357436555e-11
-1.908646932153666e-10
-2.444778704388497e-10
-2.565259606024338e-10
-2.667696675105824e-10
-2.71018223400435e-10
-2.723981290469612e-10
-2.720004683070386e-10
-2.726429003336395e-10
-2.706565662044788e-10
-2.695440806668316e-10
-2.677165749593818e-10
-2.659265111703747e-10
-2.626430823123209e-10
-2.614811036071617e-10
-2.575065050095267e-10
-2.550825554645472e-10
-2.516227109041864e-10
-2.487753356114747e-10
-2.440428744174524e-10
-2.418400251789539e-10
-2.367488777444947e-10
-2.341477643824557e-10
-2.291045238426582e-10
-2.258569158108729e-10
-2.205076535683412e-10
-2.178344226855649e-10
-2.118242677035065e-10
-2.093863644109485e-10
-2.030614644308293e-10
-2.005200494102026e-10
-1.943032521961116e-10
-1.919383006953364e-10
-1.846216599330482e-10
-1.834395127557641e-10
-1.752674414614562e-10
-1.739365301323372e-10
-1.657466867410799e-10
-1.650942191959574e-10
-1.550145282108649e-10
-1.566618070993483e-10
-1.449775877628682e-10
-1.475338877791512e-10
-1.348192672593677e-10
-1.395552310121625e-10
-1.234699723582928e-10
-1.321545352908794e-10
-1.125177559651683e-10
-1.238524969186466e-10
-1.013911464897639e-10
-1.166844367524983e-10
-9.000362564030723e-11
-1.099929615203466e-10
-8.302476092806524e-11
-1.024949197596324e-10
-8.115314019530996e-11
-9.417789818871266e-11
-1.762393760232034e-10
-4.597507724122864e-11
-1.89999550513062e-10
-2.439452289859069e-10
-2.563014976614758e-10
-2.666648577610815e-10
-2.709787314571316e-10
-2.72387870906916e-10
-2.719946691387319e-10
-2.726343798985072e-10
-2.706632412387047e-10
-2.695445124118339e-10
-2.677132165456725e-10
-2.659335296478836e-10
-2.626462555399724e-10
-2.614758444147797e-10
-2.575153050914578e-10
-2.550856376047504e-10
-2.516219478049595e-10
-2.487815420346282e-10
-2.44045427687138e-10
-2.418395269927317e-10
-2.367541385368164e-10
-2.341578900531006e-10
-2.291166675998239e-10
-2.258556643965799e-10
-2.205047216073359e-10
-2.178438175002758e-10
-2.118307135280069e-10
-2.093864955141179e-10
-2.030645558544699e-10
-2.005255999668355e-10
-1.943033808971155e-10
-1.919511199300186e-10
-1.846220308811057e-10
-1.834415024320314e-10
-1.752711221721758e-10
-1.739468047630673e-10
-1.657396659835162e-10
-1.651140628102027e-10
-1.550084402787355e-10
-1.566737645625977e-10
-1.449738083369416e-10
-1.475553493767509e-10
-1.347995864389823e-10
-1.395882580552101e-10
-1.234480063413194e-10
-1.321802055680039e-10
-1.124978928514095e-10
-1.238889261961329e-10
-1.013618302701051e-10
-1.167236117591076e-10
-8.999954417625276e-11
-1.099938214768409e-10
-8.314963936761961e-11
-1.025262200806497e-10
-8.149461162699922e-11
-9.276353395630755e-11
-1.769746085428239e-10
-4.751182353920752e-11
-1.893546775192676e-10
-2.435357031750598e-10
-2.561142256740405e-10
-2.665759163248226e-10
-2.709460838224712e-10
-2.723801054291995e-10
-2.719901122918266e-10
-2.726281082269923e-10
-2.7066834343842e-10
-2.695457298102901e-10
-2.677107815371453e-10
-2.659396561054611e-10
-2.626483148161553e-10
-2.614722744662487e-10
-2.575219532407379e-10
-2.550881274032272e-10
-2.516214960618682e-10
-2.487869389738118e-10
-2.440458696996834e-10
-2.418387362877677e-10
-2.367570852306903e-10
-2.341666004851329e-10
-2.291268234705271e-10
-2.2585370973223e-10
-2.20499736114237e-10
-2.178521579018567e-10
-2.118349107325231e-10
-2.093856272096986e-10
-2.030656044606865e-10
-2.005299142155054e-10
-1.943017394624668e-10
-1.919621606439553e-10
-1.846208461990157e-10
-1.834429289962751e-10
-1.75272453320113e-10
-1.739551930259393e-10
-1.657315538322659e-10
-1.651301805417517e-10
-1.550015632150731e-10
-1.56683619587028e-10
-1.449687515543469e-10
-1.475738309590772e-10
-1.347813453594204e-10
-1.396163335885246e-10
-1.234272669327493e-10
-1.322017658387444e-10
-1.124790734089623e-10
-1.239203611184571e-10
-1.013345239162868e-10
-1.167573689763336e-10
-8.999356824362661e-11
-1.099936842352361e-10
-8.325425948252047e-11
-1.025674622744442e-10
-8.184088310313179e-11
-9.148903471298194e-11
-1.774810459088092e-10
-4.874846969484609e-11
-1.888862760509738e-10
-2.432431132344086e-10
-2.55965849007028e-10
-2.665036028056846e-10
-2.709196684179969e-10
-2.723741105691047e-10
-2.719862605633624e-10
-2.726233250801665e-10
-2.70671764060269e-10
-2.695470616317395e-10
-2.67708417611254e-10
-2.65944408194537e-10
-2.626494269614737e-10
-2.614696279311493e-10
-2.575265522000677e-10
-2.550890657381434e-10
-2.516213115487359e-10
-2.487914058877517e-10
-2.440451903992408e-10
-2.418376534261422e-10
-2.367579586881676e-10
-2.34174575770721e-10
-2.291351253430778e-10
-2.258506585919731e-10
-2.204939369197497e-10
-2.178598556976354e-10
-2.118377133387145e-10
-2.093832785569894e-10
-2.03065869154073e-10
-2.005331734730749e-10
-1.942987007836522e-10
-1.919716100137776e-10
-1.846196004924295e-10
-1.834434996386304e-10
-1.752726055910003e-10
-1.739614593051204e-10
-1.657232843757746e-10
-1.651419423232348e-10
-1.549955547350165e-10
-1.566914188102286e-10
-1.44963264339538e-10
-1.475889558797781e-10
-1.347661986470802e-10
-1.396386199333652e-10
-1.234097522064083e-10
-1.32218379550619e-10
-1.124630141163456e-10
-1.239455014998511e-10
-1.013116804947256e-10
-1.167839783549491e-10
-8.998891572048362e-11
-1.099912440327665e-10
-8.333747875536843e-11
-1.025960786098967e-10
-8.218317949771209e-11
-9.043923925680883e-11
-1.777903526673137e-10
-4.96609336673911e-11
-1.885501912876309e-10
-2.430441753776082e-10
-2.558563664554351e-10
-2.664494396257223e-10
-2.709002604792712e-10
-2.723700436593585e-10
-2.719834547986695e-10
-2.726197704680528e-10
-2.70674508198504e-10
-2.695481599571074e-10
-2.677062648601953e-10
-2.659482606504161e-10
-2.626500930360803e-10
-2.614674771057881e-10
-2.575288238692427e-10
-2.550891865406148e-10
-2.516213507991433e-10
-2.487950872495223e-10
-2.440436520262572e-10
-2.418368445790523e-10
-2.367569565079779e-10
-2.341802952649843e-10
-2.29144269971498e-10
-2.258477731762609e-10
-2.204868695933553e-10
-2.178665158203632e-10
-2.118403354235426e-10
-2.093809558910007e-10
-2.030650634678804e-10
-2.005355122584505e-10
-1.942957367029839e-10
-1.919793596810847e-10
-1.846186903708742e-10
-1.834436869115128e-10
-1.75272055875311e-10
-1.739660993236449e-10
-1.657160994237492e-10
-1.651507049054036e-10
-1.549905764872767e-10
-1.566973934400309e-10
-1.449585462852046e-10
-1.476007416224779e-10
-1.34754545529672e-10
-1.396559638524474e-10
-1.233955539827089e-10
-1.322310056244944e-10
-1.124501477215933e-10
-1.239650136757606e-10
-1.012935023150027e-10
-1.168047571075585e-10
-8.998523569751603e-11
-1.099890214769346e-10
-8.339639112307431e-11
-1.025996789688529e-10
-8.248597001451948e-11
-8.966168838500604e-11
-1.779733389538554e-10
-5.027925385531118e-11
-1.882695223192923e-10
-2.429012892082665e-10
-2.557771915125416e-10
-2.664128759197915e-10
-2.708885400724705e-10
-2.723692659161168e-10
-2.719832714784125e-10
-2.726185457281369e-10
-2.706774143158392e-10
-2.695497246676533e-10
-2.677049634182157e-10
-2.65951685419851e-10
-2.62651110923171e-10
-2.614657759305092e-10
-2.575307368039934e-10
-2.550897957876748e-10
-2.516213667405408e-10
-2.487977397343968e-10
-2.440430897568948e-10
-2.418361168932315e-10
-2.367567225189685e-10
-2.34185257418375e-10
-2.29149446371617e-10
-2.258456341296669e-10
-2.204829910067347e-10
-2.17871388314575e-10
-2.118418503456644e-10
-2.093795013455376e-10
-2.030648258503145e-10
-2.005372268810448e-10
-1.942937019820947e-10
-1.919850263615822e-10
-1.846179033689043e-10
-1.834437712768705e-10
-1.752716848077386e-10
-1.739694592266823e-10
-1.657109982679087e-10
-1.651575226130562e-10
-1.549869612312445e-10
-1.567017205159079e-10
-1.449552461986304e-10
-1.476093049338375e-10
-1.347456648365195e-10
-1.396685779951242e-10
-1.23385319516055e-10
-1.322401940923847e-10
-1.124407759964829e-10
-1.239793128937125e-10
-1.012802767262276e-10
-1.168198479012285e-10
-8.998271475120375e-11
-1.099878397596842e-10
-8.34356227471883e-11
-1.02577643848399e-10
-8.27244474771451e-11
-8.915440621129791e-11
-1.7812048540684e-10
-5.071192735344322e-11
-1.881145469246169e-10
-2.42813068184341e-10
-2.55722264877842e-10
-2.663856628995755e-10
-2.708782958096253e-10
-2.723666720346021e-10
-2.719818929825977e-10
-2.726165385615147e-10
-2.706785270756851e-10
-2.695497299355218e-10
-2.6770359292929e-10
-2.659533841898204e-10
-2.626514257142625e-10
-2.614640943528428e-10
-2.575318715179288e-10
-2.550901328057372e-10
-2.516206963322631e-10
-2.487989716400999e-10
-2.440427427421429e-10
-2.41835280399764e-10
-2.367573194721916e-10
-2.341869120909187e-10
-2.291513533418459e-10
-2.258448606174872e-10
-2.204813944877716e-10
-2.178731031237417e-10
-2.118426389821534e-10
-2.093787036687755e-10
-2.030648047921003e-10
-2.005378297501242e-10
-1.942928735377747e-10
-1.91987581261354e-10
-1.846174302807259e-10
-1.834431430688289e-10
-1.752719735063607e-10
-1.739707982434014e-10
-1.657086285437043e-10
-1.651610429988054e-10
-1.549854135856241e-10
-1.567030382242235e-10
-1.449545648897015e-10
-1.476128812469442e-10
-1.347412984328472e-10
-1.396744191014173e-10
-1.233812681866706e-10
-1.32243172406367e-10
-1.124378365247028e-10
-1.239846336085526e-10
-1.012758054858047e-10
-1.168247401313205e-10
-8.998575236980675e-11
-1.099827068832288e-10
-8.346166515436836e-11
-1.025488121258302e-10
-8.286664491363944e-11
-8.884196813400478e-11
-1.781903294204538e-10
-5.086579226069037e-11
-1.88018735604028e-10
-2.427934524881086e-10
-2.557084234475235e-10
-2.663792656879204e-10
-2.708768283630633e-10
-2.723674265039428e-10
-2.719818730945611e-10
-2.726158015291479e-10
-2.706787274333163e-10
-2.695492460848093e-10
-2.677022530886646e-10
-2.659536831899808e-10
-2.626508783002587e-10
-2.614626360339139e-10
-2.575321169822006e-10
-2.550897234958226e-10
-2.516193564345108e-10
-2.487990480855803e-10
-2.440418907570394e-10
-2.418343889040308e-10
-2.367579877313237e-10
-2.341867115247672e-10
-2.291494644130984e-10
-2.258443872990945e-10
-2.204811140521349e-10
-2.178728201452266e-10
-2.118420277615026e-10
-2.093778598008841e-10
-2.030646694021527e-10
-2.005377725801445e-10
-1.942919386768615e-10
-1.919879512337465e-10
-1.846165879750214e-10
-1.834423833303619e-10
-1.75271824519526e-10
-1.739709385547203e-10
-1.657071045184531e-10
-1.651621604809901e-10
-1.549842148365973e-10
-1.567032221490396e-10
-1.449537749663698e-10
-1.476138614963785e-10
-1.347387127304876e-10
-1.396766046987951e-10
-1.233791016636863e-10
-1.322440821933329e-10
-1.124361581111551e-10
-1.239864708925315e-10
-1.012733513418634e-10
-1.168264311858749e-10
-8.998713951860587e-11
-1.099801397303698e-10
-8.347266869120238e-11
-1.025351383284088e-10
-8.297235063615464e-11
-8.872637929898235e-11
-1.782035072242447e-10
)
;

boundaryField
{
    inlet
    {
        type            cyclic;
    }
    outlet
    {
        type            cyclic;
    }
    bottomWall
    {
        type            zeroGradient;
    }
    topWall
    {
        type            zeroGradient;
    }
    left
    {
        type            cyclic;
    }
    right
    {
        type            cyclic;
    }
}


// ************************************************************************* //
