/*--------------------------------*- C++ -*----------------------------------*\
| =========                 |                                                 |
| \\      /  F ield         | OpenFOAM: The Open Source CFD Toolbox           |
|  \\    /   O peration     | Version:  v1812                                 |
|   \\  /    A nd           | Web:      www.OpenFOAM.com                      |
|    \\/     M anipulation  |                                                 |
\*---------------------------------------------------------------------------*/
FoamFile
{
    version     2.0;
    format      ascii;
    class       volScalarField;
    location    "20000";
    object      nut;
}
// * * * * * * * * * * * * * * * * * * * * * * * * * * * * * * * * * * * * * //

dimensions      [0 2 -1 0 0 0 0];


internalField   nonuniform List<scalar> 
3770
(
0.0001427494149436941
0.0001427494149436939
0.0001427494149436939
0.000142749414943694
0.000142749414943694
0.0001427494149436939
0.0001427494149436939
0.0001427494149436942
0.0001427494149436941
0.0001427494149436943
0.0001427494149436939
0.0001427494149436943
0.000142749414943694
0.0001427494149436943
0.0001427494149436941
0.0001427494149436939
0.0001427494149436945
0.0001427494149436937
0.0001427494149436946
0.0001427494149436939
0.0001427494149436936
0.0001427494149436944
0.0001427494149436938
0.0001427494149436939
0.0001427494149436942
0.000142749414943694
0.000142749414943694
0.0001427494149436941
0.0001427494149436941
0.0001427494149436943
0.0001427494149436936
0.0001427494149436944
0.000142749414943694
0.0001427494149436944
0.0001427494149436939
0.0001427494149436938
0.0001427494149436941
0.0001427494149436947
0.000142749414943694
0.0001427494149436939
0.0001427494149436935
0.000142749414943694
0.000142749414943694
0.0001427494149436941
0.0001427494149436942
0.0001427494149436941
0.0001427494149436941
0.0001427494149436947
0.0001427494149436935
0.0001427494149436938
0.0001427494149436941
0.0001427494149436936
0.0001427494149436942
0.0001427494149436951
0.0001427494149436943
0.0001427494149436936
0.0001427494149436934
0.0001427494149436954
2.128102993061999e-05
2.128102993062587e-05
2.128102993062227e-05
2.128102993062349e-05
2.128102993062152e-05
2.12810299306218e-05
2.128102993061997e-05
2.128102993062087e-05
2.128102993062137e-05
2.128102993062024e-05
2.128102993062186e-05
2.128102993062451e-05
2.128102993062361e-05
2.12810299306233e-05
2.128102993062318e-05
2.128102993062319e-05
2.128102993062278e-05
2.128102993062013e-05
2.128102993062184e-05
2.128102993062303e-05
2.128102993062319e-05
2.128102993062098e-05
2.128102993062252e-05
2.128102993062454e-05
2.12810299306206e-05
2.128102993062273e-05
2.128102993062426e-05
2.128102993062096e-05
2.128102993062265e-05
2.128102993062433e-05
2.12810299306203e-05
2.128102993062278e-05
2.128102993062453e-05
2.128102993062095e-05
2.128102993062217e-05
2.12810299306228e-05
2.12810299306211e-05
2.128102993062059e-05
2.128102993062255e-05
2.12810299306231e-05
2.128102993062106e-05
2.128102993062008e-05
2.128102993062148e-05
2.128102993062112e-05
2.128102993062077e-05
2.128102993062319e-05
2.128102993062342e-05
2.12810299306199e-05
2.128102993062142e-05
2.128102993062226e-05
2.128102993062043e-05
2.128102993061985e-05
2.128102993062142e-05
2.128102993062265e-05
2.128102993061911e-05
2.128102993062094e-05
2.128102993062256e-05
2.12810299306193e-05
7.068209417657345e-05
7.068209417662185e-05
7.068209417659481e-05
7.068209417660881e-05
7.068209417658962e-05
7.068209417659496e-05
7.068209417658303e-05
7.068209417659239e-05
7.06820941765898e-05
7.068209417658237e-05
7.06820941765906e-05
7.06820941766141e-05
7.068209417660708e-05
7.068209417660878e-05
7.068209417660683e-05
7.068209417660369e-05
7.068209417659844e-05
7.068209417658169e-05
7.068209417659102e-05
7.068209417660266e-05
7.068209417660365e-05
7.068209417658832e-05
7.068209417659598e-05
7.06820941766116e-05
7.068209417658508e-05
7.068209417659801e-05
7.068209417660948e-05
7.068209417658959e-05
7.068209417659664e-05
7.068209417660992e-05
7.068209417658301e-05
7.068209417659768e-05
7.068209417661102e-05
7.068209417658883e-05
7.068209417659352e-05
7.068209417660419e-05
7.068209417658625e-05
7.068209417658389e-05
7.068209417659789e-05
7.06820941766026e-05
7.068209417659232e-05
7.06820941765844e-05
7.068209417659133e-05
7.068209417658934e-05
7.068209417658757e-05
7.068209417660204e-05
7.068209417660307e-05
7.068209417657975e-05
7.068209417658808e-05
7.06820941765992e-05
7.068209417658247e-05
7.068209417657961e-05
7.068209417658626e-05
7.06820941765942e-05
7.068209417657241e-05
7.068209417658348e-05
7.068209417659403e-05
7.068209417657273e-05
0.0002245079230119141
0.0002245079230120699
0.0002245079230119932
0.0002245079230120171
0.0002245079230119816
0.000224507923011989
0.0002245079230119884
0.0002245079230119872
0.0002245079230119787
0.0002245079230119226
0.0002245079230119765
0.000224507923012035
0.0002245079230120299
0.0002245079230120159
0.0002245079230120096
0.0002245079230119932
0.0002245079230119923
0.0002245079230119261
0.0002245079230119818
0.0002245079230120307
0.0002245079230120309
0.0002245079230119598
0.0002245079230119991
0.0002245079230120404
0.0002245079230119543
0.0002245079230120049
0.0002245079230120445
0.0002245079230119685
0.0002245079230120045
0.0002245079230120368
0.0002245079230119474
0.0002245079230120058
0.0002245079230120497
0.000224507923011967
0.0002245079230120003
0.0002245079230120335
0.0002245079230119448
0.000224507923011954
0.0002245079230120239
0.0002245079230120187
0.000224507923011971
0.0002245079230119516
0.0002245079230119806
0.0002245079230119825
0.0002245079230119819
0.000224507923012016
0.0002245079230120158
0.0002245079230119368
0.0002245079230119805
0.000224507923012019
0.000224507923011933
0.0002245079230119463
0.0002245079230119791
0.0002245079230119792
0.0002245079230119095
0.0002245079230119596
0.0002245079230119981
0.0002245079230119025
0.00042688886080812
0.0004268888608083259
0.0004268888608082295
0.0004268888608082544
0.0004268888608082118
0.0004268888608082233
0.0004268888608082285
0.0004268888608081962
0.0004268888608081968
0.0004268888608080955
0.0004268888608081966
0.0004268888608082809
0.0004268888608082771
0.0004268888608082513
0.0004268888608082509
0.0004268888608082073
0.0004268888608082118
0.000426888860808104
0.0004268888608082091
0.0004268888608082886
0.0004268888608082868
0.0004268888608081711
0.0004268888608082372
0.0004268888608082841
0.0004268888608081604
0.0004268888608082455
0.0004268888608082985
0.000426888860808189
0.0004268888608082497
0.0004268888608082834
0.0004268888608081522
0.0004268888608082474
0.0004268888608083044
0.0004268888608081867
0.0004268888608082401
0.000426888860808278
0.0004268888608081407
0.000426888860808175
0.0004268888608082744
0.000426888860808263
0.0004268888608081964
0.0004268888608081725
0.000426888860808211
0.0004268888608082281
0.0004268888608082144
0.0004268888608082527
0.0004268888608082559
0.0004268888608081327
0.0004268888608082088
0.0004268888608082555
0.000426888860808121
0.0004268888608081524
0.0004268888608081924
0.0004268888608081875
0.0004268888608080881
0.00042688886080818
0.0004268888608082323
0.0004268888608080941
0.0006429002714259832
0.0006429002714261875
0.0006429002714261036
0.0006429002714261057
0.0006429002714260934
0.0006429002714260846
0.0006429002714260818
0.0006429002714260329
0.0006429002714260408
0.0006429002714259035
0.0006429002714260371
0.0006429002714261506
0.0006429002714261703
0.0006429002714261311
0.0006429002714261263
0.0006429002714260516
0.000642900271426056
0.0006429002714259176
0.0006429002714260632
0.0006429002714261507
0.0006429002714261535
0.0006429002714260231
0.0006429002714261001
0.0006429002714261381
0.0006429002714259989
0.000642900271426109
0.0006429002714261646
0.000642900271426054
0.0006429002714261207
0.0006429002714261396
0.0006429002714259933
0.000642900271426111
0.0006429002714261693
0.0006429002714260456
0.0006429002714261018
0.0006429002714261294
0.0006429002714259681
0.0006429002714260299
0.0006429002714261311
0.0006429002714261247
0.0006429002714260614
0.0006429002714260506
0.0006429002714260663
0.000642900271426063
0.00064290027142606
0.0006429002714261034
0.0006429002714261056
0.0006429002714259656
0.0006429002714260607
0.0006429002714261044
0.000642900271425948
0.0006429002714259879
0.00064290027142603
0.000642900271426027
0.0006429002714259118
0.0006429002714260316
0.0006429002714260874
0.0006429002714259453
0.0008573722546843794
0.0008573722546845546
0.0008573722546845084
0.0008573722546844871
0.0008573722546844809
0.000857372254684459
0.0008573722546844657
0.0008573722546844008
0.0008573722546844101
0.0008573722546842453
0.000857372254684397
0.0008573722546845302
0.0008573722546845647
0.0008573722546845059
0.0008573722546845085
0.0008573722546844234
0.0008573722546844256
0.000857372254684263
0.0008573722546844383
0.0008573722546845319
0.0008573722546845375
0.0008573722546844132
0.0008573722546844846
0.0008573722546845083
0.0008573722546843689
0.0008573722546844874
0.0008573722546845427
0.0008573722546844469
0.0008573722546845059
0.0008573722546845119
0.0008573722546843657
0.0008573722546844912
0.0008573722546845484
0.0008573722546844405
0.00085737225468448
0.0008573722546844926
0.0008573722546843264
0.0008573722546844125
0.0008573722546845008
0.0008573722546844956
0.0008573722546844228
0.0008573722546844231
0.0008573722546844358
0.0008573722546843972
0.0008573722546844227
0.0008573722546844671
0.0008573722546844717
0.0008573722546843316
0.0008573722546844338
0.0008573722546844719
0.0008573722546843103
0.0008573722546843524
0.0008573722546843935
0.0008573722546843932
0.000857372254684272
0.0008573722546844067
0.0008573722546844602
0.0008573722546843411
0.001068813708450705
0.001068813708450841
0.001068813708450832
0.001068813708450792
0.001068813708450806
0.001068813708450769
0.001068813708450776
0.001068813708450697
0.00106881370845071
0.001068813708450519
0.001068813708450679
0.001068813708450828
0.001068813708450874
0.001068813708450794
0.001068813708450811
0.001068813708450735
0.001068813708450728
0.00106881370845054
0.001068813708450738
0.001068813708450847
0.00106881370845085
0.001068813708450735
0.001068813708450795
0.001068813708450805
0.001068813708450669
0.001068813708450789
0.001068813708450846
0.00106881370845076
0.0010688137084508
0.001068813708450805
0.001068813708450668
0.001068813708450795
0.001068813708450848
0.001068813708450756
0.001068813708450769
0.001068813708450775
0.00106881370845062
0.00106881370845072
0.001068813708450792
0.001068813708450789
0.001068813708450712
0.001068813708450741
0.001068813708450759
0.001068813708450671
0.001068813708450721
0.001068813708450749
0.001068813708450757
0.001068813708450625
0.001068813708450732
0.001068813708450768
0.001068813708450607
0.001068813708450653
0.001068813708450695
0.001068813708450694
0.001068813708450567
0.001068813708450713
0.001068813708450758
0.001068813708450679
0.001282650408686424
0.001282650408686553
0.001282650408686573
0.001282650408686515
0.001282650408686527
0.001282650408686476
0.00128265040868648
0.001282650408686395
0.001282650408686409
0.001282650408686195
0.001282650408686358
0.001282650408686521
0.001282650408686577
0.001282650408686489
0.001282650408686513
0.001282650408686436
0.001282650408686425
0.001282650408686221
0.001282650408686432
0.001282650408686548
0.001282650408686555
0.001282650408686451
0.001282650408686501
0.001282650408686501
0.001282650408686373
0.001282650408686492
0.001282650408686547
0.001282650408686463
0.001282650408686498
0.001282650408686504
0.001282650408686371
0.001282650408686495
0.00128265040868654
0.001282650408686445
0.001282650408686463
0.001282650408686467
0.001282650408686323
0.001282650408686421
0.001282650408686476
0.001282650408686474
0.001282650408686402
0.00128265040868645
0.001282650408686469
0.001282650408686353
0.001282650408686417
0.001282650408686436
0.001282650408686448
0.001282650408686321
0.001282650408686431
0.001282650408686467
0.001282650408686311
0.001282650408686357
0.001282650408686376
0.001282650408686385
0.001282650408686266
0.001282650408686415
0.001282650408686444
0.001282650408686431
0.001508209107299614
0.001508209107299742
0.001508209107299795
0.001508209107299713
0.001508209107299727
0.001508209107299659
0.001508209107299667
0.00150820910729959
0.001508209107299603
0.001508209107299367
0.001508209107299531
0.001508209107299709
0.001508209107299774
0.001508209107299682
0.001508209107299711
0.001508209107299629
0.001508209107299615
0.0015082091072994
0.001508209107299618
0.001508209107299738
0.00150820910729975
0.001508209107299643
0.001508209107299688
0.001508209107299694
0.00150820910729958
0.001508209107299689
0.001508209107299739
0.001508209107299659
0.001508209107299693
0.001508209107299698
0.001508209107299568
0.001508209107299684
0.001508209107299724
0.001508209107299645
0.001508209107299661
0.001508209107299656
0.001508209107299537
0.00150820910729961
0.001508209107299648
0.001508209107299648
0.001508209107299587
0.001508209107299638
0.00150820910729966
0.001508209107299536
0.001508209107299597
0.001508209107299616
0.001508209107299635
0.001508209107299516
0.001508209107299625
0.001508209107299663
0.001508209107299523
0.001508209107299562
0.001508209107299558
0.001508209107299574
0.001508209107299454
0.001508209107299602
0.001508209107299654
0.001508209107299668
0.001757697943928195
0.001757697943928325
0.001757697943928402
0.001757697943928285
0.001757697943928308
0.001757697943928222
0.001757697943928236
0.001757697943928193
0.001757697943928195
0.001757697943927934
0.001757697943928098
0.001757697943928289
0.001757697943928365
0.001757697943928271
0.0017576979439283
0.001757697943928213
0.001757697943928198
0.001757697943927972
0.001757697943928193
0.001757697943928316
0.001757697943928337
0.001757697943928232
0.00175769794392828
0.001757697943928286
0.001757697943928191
0.00175769794392828
0.001757697943928321
0.001757697943928245
0.001757697943928289
0.001757697943928285
0.001757697943928163
0.001757697943928262
0.001757697943928296
0.001757697943928221
0.001757697943928248
0.001757697943928238
0.001757697943928139
0.001757697943928207
0.00175769794392822
0.001757697943928209
0.001757697943928173
0.001757697943928218
0.001757697943928233
0.001757697943928124
0.001757697943928154
0.001757697943928197
0.001757697943928221
0.001757697943928105
0.001757697943928213
0.001757697943928253
0.001757697943928151
0.001757697943928159
0.001757697943928129
0.001757697943928161
0.001757697943928036
0.001757697943928178
0.001757697943928256
0.001757697943928285
0.002045212841471916
0.002045212841472059
0.002045212841472145
0.00204521284147199
0.002045212841472014
0.002045212841471896
0.00204521284147192
0.002045212841471925
0.002045212841471928
0.002045212841471648
0.002045212841471804
0.002045212841472005
0.002045212841472095
0.002045212841472002
0.002045212841472024
0.002045212841471934
0.002045212841471917
0.002045212841471689
0.002045212841471898
0.002045212841472027
0.00204521284147206
0.002045212841471961
0.002045212841471993
0.002045212841472015
0.002045212841471962
0.002045212841472014
0.002045212841472033
0.002045212841471969
0.002045212841471993
0.002045212841471997
0.002045212841471902
0.00204521284147197
0.002045212841472001
0.002045212841471921
0.002045212841471956
0.002045212841471957
0.002045212841471843
0.002045212841471956
0.002045212841471993
0.002045212841471923
0.002045212841471921
0.002045212841471922
0.002045212841471924
0.002045212841471861
0.002045212841471863
0.002045212841471906
0.002045212841471937
0.002045212841471827
0.002045212841471933
0.002045212841471976
0.002045212841471905
0.002045212841471907
0.002045212841471847
0.00204521284147189
0.002045212841471766
0.002045212841471902
0.002045212841472007
0.002045212841472033
0.002384774327815834
0.002384774327816001
0.002384774327816079
0.00238477432781586
0.002384774327815918
0.002384774327815826
0.002384774327815807
0.002384774327815857
0.002384774327815875
0.002384774327815579
0.002384774327815716
0.002384774327815927
0.002384774327816018
0.002384774327815916
0.002384774327815939
0.002384774327815849
0.002384774327815835
0.002384774327815618
0.002384774327815802
0.002384774327815936
0.002384774327815979
0.002384774327815881
0.002384774327815925
0.002384774327815956
0.002384774327815941
0.002384774327815934
0.002384774327815929
0.002384774327815892
0.002384774327815857
0.002384774327815887
0.002384774327815848
0.002384774327815863
0.0023847743278159
0.002384774327815839
0.00238477432781587
0.002384774327815872
0.002384774327815737
0.002384774327815886
0.002384774327815948
0.002384774327815844
0.002384774327815841
0.0023847743278158
0.002384774327815787
0.002384774327815812
0.002384774327815819
0.002384774327815815
0.002384774327815847
0.002384774327815739
0.002384774327815837
0.002384774327815895
0.00238477432781585
0.002384774327815864
0.002384774327815824
0.002384774327815829
0.002384774327815718
0.002384774327815811
0.002384774327815938
0.002384774327815972
0.002787260180403857
0.002787260180404045
0.002787260180404121
0.002787260180403851
0.002787260180403925
0.002787260180403843
0.002787260180403796
0.002787260180403908
0.002787260180403944
0.00278726018040365
0.002787260180403759
0.002787260180403953
0.002787260180404039
0.002787260180403922
0.002787260180403948
0.002787260180403866
0.00278726018040386
0.002787260180403677
0.002787260180403822
0.002787260180403951
0.002787260180404006
0.002787260180403902
0.00278726018040401
0.002787260180404028
0.002787260180404017
0.00278726018040402
0.002787260180403947
0.002787260180403876
0.00278726018040382
0.002787260180403876
0.002787260180403864
0.002787260180403907
0.002787260180403938
0.002787260180403929
0.002787260180403909
0.002787260180403898
0.00278726018040376
0.002787260180403933
0.002787260180404002
0.002787260180403851
0.002787260180403909
0.0027872601804039
0.002787260180403739
0.00278726018040383
0.002787260180403853
0.002787260180403837
0.002787260180403877
0.002787260180403787
0.002787260180403854
0.002787260180403912
0.002787260180403886
0.002787260180403901
0.002787260180403873
0.002787260180403864
0.002787260180403787
0.00278726018040385
0.002787260180403979
0.002787260180404018
0.003256906595058211
0.003256906595058414
0.003256906595058496
0.003256906595058205
0.003256906595058267
0.003256906595058198
0.003256906595058146
0.003256906595058286
0.003256906595058354
0.003256906595058088
0.003256906595058149
0.003256906595058321
0.003256906595058368
0.0032569065950582
0.003256906595058258
0.003256906595058227
0.003256906595058208
0.003256906595058093
0.003256906595058192
0.003256906595058283
0.003256906595058348
0.003256906595058208
0.003256906595058371
0.003256906595058426
0.003256906595058406
0.003256906595058413
0.003256906595058311
0.00325690659505822
0.003256906595058152
0.003256906595058217
0.003256906595058206
0.003256906595058214
0.003256906595058286
0.003256906595058309
0.00325690659505828
0.003256906595058261
0.003256906595058127
0.003256906595058316
0.003256906595058387
0.003256906595058198
0.003256906595058286
0.003256906595058302
0.003256906595058061
0.003256906595058171
0.00325690659505817
0.003256906595058168
0.003256906595058224
0.003256906595058227
0.003256906595058202
0.00325690659505827
0.003256906595058253
0.00325690659505824
0.003256906595058226
0.003256906595058201
0.003256906595058175
0.003256906595058237
0.003256906595058328
0.003256906595058386
0.003788760712254134
0.003788760712254352
0.003788760712254449
0.003788760712254175
0.003788760712254209
0.003788760712254151
0.003788760712254101
0.003788760712254223
0.003788760712254327
0.003788760712254122
0.00378876071225411
0.00378876071225426
0.00378876071225427
0.00378876071225413
0.003788760712254172
0.003788760712254168
0.00378876071225408
0.003788760712254107
0.003788760712254222
0.003788760712254197
0.003788760712254233
0.003788760712254056
0.003788760712254272
0.003788760712254374
0.003788760712254341
0.003788760712254361
0.003788760712254266
0.003788760712254132
0.003788760712254058
0.003788760712254122
0.003788760712254127
0.003788760712254159
0.003788760712254209
0.003788760712254228
0.003788760712254215
0.003788760712254197
0.003788760712254061
0.003788760712254247
0.003788760712254336
0.003788760712254127
0.003788760712254207
0.003788760712254251
0.003788760712254004
0.003788760712254097
0.003788760712254112
0.003788760712254131
0.003788760712254165
0.003788760712254147
0.003788760712254079
0.003788760712254166
0.003788760712254141
0.003788760712254057
0.003788760712254104
0.003788760712254035
0.003788760712254181
0.00378876071225423
0.003788760712254186
0.003788760712254275
0.004368611492763217
0.004368611492763434
0.004368611492763546
0.004368611492763358
0.004368611492763358
0.004368611492763273
0.004368611492763244
0.004368611492763309
0.004368611492763423
0.004368611492763304
0.004368611492763272
0.004368611492763332
0.004368611492763335
0.004368611492763168
0.004368611492763167
0.004368611492763211
0.004368611492763169
0.004368611492763208
0.004368611492763306
0.004368611492763238
0.004368611492763261
0.004368611492763115
0.004368611492763307
0.004368611492763427
0.004368611492763365
0.004368611492763431
0.004368611492763358
0.004368611492763168
0.004368611492763132
0.004368611492763182
0.004368611492763153
0.004368611492763126
0.004368611492763244
0.004368611492763276
0.004368611492763292
0.004368611492763304
0.004368611492763188
0.004368611492763314
0.004368611492763423
0.004368611492763246
0.00436861149276327
0.004368611492763325
0.004368611492763131
0.004368611492763183
0.004368611492763217
0.004368611492763193
0.004368611492763191
0.004368611492763144
0.004368611492763106
0.004368611492763236
0.00436861149276328
0.004368611492763195
0.004368611492763218
0.004368611492763107
0.004368611492763279
0.004368611492763331
0.004368611492763223
0.004368611492763323
0.00497595025674196
0.004975950256742163
0.004975950256742252
0.004975950256742098
0.004975950256742126
0.004975950256742062
0.004975950256742086
0.004975950256742085
0.004975950256742114
0.004975950256742007
0.004975950256741979
0.004975950256742035
0.004975950256742061
0.004975950256741917
0.004975950256741898
0.004975950256741919
0.004975950256741944
0.004975950256741957
0.004975950256741963
0.00497595025674187
0.004975950256741898
0.004975950256741848
0.004975950256741998
0.004975950256742078
0.004975950256741976
0.004975950256742116
0.004975950256742122
0.004975950256741924
0.004975950256741878
0.004975950256741929
0.004975950256741932
0.004975950256741943
0.004975950256741988
0.004975950256741909
0.004975950256741976
0.004975950256742077
0.004975950256742003
0.004975950256742037
0.004975950256742114
0.004975950256742043
0.004975950256742012
0.00497595025674202
0.00497595025674193
0.004975950256741931
0.004975950256741981
0.004975950256741983
0.004975950256741904
0.004975950256741911
0.004975950256741985
0.004975950256742015
0.004975950256742009
0.004975950256741885
0.004975950256741924
0.004975950256741847
0.004975950256742007
0.004975950256742064
0.004975950256741934
0.004975950256742019
0.005588760052119355
0.005588760052119546
0.005588760052119622
0.005588760052119474
0.0055887600521195
0.005588760052119453
0.005588760052119487
0.005588760052119455
0.005588760052119455
0.005588760052119332
0.005588760052119333
0.005588760052119412
0.005588760052119466
0.005588760052119368
0.005588760052119314
0.00558876005211933
0.005588760052119331
0.0055887600521193
0.005588760052119271
0.005588760052119284
0.005588760052119282
0.005588760052119292
0.005588760052119408
0.0055887600521194
0.005588760052119345
0.005588760052119527
0.005588760052119563
0.005588760052119428
0.005588760052119422
0.005588760052119442
0.005588760052119388
0.005588760052119366
0.00558876005211938
0.0055887600521193
0.005588760052119353
0.005588760052119531
0.005588760052119546
0.005588760052119487
0.005588760052119572
0.005588760052119543
0.005588760052119417
0.005588760052119439
0.005588760052119444
0.005588760052119341
0.005588760052119448
0.005588760052119482
0.005588760052119355
0.005588760052119351
0.005588760052119416
0.005588760052119439
0.005588760052119409
0.005588760052119295
0.005588760052119361
0.005588760052119289
0.005588760052119409
0.005588760052119488
0.005588760052119375
0.005588760052119401
0.006187880056673235
0.006187880056673412
0.006187880056673477
0.006187880056673303
0.006187880056673324
0.006187880056673303
0.006187880056673342
0.006187880056673301
0.006187880056673302
0.006187880056673267
0.006187880056673331
0.00618788005667328
0.006187880056673312
0.006187880056673322
0.006187880056673266
0.006187880056673306
0.006187880056673304
0.006187880056673244
0.006187880056673205
0.006187880056673182
0.006187880056673236
0.006187880056673246
0.006187880056673273
0.006187880056673208
0.006187880056673228
0.006187880056673445
0.006187880056673468
0.006187880056673326
0.006187880056673409
0.006187880056673431
0.006187880056673304
0.00618788005667334
0.006187880056673367
0.006187880056673262
0.006187880056673294
0.006187880056673482
0.006187880056673511
0.006187880056673437
0.006187880056673512
0.006187880056673494
0.006187880056673311
0.006187880056673375
0.006187880056673427
0.006187880056673269
0.006187880056673398
0.006187880056673459
0.006187880056673323
0.006187880056673271
0.006187880056673342
0.006187880056673378
0.006187880056673343
0.006187880056673247
0.006187880056673311
0.006187880056673249
0.006187880056673319
0.006187880056673368
0.006187880056673337
0.006187880056673345
0.006759323673639101
0.006759323673639251
0.006759323673639316
0.00675932367363916
0.006759323673639179
0.006759323673639167
0.006759323673639191
0.006759323673639127
0.006759323673639106
0.006759323673639133
0.006759323673639218
0.006759323673639152
0.006759323673639166
0.00675932367363919
0.006759323673639193
0.006759323673639226
0.006759323673639196
0.00675932367363915
0.006759323673639127
0.006759323673639154
0.006759323673639172
0.006759323673639122
0.006759323673639124
0.006759323673639093
0.006759323673639145
0.006759323673639333
0.006759323673639341
0.00675932367363921
0.006759323673639313
0.006759323673639344
0.006759323673639192
0.006759323673639244
0.006759323673639306
0.006759323673639214
0.006759323673639235
0.006759323673639402
0.00675932367363943
0.006759323673639374
0.006759323673639421
0.006759323673639401
0.006759323673639229
0.006759323673639304
0.006759323673639356
0.006759323673639199
0.006759323673639317
0.006759323673639369
0.006759323673639263
0.006759323673639216
0.006759323673639264
0.006759323673639311
0.006759323673639264
0.006759323673639188
0.006759323673639238
0.006759323673639207
0.006759323673639222
0.006759323673639176
0.006759323673639208
0.006759323673639244
0.00729443423269594
0.007294434232696051
0.00729443423269611
0.007294434232695985
0.007294434232696008
0.007294434232696003
0.007294434232696018
0.007294434232695956
0.007294434232695936
0.007294434232695974
0.007294434232696051
0.007294434232696016
0.007294434232696017
0.007294434232696017
0.007294434232696038
0.0072944342326961
0.007294434232696084
0.007294434232696027
0.007294434232696004
0.007294434232696032
0.007294434232696032
0.007294434232695999
0.007294434232695978
0.007294434232695954
0.007294434232696014
0.007294434232696163
0.007294434232696175
0.007294434232696069
0.007294434232696165
0.007294434232696193
0.007294434232696067
0.007294434232696097
0.007294434232696169
0.007294434232696119
0.007294434232696159
0.007294434232696279
0.007294434232696297
0.007294434232696261
0.007294434232696261
0.007294434232696237
0.007294434232696122
0.007294434232696186
0.007294434232696228
0.007294434232696095
0.007294434232696194
0.007294434232696236
0.007294434232696144
0.007294434232696113
0.007294434232696157
0.007294434232696164
0.007294434232696108
0.007294434232696072
0.007294434232696097
0.007294434232696041
0.007294434232696044
0.007294434232695998
0.007294434232696039
0.007294434232696072
0.007788748372763522
0.007788748372763591
0.007788748372763651
0.007788748372763568
0.007788748372763573
0.007788748372763585
0.007788748372763594
0.00778874837276354
0.007788748372763544
0.007788748372763573
0.007788748372763653
0.007788748372763647
0.0077887483727636
0.007788748372763618
0.007788748372763667
0.007788748372763691
0.007788748372763685
0.007788748372763651
0.007788748372763641
0.007788748372763652
0.007788748372763644
0.00778874837276363
0.007788748372763611
0.007788748372763599
0.007788748372763635
0.007788748372763742
0.007788748372763755
0.007788748372763679
0.007788748372763758
0.007788748372763784
0.007788748372763705
0.00778874837276369
0.007788748372763729
0.007788748372763753
0.007788748372763808
0.007788748372763881
0.007788748372763897
0.007788748372763876
0.007788748372763861
0.00778874837276384
0.007788748372763766
0.007788748372763814
0.007788748372763839
0.007788748372763739
0.007788748372763812
0.007788748372763844
0.007788748372763776
0.007788748372763765
0.007788748372763778
0.007788748372763757
0.007788748372763716
0.007788748372763691
0.007788748372763695
0.007788748372763638
0.007788748372763629
0.007788748372763588
0.007788748372763607
0.007788748372763628
0.008240518603359686
0.008240518603359719
0.008240518603359772
0.008240518603359712
0.008240518603359703
0.008240518603359724
0.008240518603359748
0.008240518603359731
0.008240518603359726
0.00824051860335975
0.008240518603359831
0.00824051860335983
0.008240518603359791
0.008240518603359833
0.008240518603359883
0.008240518603359871
0.008240518603359871
0.00824051860335987
0.008240518603359857
0.008240518603359847
0.008240518603359837
0.008240518603359835
0.008240518603359826
0.008240518603359821
0.008240518603359842
0.008240518603359913
0.00824051860335993
0.00824051860335989
0.008240518603359953
0.008240518603359972
0.008240518603359922
0.008240518603359904
0.008240518603359949
0.008240518603359991
0.00824051860336002
0.008240518603360074
0.00824051860336009
0.008240518603360078
0.008240518603360066
0.008240518603360045
0.00824051860336
0.008240518603360024
0.00824051860336004
0.00824051860335997
0.008240518603360017
0.008240518603360036
0.008240518603359994
0.008240518603359986
0.00824051860336
0.008240518603359984
0.008240518603359941
0.008240518603359922
0.008240518603359902
0.008240518603359852
0.008240518603359835
0.008240518603359785
0.008240518603359762
0.008240518603359753
0.008649465328010504
0.008649465328010508
0.008649465328010558
0.008649465328010515
0.008649465328010515
0.008649465328010546
0.008649465328010593
0.008649465328010596
0.008649465328010584
0.008649465328010614
0.008649465328010669
0.008649465328010671
0.008649465328010652
0.008649465328010695
0.00864946532801073
0.008649465328010713
0.00864946532801072
0.008649465328010737
0.008649465328010713
0.008649465328010706
0.008649465328010711
0.008649465328010706
0.008649465328010695
0.008649465328010697
0.008649465328010713
0.008649465328010759
0.008649465328010779
0.008649465328010766
0.008649465328010817
0.008649465328010834
0.008649465328010806
0.008649465328010801
0.008649465328010853
0.00864946532801089
0.008649465328010905
0.008649465328010936
0.008649465328010943
0.008649465328010942
0.008649465328010936
0.008649465328010917
0.008649465328010898
0.008649465328010902
0.008649465328010903
0.008649465328010867
0.008649465328010888
0.008649465328010895
0.008649465328010876
0.008649465328010865
0.008649465328010879
0.008649465328010881
0.008649465328010848
0.008649465328010832
0.008649465328010796
0.008649465328010759
0.00864946532801074
0.008649465328010674
0.008649465328010617
0.008649465328010558
0.009015937435513245
0.009015937435513235
0.009015937435513287
0.009015937435513271
0.009015937435513283
0.009015937435513318
0.00901593743551337
0.009015937435513391
0.009015937435513393
0.009015937435513422
0.009015937435513452
0.00901593743551346
0.009015937435513455
0.009015937435513488
0.009015937435513507
0.009015937435513491
0.009015937435513498
0.009015937435513524
0.009015937435513495
0.009015937435513486
0.009015937435513502
0.0090159374355135
0.009015937435513497
0.009015937435513514
0.009015937435513531
0.009015937435513552
0.009015937435513571
0.009015937435513589
0.009015937435513635
0.009015937435513651
0.009015937435513646
0.009015937435513663
0.0090159374355137
0.009015937435513722
0.009015937435513733
0.009015937435513748
0.009015937435513752
0.009015937435513759
0.00901593743551375
0.009015937435513734
0.009015937435513731
0.009015937435513714
0.009015937435513712
0.009015937435513707
0.009015937435513701
0.009015937435513703
0.009015937435513703
0.009015937435513696
0.009015937435513708
0.009015937435513719
0.009015937435513703
0.009015937435513696
0.009015937435513641
0.009015937435513616
0.009015937435513615
0.009015937435513537
0.009015937435513433
0.009015937435513313
0.009340433727916285
0.009340433727916273
0.009340433727916347
0.009340433727916353
0.009340433727916373
0.009340433727916413
0.009340433727916472
0.009340433727916502
0.009340433727916512
0.00934043372791654
0.009340433727916554
0.009340433727916563
0.009340433727916566
0.00934043372791658
0.009340433727916599
0.009340433727916575
0.009340433727916568
0.009340433727916611
0.009340433727916576
0.009340433727916559
0.009340433727916583
0.009340433727916589
0.009340433727916599
0.009340433727916635
0.009340433727916654
0.009340433727916668
0.009340433727916698
0.009340433727916729
0.009340433727916781
0.009340433727916802
0.009340433727916811
0.009340433727916826
0.009340433727916844
0.009340433727916856
0.009340433727916859
0.009340433727916873
0.009340433727916873
0.009340433727916887
0.00934043372791687
0.009340433727916856
0.009340433727916873
0.009340433727916833
0.009340433727916828
0.009340433727916847
0.009340433727916823
0.009340433727916818
0.009340433727916833
0.009340433727916835
0.00934043372791684
0.009340433727916864
0.009340433727916859
0.009340433727916857
0.009340433727916791
0.009340433727916769
0.009340433727916798
0.009340433727916726
0.009340433727916573
0.00934043372791638
0.009623363871990228
0.009623363871990222
0.009623363871990321
0.009623363871990342
0.009623363871990373
0.009623363871990415
0.009623363871990469
0.009623363871990514
0.009623363871990529
0.009623363871990552
0.009623363871990547
0.009623363871990554
0.009623363871990561
0.009623363871990564
0.009623363871990595
0.009623363871990557
0.009623363871990535
0.009623363871990597
0.009623363871990554
0.009623363871990526
0.009623363871990564
0.00962336387199058
0.009623363871990599
0.009623363871990656
0.009623363871990686
0.009623363871990699
0.009623363871990736
0.009623363871990778
0.009623363871990835
0.009623363871990857
0.009623363871990869
0.00962336387199088
0.009623363871990885
0.00962336387199089
0.009623363871990883
0.00962336387199089
0.009623363871990889
0.00962336387199092
0.009623363871990894
0.009623363871990876
0.009623363871990922
0.009623363871990863
0.009623363871990845
0.009623363871990896
0.009623363871990852
0.009623363871990838
0.009623363871990878
0.009623363871990875
0.009623363871990876
0.009623363871990916
0.009623363871990915
0.00962336387199092
0.009623363871990845
0.009623363871990826
0.009623363871990887
0.009623363871990826
0.00962336387199062
0.00962336387199034
0.009864938846798468
0.009864938846798482
0.009864938846798593
0.009864938846798628
0.009864938846798659
0.009864938846798709
0.009864938846798755
0.009864938846798798
0.009864938846798819
0.009864938846798831
0.009864938846798822
0.009864938846798834
0.009864938846798834
0.009864938846798831
0.009864938846798879
0.009864938846798836
0.009864938846798794
0.009864938846798867
0.00986493884679882
0.009864938846798786
0.009864938846798843
0.00986493884679886
0.009864938846798893
0.009864938846798971
0.009864938846799011
0.009864938846799027
0.009864938846799069
0.009864938846799114
0.00986493884679918
0.009864938846799202
0.009864938846799197
0.0098649388467992
0.009864938846799209
0.009864938846799219
0.009864938846799209
0.009864938846799209
0.009864938846799207
0.009864938846799256
0.009864938846799216
0.009864938846799187
0.009864938846799259
0.009864938846799192
0.009864938846799164
0.009864938846799233
0.009864938846799176
0.009864938846799157
0.009864938846799233
0.009864938846799199
0.009864938846799187
0.009864938846799265
0.009864938846799263
0.009864938846799268
0.009864938846799185
0.009864938846799173
0.009864938846799268
0.009864938846799223
0.009864938846798963
0.009864938846798595
0.01006511832559588
0.01006511832559591
0.01006511832559603
0.01006511832559607
0.0100651183255961
0.01006511832559616
0.01006511832559619
0.01006511832559624
0.01006511832559625
0.01006511832559625
0.01006511832559625
0.01006511832559629
0.01006511832559627
0.01006511832559625
0.01006511832559632
0.01006511832559628
0.01006511832559621
0.01006511832559629
0.01006511832559625
0.01006511832559621
0.01006511832559629
0.01006511832559633
0.01006511832559636
0.01006511832559645
0.0100651183255965
0.01006511832559652
0.01006511832559656
0.01006511832559661
0.01006511832559668
0.0100651183255967
0.01006511832559669
0.01006511832559669
0.01006511832559669
0.01006511832559671
0.0100651183255967
0.01006511832559669
0.01006511832559669
0.01006511832559675
0.0100651183255967
0.01006511832559666
0.01006511832559676
0.01006511832559668
0.01006511832559664
0.01006511832559674
0.01006511832559667
0.01006511832559664
0.01006511832559675
0.01006511832559669
0.01006511832559667
0.01006511832559678
0.01006511832559677
0.01006511832559679
0.0100651183255967
0.01006511832559669
0.01006511832559681
0.01006511832559678
0.01006511832559647
0.01006511832559602
0.0102235754464501
0.01022357544645014
0.01022357544645026
0.01022357544645031
0.01022357544645034
0.0102235754464504
0.01022357544645043
0.01022357544645049
0.01022357544645051
0.0102235754464505
0.01022357544645048
0.01022357544645054
0.01022357544645052
0.0102235754464505
0.01022357544645056
0.01022357544645053
0.01022357544645045
0.0102235754464505
0.01022357544645049
0.01022357544645047
0.01022357544645057
0.01022357544645061
0.01022357544645064
0.01022357544645074
0.01022357544645079
0.01022357544645082
0.01022357544645086
0.01022357544645091
0.01022357544645097
0.010223575446451
0.01022357544645099
0.01022357544645098
0.01022357544645097
0.01022357544645101
0.010223575446451
0.01022357544645098
0.01022357544645099
0.01022357544645106
0.01022357544645099
0.01022357544645095
0.01022357544645106
0.01022357544645098
0.01022357544645093
0.01022357544645106
0.01022357544645098
0.01022357544645093
0.01022357544645107
0.01022357544645099
0.01022357544645096
0.01022357544645109
0.01022357544645109
0.0102235754464511
0.01022357544645102
0.01022357544645102
0.01022357544645114
0.01022357544645114
0.01022357544645078
0.01022357544645025
0.01033965954564348
0.01033965954564352
0.01033965954564364
0.01033965954564369
0.01033965954564373
0.01033965954564379
0.01033965954564382
0.0103396595456439
0.01033965954564391
0.0103396595456439
0.0103396595456439
0.01033965954564393
0.01033965954564392
0.01033965954564392
0.01033965954564394
0.01033965954564394
0.01033965954564385
0.01033965954564384
0.01033965954564387
0.01033965954564389
0.010339659545644
0.01033965954564406
0.01033965954564409
0.0103396595456442
0.01033965954564424
0.01033965954564428
0.01033965954564431
0.01033965954564437
0.01033965954564442
0.01033965954564445
0.01033965954564443
0.01033965954564442
0.01033965954564442
0.01033965954564446
0.01033965954564445
0.01033965954564444
0.01033965954564444
0.01033965954564451
0.01033965954564445
0.0103396595456444
0.01033965954564452
0.01033965954564443
0.01033965954564438
0.01033965954564453
0.01033965954564444
0.01033965954564439
0.01033965954564455
0.01033965954564445
0.01033965954564441
0.01033965954564456
0.01033965954564456
0.01033965954564456
0.0103396595456445
0.01033965954564452
0.0103396595456446
0.01033965954564462
0.01033965954564427
0.01033965954564366
0.0104123466508177
0.01041234665081773
0.01041234665081786
0.01041234665081792
0.01041234665081795
0.01041234665081802
0.01041234665081804
0.01041234665081815
0.01041234665081814
0.01041234665081813
0.01041234665081814
0.01041234665081814
0.01041234665081813
0.01041234665081813
0.01041234665081814
0.01041234665081821
0.01041234665081811
0.01041234665081806
0.01041234665081813
0.01041234665081817
0.01041234665081826
0.01041234665081835
0.0104123466508184
0.01041234665081849
0.01041234665081854
0.01041234665081857
0.0104123466508186
0.01041234665081866
0.0104123466508187
0.01041234665081871
0.01041234665081871
0.0104123466508187
0.01041234665081872
0.01041234665081875
0.01041234665081873
0.01041234665081873
0.01041234665081872
0.01041234665081879
0.01041234665081873
0.01041234665081868
0.01041234665081881
0.01041234665081872
0.01041234665081867
0.01041234665081883
0.01041234665081874
0.01041234665081868
0.01041234665081885
0.01041234665081876
0.0104123466508187
0.01041234665081887
0.01041234665081887
0.01041234665081886
0.01041234665081885
0.01041234665081889
0.01041234665081893
0.01041234665081894
0.01041234665081861
0.01041234665081793
0.01044016997170891
0.01044016997170893
0.01044016997170909
0.01044016997170915
0.01044016997170918
0.01044016997170925
0.01044016997170928
0.01044016997170939
0.01044016997170938
0.01044016997170938
0.01044016997170939
0.01044016997170937
0.01044016997170936
0.01044016997170938
0.01044016997170938
0.01044016997170947
0.01044016997170936
0.01044016997170929
0.01044016997170939
0.01044016997170944
0.01044016997170951
0.01044016997170965
0.01044016997170971
0.01044016997170979
0.01044016997170984
0.01044016997170987
0.01044016997170988
0.01044016997170993
0.01044016997170997
0.01044016997170999
0.01044016997171001
0.01044016997171002
0.01044016997171004
0.01044016997171006
0.01044016997171004
0.01044016997171003
0.01044016997171002
0.01044016997171009
0.01044016997171003
0.01044016997170998
0.01044016997171011
0.01044016997171002
0.01044016997170996
0.01044016997171014
0.01044016997171005
0.01044016997170998
0.01044016997171016
0.01044016997171007
0.01044016997171001
0.01044016997171018
0.0104401699717102
0.01044016997171021
0.0104401699717102
0.01044016997171025
0.01044016997171027
0.01044016997171028
0.01044016997170997
0.01044016997170922
0.0104242552447055
0.0104242552447055
0.01042425524470568
0.01042425524470574
0.01042425524470577
0.01042425524470584
0.01042425524470588
0.01042425524470598
0.01042425524470598
0.01042425524470598
0.01042425524470601
0.01042425524470598
0.01042425524470595
0.01042425524470599
0.01042425524470599
0.01042425524470608
0.01042425524470597
0.01042425524470589
0.01042425524470601
0.01042425524470606
0.01042425524470613
0.0104242552447063
0.01042425524470638
0.01042425524470645
0.0104242552447065
0.01042425524470652
0.01042425524470652
0.01042425524470653
0.01042425524470657
0.01042425524470661
0.01042425524470664
0.01042425524470666
0.01042425524470668
0.01042425524470671
0.01042425524470668
0.01042425524470669
0.01042425524470668
0.01042425524470673
0.01042425524470669
0.01042425524470664
0.01042425524470676
0.01042425524470667
0.01042425524470661
0.01042425524470679
0.01042425524470671
0.01042425524470664
0.01042425524470681
0.01042425524470673
0.01042425524470667
0.01042425524470683
0.01042425524470686
0.01042425524470689
0.01042425524470688
0.01042425524470693
0.01042425524470693
0.01042425524470698
0.0104242552447067
0.0104242552447059
0.01036521325265609
0.01036521325265605
0.01036521325265622
0.01036521325265627
0.0103652132526563
0.01036521325265638
0.01036521325265643
0.01036521325265655
0.01036521325265655
0.01036521325265657
0.01036521325265658
0.01036521325265653
0.01036521325265651
0.01036521325265657
0.01036521325265658
0.01036521325265664
0.01036521325265653
0.01036521325265646
0.01036521325265659
0.01036521325265664
0.01036521325265671
0.01036521325265689
0.01036521325265698
0.01036521325265704
0.0103652132526571
0.01036521325265711
0.0103652132526571
0.01036521325265711
0.01036521325265715
0.01036521325265718
0.0103652132526572
0.01036521325265723
0.01036521325265726
0.01036521325265729
0.01036521325265727
0.0103652132526573
0.01036521325265731
0.01036521325265733
0.01036521325265729
0.01036521325265725
0.01036521325265735
0.01036521325265727
0.01036521325265721
0.01036521325265739
0.01036521325265733
0.01036521325265726
0.01036521325265741
0.01036521325265735
0.01036521325265729
0.01036521325265743
0.01036521325265745
0.01036521325265751
0.0103652132526575
0.01036521325265757
0.01036521325265757
0.01036521325265762
0.01036521325265738
0.01036521325265657
0.01026321343299203
0.01026321343299196
0.01026321343299211
0.01026321343299216
0.01026321343299219
0.01026321343299226
0.01026321343299233
0.01026321343299244
0.01026321343299245
0.01026321343299248
0.01026321343299248
0.01026321343299243
0.01026321343299241
0.01026321343299253
0.01026321343299253
0.01026321343299253
0.01026321343299244
0.01026321343299239
0.01026321343299252
0.01026321343299257
0.01026321343299264
0.01026321343299282
0.01026321343299291
0.01026321343299296
0.01026321343299303
0.01026321343299302
0.01026321343299302
0.01026321343299304
0.01026321343299305
0.01026321343299307
0.01026321343299309
0.01026321343299313
0.01026321343299316
0.01026321343299319
0.01026321343299319
0.01026321343299322
0.01026321343299324
0.01026321343299326
0.01026321343299322
0.01026321343299319
0.01026321343299328
0.0102632134329932
0.01026321343299314
0.01026321343299331
0.01026321343299327
0.01026321343299322
0.01026321343299334
0.0102632134329933
0.01026321343299325
0.01026321343299338
0.01026321343299339
0.01026321343299345
0.01026321343299345
0.01026321343299356
0.01026321343299355
0.0102632134329936
0.01026321343299339
0.01026321343299259
0.01011803060068295
0.01011803060068284
0.01011803060068297
0.010118030600683
0.01011803060068302
0.0101180306006831
0.01011803060068318
0.01011803060068328
0.01011803060068328
0.0101180306006833
0.01011803060068331
0.01011803060068329
0.01011803060068327
0.01011803060068339
0.01011803060068336
0.01011803060068331
0.01011803060068329
0.01011803060068328
0.01011803060068341
0.01011803060068346
0.01011803060068352
0.01011803060068368
0.01011803060068376
0.0101180306006838
0.01011803060068387
0.01011803060068387
0.01011803060068388
0.01011803060068388
0.01011803060068387
0.01011803060068393
0.01011803060068394
0.01011803060068396
0.01011803060068399
0.01011803060068403
0.01011803060068404
0.01011803060068409
0.01011803060068411
0.0101180306006841
0.01011803060068409
0.01011803060068408
0.01011803060068412
0.01011803060068406
0.01011803060068402
0.01011803060068415
0.01011803060068415
0.01011803060068413
0.0101180306006842
0.01011803060068419
0.01011803060068416
0.01011803060068424
0.01011803060068425
0.01011803060068434
0.01011803060068434
0.01011803060068446
0.01011803060068446
0.01011803060068451
0.01011803060068435
0.01011803060068358
0.009929073129178203
0.009929073129178045
0.009929073129178158
0.009929073129178184
0.009929073129178194
0.00992907312917825
0.009929073129178345
0.009929073129178465
0.009929073129178463
0.009929073129178479
0.009929073129178463
0.009929073129178453
0.009929073129178451
0.009929073129178564
0.009929073129178496
0.009929073129178423
0.009929073129178472
0.009929073129178489
0.009929073129178579
0.009929073129178657
0.009929073129178711
0.009929073129178838
0.009929073129178909
0.00992907312917894
0.009929073129179025
0.00992907312917902
0.009929073129179017
0.009929073129179036
0.009929073129179053
0.009929073129179102
0.009929073129179126
0.009929073129179141
0.009929073129179138
0.009929073129179166
0.00992907312917918
0.009929073129179235
0.009929073129179263
0.009929073129179252
0.009929073129179275
0.009929073129179275
0.009929073129179278
0.009929073129179235
0.009929073129179209
0.009929073129179341
0.009929073129179367
0.009929073129179358
0.009929073129179395
0.009929073129179407
0.009929073129179384
0.009929073129179426
0.009929073129179436
0.009929073129179528
0.00992907312917953
0.00992907312917966
0.009929073129179664
0.009929073129179723
0.009929073129179605
0.009929073129178886
0.009695401645609893
0.009695401645609671
0.009695401645609772
0.009695401645609794
0.009695401645609799
0.009695401645609843
0.009695401645609935
0.009695401645610061
0.009695401645610063
0.009695401645610086
0.009695401645610072
0.009695401645610034
0.009695401645610034
0.009695401645610148
0.009695401645610066
0.009695401645609981
0.009695401645610065
0.009695401645610072
0.009695401645610139
0.009695401645610252
0.009695401645610308
0.00969540164561041
0.009695401645610472
0.009695401645610504
0.009695401645610596
0.009695401645610599
0.00969540164561059
0.009695401645610618
0.009695401645610644
0.009695401645610689
0.009695401645610719
0.009695401645610738
0.009695401645610724
0.00969540164561072
0.009695401645610729
0.009695401645610804
0.009695401645610833
0.009695401645610826
0.009695401645610849
0.00969540164561084
0.009695401645610844
0.009695401645610859
0.00969540164561084
0.009695401645610943
0.009695401645610975
0.009695401645610982
0.009695401645611005
0.009695401645611015
0.009695401645611003
0.009695401645611022
0.009695401645611041
0.009695401645611111
0.009695401645611111
0.00969540164561126
0.009695401645611262
0.009695401645611328
0.009695401645611255
0.009695401645610615
0.009415754427782485
0.009415754427782195
0.00941575442778228
0.009415754427782308
0.009415754427782292
0.009415754427782317
0.009415754427782417
0.009415754427782542
0.009415754427782558
0.009415754427782579
0.009415754427782577
0.009415754427782542
0.009415754427782525
0.009415754427782625
0.009415754427782549
0.009415754427782461
0.009415754427782577
0.009415754427782547
0.009415754427782577
0.009415754427782726
0.009415754427782788
0.009415754427782863
0.009415754427782917
0.009415754427782967
0.00941575442778305
0.009415754427783083
0.009415754427783082
0.009415754427783092
0.009415754427783116
0.009415754427783149
0.009415754427783181
0.009415754427783201
0.009415754427783191
0.009415754427783186
0.009415754427783187
0.009415754427783267
0.009415754427783295
0.009415754427783293
0.00941575442778329
0.009415754427783286
0.009415754427783307
0.009415754427783344
0.009415754427783338
0.009415754427783422
0.009415754427783444
0.009415754427783462
0.009415754427783486
0.009415754427783503
0.009415754427783493
0.009415754427783508
0.009415754427783536
0.009415754427783588
0.009415754427783586
0.009415754427783736
0.009415754427783744
0.009415754427783807
0.009415754427783772
0.009415754427783219
0.009088613532809981
0.009088613532809622
0.009088613532809679
0.009088613532809701
0.009088613532809695
0.009088613532809703
0.009088613532809792
0.009088613532809906
0.00908861353280993
0.009088613532809941
0.009088613532809936
0.009088613532809929
0.00908861353280992
0.009088613532809991
0.009088613532809922
0.009088613532809852
0.009088613532809982
0.009088613532809934
0.009088613532809929
0.009088613532810094
0.009088613532810149
0.009088613532810203
0.00908861353281025
0.009088613532810317
0.009088613532810392
0.00908861353281043
0.00908861353281042
0.009088613532810414
0.009088613532810442
0.009088613532810477
0.009088613532810512
0.009088613532810536
0.009088613532810532
0.009088613532810534
0.009088613532810545
0.009088613532810607
0.009088613532810635
0.009088613532810633
0.009088613532810616
0.009088613532810638
0.009088613532810661
0.009088613532810699
0.009088613532810708
0.009088613532810772
0.009088613532810805
0.009088613532810824
0.009088613532810838
0.009088613532810867
0.00908861353281086
0.009088613532810876
0.0090886135328109
0.009088613532810945
0.009088613532810947
0.009088613532811084
0.009088613532811094
0.00908861353281115
0.009088613532811143
0.009088613532810695
0.008712377721126881
0.008712377721126485
0.008712377721126503
0.008712377721126487
0.008712377721126508
0.008712377721126504
0.008712377721126565
0.008712377721126678
0.008712377721126719
0.00871237772112673
0.008712377721126723
0.008712377721126714
0.008712377721126706
0.008712377721126759
0.008712377721126707
0.008712377721126652
0.00871237772112677
0.008712377721126723
0.008712377721126697
0.008712377721126851
0.008712377721126907
0.008712377721126941
0.008712377721126985
0.008712377721127054
0.008712377721127113
0.008712377721127164
0.008712377721127158
0.008712377721127164
0.008712377721127183
0.008712377721127209
0.008712377721127243
0.008712377721127269
0.008712377721127273
0.008712377721127292
0.008712377721127309
0.008712377721127342
0.00871237772112737
0.008712377721127375
0.008712377721127372
0.008712377721127405
0.008712377721127431
0.00871237772112745
0.008712377721127467
0.008712377721127512
0.00871237772112754
0.008712377721127556
0.008712377721127571
0.008712377721127599
0.008712377721127608
0.008712377721127639
0.00871237772112766
0.00871237772112768
0.008712377721127694
0.008712377721127811
0.008712377721127838
0.008712377721127871
0.008712377721127871
0.008712377721127536
0.008285749557524752
0.008285749557524355
0.008285749557524331
0.008285749557524284
0.008285749557524319
0.008285749557524289
0.00828574955752432
0.008285749557524431
0.008285749557524471
0.008285749557524482
0.008285749557524473
0.008285749557524464
0.008285749557524454
0.008285749557524506
0.008285749557524466
0.008285749557524423
0.008285749557524525
0.008285749557524476
0.008285749557524449
0.008285749557524581
0.008285749557524626
0.008285749557524646
0.008285749557524688
0.008285749557524749
0.008285749557524804
0.008285749557524863
0.008285749557524863
0.008285749557524881
0.0082857495575249
0.008285749557524915
0.00828574955752494
0.008285749557524964
0.008285749557524983
0.008285749557525007
0.008285749557525016
0.008285749557525032
0.008285749557525052
0.008285749557525065
0.008285749557525068
0.00828574955752511
0.008285749557525137
0.00828574955752516
0.00828574955752517
0.008285749557525205
0.008285749557525222
0.008285749557525233
0.008285749557525247
0.008285749557525268
0.008285749557525288
0.008285749557525316
0.008285749557525339
0.008285749557525354
0.008285749557525392
0.008285749557525486
0.008285749557525526
0.008285749557525538
0.008285749557525545
0.008285749557525299
0.007808469742038937
0.007808469742038542
0.007808469742038499
0.007808469742038432
0.007808469742038472
0.00780846974203842
0.007808469742038427
0.007808469742038528
0.007808469742038554
0.007808469742038566
0.007808469742038563
0.007808469742038545
0.007808469742038535
0.007808469742038584
0.007808469742038566
0.007808469742038533
0.007808469742038606
0.00780846974203857
0.007808469742038537
0.007808469742038646
0.007808469742038686
0.007808469742038688
0.007808469742038729
0.007808469742038783
0.007808469742038823
0.007808469742038892
0.007808469742038904
0.00780846974203892
0.007808469742038943
0.007808469742038947
0.007808469742038959
0.00780846974203899
0.007808469742039013
0.007808469742039028
0.007808469742039039
0.007808469742039044
0.007808469742039065
0.007808469742039075
0.007808469742039079
0.007808469742039129
0.007808469742039166
0.007808469742039183
0.007808469742039192
0.007808469742039209
0.007808469742039219
0.007808469742039225
0.007808469742039233
0.007808469742039245
0.007808469742039282
0.007808469742039315
0.007808469742039332
0.007808469742039344
0.007808469742039395
0.00780846974203947
0.007808469742039512
0.007808469742039522
0.007808469742039539
0.007808469742039365
0.007282490052491128
0.007282490052490745
0.007282490052490688
0.007282490052490628
0.007282490052490657
0.007282490052490597
0.00728249005249058
0.007282490052490665
0.007282490052490689
0.007282490052490698
0.007282490052490692
0.007282490052490678
0.007282490052490653
0.007282490052490698
0.007282490052490688
0.007282490052490671
0.007282490052490723
0.007282490052490685
0.007282490052490665
0.007282490052490761
0.007282490052490786
0.007282490052490769
0.007282490052490809
0.007282490052490853
0.007282490052490881
0.007282490052490952
0.007282490052490973
0.007282490052490985
0.007282490052491012
0.007282490052491016
0.007282490052491012
0.007282490052491049
0.00728249005249107
0.007282490052491088
0.007282490052491086
0.007282490052491077
0.007282490052491098
0.007282490052491098
0.0072824900524911
0.007282490052491162
0.007282490052491212
0.00728249005249123
0.007282490052491234
0.00728249005249124
0.007282490052491242
0.007282490052491239
0.007282490052491248
0.007282490052491242
0.007282490052491287
0.007282490052491322
0.007282490052491336
0.007282490052491346
0.007282490052491405
0.007282490052491482
0.007282490052491514
0.007282490052491525
0.007282490052491539
0.007282490052491419
0.006713504721321949
0.006713504721321621
0.006713504721321565
0.006713504721321506
0.006713504721321506
0.006713504721321464
0.006713504721321429
0.006713504721321497
0.006713504721321518
0.006713504721321516
0.006713504721321506
0.006713504721321489
0.006713504721321458
0.006713504721321505
0.006713504721321499
0.006713504721321482
0.006713504721321514
0.006713504721321493
0.006713504721321466
0.006713504721321558
0.006713504721321571
0.006713504721321546
0.006713504721321587
0.006713504721321616
0.006713504721321606
0.006713504721321698
0.006713504721321726
0.006713504721321728
0.006713504721321767
0.006713504721321775
0.006713504721321743
0.006713504721321796
0.006713504721321826
0.006713504721321826
0.006713504721321828
0.006713504721321796
0.006713504721321821
0.006713504721321821
0.006713504721321808
0.006713504721321884
0.006713504721321958
0.006713504721321967
0.006713504721321964
0.00671350472132197
0.006713504721321955
0.006713504721321959
0.006713504721321954
0.006713504721321922
0.006713504721321979
0.006713504721322029
0.006713504721322031
0.006713504721322028
0.006713504721322098
0.006713504721322173
0.006713504721322196
0.006713504721322195
0.006713504721322202
0.006713504721322133
0.006112438666805875
0.006112438666805635
0.006112438666805579
0.006112438666805532
0.006112438666805522
0.006112438666805464
0.006112438666805419
0.006112438666805472
0.006112438666805486
0.006112438666805476
0.00611243866680548
0.006112438666805451
0.006112438666805387
0.006112438666805454
0.006112438666805458
0.006112438666805431
0.006112438666805445
0.006112438666805428
0.006112438666805413
0.006112438666805511
0.006112438666805514
0.006112438666805467
0.006112438666805517
0.006112438666805537
0.006112438666805491
0.006112438666805601
0.006112438666805617
0.006112438666805601
0.006112438666805666
0.006112438666805663
0.006112438666805623
0.006112438666805697
0.006112438666805731
0.006112438666805731
0.006112438666805732
0.006112438666805679
0.006112438666805703
0.006112438666805691
0.006112438666805658
0.006112438666805763
0.006112438666805855
0.006112438666805856
0.006112438666805851
0.006112438666805851
0.006112438666805837
0.00611243866680583
0.006112438666805822
0.006112438666805756
0.006112438666805834
0.006112438666805876
0.00611243866680587
0.006112438666805854
0.006112438666805941
0.00611243866680602
0.006112438666806026
0.006112438666805998
0.006112438666806014
0.006112438666805949
0.005496122008671733
0.005496122008671571
0.00549612200867154
0.00549612200867151
0.005496122008671488
0.005496122008671423
0.005496122008671388
0.005496122008671419
0.00549612200867143
0.00549612200867142
0.005496122008671406
0.0054961220086714
0.005496122008671311
0.005496122008671384
0.005496122008671391
0.005496122008671344
0.005496122008671363
0.005496122008671355
0.005496122008671327
0.005496122008671437
0.005496122008671444
0.005496122008671357
0.005496122008671434
0.005496122008671453
0.005496122008671365
0.005496122008671496
0.005496122008671502
0.005496122008671467
0.005496122008671544
0.005496122008671545
0.005496122008671499
0.005496122008671587
0.005496122008671627
0.005496122008671627
0.005496122008671625
0.00549612200867154
0.005496122008671575
0.005496122008671578
0.005496122008671511
0.005496122008671633
0.005496122008671736
0.005496122008671736
0.005496122008671722
0.005496122008671713
0.005496122008671701
0.005496122008671694
0.005496122008671675
0.005496122008671586
0.005496122008671672
0.005496122008671707
0.005496122008671699
0.005496122008671675
0.005496122008671773
0.005496122008671837
0.005496122008671832
0.005496122008671794
0.005496122008671804
0.005496122008671724
0.004886235359628031
0.004886235359627959
0.004886235359627939
0.004886235359627924
0.004886235359627899
0.00488623535962783
0.00488623535962782
0.004886235359627831
0.004886235359627837
0.004886235359627826
0.004886235359627811
0.004886235359627802
0.004886235359627715
0.004886235359627784
0.004886235359627793
0.004886235359627753
0.004886235359627769
0.004886235359627768
0.004886235359627715
0.004886235359627828
0.004886235359627841
0.00488623535962773
0.00488623535962782
0.00488623535962784
0.004886235359627739
0.004886235359627866
0.004886235359627867
0.004886235359627814
0.004886235359627909
0.004886235359627908
0.004886235359627841
0.004886235359627952
0.004886235359627997
0.004886235359627992
0.00488623535962798
0.004886235359627877
0.004886235359627927
0.004886235359627938
0.004886235359627849
0.004886235359627972
0.004886235359628077
0.004886235359628083
0.00488623535962807
0.004886235359628066
0.004886235359628036
0.004886235359628033
0.00488623535962801
0.004886235359627912
0.004886235359627998
0.004886235359628031
0.004886235359628018
0.004886235359627985
0.00488623535962809
0.004886235359628141
0.004886235359628135
0.004886235359628096
0.004886235359628096
0.004886235359627992
0.004306038742179539
0.004306038742179506
0.004306038742179497
0.004306038742179493
0.004306038742179466
0.004306038742179389
0.004306038742179427
0.004306038742179435
0.004306038742179407
0.004306038742179405
0.004306038742179387
0.004306038742179379
0.00430603874217929
0.00430603874217935
0.004306038742179389
0.004306038742179357
0.004306038742179366
0.004306038742179339
0.004306038742179289
0.004306038742179413
0.00430603874217943
0.004306038742179304
0.004306038742179386
0.00430603874217941
0.004306038742179281
0.004306038742179413
0.004306038742179412
0.004306038742179363
0.004306038742179473
0.004306038742179486
0.004306038742179389
0.00430603874217949
0.004306038742179551
0.004306038742179545
0.004306038742179523
0.004306038742179429
0.004306038742179461
0.004306038742179459
0.004306038742179372
0.004306038742179505
0.004306038742179609
0.004306038742179595
0.004306038742179596
0.004306038742179609
0.004306038742179573
0.004306038742179564
0.004306038742179552
0.004306038742179418
0.004306038742179516
0.004306038742179543
0.004306038742179522
0.004306038742179488
0.004306038742179595
0.004306038742179632
0.004306038742179624
0.004306038742179601
0.00430603874217959
0.004306038742179456
0.003775500708773223
0.003775500708773226
0.003775500708773223
0.003775500708773224
0.003775500708773193
0.003775500708773121
0.003775500708773183
0.003775500708773193
0.003775500708773142
0.003775500708773145
0.003775500708773104
0.003775500708773115
0.003775500708773047
0.003775500708773079
0.003775500708773131
0.003775500708773154
0.003775500708773146
0.003775500708773096
0.003775500708773043
0.003775500708773152
0.003775500708773161
0.003775500708773036
0.003775500708773127
0.003775500708773163
0.003775500708773014
0.003775500708773135
0.003775500708773132
0.003775500708773094
0.003775500708773208
0.003775500708773208
0.003775500708773122
0.003775500708773205
0.003775500708773278
0.003775500708773259
0.003775500708773238
0.003775500708773144
0.003775500708773183
0.003775500708773194
0.003775500708773078
0.003775500708773218
0.003775500708773315
0.003775500708773295
0.003775500708773292
0.003775500708773304
0.003775500708773275
0.00377550070877328
0.003775500708773269
0.003775500708773111
0.003775500708773224
0.003775500708773242
0.003775500708773224
0.003775500708773178
0.003775500708773283
0.003775500708773312
0.003775500708773305
0.003775500708773294
0.003775500708773281
0.003775500708773119
0.003306669780014117
0.003306669780014116
0.003306669780014105
0.003306669780014117
0.003306669780014112
0.003306669780014048
0.003306669780014125
0.003306669780014152
0.003306669780014092
0.003306669780014094
0.003306669780014021
0.003306669780014044
0.003306669780014006
0.003306669780014026
0.003306669780014081
0.003306669780014101
0.003306669780014096
0.003306669780014069
0.003306669780014001
0.003306669780014084
0.003306669780014107
0.003306669780013983
0.003306669780014076
0.003306669780014109
0.003306669780013968
0.003306669780014057
0.003306669780014038
0.003306669780014019
0.003306669780014139
0.003306669780014146
0.003306669780014039
0.003306669780014131
0.003306669780014182
0.003306669780014173
0.003306669780014151
0.003306669780014075
0.00330666978001409
0.003306669780014089
0.003306669780014006
0.00330666978001414
0.003306669780014237
0.003306669780014237
0.003306669780014232
0.003306669780014222
0.003306669780014165
0.003306669780014172
0.003306669780014165
0.003306669780014026
0.003306669780014123
0.003306669780014149
0.003306669780014134
0.0033066697800141
0.003306669780014193
0.003306669780014213
0.003306669780014206
0.003306669780014203
0.003306669780014192
0.003306669780014021
0.002901406259191192
0.002901406259191207
0.002901406259191185
0.002901406259191208
0.002901406259191203
0.002901406259191156
0.002901406259191236
0.002901406259191254
0.002901406259191228
0.002901406259191214
0.00290140625919112
0.002901406259191166
0.002901406259191174
0.002901406259191159
0.002901406259191198
0.002901406259191234
0.002901406259191231
0.002901406259191198
0.002901406259191118
0.002901406259191193
0.002901406259191211
0.002901406259191104
0.002901406259191186
0.002901406259191216
0.002901406259191073
0.002901406259191166
0.002901406259191148
0.002901406259191146
0.002901406259191253
0.002901406259191253
0.002901406259191174
0.002901406259191227
0.002901406259191271
0.002901406259191262
0.002901406259191252
0.002901406259191173
0.002901406259191186
0.00290140625919118
0.002901406259191108
0.002901406259191247
0.002901406259191339
0.002901406259191348
0.002901406259191324
0.002901406259191308
0.002901406259191253
0.00290140625919126
0.002901406259191267
0.002901406259191115
0.002901406259191218
0.002901406259191237
0.002901406259191222
0.002901406259191182
0.00290140625919127
0.002901406259191299
0.002901406259191298
0.002901406259191287
0.002901406259191274
0.002901406259191108
0.002552401544161208
0.00255240154416123
0.002552401544161206
0.002552401544161233
0.002552401544161234
0.002552401544161202
0.00255240154416128
0.002552401544161291
0.002552401544161271
0.002552401544161252
0.002552401544161142
0.002552401544161215
0.002552401544161221
0.002552401544161179
0.002552401544161236
0.002552401544161278
0.002552401544161263
0.002552401544161247
0.002552401544161152
0.002552401544161228
0.002552401544161254
0.002552401544161145
0.002552401544161218
0.002552401544161244
0.002552401544161113
0.002552401544161198
0.002552401544161192
0.002552401544161193
0.00255240154416129
0.002552401544161292
0.002552401544161211
0.002552401544161255
0.00255240154416131
0.002552401544161311
0.002552401544161292
0.002552401544161204
0.002552401544161233
0.002552401544161212
0.002552401544161143
0.002552401544161284
0.00255240154416136
0.002552401544161358
0.002552401544161345
0.002552401544161322
0.002552401544161258
0.00255240154416128
0.002552401544161294
0.002552401544161146
0.002552401544161239
0.002552401544161257
0.002552401544161237
0.002552401544161214
0.002552401544161293
0.002552401544161313
0.002552401544161325
0.002552401544161313
0.002552401544161283
0.002552401544161148
0.002246615189384271
0.002246615189384315
0.002246615189384284
0.002246615189384319
0.002246615189384312
0.002246615189384286
0.002246615189384365
0.002246615189384375
0.002246615189384374
0.002246615189384374
0.002246615189384244
0.002246615189384305
0.002246615189384339
0.002246615189384273
0.002246615189384325
0.002246615189384365
0.002246615189384337
0.002246615189384328
0.002246615189384254
0.002246615189384332
0.002246615189384348
0.002246615189384249
0.002246615189384318
0.002246615189384334
0.0022466151893842
0.002246615189384306
0.002246615189384319
0.002246615189384299
0.002246615189384366
0.002246615189384374
0.00224661518938429
0.002246615189384313
0.002246615189384372
0.002246615189384404
0.002246615189384369
0.002246615189384305
0.00224661518938432
0.002246615189384326
0.00224661518938424
0.002246615189384353
0.002246615189384425
0.002246615189384417
0.002246615189384404
0.002246615189384383
0.00224661518938433
0.002246615189384379
0.002246615189384384
0.00224661518938423
0.002246615189384329
0.002246615189384342
0.002246615189384315
0.002246615189384307
0.002246615189384364
0.002246615189384394
0.002246615189384385
0.002246615189384389
0.002246615189384366
0.002246615189384237
0.001969253446793696
0.001969253446793744
0.001969253446793741
0.001969253446793776
0.00196925344679375
0.001969253446793738
0.001969253446793804
0.001969253446793809
0.0019692534467938
0.001969253446793794
0.001969253446793696
0.001969253446793775
0.00196925344679378
0.001969253446793728
0.001969253446793767
0.001969253446793808
0.00196925344679379
0.001969253446793778
0.001969253446793711
0.001969253446793778
0.001969253446793798
0.001969253446793698
0.001969253446793765
0.001969253446793784
0.001969253446793666
0.001969253446793765
0.001969253446793762
0.001969253446793762
0.00196925344679382
0.001969253446793827
0.001969253446793746
0.001969253446793754
0.001969253446793815
0.00196925344679384
0.00196925344679381
0.00196925344679375
0.001969253446793779
0.001969253446793765
0.001969253446793702
0.001969253446793809
0.001969253446793858
0.00196925344679386
0.001969253446793857
0.00196925344679383
0.001969253446793751
0.001969253446793823
0.001969253446793834
0.001969253446793684
0.001969253446793767
0.001969253446793782
0.001969253446793756
0.001969253446793749
0.001969253446793815
0.001969253446793828
0.001969253446793824
0.001969253446793828
0.0019692534467938
0.001969253446793689
0.001706677585250998
0.001706677585251041
0.001706677585251052
0.001706677585251091
0.001706677585251056
0.001706677585251064
0.001706677585251128
0.001706677585251126
0.001706677585251124
0.001706677585251109
0.001706677585251019
0.001706677585251087
0.001706677585251094
0.001706677585251052
0.001706677585251101
0.001706677585251138
0.001706677585251125
0.001706677585251123
0.001706677585251052
0.001706677585251111
0.001706677585251121
0.001706677585251029
0.001706677585251081
0.001706677585251132
0.001706677585251006
0.001706677585251117
0.001706677585251085
0.0017066775852511
0.001706677585251146
0.001706677585251111
0.001706677585251073
0.001706677585251077
0.001706677585251134
0.001706677585251172
0.001706677585251139
0.001706677585251096
0.001706677585251102
0.001706677585251087
0.001706677585251039
0.001706677585251133
0.001706677585251187
0.001706677585251196
0.001706677585251193
0.001706677585251169
0.00170667758525108
0.001706677585251126
0.001706677585251171
0.001706677585251016
0.00170667758525109
0.001706677585251118
0.001706677585251072
0.001706677585251075
0.001706677585251141
0.001706677585251163
0.001706677585251161
0.001706677585251133
0.001706677585251109
0.001706677585251034
0.001447577968316647
0.001447577968316709
0.001447577968316728
0.001447577968316731
0.001447577968316703
0.001447577968316731
0.00144757796831679
0.001447577968316766
0.001447577968316774
0.001447577968316766
0.001447577968316665
0.00144757796831676
0.001447577968316764
0.001447577968316698
0.001447577968316771
0.001447577968316814
0.001447577968316794
0.001447577968316783
0.001447577968316709
0.001447577968316744
0.001447577968316767
0.001447577968316684
0.001447577968316741
0.001447577968316768
0.001447577968316678
0.001447577968316744
0.001447577968316754
0.001447577968316778
0.001447577968316796
0.001447577968316773
0.001447577968316764
0.001447577968316734
0.00144757796831678
0.001447577968316834
0.001447577968316797
0.001447577968316748
0.001447577968316766
0.001447577968316741
0.00144757796831671
0.001447577968316799
0.001447577968316846
0.00144757796831685
0.001447577968316827
0.001447577968316799
0.001447577968316732
0.001447577968316789
0.0014475779683168
0.001447577968316669
0.001447577968316736
0.001447577968316778
0.001447577968316739
0.001447577968316735
0.001447577968316789
0.001447577968316811
0.001447577968316809
0.001447577968316805
0.001447577968316761
0.001447577968316705
0.001182641105577611
0.00118264110557767
0.001182641105577714
0.001182641105577714
0.001182641105577686
0.001182641105577722
0.001182641105577765
0.00118264110557772
0.001182641105577737
0.001182641105577754
0.00118264110557765
0.00118264110557772
0.001182641105577751
0.001182641105577685
0.001182641105577741
0.001182641105577781
0.001182641105577752
0.001182641105577746
0.00118264110557769
0.001182641105577721
0.001182641105577761
0.001182641105577659
0.00118264110557771
0.001182641105577766
0.001182641105577655
0.001182641105577724
0.001182641105577703
0.001182641105577773
0.001182641105577782
0.00118264110557779
0.001182641105577739
0.001182641105577707
0.001182641105577752
0.001182641105577826
0.001182641105577763
0.00118264110557776
0.001182641105577756
0.001182641105577708
0.001182641105577703
0.001182641105577769
0.001182641105577804
0.001182641105577799
0.001182641105577781
0.001182641105577758
0.001182641105577711
0.001182641105577769
0.001182641105577764
0.001182641105577648
0.001182641105577721
0.001182641105577757
0.001182641105577696
0.001182641105577724
0.001182641105577762
0.001182641105577781
0.001182641105577784
0.001182641105577758
0.001182641105577713
0.001182641105577687
0.0009036913287767557
0.0009036913287768336
0.0009036913287768641
0.0009036913287768998
0.0009036913287767957
0.0009036913287768729
0.0009036913287768976
0.0009036913287768667
0.0009036913287768824
0.0009036913287768972
0.0009036913287767987
0.0009036913287768965
0.0009036913287768969
0.000903691328776845
0.0009036913287768895
0.0009036913287769257
0.0009036913287769009
0.0009036913287768824
0.0009036913287768613
0.0009036913287768675
0.0009036913287769201
0.0009036913287768294
0.0009036913287768902
0.0009036913287769127
0.0009036913287768258
0.0009036913287768854
0.000903691328776849
0.000903691328776914
0.0009036913287769324
0.0009036913287768993
0.0009036913287768992
0.0009036913287768637
0.0009036913287768961
0.0009036913287769341
0.0009036913287769134
0.0009036913287769014
0.0009036913287768825
0.0009036913287768369
0.0009036913287768551
0.0009036913287769424
0.0009036913287769556
0.0009036913287769492
0.0009036913287769308
0.0009036913287769074
0.0009036913287768292
0.0009036913287769061
0.000903691328776919
0.0009036913287768056
0.0009036913287768708
0.0009036913287768846
0.0009036913287768586
0.0009036913287768898
0.0009036913287769129
0.0009036913287769009
0.0009036913287768858
0.000903691328776918
0.0009036913287768267
0.0009036913287768528
0.00060527005584375
0.0006052700558438305
0.0006052700558438482
0.0006052700558438619
0.0006052700558438136
0.0006052700558438638
0.0006052700558439014
0.000605270055843856
0.0006052700558439
0.0006052700558439036
0.0006052700558437905
0.0006052700558438821
0.0006052700558439049
0.0006052700558438305
0.0006052700558438888
0.0006052700558439167
0.0006052700558438818
0.0006052700558438947
0.0006052700558438565
0.0006052700558438698
0.0006052700558438985
0.0006052700558438008
0.0006052700558438903
0.0006052700558438946
0.0006052700558438339
0.0006052700558438902
0.0006052700558438434
0.0006052700558439073
0.0006052700558439356
0.0006052700558438963
0.0006052700558438828
0.000605270055843847
0.0006052700558438926
0.0006052700558439656
0.0006052700558438968
0.0006052700558438934
0.0006052700558439075
0.0006052700558438081
0.0006052700558438655
0.0006052700558439227
0.0006052700558439392
0.0006052700558439548
0.0006052700558438924
0.0006052700558439032
0.0006052700558438244
0.0006052700558438831
0.0006052700558439022
0.0006052700558438181
0.000605270055843849
0.0006052700558438766
0.0006052700558438611
0.0006052700558438975
0.0006052700558439112
0.0006052700558438975
0.0006052700558438636
0.0006052700558439036
0.000605270055843804
0.0006052700558438372
0.0002981594685601318
0.0002981594685601952
0.0002981594685602519
0.000298159468560247
0.0002981594685601873
0.0002981594685602315
0.0002981594685602393
0.0002981594685602061
0.0002981594685602457
0.0002981594685602332
0.0002981594685601498
0.0002981594685602263
0.0002981594685602612
0.0002981594685602177
0.0002981594685602519
0.0002981594685603083
0.0002981594685602679
0.0002981594685602257
0.0002981594685602455
0.0002981594685602364
0.0002981594685602669
0.0002981594685602059
0.0002981594685602182
0.0002981594685602455
0.0002981594685602174
0.0002981594685602741
0.0002981594685602349
0.0002981594685602589
0.0002981594685602586
0.0002981594685602383
0.000298159468560267
0.0002981594685602203
0.0002981594685602411
0.0002981594685603201
0.0002981594685602265
0.0002981594685602486
0.0002981594685602294
0.0002981594685601897
0.0002981594685602483
0.000298159468560289
0.0002981594685602879
0.000298159468560273
0.0002981594685602553
0.000298159468560287
0.0002981594685602111
0.0002981594685602883
0.0002981594685603007
0.0002981594685602034
0.0002981594685602173
0.0002981594685601986
0.0002981594685602213
0.0002981594685602683
0.0002981594685602512
0.0002981594685602471
0.0002981594685602178
0.0002981594685602208
0.0002981594685602122
0.0002981594685602249
5.055442871975181e-05
5.055442871975824e-05
5.055442871977088e-05
5.055442871976958e-05
5.05544287197577e-05
5.055442871976606e-05
5.055442871977198e-05
5.055442871976579e-05
5.055442871976552e-05
5.055442871977061e-05
5.055442871974895e-05
5.055442871976749e-05
5.055442871976849e-05
5.055442871976598e-05
5.055442871977035e-05
5.055442871977809e-05
5.055442871976926e-05
5.055442871976366e-05
5.055442871976643e-05
5.05544287197668e-05
5.055442871976662e-05
5.055442871975796e-05
5.055442871976266e-05
5.055442871977064e-05
5.055442871976471e-05
5.055442871977407e-05
5.055442871975725e-05
5.055442871977016e-05
5.05544287197784e-05
5.055442871977238e-05
5.055442871976815e-05
5.05544287197589e-05
5.05544287197706e-05
5.055442871978468e-05
5.055442871976783e-05
5.055442871976598e-05
5.05544287197717e-05
5.055442871975298e-05
5.055442871976353e-05
5.055442871977352e-05
5.055442871977244e-05
5.055442871977645e-05
5.055442871977305e-05
5.055442871976638e-05
5.055442871976085e-05
5.055442871977162e-05
5.055442871977168e-05
5.055442871976083e-05
5.05544287197646e-05
5.055442871976564e-05
5.055442871975824e-05
5.055442871977079e-05
5.055442871977004e-05
5.055442871976805e-05
5.05544287197644e-05
5.055442871976401e-05
5.055442871975766e-05
5.055442871976881e-05
0.0001427878867133749
0.0001427878867133359
0.0001427878867133457
0.0001427878867133553
0.0001427878867133219
0.0001427878867133458
0.0001427878867133553
0.0001427878867133464
0.0001427878867133542
0.0001427878867133515
0.0001427878867133389
0.0001427878867133459
0.0001427878867133762
0.0001427878867133548
0.0001427878867133459
0.0001427878867133609
0.0001427878867133463
0.0001427878867133462
0.0001427878867133465
0.0001427878867133553
0.0001427878867133465
0.0001427878867133463
0.0001427878867133273
0.0001427878867133551
0.0001427878867133465
0.0001427878867133728
0.0001427878867133306
0.0001427878867133549
0.0001427878867133702
0.0001427878867133628
0.0001427878867133464
0.0001427878867133272
0.0001427878867133538
0.0001427878867133727
0.0001427878867133556
0.0001427878867133466
0.0001427878867133701
0.0001427878867133231
0.000142787886713346
0.0001427878867133548
0.0001427878867133555
0.0001427878867133526
0.0001427878867133527
0.0001427878867133491
0.0001427878867133552
0.0001427878867133462
0.0001427878867133462
0.000142787886713372
0.0001427878867133726
0.000142787886713347
0.0001427878867133378
0.0001427878867133569
0.0001427878867133462
0.0001427878867133367
0.0001427878867133574
0.0001427878867133263
0.0001427878867133468
0.0001427878867133585
)
;

boundaryField
{
    inlet
    {
        type            cyclic;
    }
    outlet
    {
        type            cyclic;
    }
    bottomWall
    {
        type            nutUSpaldingWallFunction;
        Cmu             0.09;
        kappa           0.41;
        E               9.800000000000001;
        value           nonuniform List<scalar> 
58
(
1.205494711966568e-07
1.205494711966162e-07
1.205494711966297e-07
1.205494711966568e-07
1.205494711966568e-07
1.205494711966568e-07
1.205494711966433e-07
1.205494711966433e-07
1.205494711966433e-07
1.205494711966568e-07
1.205494711966297e-07
1.205494711966433e-07
1.205494711966297e-07
1.205494711966433e-07
1.205494711966162e-07
1.205494711966704e-07
1.205494711966297e-07
1.205494711966704e-07
1.205494711966704e-07
1.205494711966297e-07
1.205494711966162e-07
1.205494711966433e-07
1.205494711966433e-07
1.205494711966568e-07
1.205494711966297e-07
1.205494711966433e-07
1.205494711966297e-07
1.205494711966162e-07
1.205494711966433e-07
1.205494711966704e-07
1.205494711966162e-07
1.205494711966433e-07
1.205494711966433e-07
1.205494711966568e-07
1.205494711966297e-07
1.205494711966297e-07
1.205494711966433e-07
1.205494711966433e-07
1.205494711966297e-07
1.205494711966433e-07
1.205494711966026e-07
1.205494711966297e-07
1.205494711966297e-07
1.205494711966162e-07
1.205494711966297e-07
1.205494711966297e-07
1.205494711966433e-07
1.205494711966433e-07
1.205494711966297e-07
1.205494711966162e-07
1.205494711966433e-07
1.205494711966297e-07
1.205494711966433e-07
1.205494711966297e-07
1.205494711966162e-07
1.205494711966433e-07
1.205494711966297e-07
1.205494711966704e-07
)
;
    }
    topWall
    {
        type            nutUSpaldingWallFunction;
        Cmu             0.09;
        kappa           0.41;
        E               9.800000000000001;
        value           nonuniform List<scalar> 
58
(
5.149524167848043e-07
5.149524167802236e-07
5.149524167845197e-07
5.149524167846281e-07
5.149524167886397e-07
5.149524167845197e-07
5.149524167846146e-07
5.149524167845875e-07
5.149524167803455e-07
5.149524167846823e-07
5.149524167802642e-07
5.149524167845333e-07
5.149524167719972e-07
5.149524167803591e-07
5.149524167845875e-07
5.149524167804268e-07
5.149524167846146e-07
5.14952416784601e-07
5.149524167845739e-07
5.149524167846823e-07
5.14952416784601e-07
5.149524167846417e-07
5.149524167844384e-07
5.149524167846552e-07
5.149524167845604e-07
5.149524167848043e-07
5.149524167845333e-07
5.149524167846417e-07
5.149524167848043e-07
5.14952416780454e-07
5.149524167846688e-07
5.149524167845197e-07
5.149524167846823e-07
5.149524167847772e-07
5.149524167847501e-07
5.14952416784601e-07
5.149524167848585e-07
5.149524167887345e-07
5.149524167846146e-07
5.149524167846688e-07
5.14952416784723e-07
5.149524167846823e-07
5.149524167847094e-07
5.149524167803726e-07
5.149524167847094e-07
5.149524167846281e-07
5.149524167845875e-07
5.149524167719701e-07
5.149524167719294e-07
5.149524167846417e-07
5.149524167845197e-07
5.149524167846688e-07
5.149524167846281e-07
5.149524167845197e-07
5.149524167846959e-07
5.149524167844655e-07
5.149524167845468e-07
5.149524167846146e-07
)
;
    }
    left
    {
        type            cyclic;
    }
    right
    {
        type            cyclic;
    }
}


// ************************************************************************* //
