/*--------------------------------*- C++ -*----------------------------------*\
| =========                 |                                                 |
| \\      /  F ield         | OpenFOAM: The Open Source CFD Toolbox           |
|  \\    /   O peration     | Version:  v1812                                 |
|   \\  /    A nd           | Web:      www.OpenFOAM.com                      |
|    \\/     M anipulation  |                                                 |
\*---------------------------------------------------------------------------*/
FoamFile
{
    version     2.0;
    format      ascii;
    class       volScalarField;
    location    "20000";
    object      nuTilda;
}
// * * * * * * * * * * * * * * * * * * * * * * * * * * * * * * * * * * * * * //

dimensions      [0 2 -1 0 0 0 0];


internalField   nonuniform List<scalar> 
3770
(
0.0004778600585592507
0.0004778600585592506
0.0004778600585592509
0.0004778600585592506
0.0004778600585592504
0.0004778600585592509
0.0004778600585592512
0.0004778600585592511
0.0004778600585592509
0.0004778600585592511
0.0004778600585592507
0.0004778600585592507
0.0004778600585592504
0.000477860058559251
0.0004778600585592508
0.0004778600585592501
0.0004778600585592511
0.0004778600585592504
0.0004778600585592513
0.000477860058559251
0.0004778600585592506
0.0004778600585592512
0.0004778600585592506
0.0004778600585592507
0.000477860058559251
0.0004778600585592506
0.0004778600585592507
0.0004778600585592509
0.0004778600585592509
0.000477860058559251
0.0004778600585592503
0.0004778600585592512
0.0004778600585592507
0.0004778600585592511
0.0004778600585592507
0.0004778600585592507
0.0004778600585592511
0.0004778600585592515
0.0004778600585592507
0.0004778600585592506
0.0004778600585592503
0.0004778600585592512
0.0004778600585592508
0.0004778600585592511
0.0004778600585592513
0.0004778600585592508
0.0004778600585592507
0.0004778600585592515
0.0004778600585592503
0.0004778600585592508
0.0004778600585592509
0.0004778600585592504
0.000477860058559251
0.000477860058559252
0.000477860058559251
0.0004778600585592503
0.0004778600585592501
0.0004778600585592521
0.0002772041528597199
0.0002772041528597426
0.0002772041528597319
0.0002772041528597327
0.0002772041528597202
0.0002772041528597311
0.0002772041528597276
0.0002772041528597285
0.0002772041528597292
0.0002772041528597232
0.0002772041528597287
0.0002772041528597353
0.0002772041528597304
0.0002772041528597358
0.0002772041528597357
0.000277204152859729
0.0002772041528597285
0.0002772041528597234
0.0002772041528597272
0.0002772041528597359
0.0002772041528597361
0.0002772041528597256
0.0002772041528597309
0.0002772041528597377
0.0002772041528597241
0.0002772041528597318
0.0002772041528597372
0.0002772041528597257
0.0002772041528597316
0.0002772041528597372
0.0002772041528597232
0.0002772041528597319
0.0002772041528597378
0.000277204152859726
0.0002772041528597302
0.0002772041528597333
0.0002772041528597271
0.0002772041528597244
0.0002772041528597304
0.0002772041528597279
0.0002772041528597263
0.0002772041528597292
0.000277204152859726
0.0002772041528597287
0.0002772041528597309
0.0002772041528597343
0.0002772041528597342
0.0002772041528597217
0.0002772041528597274
0.0002772041528597317
0.000277204152859725
0.0002772041528597214
0.0002772041528597263
0.000277204152859731
0.000277204152859719
0.0002772041528597256
0.0002772041528597306
0.000277204152859717
0.0003858558868202109
0.0003858558868202999
0.0003858558868202568
0.0003858558868202779
0.0003858558868202373
0.0003858558868202689
0.0003858558868202667
0.0003858558868202593
0.0003858558868202467
0.0003858558868202382
0.0003858558868202504
0.0003858558868202835
0.0003858558868202639
0.0003858558868202745
0.0003858558868202743
0.0003858558868202543
0.0003858558868202511
0.0003858558868202366
0.0003858558868202477
0.0003858558868202798
0.00038585588682028
0.0003858558868202465
0.0003858558868202593
0.0003858558868202829
0.0003858558868202411
0.0003858558868202626
0.0003858558868202815
0.0003858558868202501
0.0003858558868202609
0.0003858558868202813
0.0003858558868202383
0.000385855886820262
0.0003858558868202821
0.0003858558868202479
0.0003858558868202556
0.0003858558868202749
0.0003858558868202457
0.0003858558868202415
0.0003858558868202612
0.0003858558868202528
0.0003858558868202458
0.0003858558868202564
0.0003858558868202501
0.0003858558868202579
0.0003858558868202623
0.0003858558868202665
0.0003858558868202676
0.0003858558868202324
0.0003858558868202473
0.000385855886820268
0.0003858558868202403
0.0003858558868202316
0.0003858558868202386
0.0003858558868202535
0.0003858558868202212
0.00038585588682024
0.0003858558868202548
0.0003858558868202092
0.0005571099818911078
0.0005571099818912502
0.0005571099818911893
0.000557109981891207
0.0005571099818911659
0.0005571099818911909
0.0005571099818911919
0.0005571099818911682
0.0005571099818911613
0.0005571099818911178
0.0005571099818911648
0.0005571099818912096
0.0005571099818912086
0.0005571099818912119
0.0005571099818911906
0.0005571099818911557
0.0005571099818911704
0.0005571099818911208
0.0005571099818911717
0.0005571099818912179
0.0005571099818912179
0.0005571099818911504
0.0005571099818911859
0.0005571099818912219
0.0005571099818911449
0.0005571099818911921
0.0005571099818912277
0.0005571099818911606
0.0005571099818911919
0.0005571099818912199
0.0005571099818911395
0.0005571099818911918
0.0005571099818912306
0.000557109981891158
0.0005571099818911862
0.0005571099818912155
0.000557109981891136
0.0005571099818911502
0.0005571099818912097
0.0005571099818911887
0.0005571099818911604
0.0005571099818911616
0.000557109981891169
0.0005571099818911799
0.0005571099818911859
0.0005571099818911909
0.0005571099818911907
0.00055710998189113
0.00055710998189117
0.000557109981891205
0.0005571099818911269
0.0005571099818911364
0.0005571099818911535
0.0005571099818911567
0.0005571099818911058
0.0005571099818911514
0.0005571099818911842
0.0005571099818910963
0.0007199395680817859
0.0007199395680819463
0.0007199395680818827
0.0007199395680818947
0.0007199395680818566
0.0007199395680818715
0.0007199395680818645
0.0007199395680818249
0.0007199395680818372
0.0007199395680817669
0.0007199395680818428
0.0007199395680819021
0.0007199395680819086
0.0007199395680819025
0.0007199395680818828
0.0007199395680818308
0.0007199395680818479
0.0007199395680817738
0.0007199395680818559
0.0007199395680819009
0.0007199395680819029
0.0007199395680818251
0.0007199395680818746
0.0007199395680819099
0.0007199395680818149
0.0007199395680818825
0.0007199395680819234
0.0007199395680818416
0.0007199395680818864
0.0007199395680819105
0.0007199395680818096
0.0007199395680818822
0.0007199395680819262
0.0007199395680818377
0.0007199395680818753
0.0007199395680819038
0.0007199395680817991
0.0007199395680818326
0.0007199395680819061
0.0007199395680818855
0.0007199395680818469
0.0007199395680818363
0.000719939568081858
0.0007199395680818708
0.0007199395680818663
0.0007199395680818866
0.0007199395680818864
0.000719939568081796
0.000719939568081854
0.0007199395680818893
0.000719939568081785
0.0007199395680818082
0.0007199395680818284
0.0007199395680818277
0.0007199395680817619
0.0007199395680818319
0.0007199395680818708
0.0007199395680817651
0.0008825088862809301
0.0008825088862810872
0.0008825088862810328
0.0008825088862810202
0.0008825088862810104
0.0008825088862810141
0.0008825088862810004
0.0008825088862809499
0.0008825088862809671
0.0008825088862808687
0.0008825088862809685
0.000882508886281056
0.0008825088862810738
0.0008825088862810468
0.0008825088862810366
0.0008825088862809695
0.0008825088862809789
0.0008825088862808797
0.0008825088862809942
0.0008825088862810431
0.0008825088862810488
0.0008825088862809608
0.0008825088862810173
0.0008825088862810457
0.0008825088862809398
0.0008825088862810255
0.0008825088862810686
0.0008825088862809881
0.0008825088862810353
0.0008825088862810475
0.0008825088862809365
0.0008825088862810248
0.0008825088862810702
0.0008825088862809779
0.0008825088862810164
0.0008825088862810374
0.0008825088862809152
0.0008825088862809698
0.0008825088862810445
0.0008825088862810323
0.0008825088862809866
0.0008825088862809778
0.0008825088862809945
0.0008825088862809889
0.0008825088862809931
0.0008825088862810219
0.0008825088862810209
0.0008825088862809173
0.0008825088862809884
0.0008825088862810211
0.0008825088862809005
0.0008825088862809336
0.0008825088862809561
0.000882508886280956
0.000882508886280877
0.0008825088862809659
0.0008825088862810075
0.0008825088862809001
0.001048118030727527
0.001048118030727667
0.001048118030727634
0.001048118030727605
0.001048118030727608
0.001048118030727598
0.001048118030727593
0.001048118030727531
0.001048118030727546
0.00104811803072742
0.001048118030727538
0.001048118030727644
0.001048118030727673
0.001048118030727629
0.001048118030727629
0.001048118030727556
0.00104811803072756
0.001048118030727434
0.001048118030727578
0.001048118030727638
0.001048118030727645
0.001048118030727555
0.00104811803072761
0.001048118030727628
0.001048118030727517
0.001048118030727611
0.001048118030727657
0.001048118030727585
0.001048118030727626
0.00104811803072763
0.001048118030727515
0.001048118030727613
0.00104811803072766
0.001048118030727575
0.001048118030727602
0.001048118030727613
0.001048118030727482
0.001048118030727557
0.001048118030727625
0.001048118030727616
0.001048118030727552
0.001048118030727554
0.001048118030727577
0.001048118030727535
0.001048118030727563
0.001048118030727595
0.001048118030727598
0.00104811803072749
0.00104811803072757
0.0010481180307276
0.001048118030727469
0.001048118030727508
0.001048118030727533
0.001048118030727533
0.001048118030727444
0.001048118030727549
0.001048118030727589
0.001048118030727495
0.001219702341362073
0.001219702341362184
0.001219702341362177
0.001219702341362139
0.001219702341362156
0.001219702341362131
0.001219702341362129
0.001219702341362056
0.001219702341362073
0.001219702341361916
0.001219702341362049
0.001219702341362173
0.001219702341362212
0.00121970234136215
0.001219702341362162
0.001219702341362099
0.001219702341362091
0.001219702341361934
0.001219702341362103
0.001219702341362189
0.001219702341362191
0.001219702341362098
0.001219702341362148
0.001219702341362155
0.001219702341362041
0.001219702341362142
0.00121970234136219
0.001219702341362122
0.001219702341362145
0.001219702341362151
0.001219702341362042
0.001219702341362146
0.00121970234136219
0.001219702341362113
0.001219702341362119
0.001219702341362127
0.001219702341362
0.001219702341362086
0.001219702341362145
0.00121970234136214
0.001219702341362071
0.001219702341362101
0.00121970234136212
0.001219702341362039
0.001219702341362087
0.001219702341362103
0.001219702341362112
0.001219702341362007
0.001219702341362096
0.001219702341362125
0.001219702341361988
0.001219702341362032
0.001219702341362063
0.001219702341362061
0.001219702341361961
0.001219702341362079
0.001219702341362115
0.001219702341362049
0.001401903582899141
0.001401903582899252
0.00140190358289927
0.001401903582899219
0.00140190358289923
0.001401903582899187
0.001401903582899187
0.001401903582899108
0.001401903582899126
0.00140190358289894
0.001401903582899082
0.001401903582899224
0.001401903582899274
0.001401903582899201
0.00140190358289922
0.001401903582899154
0.001401903582899142
0.001401903582898963
0.001401903582899151
0.001401903582899249
0.001401903582899254
0.001401903582899165
0.001401903582899209
0.001401903582899208
0.001401903582899096
0.001401903582899199
0.001401903582899248
0.001401903582899178
0.001401903582899199
0.001401903582899206
0.001401903582899095
0.001401903582899201
0.001401903582899241
0.001401903582899156
0.001401903582899175
0.001401903582899178
0.001401903582899053
0.001401903582899138
0.001401903582899187
0.001401903582899183
0.001401903582899119
0.001401903582899161
0.001401903582899179
0.001401903582899075
0.001401903582899135
0.001401903582899144
0.001401903582899159
0.001401903582899053
0.001401903582899147
0.001401903582899179
0.001401903582899041
0.001401903582899086
0.001401903582899095
0.001401903582899105
0.001401903582899007
0.001401903582899133
0.001401903582899157
0.001401903582899146
0.001602152471311594
0.001602152471311707
0.001602152471311756
0.001602152471311682
0.001602152471311694
0.001602152471311634
0.00160215247131164
0.001602152471311567
0.001602152471311582
0.001602152471311369
0.001602152471311518
0.001602152471311678
0.001602152471311737
0.001602152471311657
0.001602152471311682
0.001602152471311609
0.001602152471311594
0.001602152471311399
0.001602152471311599
0.001602152471311705
0.001602152471311716
0.001602152471311618
0.001602152471311661
0.001602152471311666
0.001602152471311563
0.001602152471311661
0.001602152471311706
0.001602152471311636
0.00160215247131166
0.001602152471311666
0.001602152471311553
0.001602152471311655
0.001602152471311691
0.00160215247131162
0.001602152471311638
0.001602152471311632
0.001602152471311524
0.001602152471311588
0.001602152471311625
0.001602152471311624
0.001602152471311567
0.001602152471311613
0.001602152471311633
0.00160215247131152
0.001602152471311578
0.001602152471311591
0.001602152471311611
0.001602152471311506
0.001602152471311604
0.001602152471311638
0.001602152471311511
0.001602152471311548
0.001602152471311538
0.001602152471311556
0.001602152471311452
0.001602152471311579
0.001602152471311629
0.001602152471311642
0.001831042072889449
0.001831042072889568
0.001831042072889641
0.001831042072889533
0.001831042072889553
0.001831042072889473
0.001831042072889487
0.001831042072889448
0.001831042072889448
0.001831042072889206
0.001831042072889358
0.001831042072889536
0.001831042072889607
0.001831042072889522
0.001831042072889547
0.001831042072889468
0.001831042072889451
0.001831042072889241
0.001831042072889447
0.001831042072889561
0.00183104207288958
0.001831042072889484
0.001831042072889527
0.001831042072889534
0.001831042072889446
0.001831042072889528
0.001831042072889566
0.001831042072889498
0.001831042072889535
0.001831042072889531
0.00183104207288942
0.00183104207288951
0.001831042072889542
0.001831042072889473
0.001831042072889499
0.001831042072889489
0.001831042072889398
0.001831042072889458
0.001831042072889472
0.001831042072889462
0.001831042072889427
0.001831042072889469
0.001831042072889483
0.001831042072889379
0.001831042072889409
0.001831042072889449
0.001831042072889473
0.001831042072889365
0.001831042072889465
0.001831042072889503
0.00183104207288941
0.001831042072889413
0.001831042072889382
0.001831042072889416
0.001831042072889304
0.001831042072889429
0.001831042072889504
0.001831042072889532
0.002101650995233316
0.00210165099523345
0.002101650995233532
0.002101650995233385
0.002101650995233407
0.002101650995233293
0.00210165099523332
0.002101650995233327
0.002101650995233327
0.002101650995233061
0.002101650995233208
0.0021016509952334
0.002101650995233486
0.002101650995233398
0.002101650995233418
0.002101650995233334
0.002101650995233316
0.002101650995233099
0.002101650995233299
0.002101650995233421
0.002101650995233452
0.00210165099523336
0.002101650995233386
0.002101650995233409
0.002101650995233361
0.002101650995233408
0.002101650995233427
0.002101650995233367
0.002101650995233388
0.002101650995233391
0.002101650995233303
0.002101650995233366
0.002101650995233397
0.002101650995233321
0.002101650995233355
0.002101650995233355
0.002101650995233247
0.002101650995233354
0.002101650995233389
0.002101650995233324
0.002101650995233321
0.002101650995233322
0.002101650995233322
0.00210165099523326
0.002101650995233263
0.002101650995233306
0.002101650995233336
0.002101650995233231
0.002101650995233331
0.002101650995233372
0.002101650995233308
0.002101650995233305
0.002101650995233246
0.00210165099523329
0.002101650995233175
0.002101650995233298
0.002101650995233401
0.002101650995233427
0.002427481011141883
0.002427481011142044
0.002427481011142119
0.002427481011141905
0.002427481011141964
0.002427481011141876
0.002427481011141857
0.002427481011141906
0.002427481011141924
0.002427481011141637
0.002427481011141768
0.002427481011141974
0.002427481011142062
0.002427481011141964
0.002427481011141985
0.002427481011141899
0.002427481011141884
0.002427481011141674
0.002427481011141853
0.002427481011141982
0.002427481011142024
0.002427481011141931
0.00242748101114197
0.002427481011142001
0.002427481011141989
0.002427481011141978
0.002427481011141974
0.002427481011141939
0.002427481011141902
0.002427481011141933
0.002427481011141898
0.00242748101114191
0.002427481011141948
0.002427481011141888
0.002427481011141919
0.002427481011141921
0.002427481011141791
0.002427481011141934
0.002427481011141994
0.002427481011141894
0.002427481011141891
0.00242748101114185
0.002427481011141837
0.002427481011141863
0.00242748101114187
0.002427481011141867
0.002427481011141897
0.002427481011141792
0.002427481011141886
0.002427481011141943
0.0024274810111419
0.002427481011141913
0.002427481011141874
0.00242748101114188
0.002427481011141773
0.002427481011141857
0.002427481011141984
0.002427481011142017
0.002819127776871306
0.002819127776871489
0.002819127776871562
0.002819127776871296
0.002819127776871372
0.002819127776871292
0.002819127776871246
0.002819127776871356
0.00281912777687139
0.002819127776871103
0.002819127776871209
0.002819127776871399
0.002819127776871484
0.00281912777687137
0.002819127776871395
0.002819127776871316
0.002819127776871308
0.002819127776871129
0.002819127776871271
0.002819127776871397
0.002819127776871452
0.002819127776871351
0.002819127776871455
0.002819127776871474
0.002819127776871463
0.002819127776871465
0.002819127776871395
0.002819127776871323
0.002819127776871266
0.002819127776871325
0.002819127776871314
0.002819127776871355
0.002819127776871386
0.002819127776871376
0.002819127776871359
0.002819127776871347
0.002819127776871211
0.00281912777687138
0.002819127776871448
0.002819127776871301
0.002819127776871357
0.002819127776871348
0.002819127776871189
0.00281912777687128
0.002819127776871303
0.002819127776871288
0.002819127776871326
0.002819127776871237
0.002819127776871303
0.002819127776871361
0.002819127776871335
0.00281912777687135
0.002819127776871322
0.002819127776871313
0.002819127776871238
0.002819127776871296
0.002819127776871425
0.002819127776871464
0.003280537820185899
0.003280537820186099
0.003280537820186179
0.00328053782018589
0.003280537820185953
0.003280537820185886
0.003280537820185835
0.003280537820185973
0.003280537820186039
0.003280537820185777
0.003280537820185836
0.003280537820186006
0.003280537820186053
0.003280537820185887
0.003280537820185946
0.003280537820185916
0.003280537820185896
0.003280537820185783
0.003280537820185879
0.003280537820185969
0.003280537820186034
0.003280537820185896
0.003280537820186057
0.003280537820186111
0.003280537820186092
0.003280537820186098
0.003280537820185999
0.003280537820185906
0.003280537820185837
0.003280537820185904
0.003280537820185895
0.003280537820185901
0.003280537820185973
0.003280537820185996
0.003280537820185968
0.003280537820185949
0.003280537820185816
0.003280537820186002
0.003280537820186073
0.003280537820185887
0.003280537820185973
0.003280537820185988
0.003280537820185751
0.00328053782018586
0.003280537820185858
0.003280537820185855
0.003280537820185911
0.003280537820185915
0.003280537820185891
0.003280537820185958
0.00328053782018594
0.003280537820185927
0.003280537820185914
0.003280537820185889
0.003280537820185864
0.003280537820185923
0.003280537820186014
0.003280537820186071
0.003806359543700765
0.003806359543700981
0.003806359543701076
0.003806359543700804
0.003806359543700839
0.003806359543700782
0.003806359543700732
0.003806359543700853
0.003806359543700956
0.003806359543700752
0.00380635954370074
0.003806359543700889
0.003806359543700899
0.00380635954370076
0.003806359543700803
0.003806359543700799
0.003806359543700711
0.003806359543700738
0.003806359543700852
0.003806359543700828
0.003806359543700863
0.003806359543700688
0.003806359543700902
0.003806359543701003
0.00380635954370097
0.00380635954370099
0.003806359543700897
0.003806359543700762
0.003806359543700687
0.003806359543700753
0.003806359543700759
0.00380635954370079
0.00380635954370084
0.003806359543700859
0.003806359543700846
0.003806359543700828
0.003806359543700693
0.003806359543700877
0.003806359543700965
0.003806359543700759
0.003806359543700838
0.00380635954370088
0.003806359543700636
0.003806359543700728
0.003806359543700742
0.003806359543700762
0.003806359543700796
0.003806359543700778
0.003806359543700711
0.003806359543700797
0.003806359543700772
0.003806359543700687
0.003806359543700735
0.003806359543700667
0.003806359543700811
0.003806359543700859
0.003806359543700814
0.003806359543700904
0.004381912010510025
0.00438191201051024
0.004381912010510351
0.004381912010510166
0.004381912010510165
0.004381912010510081
0.004381912010510051
0.004381912010510116
0.00438191201051023
0.004381912010510111
0.004381912010510078
0.004381912010510138
0.004381912010510141
0.004381912010509974
0.004381912010509973
0.004381912010510018
0.004381912010509977
0.004381912010510016
0.004381912010510114
0.004381912010510046
0.004381912010510068
0.004381912010509923
0.004381912010510114
0.004381912010510233
0.004381912010510172
0.004381912010510238
0.004381912010510164
0.004381912010509975
0.004381912010509938
0.00438191201050999
0.004381912010509961
0.004381912010509934
0.004381912010510052
0.004381912010510083
0.0043819120105101
0.004381912010510111
0.004381912010509996
0.004381912010510121
0.004381912010510229
0.004381912010510053
0.004381912010510077
0.004381912010510132
0.004381912010509939
0.004381912010509991
0.004381912010510024
0.00438191201051
0.004381912010509999
0.004381912010509952
0.004381912010509914
0.004381912010510044
0.004381912010510088
0.004381912010510003
0.004381912010510026
0.004381912010509915
0.004381912010510086
0.004381912010510137
0.004381912010510029
0.004381912010510129
0.004986232186148561
0.004986232186148763
0.004986232186148853
0.004986232186148699
0.004986232186148726
0.004986232186148663
0.004986232186148687
0.004986232186148686
0.004986232186148715
0.004986232186148607
0.004986232186148579
0.004986232186148636
0.004986232186148662
0.004986232186148518
0.004986232186148498
0.00498623218614852
0.004986232186148546
0.004986232186148558
0.004986232186148563
0.004986232186148471
0.0049862321861485
0.004986232186148449
0.004986232186148599
0.004986232186148679
0.004986232186148578
0.004986232186148716
0.004986232186148722
0.004986232186148525
0.004986232186148479
0.00498623218614853
0.004986232186148533
0.004986232186148544
0.004986232186148589
0.00498623218614851
0.004986232186148577
0.004986232186148678
0.004986232186148604
0.004986232186148637
0.004986232186148715
0.004986232186148644
0.004986232186148613
0.004986232186148621
0.004986232186148532
0.004986232186148533
0.004986232186148581
0.004986232186148583
0.004986232186148505
0.004986232186148512
0.004986232186148586
0.004986232186148616
0.00498623218614861
0.004986232186148487
0.004986232186148525
0.004986232186148448
0.004986232186148607
0.004986232186148664
0.004986232186148534
0.004986232186148619
0.005596925555325902
0.005596925555326093
0.005596925555326168
0.005596925555326021
0.005596925555326047
0.005596925555326
0.005596925555326033
0.005596925555326003
0.005596925555326003
0.005596925555325879
0.00559692555532588
0.005596925555325959
0.005596925555326013
0.005596925555325915
0.005596925555325861
0.005596925555325877
0.005596925555325878
0.005596925555325847
0.005596925555325817
0.005596925555325831
0.00559692555532583
0.00559692555532584
0.005596925555325954
0.005596925555325947
0.005596925555325893
0.005596925555326074
0.00559692555532611
0.005596925555325975
0.005596925555325969
0.005596925555325989
0.005596925555325935
0.005596925555325913
0.005596925555325927
0.005596925555325848
0.0055969255553259
0.005596925555326078
0.005596925555326092
0.005596925555326034
0.005596925555326119
0.00559692555532609
0.005596925555325964
0.005596925555325987
0.005596925555325992
0.005596925555325888
0.005596925555325995
0.005596925555326029
0.005596925555325902
0.005596925555325898
0.005596925555325963
0.005596925555325987
0.005596925555325955
0.005596925555325842
0.005596925555325908
0.005596925555325837
0.005596925555325956
0.005596925555326035
0.005596925555325922
0.005596925555325948
0.006194548569339937
0.006194548569340113
0.006194548569340179
0.006194548569340004
0.006194548569340025
0.006194548569340004
0.006194548569340043
0.006194548569340002
0.006194548569340003
0.00619454856933997
0.006194548569340032
0.006194548569339981
0.006194548569340013
0.006194548569340023
0.006194548569339967
0.006194548569340008
0.006194548569340005
0.006194548569339945
0.006194548569339906
0.006194548569339884
0.006194548569339937
0.006194548569339948
0.006194548569339974
0.006194548569339911
0.00619454856933993
0.006194548569340147
0.006194548569340169
0.006194548569340028
0.00619454856934011
0.006194548569340133
0.006194548569340005
0.006194548569340041
0.006194548569340068
0.006194548569339963
0.006194548569339996
0.006194548569340183
0.006194548569340212
0.006194548569340139
0.006194548569340213
0.006194548569340195
0.006194548569340012
0.006194548569340076
0.006194548569340128
0.00619454856933997
0.006194548569340099
0.00619454856934016
0.006194548569340024
0.006194548569339972
0.006194548569340043
0.00619454856934008
0.006194548569340044
0.006194548569339949
0.006194548569340012
0.00619454856933995
0.00619454856934002
0.006194548569340069
0.006194548569340038
0.006194548569340047
0.006764916508566153
0.006764916508566302
0.006764916508566367
0.006764916508566211
0.00676491650856623
0.006764916508566218
0.006764916508566241
0.006764916508566179
0.006764916508566156
0.006764916508566184
0.006764916508566269
0.006764916508566202
0.006764916508566216
0.00676491650856624
0.006764916508566244
0.006764916508566278
0.006764916508566247
0.006764916508566201
0.006764916508566178
0.006764916508566205
0.006764916508566223
0.006764916508566173
0.006764916508566175
0.006764916508566144
0.006764916508566195
0.006764916508566384
0.006764916508566392
0.006764916508566261
0.006764916508566365
0.006764916508566396
0.006764916508566243
0.006764916508566295
0.006764916508566358
0.006764916508566266
0.006764916508566286
0.006764916508566454
0.006764916508566482
0.006764916508566425
0.006764916508566473
0.006764916508566452
0.00676491650856628
0.006764916508566356
0.006764916508566408
0.00676491650856625
0.006764916508566369
0.006764916508566421
0.006764916508566314
0.006764916508566267
0.006764916508566315
0.006764916508566363
0.006764916508566316
0.006764916508566239
0.006764916508566289
0.006764916508566258
0.006764916508566273
0.006764916508566227
0.006764916508566259
0.006764916508566295
0.007299239028511526
0.007299239028511637
0.007299239028511696
0.007299239028511571
0.007299239028511594
0.007299239028511589
0.007299239028511604
0.007299239028511542
0.007299239028511522
0.00729923902851156
0.007299239028511637
0.007299239028511602
0.007299239028511603
0.007299239028511603
0.007299239028511624
0.007299239028511686
0.007299239028511669
0.007299239028511613
0.00729923902851159
0.007299239028511617
0.007299239028511617
0.007299239028511584
0.007299239028511564
0.00729923902851154
0.0072992390285116
0.007299239028511749
0.007299239028511761
0.007299239028511655
0.007299239028511751
0.007299239028511779
0.007299239028511653
0.007299239028511683
0.007299239028511754
0.007299239028511705
0.007299239028511745
0.007299239028511864
0.007299239028511882
0.007299239028511846
0.007299239028511846
0.007299239028511822
0.007299239028511708
0.007299239028511772
0.007299239028511813
0.007299239028511681
0.00729923902851178
0.007299239028511821
0.00729923902851173
0.007299239028511699
0.007299239028511743
0.00729923902851175
0.007299239028511694
0.007299239028511658
0.007299239028511683
0.007299239028511627
0.00729923902851163
0.007299239028511584
0.007299239028511625
0.007299239028511658
0.007792964131245376
0.007792964131245445
0.007792964131245505
0.007792964131245422
0.007792964131245427
0.007792964131245438
0.007792964131245448
0.007792964131245394
0.007792964131245398
0.007792964131245427
0.007792964131245507
0.007792964131245501
0.007792964131245454
0.007792964131245472
0.007792964131245521
0.007792964131245545
0.007792964131245539
0.007792964131245505
0.007792964131245495
0.007792964131245506
0.007792964131245498
0.007792964131245484
0.007792964131245465
0.007792964131245453
0.007792964131245489
0.007792964131245595
0.007792964131245608
0.007792964131245533
0.007792964131245612
0.007792964131245638
0.007792964131245559
0.007792964131245544
0.007792964131245583
0.007792964131245607
0.007792964131245662
0.007792964131245735
0.007792964131245751
0.00779296413124573
0.007792964131245715
0.007792964131245693
0.00779296413124562
0.007792964131245667
0.007792964131245693
0.007792964131245593
0.007792964131245666
0.007792964131245698
0.00779296413124563
0.007792964131245619
0.007792964131245632
0.007792964131245611
0.007792964131245569
0.007792964131245545
0.007792964131245549
0.007792964131245491
0.007792964131245483
0.007792964131245442
0.007792964131245461
0.007792964131245482
0.008244285741256095
0.008244285741256128
0.00824428574125618
0.008244285741256121
0.008244285741256113
0.008244285741256133
0.008244285741256158
0.00824428574125614
0.008244285741256135
0.008244285741256159
0.008244285741256239
0.008244285741256237
0.008244285741256199
0.008244285741256241
0.008244285741256291
0.008244285741256279
0.008244285741256279
0.008244285741256277
0.008244285741256265
0.008244285741256255
0.008244285741256244
0.008244285741256243
0.008244285741256234
0.008244285741256229
0.00824428574125625
0.008244285741256321
0.008244285741256338
0.008244285741256298
0.008244285741256361
0.00824428574125638
0.008244285741256329
0.008244285741256312
0.008244285741256357
0.008244285741256399
0.008244285741256428
0.008244285741256482
0.008244285741256498
0.008244285741256486
0.008244285741256473
0.008244285741256453
0.008244285741256407
0.008244285741256432
0.008244285741256447
0.008244285741256378
0.008244285741256425
0.008244285741256444
0.008244285741256402
0.008244285741256394
0.008244285741256407
0.008244285741256392
0.008244285741256348
0.008244285741256329
0.00824428574125631
0.00824428574125626
0.008244285741256243
0.008244285741256192
0.00824428574125617
0.008244285741256161
0.008652885299632426
0.008652885299632429
0.008652885299632479
0.008652885299632436
0.008652885299632436
0.008652885299632467
0.008652885299632514
0.008652885299632517
0.008652885299632505
0.008652885299632535
0.00865288529963259
0.008652885299632592
0.008652885299632573
0.008652885299632616
0.008652885299632651
0.008652885299632634
0.008652885299632641
0.008652885299632658
0.008652885299632634
0.008652885299632627
0.008652885299632632
0.008652885299632627
0.008652885299632616
0.008652885299632618
0.008652885299632634
0.008652885299632681
0.0086528852996327
0.008652885299632688
0.008652885299632738
0.008652885299632755
0.008652885299632727
0.008652885299632722
0.008652885299632774
0.008652885299632811
0.008652885299632826
0.008652885299632858
0.008652885299632864
0.008652885299632863
0.008652885299632858
0.008652885299632838
0.008652885299632819
0.008652885299632823
0.008652885299632825
0.008652885299632788
0.008652885299632809
0.008652885299632816
0.008652885299632797
0.008652885299632786
0.0086528852996328
0.008652885299632802
0.008652885299632769
0.008652885299632753
0.008652885299632717
0.008652885299632681
0.008652885299632661
0.008652885299632596
0.008652885299632538
0.008652885299632479
0.009019085469863072
0.009019085469863061
0.009019085469863113
0.009019085469863098
0.00901908546986311
0.009019085469863145
0.009019085469863195
0.009019085469863216
0.009019085469863217
0.009019085469863247
0.009019085469863276
0.009019085469863285
0.00901908546986328
0.009019085469863313
0.009019085469863332
0.009019085469863316
0.009019085469863323
0.009019085469863349
0.00901908546986332
0.009019085469863311
0.009019085469863327
0.009019085469863325
0.009019085469863321
0.009019085469863339
0.009019085469863356
0.009019085469863377
0.009019085469863396
0.009019085469863413
0.00901908546986346
0.009019085469863476
0.009019085469863471
0.009019085469863488
0.009019085469863524
0.009019085469863547
0.009019085469863557
0.009019085469863573
0.009019085469863576
0.009019085469863583
0.009019085469863575
0.009019085469863559
0.009019085469863556
0.009019085469863538
0.009019085469863537
0.009019085469863531
0.009019085469863526
0.009019085469863528
0.009019085469863528
0.009019085469863521
0.009019085469863533
0.009019085469863544
0.009019085469863528
0.009019085469863521
0.009019085469863465
0.009019085469863441
0.009019085469863439
0.009019085469863361
0.009019085469863257
0.009019085469863139
0.009343367138679453
0.009343367138679441
0.009343367138679516
0.009343367138679521
0.009343367138679542
0.009343367138679582
0.009343367138679641
0.00934336713867967
0.009343367138679681
0.009343367138679708
0.009343367138679722
0.009343367138679731
0.009343367138679734
0.009343367138679748
0.009343367138679767
0.009343367138679743
0.009343367138679736
0.009343367138679779
0.009343367138679745
0.009343367138679727
0.009343367138679752
0.009343367138679757
0.009343367138679767
0.009343367138679804
0.009343367138679823
0.009343367138679837
0.009343367138679866
0.009343367138679897
0.009343367138679949
0.00934336713867997
0.009343367138679979
0.009343367138679995
0.009343367138680012
0.009343367138680024
0.009343367138680028
0.009343367138680041
0.009343367138680041
0.009343367138680055
0.009343367138680038
0.009343367138680024
0.009343367138680041
0.009343367138680002
0.009343367138679996
0.009343367138680015
0.009343367138679991
0.009343367138679986
0.009343367138680002
0.009343367138680003
0.009343367138680008
0.009343367138680033
0.009343367138680028
0.009343367138680026
0.00934336713867996
0.009343367138679937
0.009343367138679967
0.009343367138679894
0.009343367138679741
0.009343367138679549
0.009626127554510646
0.00962612755451064
0.009626127554510739
0.00962612755451076
0.009626127554510791
0.009626127554510833
0.009626127554510887
0.009626127554510932
0.009626127554510948
0.00962612755451097
0.009626127554510965
0.009626127554510972
0.009626127554510979
0.009626127554510982
0.009626127554511013
0.009626127554510975
0.009626127554510953
0.009626127554511015
0.009626127554510972
0.009626127554510944
0.009626127554510982
0.009626127554510998
0.009626127554511017
0.009626127554511074
0.009626127554511104
0.009626127554511118
0.009626127554511154
0.009626127554511196
0.009626127554511253
0.009626127554511275
0.009626127554511288
0.009626127554511298
0.009626127554511303
0.009626127554511308
0.009626127554511301
0.009626127554511308
0.009626127554511307
0.009626127554511338
0.009626127554511312
0.009626127554511294
0.00962612755451134
0.009626127554511281
0.009626127554511263
0.009626127554511314
0.00962612755451127
0.009626127554511256
0.009626127554511296
0.009626127554511293
0.009626127554511294
0.009626127554511334
0.009626127554511333
0.009626127554511338
0.009626127554511263
0.009626127554511244
0.009626127554511305
0.009626127554511244
0.009626127554511038
0.009626127554510758
0.009867568993442797
0.009867568993442811
0.009867568993442922
0.009867568993442957
0.009867568993442988
0.009867568993443038
0.009867568993443083
0.009867568993443127
0.009867568993443147
0.00986756899344316
0.009867568993443151
0.009867568993443163
0.009867568993443163
0.00986756899344316
0.009867568993443208
0.009867568993443165
0.009867568993443123
0.009867568993443196
0.009867568993443149
0.009867568993443114
0.009867568993443172
0.009867568993443189
0.009867568993443222
0.0098675689934433
0.00986756899344334
0.009867568993443356
0.009867568993443397
0.009867568993443442
0.009867568993443508
0.009867568993443531
0.009867568993443526
0.009867568993443529
0.009867568993443538
0.009867568993443548
0.009867568993443538
0.009867568993443538
0.009867568993443536
0.009867568993443585
0.009867568993443545
0.009867568993443515
0.009867568993443588
0.00986756899344352
0.009867568993443493
0.009867568993443562
0.009867568993443505
0.009867568993443486
0.009867568993443562
0.009867568993443527
0.009867568993443515
0.009867568993443593
0.009867568993443591
0.009867568993443597
0.009867568993443513
0.009867568993443501
0.009867568993443597
0.009867568993443552
0.009867568993443291
0.009867568993442924
0.01006764501165601
0.01006764501165604
0.01006764501165616
0.01006764501165621
0.01006764501165624
0.01006764501165629
0.01006764501165633
0.01006764501165638
0.01006764501165639
0.01006764501165639
0.01006764501165638
0.01006764501165643
0.01006764501165641
0.01006764501165639
0.01006764501165646
0.01006764501165642
0.01006764501165635
0.01006764501165643
0.01006764501165639
0.01006764501165635
0.01006764501165643
0.01006764501165647
0.0100676450116565
0.01006764501165659
0.01006764501165663
0.01006764501165666
0.0100676450116567
0.01006764501165675
0.01006764501165682
0.01006764501165684
0.01006764501165683
0.01006764501165683
0.01006764501165682
0.01006764501165685
0.01006764501165684
0.01006764501165683
0.01006764501165683
0.01006764501165689
0.01006764501165684
0.0100676450116568
0.0100676450116569
0.01006764501165682
0.01006764501165678
0.01006764501165688
0.01006764501165681
0.01006764501165678
0.01006764501165689
0.01006764501165683
0.01006764501165681
0.01006764501165692
0.01006764501165691
0.01006764501165692
0.01006764501165684
0.01006764501165683
0.01006764501165695
0.01006764501165692
0.0100676450116566
0.01006764501165615
0.0102260245006714
0.01022602450067143
0.01022602450067155
0.0102260245006716
0.01022602450067163
0.01022602450067169
0.01022602450067172
0.01022602450067178
0.0102260245006718
0.01022602450067179
0.01022602450067178
0.01022602450067183
0.01022602450067181
0.01022602450067179
0.01022602450067185
0.01022602450067182
0.01022602450067174
0.01022602450067179
0.01022602450067178
0.01022602450067176
0.01022602450067186
0.0102260245006719
0.01022602450067193
0.01022602450067204
0.01022602450067208
0.01022602450067211
0.01022602450067215
0.01022602450067221
0.01022602450067226
0.01022602450067229
0.01022602450067228
0.01022602450067227
0.01022602450067227
0.0102260245006723
0.01022602450067229
0.01022602450067227
0.01022602450067228
0.01022602450067235
0.01022602450067229
0.01022602450067224
0.01022602450067236
0.01022602450067227
0.01022602450067223
0.01022602450067235
0.01022602450067227
0.01022602450067223
0.01022602450067236
0.01022602450067228
0.01022602450067225
0.01022602450067238
0.01022602450067238
0.01022602450067239
0.01022602450067231
0.01022602450067231
0.01022602450067243
0.01022602450067243
0.01022602450067207
0.01022602450067154
0.0103420539744012
0.01034205397440124
0.01034205397440136
0.01034205397440141
0.01034205397440144
0.01034205397440151
0.01034205397440153
0.01034205397440162
0.01034205397440162
0.01034205397440162
0.01034205397440162
0.01034205397440165
0.01034205397440163
0.01034205397440164
0.01034205397440165
0.01034205397440165
0.01034205397440157
0.01034205397440156
0.01034205397440159
0.01034205397440161
0.01034205397440171
0.01034205397440177
0.01034205397440181
0.01034205397440191
0.01034205397440196
0.01034205397440199
0.01034205397440203
0.01034205397440209
0.01034205397440214
0.01034205397440216
0.01034205397440215
0.01034205397440214
0.01034205397440214
0.01034205397440218
0.01034205397440217
0.01034205397440215
0.01034205397440215
0.01034205397440222
0.01034205397440216
0.01034205397440211
0.01034205397440224
0.01034205397440215
0.0103420539744021
0.01034205397440225
0.01034205397440216
0.01034205397440211
0.01034205397440226
0.01034205397440217
0.01034205397440213
0.01034205397440228
0.01034205397440228
0.01034205397440228
0.01034205397440222
0.01034205397440223
0.01034205397440232
0.01034205397440233
0.01034205397440198
0.01034205397440138
0.01041470780001404
0.01041470780001407
0.0104147078000142
0.01041470780001426
0.01041470780001429
0.01041470780001436
0.01041470780001439
0.01041470780001449
0.01041470780001448
0.01041470780001448
0.01041470780001448
0.01041470780001448
0.01041470780001447
0.01041470780001448
0.01041470780001448
0.01041470780001455
0.01041470780001445
0.0104147078000144
0.01041470780001447
0.01041470780001451
0.0104147078000146
0.01041470780001469
0.01041470780001474
0.01041470780001483
0.01041470780001488
0.01041470780001491
0.01041470780001494
0.010414707800015
0.01041470780001504
0.01041470780001505
0.01041470780001505
0.01041470780001504
0.01041470780001506
0.01041470780001509
0.01041470780001507
0.01041470780001507
0.01041470780001506
0.01041470780001513
0.01041470780001507
0.01041470780001502
0.01041470780001515
0.01041470780001506
0.01041470780001501
0.01041470780001517
0.01041470780001508
0.01041470780001502
0.01041470780001519
0.0104147078000151
0.01041470780001504
0.01041470780001521
0.01041470780001521
0.0104147078000152
0.01041470780001519
0.01041470780001523
0.01041470780001527
0.01041470780001528
0.01041470780001495
0.01041470780001427
0.01044251856535707
0.01044251856535709
0.01044251856535724
0.0104425185653573
0.01044251856535733
0.0104425185653574
0.01044251856535743
0.01044251856535754
0.01044251856535754
0.01044251856535753
0.01044251856535754
0.01044251856535753
0.01044251856535752
0.01044251856535753
0.01044251856535753
0.01044251856535762
0.01044251856535752
0.01044251856535744
0.01044251856535755
0.0104425185653576
0.01044251856535767
0.0104425185653578
0.01044251856535786
0.01044251856535794
0.01044251856535799
0.01044251856535802
0.01044251856535804
0.01044251856535808
0.01044251856535812
0.01044251856535814
0.01044251856535816
0.01044251856535817
0.01044251856535819
0.01044251856535821
0.01044251856535819
0.01044251856535819
0.01044251856535818
0.01044251856535824
0.01044251856535818
0.01044251856535813
0.01044251856535826
0.01044251856535817
0.01044251856535811
0.01044251856535829
0.0104425185653582
0.01044251856535813
0.01044251856535831
0.01044251856535822
0.01044251856535816
0.01044251856535833
0.01044251856535835
0.01044251856535836
0.01044251856535835
0.01044251856535841
0.01044251856535842
0.01044251856535844
0.01044251856535812
0.01044251856535737
0.01042661100774491
0.01042661100774491
0.01042661100774509
0.01042661100774514
0.01042661100774517
0.01042661100774525
0.01042661100774528
0.01042661100774539
0.01042661100774539
0.01042661100774539
0.01042661100774542
0.01042661100774539
0.01042661100774536
0.0104266110077454
0.0104266110077454
0.01042661100774548
0.01042661100774538
0.0104266110077453
0.01042661100774542
0.01042661100774547
0.01042661100774554
0.0104266110077457
0.01042661100774578
0.01042661100774585
0.01042661100774591
0.01042661100774593
0.01042661100774593
0.01042661100774594
0.01042661100774598
0.01042661100774602
0.01042661100774605
0.01042661100774607
0.01042661100774609
0.01042661100774612
0.01042661100774609
0.0104266110077461
0.01042661100774609
0.01042661100774614
0.01042661100774609
0.01042661100774604
0.01042661100774616
0.01042661100774608
0.01042661100774601
0.0104266110077462
0.01042661100774612
0.01042661100774605
0.01042661100774622
0.01042661100774614
0.01042661100774608
0.01042661100774624
0.01042661100774627
0.0104266110077463
0.01042661100774629
0.01042661100774634
0.01042661100774634
0.01042661100774638
0.01042661100774611
0.01042661100774531
0.01036759590203737
0.01036759590203734
0.01036759590203751
0.01036759590203756
0.01036759590203759
0.01036759590203766
0.01036759590203771
0.01036759590203783
0.01036759590203784
0.01036759590203785
0.01036759590203786
0.01036759590203781
0.01036759590203779
0.01036759590203786
0.01036759590203786
0.01036759590203792
0.01036759590203782
0.01036759590203775
0.01036759590203788
0.01036759590203793
0.01036759590203799
0.01036759590203818
0.01036759590203826
0.01036759590203833
0.01036759590203839
0.01036759590203839
0.01036759590203839
0.01036759590203839
0.01036759590203843
0.01036759590203847
0.01036759590203848
0.01036759590203851
0.01036759590203854
0.01036759590203857
0.01036759590203855
0.01036759590203859
0.01036759590203859
0.01036759590203861
0.01036759590203857
0.01036759590203853
0.01036759590203863
0.01036759590203855
0.01036759590203849
0.01036759590203867
0.01036759590203861
0.01036759590203854
0.01036759590203869
0.01036759590203864
0.01036759590203857
0.01036759590203871
0.01036759590203874
0.01036759590203879
0.01036759590203878
0.01036759590203885
0.01036759590203885
0.0103675959020389
0.01036759590203866
0.01036759590203785
0.01026564362669191
0.01026564362669184
0.01026564362669198
0.01026564362669203
0.01026564362669207
0.01026564362669214
0.0102656436266922
0.01026564362669232
0.01026564362669233
0.01026564362669235
0.01026564362669236
0.01026564362669231
0.01026564362669229
0.0102656436266924
0.01026564362669241
0.01026564362669241
0.01026564362669231
0.01026564362669227
0.0102656436266924
0.01026564362669245
0.01026564362669252
0.0102656436266927
0.01026564362669278
0.01026564362669284
0.01026564362669291
0.01026564362669289
0.01026564362669289
0.01026564362669291
0.01026564362669292
0.01026564362669295
0.01026564362669297
0.010265643626693
0.01026564362669304
0.01026564362669307
0.01026564362669307
0.0102656436266931
0.01026564362669312
0.01026564362669313
0.0102656436266931
0.01026564362669307
0.01026564362669315
0.01026564362669307
0.01026564362669302
0.01026564362669318
0.01026564362669315
0.01026564362669309
0.01026564362669321
0.01026564362669318
0.01026564362669313
0.01026564362669326
0.01026564362669327
0.01026564362669333
0.01026564362669333
0.01026564362669343
0.01026564362669343
0.01026564362669347
0.01026564362669327
0.01026564362669247
0.01012053095857402
0.0101205309585739
0.01012053095857403
0.01012053095857406
0.01012053095857408
0.01012053095857416
0.01012053095857424
0.01012053095857434
0.01012053095857434
0.01012053095857436
0.01012053095857437
0.01012053095857435
0.01012053095857433
0.01012053095857446
0.01012053095857442
0.01012053095857438
0.01012053095857435
0.01012053095857435
0.01012053095857447
0.01012053095857453
0.01012053095857459
0.01012053095857474
0.01012053095857482
0.01012053095857486
0.01012053095857494
0.01012053095857493
0.01012053095857494
0.01012053095857494
0.01012053095857494
0.010120530958575
0.010120530958575
0.01012053095857502
0.01012053095857505
0.01012053095857509
0.0101205309585751
0.01012053095857515
0.01012053095857517
0.01012053095857516
0.01012053095857515
0.01012053095857514
0.01012053095857518
0.01012053095857512
0.01012053095857508
0.01012053095857521
0.01012053095857521
0.01012053095857519
0.01012053095857526
0.01012053095857525
0.01012053095857522
0.0101205309585753
0.01012053095857532
0.0101205309585754
0.0101205309585754
0.01012053095857552
0.01012053095857552
0.01012053095857557
0.01012053095857541
0.01012053095857464
0.009931669447991006
0.009931669447990848
0.009931669447990961
0.009931669447990987
0.009931669447990997
0.009931669447991053
0.009931669447991148
0.009931669447991268
0.009931669447991266
0.009931669447991282
0.009931669447991266
0.009931669447991256
0.009931669447991254
0.009931669447991367
0.009931669447991299
0.009931669447991226
0.009931669447991275
0.009931669447991292
0.009931669447991382
0.009931669447991461
0.009931669447991514
0.009931669447991641
0.009931669447991712
0.009931669447991743
0.009931669447991828
0.009931669447991823
0.00993166944799182
0.009931669447991839
0.009931669447991856
0.009931669447991905
0.009931669447991929
0.009931669447991944
0.009931669447991939
0.009931669447991967
0.009931669447991981
0.009931669447992036
0.009931669447992064
0.009931669447992054
0.009931669447992076
0.009931669447992076
0.00993166944799208
0.009931669447992036
0.00993166944799201
0.009931669447992142
0.009931669447992168
0.00993166944799216
0.009931669447992196
0.009931669447992208
0.009931669447992186
0.009931669447992227
0.009931669447992238
0.00993166944799233
0.009931669447992331
0.009931669447992461
0.009931669447992465
0.009931669447992524
0.009931669447992406
0.009931669447991689
0.00969812446368864
0.009698124463688418
0.009698124463688519
0.009698124463688541
0.009698124463688547
0.00969812446368859
0.009698124463688682
0.009698124463688809
0.00969812446368881
0.009698124463688833
0.009698124463688819
0.009698124463688781
0.009698124463688781
0.009698124463688895
0.009698124463688814
0.009698124463688729
0.009698124463688812
0.009698124463688819
0.009698124463688887
0.009698124463688999
0.009698124463689055
0.009698124463689157
0.00969812446368922
0.009698124463689251
0.009698124463689341
0.009698124463689345
0.009698124463689336
0.009698124463689364
0.00969812446368939
0.009698124463689435
0.009698124463689464
0.009698124463689483
0.009698124463689469
0.009698124463689466
0.009698124463689475
0.009698124463689549
0.009698124463689579
0.009698124463689572
0.009698124463689594
0.009698124463689586
0.009698124463689589
0.009698124463689605
0.009698124463689586
0.009698124463689688
0.009698124463689721
0.009698124463689728
0.00969812446368975
0.009698124463689761
0.009698124463689749
0.009698124463689768
0.009698124463689787
0.009698124463689858
0.009698124463689858
0.009698124463690007
0.009698124463690009
0.009698124463690075
0.009698124463690002
0.00969812446368936
0.009418641159678706
0.009418641159678416
0.009418641159678501
0.009418641159678529
0.009418641159678514
0.009418641159678538
0.009418641159678639
0.009418641159678763
0.009418641159678779
0.0094186411596788
0.009418641159678798
0.009418641159678763
0.009418641159678746
0.009418641159678847
0.00941864115967877
0.009418641159678682
0.009418641159678798
0.009418641159678769
0.009418641159678798
0.009418641159678947
0.00941864115967901
0.009418641159679084
0.009418641159679136
0.009418641159679187
0.00941864115967927
0.009418641159679303
0.009418641159679301
0.009418641159679312
0.009418641159679336
0.009418641159679369
0.0094186411596794
0.009418641159679421
0.00941864115967941
0.009418641159679405
0.009418641159679407
0.009418641159679487
0.009418641159679515
0.009418641159679513
0.009418641159679509
0.009418641159679506
0.009418641159679527
0.009418641159679563
0.009418641159679558
0.009418641159679641
0.009418641159679664
0.009418641159679681
0.009418641159679705
0.009418641159679723
0.009418641159679712
0.009418641159679728
0.009418641159679756
0.009418641159679808
0.009418641159679806
0.009418641159679955
0.009418641159679964
0.009418641159680026
0.009418641159679992
0.009418641159679438
0.009091711499751891
0.009091711499751532
0.00909171149975159
0.009091711499751612
0.009091711499751605
0.009091711499751614
0.009091711499751702
0.009091711499751817
0.009091711499751841
0.009091711499751852
0.009091711499751846
0.009091711499751839
0.009091711499751831
0.009091711499751902
0.009091711499751833
0.009091711499751763
0.009091711499751893
0.009091711499751845
0.009091711499751839
0.009091711499752004
0.00909171149975206
0.009091711499752114
0.00909171149975216
0.009091711499752228
0.009091711499752303
0.009091711499752341
0.00909171149975233
0.009091711499752325
0.009091711499752353
0.009091711499752388
0.009091711499752422
0.009091711499752447
0.009091711499752443
0.009091711499752445
0.009091711499752455
0.009091711499752518
0.009091711499752545
0.009091711499752544
0.009091711499752526
0.009091711499752549
0.009091711499752572
0.00909171149975261
0.009091711499752618
0.009091711499752683
0.009091711499752715
0.009091711499752735
0.009091711499752748
0.009091711499752776
0.009091711499752769
0.009091711499752785
0.009091711499752809
0.009091711499752854
0.009091711499752856
0.009091711499752993
0.009091711499753003
0.009091711499753059
0.009091711499753052
0.009091711499752606
0.008715748565462107
0.008715748565461711
0.008715748565461728
0.008715748565461713
0.008715748565461734
0.00871574856546173
0.008715748565461791
0.008715748565461904
0.008715748565461945
0.008715748565461956
0.008715748565461949
0.00871574856546194
0.008715748565461931
0.008715748565461985
0.008715748565461933
0.008715748565461878
0.008715748565461996
0.008715748565461949
0.008715748565461923
0.008715748565462077
0.008715748565462133
0.008715748565462167
0.008715748565462211
0.00871574856546228
0.008715748565462339
0.008715748565462389
0.008715748565462384
0.008715748565462389
0.008715748565462408
0.008715748565462434
0.008715748565462469
0.008715748565462495
0.008715748565462499
0.008715748565462518
0.008715748565462535
0.008715748565462568
0.008715748565462596
0.008715748565462601
0.008715748565462597
0.00871574856546263
0.008715748565462656
0.008715748565462676
0.008715748565462693
0.008715748565462736
0.008715748565462764
0.00871574856546278
0.008715748565462795
0.008715748565462823
0.008715748565462832
0.008715748565462863
0.008715748565462885
0.008715748565462906
0.00871574856546292
0.008715748565463036
0.008715748565463064
0.008715748565463097
0.008715748565463097
0.008715748565462761
0.008289475762017053
0.008289475762016656
0.008289475762016631
0.008289475762016586
0.008289475762016619
0.008289475762016591
0.008289475762016623
0.008289475762016732
0.008289475762016772
0.008289475762016782
0.008289475762016774
0.008289475762016765
0.008289475762016755
0.008289475762016807
0.008289475762016767
0.008289475762016723
0.008289475762016826
0.008289475762016777
0.008289475762016749
0.008289475762016881
0.008289475762016926
0.008289475762016947
0.008289475762016989
0.008289475762017049
0.008289475762017105
0.008289475762017164
0.008289475762017164
0.008289475762017181
0.0082894757620172
0.008289475762017216
0.00828947576201724
0.008289475762017265
0.008289475762017284
0.008289475762017308
0.008289475762017317
0.008289475762017332
0.008289475762017353
0.008289475762017365
0.008289475762017369
0.00828947576201741
0.008289475762017438
0.008289475762017461
0.008289475762017471
0.008289475762017506
0.008289475762017523
0.008289475762017533
0.008289475762017547
0.008289475762017568
0.008289475762017589
0.008289475762017617
0.008289475762017639
0.008289475762017655
0.008289475762017693
0.008289475762017787
0.008289475762017827
0.008289475762017839
0.008289475762017846
0.008289475762017599
0.007812664283817052
0.007812664283816658
0.007812664283816615
0.007812664283816547
0.007812664283816587
0.007812664283816535
0.007812664283816542
0.007812664283816644
0.00781266428381667
0.007812664283816682
0.007812664283816679
0.007812664283816662
0.007812664283816651
0.0078126642838167
0.007812664283816682
0.007812664283816649
0.007812664283816722
0.007812664283816686
0.007812664283816653
0.007812664283816762
0.007812664283816802
0.007812664283816804
0.007812664283816845
0.007812664283816899
0.007812664283816939
0.007812664283817009
0.007812664283817021
0.007812664283817036
0.007812664283817059
0.007812664283817062
0.007812664283817074
0.007812664283817106
0.007812664283817128
0.007812664283817144
0.007812664283817154
0.007812664283817159
0.00781266428381718
0.007812664283817191
0.007812664283817194
0.007812664283817244
0.007812664283817281
0.007812664283817298
0.007812664283817307
0.007812664283817324
0.007812664283817335
0.00781266428381734
0.007812664283817349
0.007812664283817361
0.007812664283817397
0.00781266428381743
0.007812664283817447
0.00781266428381746
0.00781266428381751
0.007812664283817584
0.007812664283817626
0.007812664283817636
0.007812664283817654
0.00781266428381748
0.007287310575321515
0.007287310575321133
0.007287310575321075
0.007287310575321016
0.007287310575321044
0.007287310575320984
0.007287310575320967
0.007287310575321052
0.007287310575321076
0.007287310575321085
0.00728731057532108
0.007287310575321066
0.007287310575321041
0.007287310575321086
0.007287310575321075
0.007287310575321058
0.00728731057532111
0.007287310575321073
0.007287310575321053
0.007287310575321148
0.007287310575321173
0.007287310575321156
0.007287310575321197
0.00728731057532124
0.007287310575321268
0.007287310575321339
0.007287310575321361
0.007287310575321373
0.007287310575321399
0.007287310575321403
0.0072873105753214
0.007287310575321436
0.007287310575321458
0.007287310575321475
0.007287310575321474
0.007287310575321464
0.007287310575321486
0.007287310575321486
0.007287310575321487
0.007287310575321549
0.007287310575321599
0.007287310575321618
0.007287310575321621
0.007287310575321626
0.007287310575321629
0.007287310575321625
0.007287310575321635
0.007287310575321629
0.007287310575321674
0.007287310575321709
0.007287310575321723
0.007287310575321733
0.007287310575321792
0.007287310575321869
0.0072873105753219
0.007287310575321912
0.007287310575321925
0.007287310575321806
0.006719173868628315
0.006719173868627988
0.006719173868627933
0.006719173868627874
0.006719173868627874
0.006719173868627831
0.006719173868627797
0.006719173868627864
0.006719173868627886
0.006719173868627883
0.006719173868627874
0.006719173868627856
0.006719173868627825
0.006719173868627873
0.006719173868627867
0.006719173868627849
0.006719173868627882
0.006719173868627861
0.006719173868627834
0.006719173868627926
0.006719173868627939
0.006719173868627914
0.006719173868627954
0.006719173868627983
0.006719173868627974
0.006719173868628065
0.006719173868628092
0.006719173868628095
0.006719173868628133
0.006719173868628142
0.00671917386862811
0.006719173868628163
0.006719173868628193
0.006719173868628192
0.006719173868628195
0.006719173868628163
0.006719173868628188
0.006719173868628188
0.006719173868628175
0.00671917386862825
0.006719173868628325
0.006719173868628333
0.006719173868628331
0.006719173868628336
0.006719173868628321
0.006719173868628326
0.00671917386862832
0.006719173868628288
0.006719173868628346
0.006719173868628396
0.006719173868628398
0.006719173868628394
0.006719173868628464
0.00671917386862854
0.006719173868628562
0.006719173868628562
0.006719173868628569
0.006719173868628499
0.006119271979990923
0.006119271979990683
0.006119271979990628
0.006119271979990581
0.00611927197999057
0.006119271979990512
0.006119271979990467
0.006119271979990521
0.006119271979990535
0.006119271979990524
0.006119271979990529
0.006119271979990499
0.006119271979990436
0.006119271979990503
0.006119271979990507
0.006119271979990479
0.006119271979990493
0.006119271979990477
0.006119271979990462
0.006119271979990559
0.006119271979990563
0.006119271979990516
0.006119271979990565
0.006119271979990585
0.00611927197999054
0.006119271979990649
0.006119271979990665
0.006119271979990648
0.006119271979990713
0.006119271979990711
0.006119271979990671
0.006119271979990746
0.006119271979990779
0.006119271979990779
0.00611927197999078
0.006119271979990727
0.006119271979990752
0.006119271979990739
0.006119271979990706
0.006119271979990812
0.006119271979990903
0.006119271979990903
0.006119271979990898
0.006119271979990898
0.006119271979990884
0.006119271979990877
0.00611927197999087
0.006119271979990805
0.006119271979990882
0.006119271979990923
0.006119271979990918
0.006119271979990902
0.006119271979990988
0.006119271979991067
0.006119271979991073
0.006119271979991046
0.00611927197999106
0.006119271979990996
0.005504563202218599
0.005504563202218438
0.005504563202218407
0.005504563202218377
0.005504563202218355
0.00550456320221829
0.005504563202218256
0.005504563202218287
0.005504563202218296
0.005504563202218288
0.005504563202218273
0.005504563202218267
0.005504563202218178
0.005504563202218251
0.005504563202218258
0.005504563202218211
0.005504563202218231
0.005504563202218223
0.005504563202218194
0.005504563202218303
0.00550456320221831
0.005504563202218224
0.005504563202218302
0.005504563202218321
0.005504563202218232
0.005504563202218363
0.005504563202218369
0.005504563202218335
0.005504563202218412
0.005504563202218413
0.005504563202218367
0.005504563202218453
0.005504563202218493
0.005504563202218493
0.005504563202218492
0.005504563202218407
0.005504563202218441
0.005504563202218445
0.005504563202218378
0.005504563202218499
0.005504563202218603
0.005504563202218603
0.005504563202218589
0.005504563202218579
0.005504563202218568
0.005504563202218561
0.005504563202218542
0.005504563202218453
0.005504563202218538
0.005504563202218574
0.005504563202218565
0.005504563202218542
0.00550456320221864
0.005504563202218702
0.005504563202218699
0.005504563202218661
0.00550456320221867
0.00550456320221859
0.004896894647253814
0.004896894647253743
0.004896894647253723
0.004896894647253708
0.004896894647253683
0.004896894647253615
0.004896894647253605
0.004896894647253616
0.004896894647253621
0.004896894647253611
0.004896894647253596
0.004896894647253586
0.0048968946472535
0.004896894647253569
0.004896894647253578
0.004896894647253538
0.004896894647253553
0.004896894647253553
0.0048968946472535
0.004896894647253612
0.004896894647253625
0.004896894647253515
0.004896894647253605
0.004896894647253624
0.004896894647253524
0.00489689464725365
0.004896894647253651
0.004896894647253599
0.004896894647253693
0.004896894647253692
0.004896894647253625
0.004896894647253736
0.004896894647253781
0.004896894647253776
0.004896894647253764
0.004896894647253661
0.004896894647253711
0.004896894647253722
0.004896894647253633
0.004896894647253756
0.00489689464725386
0.004896894647253867
0.004896894647253853
0.004896894647253849
0.004896894647253819
0.004896894647253816
0.004896894647253794
0.004896894647253696
0.004896894647253782
0.004896894647253814
0.004896894647253801
0.004896894647253769
0.004896894647253873
0.004896894647253924
0.004896894647253919
0.004896894647253879
0.004896894647253879
0.004896894647253776
0.004319723158230176
0.004319723158230143
0.004319723158230133
0.00431972315823013
0.004319723158230104
0.004319723158230026
0.004319723158230065
0.004319723158230072
0.004319723158230045
0.004319723158230043
0.004319723158230025
0.004319723158230016
0.004319723158229928
0.004319723158229988
0.004319723158230026
0.004319723158229995
0.004319723158230004
0.004319723158229976
0.004319723158229928
0.004319723158230051
0.004319723158230067
0.004319723158229942
0.004319723158230024
0.004319723158230047
0.004319723158229919
0.004319723158230051
0.00431972315823005
0.004319723158230001
0.004319723158230111
0.004319723158230123
0.004319723158230026
0.004319723158230126
0.004319723158230188
0.004319723158230182
0.004319723158230159
0.004319723158230066
0.004319723158230098
0.004319723158230097
0.00431972315823001
0.004319723158230142
0.004319723158230246
0.004319723158230231
0.004319723158230233
0.004319723158230246
0.004319723158230209
0.004319723158230201
0.004319723158230189
0.004319723158230056
0.004319723158230152
0.004319723158230179
0.004319723158230158
0.004319723158230124
0.004319723158230232
0.004319723158230268
0.004319723158230261
0.004319723158230237
0.004319723158230227
0.004319723158230093
0.003793220812618926
0.003793220812618929
0.003793220812618925
0.003793220812618926
0.003793220812618896
0.003793220812618824
0.003793220812618886
0.003793220812618895
0.003793220812618845
0.003793220812618848
0.003793220812618807
0.003793220812618819
0.003793220812618751
0.003793220812618783
0.003793220812618834
0.003793220812618857
0.003793220812618849
0.0037932208126188
0.003793220812618747
0.003793220812618855
0.003793220812618863
0.00379322081261874
0.00379322081261883
0.003793220812618866
0.003793220812618718
0.003793220812618838
0.003793220812618835
0.003793220812618798
0.00379322081261891
0.003793220812618911
0.003793220812618825
0.003793220812618908
0.00379322081261898
0.003793220812618961
0.00379322081261894
0.003793220812618847
0.003793220812618886
0.003793220812618896
0.003793220812618782
0.00379322081261892
0.003793220812619016
0.003793220812618996
0.003793220812618994
0.003793220812619005
0.003793220812618977
0.003793220812618982
0.003793220812618971
0.003793220812618814
0.003793220812618926
0.003793220812618944
0.003793220812618926
0.003793220812618881
0.003793220812618985
0.003793220812619014
0.003793220812619006
0.003793220812618995
0.003793220812618983
0.003793220812618822
0.003329616688743887
0.003329616688743886
0.003329616688743875
0.003329616688743887
0.003329616688743881
0.003329616688743818
0.003329616688743894
0.00332961668874392
0.003329616688743862
0.003329616688743864
0.003329616688743791
0.003329616688743815
0.003329616688743777
0.003329616688743796
0.003329616688743852
0.00332961668874387
0.003329616688743866
0.003329616688743839
0.003329616688743772
0.003329616688743854
0.003329616688743876
0.003329616688743754
0.003329616688743845
0.003329616688743878
0.003329616688743739
0.003329616688743827
0.003329616688743809
0.00332961668874379
0.003329616688743908
0.003329616688743915
0.003329616688743809
0.003329616688743901
0.00332961668874395
0.003329616688743942
0.003329616688743919
0.003329616688743845
0.003329616688743859
0.003329616688743858
0.003329616688743777
0.003329616688743909
0.003329616688744005
0.003329616688744004
0.003329616688743999
0.00332961668874399
0.003329616688743933
0.00332961668874394
0.003329616688743934
0.003329616688743796
0.003329616688743892
0.003329616688743917
0.003329616688743904
0.003329616688743869
0.003329616688743961
0.003329616688743981
0.003329616688743974
0.003329616688743971
0.00332961668874396
0.003329616688743792
0.002930925836638469
0.002930925836638485
0.002930925836638463
0.002930925836638485
0.00293092583663848
0.002930925836638433
0.002930925836638512
0.00293092583663853
0.002930925836638505
0.002930925836638491
0.002930925836638399
0.002930925836638444
0.002930925836638452
0.002930925836638437
0.002930925836638476
0.002930925836638511
0.002930925836638507
0.002930925836638475
0.002930925836638397
0.00293092583663847
0.002930925836638488
0.002930925836638383
0.002930925836638463
0.002930925836638492
0.002930925836638353
0.002930925836638443
0.002930925836638426
0.002930925836638424
0.002930925836638529
0.002930925836638529
0.002930925836638452
0.002930925836638504
0.002930925836638547
0.002930925836638538
0.002930925836638528
0.002930925836638451
0.002930925836638464
0.002930925836638458
0.002930925836638387
0.002930925836638523
0.002930925836638613
0.002930925836638622
0.002930925836638599
0.002930925836638583
0.002930925836638529
0.002930925836638536
0.002930925836638543
0.002930925836638394
0.002930925836638495
0.002930925836638513
0.002930925836638499
0.00293092583663846
0.002930925836638546
0.002930925836638574
0.002930925836638573
0.002930925836638562
0.00293092583663855
0.002930925836638387
0.002590032847796145
0.002590032847796166
0.002590032847796142
0.002590032847796168
0.002590032847796169
0.002590032847796138
0.002590032847796214
0.002590032847796225
0.002590032847796206
0.002590032847796186
0.002590032847796079
0.002590032847796151
0.002590032847796157
0.002590032847796116
0.002590032847796171
0.002590032847796212
0.002590032847796198
0.002590032847796182
0.00259003284779609
0.002590032847796164
0.002590032847796188
0.002590032847796083
0.002590032847796154
0.002590032847796179
0.002590032847796052
0.002590032847796134
0.002590032847796128
0.002590032847796129
0.002590032847796223
0.002590032847796226
0.002590032847796147
0.00259003284779619
0.002590032847796243
0.002590032847796244
0.002590032847796226
0.00259003284779614
0.002590032847796169
0.002590032847796148
0.002590032847796081
0.002590032847796218
0.002590032847796292
0.00259003284779629
0.002590032847796278
0.002590032847796255
0.002590032847796193
0.002590032847796214
0.002590032847796228
0.002590032847796083
0.002590032847796174
0.002590032847796192
0.002590032847796172
0.00259003284779615
0.002590032847796226
0.002590032847796246
0.002590032847796258
0.002590032847796247
0.002590032847796217
0.002590032847796086
0.002294270459121245
0.002294270459121287
0.002294270459121257
0.002294270459121291
0.002294270459121283
0.002294270459121259
0.002294270459121335
0.002294270459121345
0.002294270459121344
0.002294270459121344
0.002294270459121219
0.002294270459121277
0.00229427045912131
0.002294270459121246
0.002294270459121297
0.002294270459121334
0.002294270459121308
0.002294270459121299
0.002294270459121228
0.002294270459121303
0.002294270459121318
0.002294270459121223
0.00229427045912129
0.002294270459121305
0.002294270459121176
0.002294270459121278
0.00229427045912129
0.002294270459121271
0.002294270459121336
0.002294270459121344
0.002294270459121263
0.002294270459121285
0.002294270459121342
0.002294270459121373
0.002294270459121338
0.002294270459121277
0.002294270459121292
0.002294270459121298
0.002294270459121215
0.002294270459121323
0.002294270459121393
0.002294270459121384
0.002294270459121373
0.002294270459121352
0.002294270459121301
0.002294270459121349
0.002294270459121353
0.002294270459121205
0.002294270459121301
0.002294270459121313
0.002294270459121286
0.002294270459121279
0.002294270459121334
0.002294270459121363
0.002294270459121354
0.002294270459121358
0.002294270459121336
0.002294270459121211
0.002029591563188645
0.00202959156318869
0.002029591563188688
0.002029591563188721
0.002029591563188696
0.002029591563188685
0.002029591563188748
0.002029591563188752
0.002029591563188744
0.002029591563188739
0.002029591563188645
0.00202959156318872
0.002029591563188725
0.002029591563188676
0.002029591563188712
0.002029591563188752
0.002029591563188734
0.002029591563188723
0.002029591563188659
0.002029591563188723
0.002029591563188742
0.002029591563188647
0.002029591563188711
0.002029591563188729
0.002029591563188617
0.00202959156318871
0.002029591563188707
0.002029591563188709
0.002029591563188762
0.002029591563188769
0.002029591563188693
0.0020295915631887
0.002029591563188758
0.002029591563188782
0.002029591563188753
0.002029591563188696
0.002029591563188724
0.002029591563188711
0.002029591563188651
0.002029591563188752
0.002029591563188798
0.002029591563188801
0.002029591563188798
0.002029591563188772
0.002029591563188697
0.002029591563188766
0.002029591563188776
0.002029591563188634
0.002029591563188712
0.002029591563188727
0.002029591563188703
0.002029591563188696
0.002029591563188758
0.00202959156318877
0.002029591563188766
0.002029591563188771
0.002029591563188744
0.002029591563188639
0.001783713346709213
0.001783713346709252
0.001783713346709262
0.001783713346709298
0.001783713346709266
0.001783713346709274
0.001783713346709332
0.001783713346709331
0.001783713346709329
0.001783713346709315
0.001783713346709232
0.001783713346709294
0.001783713346709301
0.001783713346709262
0.001783713346709308
0.001783713346709342
0.00178371334670933
0.001783713346709328
0.001783713346709263
0.001783713346709317
0.001783713346709327
0.001783713346709241
0.001783713346709289
0.001783713346709336
0.00178371334670922
0.001783713346709322
0.001783713346709293
0.001783713346709307
0.00178371334670935
0.001783713346709317
0.001783713346709281
0.001783713346709286
0.001783713346709338
0.001783713346709374
0.001783713346709343
0.001783713346709303
0.001783713346709309
0.001783713346709294
0.001783713346709251
0.001783713346709337
0.001783713346709387
0.001783713346709395
0.001783713346709392
0.001783713346709371
0.001783713346709288
0.001783713346709331
0.001783713346709373
0.001783713346709229
0.001783713346709297
0.001783713346709323
0.00178371334670928
0.001783713346709284
0.001783713346709345
0.001783713346709365
0.001783713346709363
0.001783713346709337
0.001783713346709316
0.001783713346709245
0.001547616631734789
0.001547616631734844
0.001547616631734861
0.001547616631734864
0.001547616631734839
0.001547616631734864
0.001547616631734917
0.001547616631734895
0.001547616631734903
0.001547616631734895
0.001547616631734805
0.00154761663173489
0.001547616631734894
0.001547616631734835
0.001547616631734899
0.001547616631734938
0.00154761663173492
0.00154761663173491
0.001547616631734844
0.001547616631734875
0.001547616631734896
0.001547616631734822
0.001547616631734873
0.001547616631734897
0.001547616631734817
0.001547616631734876
0.001547616631734885
0.001547616631734906
0.001547616631734922
0.001547616631734902
0.001547616631734893
0.001547616631734867
0.001547616631734908
0.001547616631734957
0.001547616631734923
0.001547616631734879
0.001547616631734896
0.001547616631734872
0.001547616631734846
0.001547616631734925
0.001547616631734967
0.001547616631734971
0.001547616631734949
0.001547616631734925
0.001547616631734865
0.001547616631734916
0.001547616631734926
0.001547616631734809
0.001547616631734868
0.001547616631734906
0.001547616631734871
0.001547616631734867
0.001547616631734916
0.001547616631734936
0.001547616631734934
0.00154761663173493
0.001547616631734891
0.001547616631734841
0.001315665805644688
0.001315665805644739
0.001315665805644775
0.001315665805644776
0.001315665805644752
0.001315665805644783
0.00131566580564482
0.001315665805644781
0.001315665805644795
0.001315665805644811
0.001315665805644721
0.001315665805644782
0.001315665805644807
0.001315665805644751
0.001315665805644799
0.001315665805644834
0.001315665805644808
0.001315665805644804
0.001315665805644755
0.001315665805644782
0.001315665805644817
0.001315665805644729
0.001315665805644773
0.001315665805644821
0.001315665805644726
0.001315665805644785
0.001315665805644767
0.001315665805644826
0.001315665805644834
0.00131566580564484
0.001315665805644797
0.00131566580564477
0.001315665805644809
0.001315665805644872
0.001315665805644818
0.001315665805644815
0.001315665805644812
0.001315665805644771
0.001315665805644766
0.001315665805644823
0.001315665805644853
0.001315665805644848
0.001315665805644832
0.001315665805644814
0.001315665805644773
0.001315665805644823
0.001315665805644819
0.00131566580564472
0.001315665805644782
0.001315665805644813
0.001315665805644761
0.001315665805644784
0.001315665805644817
0.001315665805644834
0.001315665805644836
0.001315665805644814
0.001315665805644776
0.001315665805644753
0.00108495228855487
0.001084952288554933
0.001084952288554957
0.001084952288554986
0.001084952288554903
0.001084952288554965
0.001084952288554984
0.001084952288554959
0.001084952288554972
0.001084952288554984
0.001084952288554905
0.001084952288554983
0.001084952288554984
0.001084952288554942
0.001084952288554978
0.001084952288555007
0.001084952288554987
0.001084952288554972
0.001084952288554955
0.00108495228855496
0.001084952288555002
0.00108495228855493
0.001084952288554978
0.001084952288554996
0.001084952288554927
0.001084952288554975
0.001084952288554945
0.001084952288554998
0.001084952288555012
0.001084952288554984
0.001084952288554984
0.001084952288554957
0.001084952288554983
0.001084952288555014
0.001084952288554997
0.001084952288554987
0.001084952288554972
0.001084952288554936
0.00108495228855495
0.00108495228855502
0.001084952288555031
0.001084952288555026
0.00108495228855501
0.001084952288554991
0.00108495228855493
0.001084952288554991
0.001084952288555001
0.001084952288554911
0.001084952288554963
0.001084952288554974
0.001084952288554953
0.001084952288554978
0.001084952288554996
0.001084952288554987
0.001084952288554975
0.001084952288555001
0.001084952288554928
0.001084952288554949
0.0008541111479341814
0.0008541111479342422
0.0008541111479342551
0.0008541111479342654
0.0008541111479342293
0.0008541111479342671
0.0008541111479342956
0.0008541111479342613
0.0008541111479342945
0.0008541111479342971
0.0008541111479342118
0.0008541111479342811
0.0008541111479342981
0.0008541111479342423
0.0008541111479342861
0.000854111147934307
0.0008541111479342807
0.0008541111479342905
0.0008541111479342619
0.0008541111479342714
0.0008541111479342932
0.0008541111479342197
0.0008541111479342872
0.0008541111479342904
0.0008541111479342446
0.000854111147934287
0.0008541111479342519
0.0008541111479343
0.0008541111479343213
0.0008541111479342901
0.0008541111479342798
0.0008541111479342545
0.0008541111479342888
0.0008541111479343439
0.0008541111479342924
0.0008541111479342897
0.0008541111479343002
0.0008541111479342253
0.0008541111479342685
0.0008541111479343113
0.000854111147934324
0.0008541111479343357
0.0008541111479342886
0.0008541111479342966
0.0008541111479342376
0.0008541111479342817
0.0008541111479342963
0.0008541111479342326
0.0008541111479342559
0.0008541111479342768
0.0008541111479342651
0.0008541111479342927
0.0008541111479343029
0.0008541111479342928
0.0008541111479342671
0.0008541111479342974
0.0008541111479342223
0.0008541111479342473
0.0006194638895442359
0.0006194638895442874
0.0006194638895443335
0.0006194638895443294
0.0006194638895442811
0.000619463889544317
0.0006194638895443235
0.0006194638895442962
0.0006194638895443287
0.0006194638895443187
0.0006194638895442502
0.0006194638895443128
0.0006194638895443409
0.0006194638895443059
0.0006194638895443336
0.0006194638895443791
0.0006194638895443464
0.0006194638895443122
0.0006194638895443284
0.0006194638895443209
0.0006194638895443452
0.0006194638895442963
0.0006194638895443062
0.0006194638895443284
0.0006194638895443053
0.0006194638895443514
0.0006194638895443195
0.0006194638895443391
0.0006194638895443387
0.0006194638895443217
0.0006194638895443454
0.0006194638895443078
0.0006194638895443246
0.0006194638895443888
0.000619463889544313
0.000619463889544331
0.0006194638895443153
0.0006194638895442832
0.0006194638895443308
0.0006194638895443636
0.0006194638895443627
0.0006194638895443508
0.0006194638895443363
0.0006194638895443618
0.0006194638895443004
0.0006194638895443636
0.0006194638895443736
0.0006194638895442942
0.0006194638895443053
0.0006194638895442902
0.0006194638895443087
0.0006194638895443467
0.0006194638895443329
0.0006194638895443296
0.0006194638895443059
0.0006194638895443084
0.0006194638895443014
0.0006194638895443117
0.0003507263570310719
0.0003507263570310843
0.0003507263570311103
0.0003507263570311077
0.0003507263570310834
0.0003507263570310996
0.0003507263570311113
0.000350726357031099
0.0003507263570310986
0.0003507263570311084
0.0003507263570310662
0.0003507263570311024
0.0003507263570311037
0.000350726357031099
0.000350726357031108
0.0003507263570311229
0.0003507263570311058
0.0003507263570310948
0.0003507263570311003
0.000350726357031101
0.0003507263570311005
0.0003507263570310839
0.0003507263570310929
0.0003507263570311086
0.0003507263570310969
0.0003507263570311151
0.0003507263570310825
0.0003507263570311075
0.0003507263570311236
0.0003507263570311118
0.0003507263570311037
0.0003507263570310857
0.0003507263570311083
0.0003507263570311358
0.0003507263570311031
0.0003507263570310994
0.0003507263570311106
0.0003507263570310742
0.0003507263570310948
0.0003507263570311141
0.000350726357031112
0.0003507263570311199
0.0003507263570311131
0.0003507263570311
0.0003507263570310894
0.000350726357031112
0.0003507263570311124
0.0003507263570310895
0.0003507263570310967
0.0003507263570310988
0.0003507263570310843
0.0003507263570311087
0.000350726357031107
0.000350726357031103
0.0003507263570310962
0.0003507263570310955
0.0003507263570310833
0.0003507263570311049
0.0004779015485855131
0.0004779015485854711
0.0004779015485854819
0.0004779015485854921
0.0004779015485854561
0.000477901548585482
0.000477901548585492
0.0004779015485854822
0.0004779015485854909
0.000477901548585488
0.0004779015485854743
0.0004779015485854818
0.0004779015485855145
0.0004779015485854915
0.0004779015485854819
0.0004779015485854981
0.0004779015485854823
0.0004779015485854821
0.0004779015485854825
0.000477901548585492
0.0004779015485854827
0.0004779015485854824
0.0004779015485854619
0.0004779015485854917
0.0004779015485854825
0.0004779015485855109
0.0004779015485854654
0.0004779015485854916
0.0004779015485855081
0.0004779015485855001
0.0004779015485854825
0.0004779015485854618
0.0004779015485854903
0.0004779015485855108
0.0004779015485854925
0.0004779015485854826
0.000477901548585508
0.0004779015485854572
0.000477901548585482
0.0004779015485854915
0.0004779015485854924
0.0004779015485854891
0.0004779015485854892
0.0004779015485854853
0.000477901548585492
0.0004779015485854822
0.0004779015485854822
0.00047790154858551
0.0004779015485855107
0.0004779015485854831
0.0004779015485854732
0.0004779015485854936
0.0004779015485854821
0.0004779015485854719
0.0004779015485854942
0.0004779015485854607
0.0004779015485854827
0.0004779015485854954
)
;

boundaryField
{
    inlet
    {
        type            cyclic;
    }
    outlet
    {
        type            cyclic;
    }
    bottomWall
    {
        type            fixedValue;
        value           uniform 0.0015;
    }
    topWall
    {
        type            fixedValue;
        value           uniform 0.0015;
    }
    left
    {
        type            cyclic;
    }
    right
    {
        type            cyclic;
    }
}


// ************************************************************************* //
