/*--------------------------------*- C++ -*----------------------------------*\
| =========                 |                                                 |
| \\      /  F ield         | OpenFOAM: The Open Source CFD Toolbox           |
|  \\    /   O peration     | Version:  v1812                                 |
|   \\  /    A nd           | Web:      www.OpenFOAM.com                      |
|    \\/     M anipulation  |                                                 |
\*---------------------------------------------------------------------------*/
FoamFile
{
    version     2.0;
    format      ascii;
    class       volScalarField;
    location    "20000";
    object      p;
}
// * * * * * * * * * * * * * * * * * * * * * * * * * * * * * * * * * * * * * //

dimensions      [0 2 -2 0 0 0 0];


internalField   nonuniform List<scalar> 
3770
(
-2.688169834237145e-18
-1.10190210002862e-15
3.653284124963735e-15
2.430888913328054e-15
5.197961202330714e-15
4.630321563076287e-15
6.37294557388766e-15
6.060844778736248e-15
7.404615765600356e-15
7.168044741908396e-15
8.024118336602988e-15
7.870281470076592e-15
8.522378737771773e-15
8.440463307580912e-15
9.049263020491041e-15
8.965777822274564e-15
9.409570123198736e-15
9.261305615580249e-15
9.714704619876255e-15
9.868313407774159e-15
1.01226569343702e-14
1.018675524013724e-14
1.034368137390862e-14
1.04616397823771e-14
1.057966440798911e-14
1.044324848016185e-14
1.069762966710495e-14
1.070266539947478e-14
1.084145867073379e-14
1.097423153321818e-14
1.111308897082385e-14
1.093232657103038e-14
1.112680929737387e-14
1.123183631426226e-14
1.133926536300764e-14
1.138563138935122e-14
1.141091762947647e-14
1.121600323505068e-14
1.117044038376306e-14
1.129238203332049e-14
1.128226844125475e-14
1.099665107731054e-14
1.081378202061837e-14
1.064119960899834e-14
1.06547790220187e-14
1.051202435207505e-14
1.024933835847048e-14
9.869696195728549e-15
9.57001456584198e-15
9.248800865138786e-15
9.011647306265358e-15
8.577637669740661e-15
8.184117685945692e-15
8.030836450805617e-15
7.771901991623482e-15
8.587962153892833e-15
7.678037782351776e-15
1.248099719842518e-14
-1.328039460488214e-18
-1.116714289847963e-15
3.655934425974239e-15
2.431702769738388e-15
5.196806844334723e-15
4.632020252019803e-15
6.372233534719218e-15
6.060042221739875e-15
7.40517084936185e-15
7.170034233633209e-15
8.022419414174257e-15
7.870156202613371e-15
8.523469071687039e-15
8.440806021194594e-15
9.049360550455603e-15
8.966272168686049e-15
9.408831721097111e-15
9.260650705190507e-15
9.714626936004799e-15
9.867563540996104e-15
1.012399836414337e-14
1.018610513073831e-14
1.034279342580548e-14
1.046326415007904e-14
1.058018427731046e-14
1.044183028404819e-14
1.069745287618612e-14
1.070334267694568e-14
1.084074204413726e-14
1.097382032286511e-14
1.111223347024333e-14
1.093390660493725e-14
1.112885562723395e-14
1.123028807259642e-14
1.133716767107934e-14
1.138655060557875e-14
1.141367913527171e-14
1.121454596530155e-14
1.116980719932585e-14
1.129424579046681e-14
1.128185384136083e-14
1.09965828692287e-14
1.081520755680783e-14
1.064027031278761e-14
1.065345704498791e-14
1.051251209409691e-14
1.024923248527165e-14
9.867259630591797e-15
9.57175029929947e-15
9.250637324385242e-15
9.010379543684714e-15
8.577044612189512e-15
8.184889063046024e-15
8.031348682100808e-15
7.769275693007213e-15
8.586940860449235e-15
7.677987458339741e-15
1.24929252318961e-14
1.419729175486847e-17
-1.130143042303314e-15
3.656571314197545e-15
2.432087320648088e-15
5.193283679015144e-15
4.6319596266276e-15
6.367934487297245e-15
6.057259378554141e-15
7.403595710335043e-15
7.171059684172727e-15
8.02473042310691e-15
7.872631306318727e-15
8.524649259641575e-15
8.440598365738707e-15
9.04901247475956e-15
8.966488871289746e-15
9.404516575530903e-15
9.257899240463318e-15
9.718167584061657e-15
9.870415709650441e-15
1.012357047028015e-14
1.018241978398427e-14
1.034658974526796e-14
1.046367314081459e-14
1.057797500612799e-14
1.044594057800419e-14
1.069623244123713e-14
1.070080541189549e-14
1.084479116551604e-14
1.097123711829241e-14
1.110684103096947e-14
1.094197359772381e-14
1.113133407565103e-14
1.122453010622483e-14
1.134026724531204e-14
1.13874322546603e-14
1.141074557433016e-14
1.121449824874948e-14
1.117561500684492e-14
1.129623958190311e-14
1.127710241811843e-14
1.099699504743865e-14
1.081786000427233e-14
1.063980282004189e-14
1.065442514949951e-14
1.051600948025258e-14
1.024491463690102e-14
9.861235011515732e-15
9.580153984693745e-15
9.251884697535706e-15
9.002672750179753e-15
8.576770216259566e-15
8.189345362782434e-15
8.029379473474446e-15
7.762501986422655e-15
8.588903136340635e-15
7.67033751401355e-15
1.250492246791081e-14
5.052647753439094e-17
-1.135703672366354e-15
3.649485461521069e-15
2.430391499578916e-15
5.18512585016318e-15
4.629907636832196e-15
6.360264484350275e-15
6.052232127521791e-15
7.395617861251027e-15
7.171598099696093e-15
8.037942699700985e-15
7.878872434687572e-15
8.525450745530465e-15
8.440208118052279e-15
9.046886993529396e-15
8.964749569418643e-15
9.393923820876398e-15
9.25256695057708e-15
9.734573653549413e-15
9.880778474552321e-15
1.011329424951334e-14
1.017414421805264e-14
1.035935362290483e-14
1.045910771298268e-14
1.057381529298441e-14
1.046043634137545e-14
1.069014609881144e-14
1.069442388746779e-14
1.085662270003605e-14
1.096194847906254e-14
1.109816345740427e-14
1.096105010359019e-14
1.113044803564383e-14
1.121494547105551e-14
1.135268208684281e-14
1.138077948025735e-14
1.140071976108009e-14
1.122524406807533e-14
1.118906349907852e-14
1.129195891383285e-14
1.126798390332872e-14
1.099919760684065e-14
1.082255578840625e-14
1.064025541489991e-14
1.066044779711575e-14
1.05230299769212e-14
1.023151132178206e-14
9.851808665013268e-15
9.59849812434217e-15
9.246770128084147e-15
8.986540373545459e-15
8.58394615280106e-15
8.197043516428266e-15
8.01935918987501e-15
7.752779009285792e-15
8.598979400216725e-15
7.650634407186645e-15
1.251089368384581e-14
8.812940414931953e-17
-1.13871894751608e-15
3.639570470971827e-15
2.424723956553724e-15
5.174298111593565e-15
4.626456981230348e-15
6.353892037679304e-15
6.045226651958563e-15
7.382572628037772e-15
7.17160536780394e-15
8.058011902708201e-15
7.886464967918839e-15
8.527359782472826e-15
8.441471779848308e-15
9.044400513123102e-15
8.960504893051659e-15
9.380862467571403e-15
9.247010785122199e-15
9.759628971760539e-15
9.89391645695457e-15
1.009636922750618e-14
1.016383048991919e-14
1.037595326687242e-14
1.045087641346704e-14
1.057138583638509e-14
1.047995988549602e-14
1.068106412088962e-14
1.068742828575909e-14
1.087087036666003e-14
1.094865922779646e-14
1.109087532362901e-14
1.09835105706658e-14
1.112681204708579e-14
1.120565709105646e-14
1.136808628535571e-14
1.136685427561995e-14
1.138883186479782e-14
1.124492420553473e-14
1.120490168210466e-14
1.128321643814373e-14
1.125731675157466e-14
1.100175157149814e-14
1.083126438974711e-14
1.064315844171567e-14
1.066655282770329e-14
1.053067983716232e-14
1.021453011673507e-14
9.841139287896719e-15
9.620807265573702e-15
9.237928753665255e-15
8.969067495599653e-15
8.594921624780851e-15
8.203410783679978e-15
8.004473614256704e-15
7.7461846544902e-15
8.615002742320591e-15
7.625050451226654e-15
1.251683402954356e-14
1.130690538553659e-16
-1.147623097826929e-15
3.631252342717091e-15
2.417670527063629e-15
5.16540679853419e-15
4.624219452354695e-15
6.349264439147271e-15
6.036758190545404e-15
7.369324699883916e-15
7.171584788101682e-15
8.078022460620183e-15
7.89357495996367e-15
8.530952357666276e-15
8.442620240729392e-15
9.039866430871072e-15
8.955909463347041e-15
9.369559525382004e-15
9.245103856549311e-15
9.784952431777917e-15
9.902517652929729e-15
1.007873050595325e-14
1.015697622550576e-14
1.038855557862544e-14
1.043992250616609e-14
1.057502471513601e-14
1.049907898637276e-14
1.067206313400234e-14
1.068307558947524e-14
1.088224550295084e-14
1.093555486216403e-14
1.108514742032185e-14
1.100120813329227e-14
1.112342701607268e-14
1.120152795167653e-14
1.137966309938383e-14
1.135060554977399e-14
1.138072760697246e-14
1.12644480981654e-14
1.121820177020564e-14
1.127569150710626e-14
1.124701925242474e-14
1.100362397100885e-14
1.084295876938155e-14
1.065043428126607e-14
1.06698129993229e-14
1.05343769183977e-14
1.019930783711185e-14
9.832896514407828e-15
9.639920682118232e-15
9.229742019844285e-15
8.956676258742886e-15
8.603044499813591e-15
8.204744063072695e-15
7.99081071840691e-15
7.744066773059711e-15
8.631844195312766e-15
7.601720350837865e-15
1.252970305749124e-14
1.238424644553494e-16
-1.157943518933402e-15
3.625883750684446e-15
2.411825486492825e-15
5.158691356048039e-15
4.62212679537218e-15
6.345151267670216e-15
6.029345102403834e-15
7.35655246397688e-15
7.170388938511145e-15
8.095396208072439e-15
7.900830289331365e-15
8.536186527967127e-15
8.442484775065418e-15
9.034441618519134e-15
8.950296386850043e-15
9.363931106576302e-15
9.245812968697794e-15
9.804788055559493e-15
9.909097663347013e-15
1.006412039567203e-14
1.015147731469042e-14
1.039666148917841e-14
1.042764068680953e-14
1.058224660875203e-14
1.051804179285614e-14
1.066516857146266e-14
1.068128054307466e-14
1.088858722228344e-14
1.09232753712933e-14
1.108216186427607e-14
1.101282475266218e-14
1.112299669838447e-14
1.119922306841837e-14
1.138607636027292e-14
1.13343211279445e-14
1.137713002033737e-14
1.12809820980091e-14
1.123207090027438e-14
1.126661510945385e-14
1.123999378870051e-14
1.100488713773763e-14
1.085434713353985e-14
1.065922202048477e-14
1.067199200379751e-14
1.053356809496259e-14
1.018902629234058e-14
9.828492845999095e-15
9.654487017661873e-15
9.224107493481194e-15
8.946832515511096e-15
8.606073334291612e-15
8.204753266808941e-15
7.981207574645374e-15
7.744235710974213e-15
8.644882114487675e-15
7.582838360197999e-15
1.254633696863727e-14
1.246058356403455e-16
-1.16520470229194e-15
3.624528999406e-15
2.404295564427219e-15
5.154899750940209e-15
4.617902376053775e-15
6.341969211788127e-15
6.021580245852768e-15
7.343748641928197e-15
7.168123914719e-15
8.111341259594606e-15
7.909564179374133e-15
8.54137231843608e-15
8.442446487274029e-15
9.030226476977409e-15
8.945254140471944e-15
9.358907370423959e-15
9.250688044170211e-15
9.821808496955573e-15
9.912238598100866e-15
1.005335821961923e-14
1.014607722795319e-14
1.040198060154227e-14
1.041502659445784e-14
1.059082917792503e-14
1.053801571888467e-14
1.066007531384691e-14
1.068177510255434e-14
1.08911841803993e-14
1.091108447262072e-14
1.107970450515092e-14
1.102276704947543e-14
1.112257508842695e-14
1.119837347348539e-14
1.138817106844478e-14
1.132022179939373e-14
1.137564828459017e-14
1.129525285679288e-14
1.124619746914176e-14
1.125811633651219e-14
1.123296915758678e-14
1.10078755911679e-14
1.086543672350694e-14
1.066764612649007e-14
1.067297473279196e-14
1.053091528774451e-14
1.018196996133356e-14
9.827581186607512e-15
9.666547442661929e-15
9.218813832360939e-15
8.938760923432247e-15
8.605459591607663e-15
8.206192748771585e-15
7.972767061747945e-15
7.744411817726285e-15
8.654308330673973e-15
7.570573787354174e-15
1.256132542773447e-14
1.196278219297036e-16
-1.167459550815339e-15
3.624298285772008e-15
2.39838927011287e-15
5.150308109798474e-15
4.61198818163165e-15
6.340005200926555e-15
6.014216431558769e-15
7.331546221833601e-15
7.164729774454205e-15
8.125767805542761e-15
7.919322498451146e-15
8.546344411932506e-15
8.442940797637107e-15
9.026068637801272e-15
8.940854063185413e-15
9.355045964124123e-15
9.257952792271581e-15
9.836155431334914e-15
9.913408537682387e-15
1.004710590324074e-14
1.014233058007587e-14
1.0401279498088e-14
1.040359750114284e-14
1.060035371681245e-14
1.055678658235534e-14
1.065770426768723e-14
1.068063109446088e-14
1.08943993442794e-14
1.0897559901604e-14
1.1076009264441e-14
1.103220973458581e-14
1.112302397292954e-14
1.119693060917622e-14
1.138909780567453e-14
1.130849837000949e-14
1.137782026491747e-14
1.130648880580148e-14
1.125880100436075e-14
1.124663581603264e-14
1.122776952476958e-14
1.101626676386041e-14
1.087518831586546e-14
1.067324911558667e-14
1.067571356871806e-14
1.052607400739647e-14
1.017688939182492e-14
9.830066547778781e-15
9.674842475119036e-15
9.214190920107978e-15
8.932274188401598e-15
8.603958189175768e-15
8.208722012218503e-15
7.964026411345523e-15
7.745986856422473e-15
8.657956819850788e-15
7.563463355314196e-15
1.257078477647181e-14
1.064206500235325e-16
-1.158293949749698e-15
3.623239218183681e-15
2.394442762258512e-15
5.144896362411335e-15
4.605743566293079e-15
6.339339183999579e-15
6.006183271515062e-15
7.318203497532125e-15
7.163124244816979e-15
8.139458223235996e-15
7.929444068374306e-15
8.551696399107536e-15
8.443053597812797e-15
9.021992349761897e-15
8.937740084557264e-15
9.351957053969832e-15
9.264417396948657e-15
9.849872808057961e-15
9.912673198211919e-15
1.004462440050777e-14
1.013994185201473e-14
1.039531468240584e-14
1.039262121180786e-14
1.061136961329715e-14
1.057617469196868e-14
1.06550698201695e-14
1.067977999364518e-14
1.08957252651844e-14
1.088533243171512e-14
1.107206144677486e-14
1.10402267196238e-14
1.112541147273385e-14
1.119458313002347e-14
1.138668932585213e-14
1.129843157195808e-14
1.138213096250883e-14
1.131942867332815e-14
1.126760578694452e-14
1.123544769328231e-14
1.122584575680245e-14
1.102850951848536e-14
1.088464145290889e-14
1.067511868579927e-14
1.067855920948838e-14
1.052153619322959e-14
1.017137153370211e-14
9.835259788571216e-15
9.682219069363737e-15
9.211775921486386e-15
8.927764505366739e-15
8.603572123723714e-15
8.207972238639451e-15
7.957311529777004e-15
7.746494500060645e-15
8.657943418663487e-15
7.561065007581765e-15
1.256951013725308e-14
8.790872312905658e-17
-1.133971579118202e-15
3.621599995226191e-15
2.390072170994198e-15
5.137898731271819e-15
4.599235365220948e-15
6.339233724435906e-15
6.000378907521334e-15
7.305208205211416e-15
7.160227880074028e-15
8.154568999736015e-15
7.940928983658169e-15
8.557282153583082e-15
8.442972251722853e-15
9.016123894614632e-15
8.93363106882526e-15
9.351912967531328e-15
9.270352830344275e-15
9.863036367357899e-15
9.910392912875067e-15
1.004638613880294e-14
1.01364970221083e-14
1.038685234052568e-14
1.038500475640802e-14
1.062194202203836e-14
1.059251568016453e-14
1.065404962241252e-14
1.067754238649177e-14
1.089715613642811e-14
1.087503539806394e-14
1.106846179600855e-14
1.104689588245468e-14
1.112850010869825e-14
1.119246461736683e-14
1.138237748871398e-14
1.128989472932521e-14
1.139074739058404e-14
1.133109606143235e-14
1.127135203517645e-14
1.122567921703394e-14
1.122511042303861e-14
1.104115336234482e-14
1.08964175189335e-14
1.067741397067769e-14
1.0678067603242e-14
1.051678192042405e-14
1.0169881835829e-14
9.842943077337693e-15
9.689214827841732e-15
9.210673495664371e-15
8.925179420276049e-15
8.600929903281933e-15
8.208276322503827e-15
7.951981557670592e-15
7.746444379244722e-15
8.656339743525647e-15
7.561861844966435e-15
1.254794704177429e-14
6.636870156999826e-17
-1.092425260122572e-15
3.616570422795377e-15
2.387144441464919e-15
5.129905967638747e-15
4.59265079023531e-15
6.338918572897983e-15
5.996844665968442e-15
7.293341870433521e-15
7.15807340660138e-15
8.170056811386692e-15
7.952234378787245e-15
8.564073502270014e-15
8.444202459132299e-15
9.007028004356799e-15
8.931635757249543e-15
9.349657981522291e-15
9.277658253622529e-15
9.87783781582566e-15
9.905655741914209e-15
1.004935319724275e-14
1.013226813676648e-14
1.037930857929024e-14
1.037902670353819e-14
1.063331592973294e-14
1.060360210783004e-14
1.065468433968537e-14
1.067779265970354e-14
1.089886558581064e-14
1.086711180664679e-14
1.106123610017149e-14
1.105274491854845e-14
1.113299045753376e-14
1.119062017292808e-14
1.137667319326399e-14
1.128156968132031e-14
1.140195944579447e-14
1.134227221496235e-14
1.127409715514318e-14
1.121787465001644e-14
1.122641356739487e-14
1.105274767704908e-14
1.090984752707839e-14
1.068072461329221e-14
1.06734511829317e-14
1.051564308025054e-14
1.016879026409464e-14
9.850107165399706e-15
9.698389394411771e-15
9.211085859497628e-15
8.923358912740758e-15
8.598176266764404e-15
8.206787376608378e-15
7.945535464023974e-15
7.747659487078332e-15
8.652581245949021e-15
7.564667979647862e-15
1.250016596136158e-14
4.339919273014561e-17
-1.024463666868711e-15
3.606537392269937e-15
2.387059605053763e-15
5.121775308664011e-15
4.584812114942586e-15
6.338311889506554e-15
6.000258785693864e-15
7.279761707344901e-15
7.154898387919125e-15
8.184303983288677e-15
7.963271085060735e-15
8.571589161669458e-15
8.445256377981485e-15
9.00038244016535e-15
8.929828206248861e-15
9.347511226670342e-15
9.287075041493749e-15
9.891631484448977e-15
9.900498053458149e-15
1.005085030898198e-14
1.012953507660116e-14
1.037406588136556e-14
1.037797967389981e-14
1.064340195768847e-14
1.060882284901952e-14
1.065398211423222e-14
1.068085428850034e-14
1.089876893283255e-14
1.086076806257625e-14
1.105571986686873e-14
1.105866123487526e-14
1.113828192267695e-14
1.118841295756876e-14
1.137029358854224e-14
1.12763874284268e-14
1.141361876627843e-14
1.135838224673967e-14
1.127479131895946e-14
1.121011814602249e-14
1.122875339453756e-14
1.105921358449037e-14
1.09253645796866e-14
1.068615125789632e-14
1.066979963683958e-14
1.05118640678451e-14
1.017188649220967e-14
9.859508857658861e-15
9.708249751705959e-15
9.213271697102459e-15
8.923629086456529e-15
8.596802412307196e-15
8.204031659114559e-15
7.938314111473838e-15
7.747858531570904e-15
8.641567909170355e-15
7.567080894474133e-15
1.24170664961208e-14
2.694114994018681e-17
-9.281380984643731e-16
3.587244000144976e-15
2.390798105189922e-15
5.110530210834555e-15
4.579491954228639e-15
6.338965705624191e-15
6.011612882035083e-15
7.266306607486428e-15
7.147320338938238e-15
8.197585679826869e-15
7.976374203860885e-15
8.57819280925075e-15
8.44545162851114e-15
8.996028643602272e-15
8.925588621521325e-15
9.349432738656727e-15
9.297047741625454e-15
9.903821073858947e-15
9.894540122527776e-15
1.005227622224096e-14
1.012833342579119e-14
1.037209650962274e-14
1.038435560333169e-14
1.06506930621031e-14
1.060445150105674e-14
1.065468202416005e-14
1.068820533820906e-14
1.089705731839065e-14
1.085538343031051e-14
1.104928719692231e-14
1.106250817484787e-14
1.114681512424029e-14
1.118640606213804e-14
1.136338751318437e-14
1.127538608122374e-14
1.142496646220478e-14
1.138019110528543e-14
1.127527101282677e-14
1.12033038964638e-14
1.123197309784329e-14
1.106225787735392e-14
1.093980801207309e-14
1.069539636184395e-14
1.066958457440228e-14
1.050828895731537e-14
1.017805489568791e-14
9.868790614023082e-15
9.718257278237372e-15
9.219967071633782e-15
8.928787822784449e-15
8.591866198025569e-15
8.197198705284269e-15
7.932107268131078e-15
7.746996369728422e-15
8.619623791996153e-15
7.564389156470378e-15
1.229077658415019e-14
2.702668190233088e-17
-8.166063829978633e-16
3.557574577598034e-15
2.400536293835696e-15
5.098874510309028e-15
4.57968744183168e-15
6.345436556042339e-15
6.033117337729894e-15
7.254908408330714e-15
7.143039063150256e-15
8.202754591109254e-15
7.986565874452523e-15
8.583459568214626e-15
8.442845524059068e-15
8.992065937698885e-15
8.925862146461304e-15
9.353904168026171e-15
9.31185642737381e-15
9.911843016381091e-15
9.886697997334175e-15
1.005262438621325e-14
1.01282724891461e-14
1.037587783577305e-14
1.03959414528945e-14
1.06538975743295e-14
1.059617313448241e-14
1.065699135945446e-14
1.069813030203368e-14
1.089040224004048e-14
1.085283057779644e-14
1.104523974846603e-14
1.106208385149769e-14
1.115784446546862e-14
1.119093950108662e-14
1.135357554413667e-14
1.1272670196782e-14
1.1441480191391e-14
1.139985928639783e-14
1.127225553954557e-14
1.120345608835396e-14
1.123480922568432e-14
1.106088544709275e-14
1.095291175594024e-14
1.071374384916074e-14
1.067477860106852e-14
1.050219873513947e-14
1.018416735263449e-14
9.879995179030277e-15
9.726002874574013e-15
9.235787794731703e-15
8.937748916454994e-15
8.579820917069759e-15
8.190655679995088e-15
7.929373016225484e-15
7.738772708134116e-15
8.582235185553437e-15
7.550979402778798e-15
1.21292666847297e-14
5.572200093327879e-17
-6.987659005686972e-16
3.522032926598127e-15
2.41972626871965e-15
5.083456269236853e-15
4.589695795710091e-15
6.355166424995272e-15
6.062966140681802e-15
7.254803736612475e-15
7.142693832068492e-15
8.193662810456133e-15
7.990673412347981e-15
8.590590811951048e-15
8.4398189096535e-15
8.985642914088979e-15
8.927485479007792e-15
9.365725107906977e-15
9.334184555863766e-15
9.907607952828884e-15
9.872109972222261e-15
1.00496472178085e-14
1.013384856358675e-14
1.038965047490141e-14
1.041020903202558e-14
1.0655854276574e-14
1.058030254202804e-14
1.065946323255827e-14
1.070836883845306e-14
1.088469183150826e-14
1.08536956718922e-14
1.104175336794988e-14
1.105831356694664e-14
1.116707145751365e-14
1.119768947940798e-14
1.134283387567661e-14
1.127419330439195e-14
1.146134620687849e-14
1.141904277702426e-14
1.126658108240238e-14
1.121004754198157e-14
1.124127491640683e-14
1.105537009897955e-14
1.096421749505751e-14
1.074045065404717e-14
1.068752281173694e-14
1.049727035858254e-14
1.018880419479312e-14
9.889832154109648e-15
9.733390679720835e-15
9.256246695327921e-15
8.947590920698477e-15
8.56519730845255e-15
8.184722615828262e-15
7.928332350786082e-15
7.723671547302541e-15
8.524453489420534e-15
7.515368775148704e-15
1.193560731187248e-14
1.174385929784505e-16
-5.869048972278708e-16
3.482002645693077e-15
2.452601531853405e-15
5.069603398325464e-15
4.605033814699135e-15
6.362750186540188e-15
6.098516477339711e-15
7.264361468323249e-15
7.149357690490741e-15
8.174576864599379e-15
7.986275534195769e-15
8.596397444722498e-15
8.442853205905464e-15
8.980850247750759e-15
8.924805830605644e-15
9.382331300585968e-15
9.363407007076467e-15
9.895004871110491e-15
9.848500048195779e-15
1.005048610589808e-14
1.013905430660313e-14
1.040629611008114e-14
1.042123955788032e-14
1.065517886864357e-14
1.057295802415454e-14
1.066716222221107e-14
1.071085676728736e-14
1.087327281618336e-14
1.086214681691253e-14
1.104181528159221e-14
1.105203176971643e-14
1.117337546065035e-14
1.120451755904066e-14
1.133234301453235e-14
1.128234058310112e-14
1.148123566211943e-14
1.14335993409791e-14
1.127058467103269e-14
1.121444910559571e-14
1.125104406408563e-14
1.105480342863004e-14
1.097600474576105e-14
1.076811965803113e-14
1.070229274036726e-14
1.04890554247057e-14
1.019494490402869e-14
9.904216946169041e-15
9.741913743159979e-15
9.27716109703622e-15
8.952085911318342e-15
8.554861038829719e-15
8.180047962931808e-15
7.920907114192062e-15
7.705754899528474e-15
8.446467446340715e-15
7.449448944261708e-15
1.172748880664467e-14
2.050160852941324e-16
-4.941297524482628e-16
3.450625394213452e-15
2.494800033401202e-15
5.063877675850082e-15
4.630320245865979e-15
6.368719471909865e-15
6.128893534631165e-15
7.270036607813339e-15
7.16772947423106e-15
8.155373444843297e-15
7.9798550533517e-15
8.601538136510125e-15
8.454749577663544e-15
8.974740878159846e-15
8.924475174524138e-15
9.392378404357124e-15
9.389408588765582e-15
9.878084180044565e-15
9.828761908465828e-15
1.005097910443835e-14
1.014616103381034e-14
1.041688663178703e-14
1.042937306477743e-14
1.065192740328881e-14
1.058534210663788e-14
1.067522598757782e-14
1.070611957360239e-14
1.086510866081222e-14
1.086648688548463e-14
1.104258314463969e-14
1.105118389180768e-14
1.117407714162385e-14
1.120997617054918e-14
1.133116806686809e-14
1.129718321234427e-14
1.149245651101699e-14
1.144363800257916e-14
1.128473282315551e-14
1.122018634442811e-14
1.125492579760436e-14
1.106023479823436e-14
1.099574645257398e-14
1.079449745910524e-14
1.071145173986276e-14
1.04832501093307e-14
1.020308302871789e-14
9.922143892826209e-15
9.748608597702044e-15
9.295523271708419e-15
8.960739584609142e-15
8.551086083631594e-15
8.17155537675277e-15
7.900519538589809e-15
7.669668054880708e-15
8.354758051209323e-15
7.364575879472483e-15
1.151070689383533e-14
3.101041682737256e-16
-4.161105271303129e-16
3.425142812432419e-15
2.543795040569946e-15
5.066486302587864e-15
4.658737925768146e-15
6.379863607716352e-15
6.153133697853987e-15
7.268308553801067e-15
7.184880524660145e-15
8.138767918811611e-15
7.980959517466657e-15
8.604577943868011e-15
8.470434349321e-15
8.977112137737915e-15
8.928756172477957e-15
9.39935080681954e-15
9.402736815182686e-15
9.860218732042137e-15
9.814478198276288e-15
1.005569170842174e-14
1.015889917671347e-14
1.041580004706248e-14
1.04277854157116e-14
1.065770371026481e-14
1.060182291595773e-14
1.068352641989741e-14
1.070283127198993e-14
1.086705005035279e-14
1.086533960286388e-14
1.104653031880648e-14
1.104766606400372e-14
1.117375220816171e-14
1.122082623690909e-14
1.13323354598681e-14
1.131551035834931e-14
1.149709650874757e-14
1.14472586464589e-14
1.13065570901265e-14
1.122731659969221e-14
1.125182684244667e-14
1.107112924031004e-14
1.101692568183882e-14
1.081345638785387e-14
1.073134851613784e-14
1.047887334572792e-14
1.021701923228383e-14
9.944005701823838e-15
9.757255463567658e-15
9.315917725157449e-15
8.967891838187273e-15
8.540591005892764e-15
8.163428793884573e-15
7.873034250658925e-15
7.620578602165209e-15
8.248060147111397e-15
7.251969388769757e-15
1.129585549377374e-14
4.379109539221419e-16
-3.591008761655536e-16
3.401168662935875e-15
2.600636661212502e-15
5.074825104619467e-15
4.700291159550617e-15
6.380915632474026e-15
6.178227843542913e-15
7.272971320642019e-15
7.206918242320098e-15
8.126643258540318e-15
7.99426897685189e-15
8.606452887024502e-15
8.477452127255021e-15
8.983300574718129e-15
8.945643222459578e-15
9.401622052988795e-15
9.405529349506045e-15
9.840885035931559e-15
9.805810828625679e-15
1.006999530442558e-14
1.016778542836837e-14
1.040543609434361e-14
1.042735457120411e-14
1.06659644333395e-14
1.061568565488652e-14
1.069293903197842e-14
1.070710558092366e-14
1.087373757924077e-14
1.086562342335754e-14
1.104342272959924e-14
1.104993890161664e-14
1.11709681387124e-14
1.123175910115516e-14
1.133288722014662e-14
1.133508293678674e-14
1.149577031131743e-14
1.144817335539022e-14
1.133050967286449e-14
1.123249435781983e-14
1.124740630195567e-14
1.108931590179804e-14
1.103769042588316e-14
1.082611240646754e-14
1.075716176301448e-14
1.048505602544076e-14
1.023400349610125e-14
9.963751989246284e-15
9.770739584786e-15
9.336903917188613e-15
8.973612981549414e-15
8.533868795503111e-15
8.150617505512029e-15
7.834797940756007e-15
7.554662024702182e-15
8.132634526207482e-15
7.10960542790425e-15
1.108201993599781e-14
5.629821890264273e-16
-3.066077369408851e-16
3.402742429211594e-15
2.65750981732912e-15
5.081270049854036e-15
4.74443782348445e-15
6.382147157235806e-15
6.204239174976722e-15
7.27911730864964e-15
7.229876865290958e-15
8.122471674134418e-15
8.00883990283224e-15
8.607672487717431e-15
8.487719245699857e-15
8.992196650448919e-15
8.969177093485214e-15
9.400750048516782e-15
9.396880403427749e-15
9.823214040606544e-15
9.809300682571255e-15
1.007863236129642e-14
1.017182050671936e-14
1.039843911383542e-14
1.043153639502504e-14
1.06669930656744e-14
1.062719381932237e-14
1.070216421990109e-14
1.071752501807776e-14
1.08811012348112e-14
1.08704619945732e-14
1.103567214968608e-14
1.105181711259927e-14
1.117238290059034e-14
1.123850208160957e-14
1.133971898406833e-14
1.134802327385877e-14
1.149389388530479e-14
1.145125102398955e-14
1.134582559458386e-14
1.123683069914869e-14
1.124933891828701e-14
1.11157226416063e-14
1.10479932285942e-14
1.083694528635053e-14
1.078770251364465e-14
1.050051762527368e-14
1.025462605151995e-14
9.990049980326471e-15
9.780539028043192e-15
9.357867421981252e-15
8.970732911892792e-15
8.530153346825398e-15
8.136781182860068e-15
7.788976473182404e-15
7.478894818556454e-15
8.006930211963425e-15
6.958890305209408e-15
1.08634729058517e-14
6.915115662160616e-16
-2.581495759413221e-16
3.407183098902531e-15
2.729031788707313e-15
5.088783659338709e-15
4.787036823138295e-15
6.38403190722709e-15
6.234858875504248e-15
7.289015194510158e-15
7.252764946597532e-15
8.116711948334251e-15
8.029933792473734e-15
8.603551701349666e-15
8.50513835562206e-15
9.003040616259112e-15
8.99392041984957e-15
9.390511606569494e-15
9.391782010464552e-15
9.810002732981572e-15
9.818003531219801e-15
1.008496063016468e-14
1.017897533658746e-14
1.03902276112728e-14
1.043244480753161e-14
1.066836826899727e-14
1.063600990257682e-14
1.071373019620057e-14
1.072783771955008e-14
1.088552702567239e-14
1.087454475738163e-14
1.103093844320301e-14
1.105591412050026e-14
1.117671991266217e-14
1.124547393888942e-14
1.13388004362264e-14
1.136281013184714e-14
1.148856086498256e-14
1.145620272317143e-14
1.13633147298139e-14
1.124501161756334e-14
1.1253017236483e-14
1.113453380525157e-14
1.105974979782916e-14
1.085305754369245e-14
1.081885494073307e-14
1.052069278412549e-14
1.027612471461492e-14
1.00128748956443e-14
9.794126363584646e-15
9.375054506327645e-15
8.976085531114548e-15
8.51912035700938e-15
8.116444111566497e-15
7.74661041744322e-15
7.395467516966881e-15
7.875051969456167e-15
6.793045549837063e-15
1.063319028630624e-14
8.155584624168846e-16
-1.912585853679867e-16
3.417041122311443e-15
2.803628250078966e-15
5.10831844350257e-15
4.830943411184534e-15
6.388439426801329e-15
6.269109060967745e-15
7.29917562202189e-15
7.278948522814414e-15
8.108769892657589e-15
8.046871261449399e-15
8.605964925547997e-15
8.525123175738362e-15
9.017609565555045e-15
9.010109397867319e-15
9.386739248289175e-15
9.385328623354719e-15
9.796971930204655e-15
9.824484258704458e-15
1.008700551984445e-14
1.019022638653175e-14
1.038863225366591e-14
1.042846481493997e-14
1.066124005230782e-14
1.063861329986928e-14
1.073145508426656e-14
1.073810742935728e-14
1.088775824916762e-14
1.087565642897222e-14
1.102539634891029e-14
1.106383636405334e-14
1.118519818973728e-14
1.125142620354109e-14
1.134175512716323e-14
1.137456036522121e-14
1.148181585742478e-14
1.146259870974099e-14
1.137425257548269e-14
1.125371093649669e-14
1.126250602670361e-14
1.114955075432858e-14
1.107062858090536e-14
1.086541798621943e-14
1.084684953591383e-14
1.054561314528646e-14
1.030487901083924e-14
1.003562120426766e-14
9.80813785225084e-15
9.386357741070681e-15
8.981690649175162e-15
8.517517708100496e-15
8.102419545170055e-15
7.690791381229772e-15
7.305773516905524e-15
7.735143161157659e-15
6.617597530414961e-15
1.038106459368176e-14
9.299738549904659e-16
-1.066460424375398e-16
3.428687436529861e-15
2.882731037979311e-15
5.131840716029704e-15
4.886068339158693e-15
6.397035189833428e-15
6.303345813554245e-15
7.301989731741789e-15
7.315687763420688e-15
8.104084317087841e-15
8.06741152977814e-15
8.606311687776569e-15
8.549078006756228e-15
9.028756381608641e-15
9.022519080141643e-15
9.388260741182718e-15
9.380484920004499e-15
9.781981359711616e-15
9.837702314083542e-15
1.009174405983447e-14
1.01954439354827e-14
1.038911745844193e-14
1.043324166092163e-14
1.06532419928104e-14
1.06419407930636e-14
1.073518045917756e-14
1.075678294622917e-14
1.089056659960357e-14
1.087079985270435e-14
1.102344971226676e-14
1.107096835508199e-14
1.119000816235412e-14
1.126047522319542e-14
1.133887345305397e-14
1.138340156454106e-14
1.148126777447563e-14
1.146975063430411e-14
1.138431291882293e-14
1.126129767446729e-14
1.127790769654965e-14
1.115736232202761e-14
1.10802650671777e-14
1.087894404506097e-14
1.086351354493292e-14
1.05756597777419e-14
1.033982311958538e-14
1.005957859273069e-14
9.827814147586237e-15
9.395277874966581e-15
8.983505104476263e-15
8.51518265499507e-15
8.090737144136977e-15
7.637120594502176e-15
7.208786702189101e-15
7.591257376122368e-15
6.433528677622936e-15
1.010461388408544e-14
1.04129723924825e-15
-1.124964551494375e-17
3.448620324890402e-15
2.97108564038146e-15
5.153648355726966e-15
4.9511999535451e-15
6.408052872541114e-15
6.332080359439447e-15
7.308411979475204e-15
7.355066434267606e-15
8.106700536286491e-15
8.082153255062449e-15
8.613742737437973e-15
8.576003852390879e-15
9.033819743160002e-15
9.040561722182057e-15
9.375835963108966e-15
9.381626819446039e-15
9.773726823044672e-15
9.847453982831242e-15
1.008979058657893e-14
1.019830783782985e-14
1.039148166427804e-14
1.043919787428131e-14
1.06475543555727e-14
1.06431082485323e-14
1.07510476580216e-14
1.077435029805047e-14
1.089100484737275e-14
1.087351815764793e-14
1.101976566897889e-14
1.106651805782243e-14
1.119788538491068e-14
1.127307750066048e-14
1.133627720077725e-14
1.139408780799093e-14
1.148319862520671e-14
1.147018456707096e-14
1.139834384782028e-14
1.126486091161083e-14
1.128807454993491e-14
1.117442587775056e-14
1.10898137248501e-14
1.089169732991483e-14
1.088293985705808e-14
1.060106038149755e-14
1.036638812330041e-14
1.009280969869563e-14
9.841354232480682e-15
9.410574214971077e-15
8.988949441866118e-15
8.509063337634936e-15
8.074525651910012e-15
7.581856689116759e-15
7.111646470042737e-15
7.433950773938956e-15
6.248318642432836e-15
9.807451189482846e-15
1.138616389354632e-15
1.014603943581644e-16
3.475871089097281e-15
3.064133804268174e-15
5.172888792856231e-15
5.023045841084892e-15
6.424204858838233e-15
6.373662308491475e-15
7.325045650002338e-15
7.386227768754556e-15
8.106301871849858e-15
8.093410265987707e-15
8.616992166224296e-15
8.605234076166755e-15
9.039971688892804e-15
9.056916949399642e-15
9.369329969108689e-15
9.387742164175967e-15
9.765736701140224e-15
9.855997135133675e-15
1.009059134426563e-14
1.020140898620719e-14
1.038784444777871e-14
1.044269388829589e-14
1.06449386501468e-14
1.064891739577757e-14
1.076639799387613e-14
1.079036954687349e-14
1.089471062486858e-14
1.088119761535381e-14
1.101856375414575e-14
1.1058636692389e-14
1.120567364450715e-14
1.12791430388476e-14
1.13316113007127e-14
1.139438450342413e-14
1.1487683409896e-14
1.147642784636265e-14
1.141094264611434e-14
1.1274350781904e-14
1.129124137049454e-14
1.118890034321181e-14
1.110535500966856e-14
1.09099934613621e-14
1.089738341615812e-14
1.061568197064382e-14
1.039663937781905e-14
1.012433588622693e-14
9.86569089155557e-15
9.425258663756405e-15
8.994862713276101e-15
8.504745081698497e-15
8.057806429942989e-15
7.527190726643146e-15
7.004423133523066e-15
7.28386358832378e-15
6.054662009493876e-15
9.479281561057215e-15
1.21960166640457e-15
2.40828693887839e-16
3.505416735049149e-15
3.158489820667105e-15
5.200052128727549e-15
5.094772725575132e-15
6.450004911700181e-15
6.414081518053676e-15
7.338264115770409e-15
7.411037680397246e-15
8.106487777958666e-15
8.115093520386025e-15
8.624058293180575e-15
8.635095706004004e-15
9.04059056376836e-15
9.078696901475445e-15
9.363740671604159e-15
9.386437805427037e-15
9.752702449834811e-15
9.873004592255311e-15
1.009100751045272e-14
1.020811254636224e-14
1.037864029871299e-14
1.044496905858368e-14
1.065469784877001e-14
1.065326281505622e-14
1.078171799907476e-14
1.080919424364842e-14
1.089522329140384e-14
1.088564669774684e-14
1.102206746102294e-14
1.105161517993e-14
1.121246301475817e-14
1.128447958630506e-14
1.13180773418627e-14
1.139999268726281e-14
1.148632051825674e-14
1.148475561252049e-14
1.142376091192815e-14
1.12796529465584e-14
1.129812990037021e-14
1.120303213889095e-14
1.111402707272153e-14
1.093061632215355e-14
1.090968692841065e-14
1.063339147238276e-14
1.042514319671934e-14
1.016477359646344e-14
9.884382159940551e-15
9.440905227831268e-15
9.012201173467863e-15
8.499064221456797e-15
8.040125196545839e-15
7.471155330312495e-15
6.903300721322571e-15
7.115494510640206e-15
5.86593695911185e-15
9.121123048398388e-15
1.276066148229778e-15
4.014228577905242e-16
3.543632130427492e-15
3.254692672810908e-15
5.233103955466311e-15
5.16826062531743e-15
6.474704548070516e-15
6.458229798410933e-15
7.344788133447588e-15
7.442544644811474e-15
8.11953430772775e-15
8.129013337868351e-15
8.626899953539838e-15
8.66331047216619e-15
9.043944971647743e-15
9.092871632651345e-15
9.36352139413955e-15
9.394060559893525e-15
9.737467524383436e-15
9.885617399781397e-15
1.009788645794093e-14
1.020783521541256e-14
1.037476934754561e-14
1.044669724620546e-14
1.065995547850572e-14
1.066323933540183e-14
1.079900498792587e-14
1.082332313155927e-14
1.090084286234916e-14
1.08933255256414e-14
1.102271899388826e-14
1.10483096730419e-14
1.122063180284095e-14
1.128177122650972e-14
1.130990704613321e-14
1.140540842544275e-14
1.147946416869664e-14
1.149510507658109e-14
1.144065221119979e-14
1.128189391673456e-14
1.13082608622381e-14
1.120216993043947e-14
1.112919318787532e-14
1.094326541250287e-14
1.09218922619783e-14
1.065102200853056e-14
1.045979440171383e-14
1.019715746452991e-14
9.911779996760371e-15
9.465983067347519e-15
9.028670294237955e-15
8.495606697932497e-15
8.01470907901973e-15
7.420681292205065e-15
6.815250551814016e-15
6.927952631279763e-15
5.675634997852003e-15
8.742203536328364e-15
1.323760842105787e-15
5.812665864978388e-16
3.580215338518801e-15
3.363674678818453e-15
5.261203829558767e-15
5.238750049987728e-15
6.495507133040721e-15
6.50449671671428e-15
7.359500731683254e-15
7.476869127031755e-15
8.13048558133732e-15
8.142030206592237e-15
8.643442689347787e-15
8.68719057255655e-15
9.041902459489006e-15
9.10348390396474e-15
9.361247635624564e-15
9.404944931283348e-15
9.732777054005189e-15
9.883519454863842e-15
1.009714058081413e-14
1.021555125345867e-14
1.037841700095343e-14
1.045994538602286e-14
1.065879413493552e-14
1.068285748340275e-14
1.081559095274282e-14
1.083736676699892e-14
1.09004090975276e-14
1.089798275861979e-14
1.101974475095914e-14
1.105008218058805e-14
1.121863990986008e-14
1.128090317111392e-14
1.130979550289306e-14
1.141088503338963e-14
1.14709646528067e-14
1.150181245642063e-14
1.145236546548083e-14
1.128633689901553e-14
1.132518712505079e-14
1.120807531230743e-14
1.112955356216111e-14
1.095161572820335e-14
1.093928124429476e-14
1.067367143014527e-14
1.049197174908451e-14
1.022302739379365e-14
9.945293582522065e-15
9.493820333984468e-15
9.052365173056868e-15
8.491015776371243e-15
7.987852491052805e-15
7.372739183284063e-15
6.732200178209615e-15
6.742558366655044e-15
5.472032349681118e-15
8.342179998064165e-15
1.362517253140068e-15
7.832518011354698e-16
3.623909364093362e-15
3.471827976808949e-15
5.289012657529619e-15
5.313155264740593e-15
6.514590779034234e-15
6.553906063070963e-15
7.374283325517946e-15
7.503892266649813e-15
8.13720433333434e-15
8.167455582130086e-15
8.655651463350085e-15
8.709946183211628e-15
9.048632586611904e-15
9.107543024204374e-15
9.366732804896913e-15
9.416334948105359e-15
9.721135216939164e-15
9.890711641720893e-15
1.009205058179533e-14
1.02219653295417e-14
1.038627395124531e-14
1.047711973359076e-14
1.066285880358287e-14
1.069713280729341e-14
1.083097258625162e-14
1.084549175148687e-14
1.090742645216599e-14
1.090722180914937e-14
1.10169514610127e-14
1.105013969652825e-14
1.121201884204158e-14
1.127980193325756e-14
1.130744822501621e-14
1.140585200563552e-14
1.146542375930105e-14
1.151628933081799e-14
1.146633084745026e-14
1.129183150637059e-14
1.133238167677674e-14
1.120794163829518e-14
1.113804814641183e-14
1.096112878565497e-14
1.095332166239621e-14
1.069874092125755e-14
1.053013774088091e-14
1.024572751083314e-14
9.976537838753747e-15
9.520380119926588e-15
9.072419605485814e-15
8.486318060077547e-15
7.981048206641968e-15
7.328443642095361e-15
6.644313626103217e-15
6.55445649157694e-15
5.262355567021205e-15
7.915129527868189e-15
1.383744082152784e-15
9.955155519367287e-16
3.664890629357782e-15
3.592765607384507e-15
5.321560708955029e-15
5.384860065785453e-15
6.538132147511438e-15
6.594789006541434e-15
7.393214295076988e-15
7.525615062011988e-15
8.154622321536565e-15
8.204457276618338e-15
8.665648932550503e-15
8.722094984748909e-15
9.046776851381379e-15
9.119732732717562e-15
9.372088578306783e-15
9.427617320653013e-15
9.710820356961061e-15
9.905780158633756e-15
1.009162039229249e-14
1.022148076824651e-14
1.039735368270221e-14
1.048671618390162e-14
1.067124742845641e-14
1.071200813458415e-14
1.084400020080967e-14
1.085629072532753e-14
1.09211211656993e-14
1.090528570986614e-14
1.101553136592746e-14
1.104713488589772e-14
1.121715575618659e-14
1.127222492857414e-14
1.130670359416143e-14
1.139938999655888e-14
1.146618544963758e-14
1.152136955951995e-14
1.147883246729534e-14
1.130321900100667e-14
1.134173128934881e-14
1.120517096557223e-14
1.113829728967766e-14
1.097580308086346e-14
1.095906419906703e-14
1.072663751814758e-14
1.055985524235225e-14
1.027411212489255e-14
1.001210672134199e-14
9.539595127266786e-15
9.097626103553636e-15
8.494118603491585e-15
7.971252007437524e-15
7.277000295165479e-15
6.561535900822563e-15
6.36428745714733e-15
5.057991030118622e-15
7.471327395066001e-15
1.389742411429022e-15
1.221261788440201e-15
3.706249136570663e-15
3.716008591171063e-15
5.360135332412627e-15
5.463069886010713e-15
6.549718010391144e-15
6.630399574813361e-15
7.412514786893952e-15
7.5538367694778e-15
8.163253539979653e-15
8.243771549852167e-15
8.676477128407183e-15
8.745795035133076e-15
9.047489710873464e-15
9.122892274371815e-15
9.374112904829067e-15
9.440694144533934e-15
9.705544625803715e-15
9.908051439576107e-15
1.008989978433915e-14
1.022346054720336e-14
1.041483697254278e-14
1.050248262122958e-14
1.068586158541006e-14
1.071927628778422e-14
1.085799214991061e-14
1.086804941326468e-14
1.092551863068548e-14
1.090528128065357e-14
1.100834884455149e-14
1.104524919528653e-14
1.121592244514335e-14
1.127940051061864e-14
1.131066811963359e-14
1.139633091331615e-14
1.146450329015264e-14
1.151780314145992e-14
1.148649080735056e-14
1.131629778865314e-14
1.135624626647644e-14
1.119980372267234e-14
1.113992451350447e-14
1.098528301571104e-14
1.09701546336017e-14
1.074681457018275e-14
1.058695827066621e-14
1.030485272935644e-14
1.004688682386151e-14
9.560815585333167e-15
9.121546026533847e-15
8.498652865712733e-15
7.965327925887663e-15
7.235720624541459e-15
6.492490218658723e-15
6.168484078061956e-15
4.847003718941985e-15
7.013547208831415e-15
1.369003910878957e-15
1.462531495687313e-15
3.744431739641715e-15
3.842388156268388e-15
5.387910384905803e-15
5.545784544380828e-15
6.564811529143858e-15
6.678646117889937e-15
7.425153042805322e-15
7.588305220655863e-15
8.176420127098056e-15
8.287820926418705e-15
8.689150362016124e-15
8.760485192053078e-15
9.047971662897323e-15
9.130777655429452e-15
9.369961294139056e-15
9.453118575712645e-15
9.699410977104952e-15
9.906305957442693e-15
1.0092043141379e-14
1.023315786843854e-14
1.042996598191973e-14
1.052065018853201e-14
1.069706860671293e-14
1.0729296037272e-14
1.086841259383786e-14
1.088210380148843e-14
1.092156122390312e-14
1.09143257154657e-14
1.100122824333509e-14
1.104775022158251e-14
1.121577827007009e-14
1.128261732171845e-14
1.130929183293744e-14
1.140550073622639e-14
1.145757741356828e-14
1.151277573070134e-14
1.149515958153381e-14
1.132724114802232e-14
1.135954134346907e-14
1.1197441643423e-14
1.114709955310904e-14
1.099511448386171e-14
1.09851804967682e-14
1.076541136163064e-14
1.061345700330697e-14
1.032943841011575e-14
1.007780977618424e-14
9.587258578624684e-15
9.147845277110791e-15
8.505629322837548e-15
7.960476218992316e-15
7.184257260152713e-15
6.428151292974818e-15
5.975462091536665e-15
4.645679098968683e-15
6.548256396621965e-15
1.325080649070471e-15
1.711424924179573e-15
3.775234428697746e-15
3.977242406158695e-15
5.420784717094459e-15
5.622240578506004e-15
6.582162495118417e-15
6.727027580615303e-15
7.439837971929546e-15
7.614157735608614e-15
8.187246667784392e-15
8.326287704645799e-15
8.698545209450914e-15
8.771878165950262e-15
9.056535433945597e-15
9.141185855445113e-15
9.362704515056835e-15
9.465311376807402e-15
9.69490003068757e-15
9.909209761973081e-15
1.009158127994895e-14
1.02488019812796e-14
1.04520074860193e-14
1.052967469401262e-14
1.071117705787721e-14
1.074313226766539e-14
1.08755544152732e-14
1.089104094048864e-14
1.092211610600438e-14
1.091033527176707e-14
1.099763689651531e-14
1.105585932864489e-14
1.121329377289041e-14
1.12694974114608e-14
1.131264390087456e-14
1.14146698747321e-14
1.145242741002538e-14
1.151873291867473e-14
1.150496259111046e-14
1.1344128745196e-14
1.13614405224244e-14
1.118899444232387e-14
1.11573471952681e-14
1.099568447221963e-14
1.09920146037755e-14
1.078792956431961e-14
1.064124697239465e-14
1.034919674773209e-14
1.010854430127092e-14
9.613665245065081e-15
9.176735750739438e-15
8.521650151376937e-15
7.964667080780481e-15
7.134587799109969e-15
6.361626799924871e-15
5.786354552869203e-15
4.467198869691054e-15
6.065313770110173e-15
1.267500144677077e-15
1.962317598707174e-15
3.803352429373019e-15
4.103299392834221e-15
5.464102651410741e-15
5.700906132568895e-15
6.59636221417587e-15
6.767673398173198e-15
7.457159222855013e-15
7.644097199116373e-15
8.203263397764348e-15
8.360150691913426e-15
8.709842741313226e-15
8.78625343184142e-15
9.065486427186286e-15
9.149202418212106e-15
9.345737579507378e-15
9.476144632838266e-15
9.699580413632523e-15
9.910528205745039e-15
1.008956110381665e-14
1.027321832440601e-14
1.046258397736303e-14
1.054335241262233e-14
1.072180052751601e-14
1.075924813989896e-14
1.089065941841424e-14
1.088660792085068e-14
1.092321430734224e-14
1.091129829095475e-14
1.098824619207106e-14
1.106061337995807e-14
1.121470626186059e-14
1.127134955338853e-14
1.131933642124805e-14
1.14214636333817e-14
1.144897176951863e-14
1.151612696226266e-14
1.151382357003489e-14
1.136386789010126e-14
1.136302355575642e-14
1.117817151452715e-14
1.116367111737545e-14
1.100139642482981e-14
1.100446345171909e-14
1.080460042298985e-14
1.06612292152271e-14
1.037324001359013e-14
1.013990510491242e-14
9.639267830560373e-15
9.213467659217462e-15
8.532362232157748e-15
7.970056734870196e-15
7.086274900726643e-15
6.29855920891419e-15
5.612018304353596e-15
4.289886581738537e-15
5.567733665622273e-15
1.183352341562529e-15
2.212087188999688e-15
3.835130172622349e-15
4.222218976408606e-15
5.509910125115049e-15
5.776644093548692e-15
6.613020775188484e-15
6.812687244682059e-15
7.468650848353991e-15
7.674305837207287e-15
8.217399821078013e-15
8.393497080214622e-15
8.721728535679897e-15
8.804316211927575e-15
9.076509315988191e-15
9.152115617321563e-15
9.332200961655157e-15
9.489526493464839e-15
9.70140536552676e-15
9.91330865498621e-15
1.009076050477803e-14
1.030500955033277e-14
1.046724599457078e-14
1.056266905397732e-14
1.073640735770924e-14
1.076646533523885e-14
1.090143415879618e-14
1.089725622257296e-14
1.092156192035263e-14
1.090544744438806e-14
1.098368384910083e-14
1.106493078458441e-14
1.121681679786272e-14
1.126996581126741e-14
1.132864051980313e-14
1.143485491564435e-14
1.144220636521752e-14
1.151283207127093e-14
1.152074484014947e-14
1.138041502413977e-14
1.136124593739606e-14
1.116430872337903e-14
1.117610374043019e-14
1.100881259956847e-14
1.101635439681325e-14
1.081982412407583e-14
1.068410939253448e-14
1.039274228373032e-14
1.017188691443826e-14
9.667094935609832e-15
9.250158545092424e-15
8.540662548249003e-15
7.980783653113623e-15
7.040188341745326e-15
6.241277187591145e-15
5.440053038273891e-15
4.118185177316819e-15
5.074489251776975e-15
1.083403192464157e-15
2.463356997128355e-15
3.853684474903626e-15
4.339202548042749e-15
5.558192103059453e-15
5.857000418479824e-15
6.628926132920143e-15
6.855512329926391e-15
7.479233247311303e-15
7.699715839633496e-15
8.233251313651034e-15
8.425619513679935e-15
8.731971107089537e-15
8.822255588526367e-15
9.087558866533745e-15
9.153703957198583e-15
9.310969223399886e-15
9.508824473257368e-15
9.70671860850655e-15
9.91592165525916e-15
1.008970497527887e-14
1.034056100995138e-14
1.047929085732946e-14
1.057693073859914e-14
1.075378219414242e-14
1.077373213838718e-14
1.09193823591495e-14
1.08999419927211e-14
1.091118616127355e-14
1.089783670122532e-14
1.097714020227082e-14
1.106772824738085e-14
1.122225443811463e-14
1.127662693578816e-14
1.133915176896679e-14
1.144546275115297e-14
1.143560701067974e-14
1.151209758099209e-14
1.15244041558795e-14
1.138990539937112e-14
1.136292977772069e-14
1.115477192106945e-14
1.117912933770478e-14
1.101576318437408e-14
1.103760510112285e-14
1.083156989682396e-14
1.070461376460963e-14
1.041733943657193e-14
1.020014798259412e-14
9.688724475132501e-15
9.288590658304713e-15
8.550708833112688e-15
7.995797755127998e-15
7.000958919698919e-15
6.198445254345177e-15
5.269922864368651e-15
3.953258797240269e-15
4.58246699891337e-15
9.504612302772077e-16
2.706982441054986e-15
3.870061025259495e-15
4.461159217848945e-15
5.594395036169138e-15
5.932208152511453e-15
6.650531384346501e-15
6.893165708436903e-15
7.479664562038569e-15
7.724137684412412e-15
8.257785198631652e-15
8.451618723221599e-15
8.743284012566712e-15
8.847068878177178e-15
9.096807222081107e-15
9.150152877686871e-15
9.300998765630546e-15
9.523242235502628e-15
9.715512897968362e-15
9.928100629632405e-15
1.009759781377152e-14
1.036261273629137e-14
1.048959154380119e-14
1.059007481952335e-14
1.076735788635218e-14
1.077949232773359e-14
1.09364579642581e-14
1.089707511174136e-14
1.090673636001906e-14
1.089756954828027e-14
1.097467295236144e-14
1.106640479552758e-14
1.122779671076435e-14
1.127904337875424e-14
1.134781762012186e-14
1.145367638098333e-14
1.143555031233793e-14
1.151703065527728e-14
1.153384063208884e-14
1.139050026655667e-14
1.1364339858461e-14
1.115158555525985e-14
1.118198203199805e-14
1.101134727091935e-14
1.105895209257064e-14
1.085272609514991e-14
1.07294183006186e-14
1.044225866205535e-14
1.022883533949923e-14
9.70473420937269e-15
9.319902836620578e-15
8.565723935954701e-15
8.013154175664935e-15
6.964701031551024e-15
6.163862645132975e-15
5.114289856048319e-15
3.806684090460987e-15
4.088927816884246e-15
7.999618599498997e-16
2.938619632993543e-15
3.885771293281995e-15
4.570964976382688e-15
5.631735453772585e-15
6.002045133974784e-15
6.664338957530951e-15
6.928457852274065e-15
7.489478866488686e-15
7.751455192385443e-15
8.278208082329271e-15
8.476865172912538e-15
8.755157621089603e-15
8.872484691225538e-15
9.095073646585949e-15
9.147279046108833e-15
9.294382920660069e-15
9.534614663189804e-15
9.723031723691404e-15
9.942291834760063e-15
1.010218234580116e-14
1.039017924651248e-14
1.049138814615994e-14
1.060345891504267e-14
1.078413158500309e-14
1.078667383495728e-14
1.094705761606685e-14
1.089420313805202e-14
1.090971319290884e-14
1.089903076990449e-14
1.097502674360606e-14
1.106351797438918e-14
1.123096511522511e-14
1.128142663339214e-14
1.135472957063246e-14
1.14626888866873e-14
1.143636051013379e-14
1.152485436978649e-14
1.154281924276476e-14
1.139136102844162e-14
1.135557715032739e-14
1.114330318450368e-14
1.118962918867647e-14
1.101793669748917e-14
1.108496692473882e-14
1.086754318813575e-14
1.074942124020328e-14
1.046597950811134e-14
1.025642625260651e-14
9.71700053874754e-15
9.354942100858734e-15
8.584953640181493e-15
8.020032463726901e-15
6.930282917171994e-15
6.14534525931665e-15
4.968961706821742e-15
3.681755531317586e-15
3.614838052116999e-15
6.303383578141512e-16
3.165674156296602e-15
3.899226246707222e-15
4.668586121753547e-15
5.666583894741444e-15
6.063878329648529e-15
6.673271292867673e-15
6.966220350267741e-15
7.496439702686734e-15
7.777134279309429e-15
8.2904683238271e-15
8.507297122254522e-15
8.77330404211753e-15
8.885411078313685e-15
9.096930583173413e-15
9.152849483561267e-15
9.294962922905283e-15
9.547564332824292e-15
9.728923895978281e-15
9.958652191547427e-15
1.009904378649093e-14
1.041364953040598e-14
1.04901432313232e-14
1.062592738347024e-14
1.080443431632198e-14
1.079114956913762e-14
1.095503090024755e-14
1.090218579737863e-14
1.090701276184303e-14
1.089454951842866e-14
1.097533804099958e-14
1.106556648923699e-14
1.123765170103623e-14
1.128505748233338e-14
1.135595712364391e-14
1.147350311134327e-14
1.142897279217017e-14
1.153280901496944e-14
1.155224837169468e-14
1.138690934190599e-14
1.13492552633136e-14
1.113876905714284e-14
1.120794165872179e-14
1.101881466763881e-14
1.11111209765475e-14
1.087807783146158e-14
1.077343183519975e-14
1.049193856647025e-14
1.027504303522361e-14
9.731987277313874e-15
9.39578479978821e-15
8.597469377235916e-15
8.047618479372946e-15
6.899645321651148e-15
6.121412988218138e-15
4.842983032282731e-15
3.572622345292291e-15
3.14814583151043e-15
4.334068080123852e-16
3.383718508116686e-15
3.908088196473871e-15
4.758190746688561e-15
5.694801840086158e-15
6.128392829796236e-15
6.688317704956573e-15
7.000001803549987e-15
7.496764456647325e-15
7.795262256961805e-15
8.30486759258414e-15
8.535393896118091e-15
8.789572855271404e-15
8.907707898936416e-15
9.095965120579822e-15
9.150991459884836e-15
9.290379682487974e-15
9.559888558666975e-15
9.732501213134314e-15
9.976045336934732e-15
1.010530523031638e-14
1.042717169999742e-14
1.049125898002133e-14
1.064398216729796e-14
1.082412150929231e-14
1.079341258264753e-14
1.096250554541256e-14
1.090562998129448e-14
1.091219949705635e-14
1.090066921151131e-14
1.097324644654151e-14
1.106326976760523e-14
1.124893889352884e-14
1.128234622221707e-14
1.135763198718475e-14
1.14871051103115e-14
1.142654797087976e-14
1.153608099811084e-14
1.156395953377663e-14
1.139015888565483e-14
1.134031290971876e-14
1.112980827983792e-14
1.12229163431073e-14
1.102472095887177e-14
1.113239400398087e-14
1.089235383864975e-14
1.080277054222729e-14
1.051791594329219e-14
1.029504551369742e-14
9.748707045735073e-15
9.431237912888536e-15
8.612715315721499e-15
8.064149949223253e-15
6.878244942299724e-15
6.113134088630491e-15
4.723792235755292e-15
3.487280476163834e-15
2.700242480512676e-15
2.175312236279828e-16
3.585738077892321e-15
3.91164270999017e-15
4.846791520115616e-15
5.714496656274529e-15
6.185968777998114e-15
6.696921994573557e-15
7.027698152038726e-15
7.50324716860262e-15
7.823737210961461e-15
8.318511551823251e-15
8.560456083972641e-15
8.796649732323964e-15
8.919533131983596e-15
9.101995512874574e-15
9.152958513856987e-15
9.278591046719065e-15
9.570338240909118e-15
9.738630816201111e-15
9.999931700219164e-15
1.01062523507758e-14
1.043952767769265e-14
1.049615160764836e-14
1.066399433280538e-14
1.083947907786634e-14
1.079127993007832e-14
1.09811905083793e-14
1.08962134350736e-14
1.091991714209366e-14
1.090081525923406e-14
1.097742149229222e-14
1.106381530549001e-14
1.125681554819345e-14
1.127697080851e-14
1.136625087115173e-14
1.149820894782902e-14
1.142338349274498e-14
1.154601609634388e-14
1.157752472159599e-14
1.139113200053456e-14
1.133712049629665e-14
1.111656282415245e-14
1.122944102786561e-14
1.103202505542583e-14
1.11600599658596e-14
1.09038370392771e-14
1.082783307856133e-14
1.054087385337892e-14
1.031527574277744e-14
9.773677931611082e-15
9.459012823213699e-15
8.625542649157899e-15
8.072880311722651e-15
6.868089455340382e-15
6.117500309533006e-15
4.612848008161377e-15
3.423430752656413e-15
2.284222403871478e-15
-9.413550188361542e-18
3.77100445736339e-15
3.901360469693075e-15
4.913724495790355e-15
5.732496104765686e-15
6.23533595807463e-15
6.70404380036497e-15
7.057045509566507e-15
7.506514639402855e-15
7.844860495216217e-15
8.337991417986214e-15
8.577078994619964e-15
8.804598921727121e-15
8.93697953296528e-15
9.099567194717293e-15
9.151510172943371e-15
9.270408139160483e-15
9.57642333743873e-15
9.736841267038342e-15
1.002382209055162e-14
1.011222914917917e-14
1.04619602351731e-14
1.049249281198786e-14
1.068540524130581e-14
1.085359184252584e-14
1.07951757912801e-14
1.100002060203471e-14
1.089492005338818e-14
1.090780429518216e-14
1.090821862173428e-14
1.098459185419587e-14
1.106798790405756e-14
1.126102848354857e-14
1.127684711562599e-14
1.136721849119102e-14
1.151078370538733e-14
1.141563293224788e-14
1.155692566901809e-14
1.159109544964745e-14
1.138960380554408e-14
1.134377374370003e-14
1.111091468364181e-14
1.123044746112426e-14
1.103792818137906e-14
1.118298463764696e-14
1.09135247076279e-14
1.085364374447127e-14
1.056449853141065e-14
1.034055891636934e-14
9.787997747528243e-15
9.492879066623549e-15
8.631407882402262e-15
8.09377221006653e-15
6.853592964206105e-15
6.137571321908273e-15
4.509420580002527e-15
3.380389954506992e-15
1.912624960154549e-15
-2.362779800240955e-16
3.9417843889663e-15
3.876204033221328e-15
4.967984206637051e-15
5.747429280688549e-15
6.266815764306463e-15
6.706440330356699e-15
7.087578772561093e-15
7.500306175378505e-15
7.855982183831278e-15
8.358853158842782e-15
8.597231909176506e-15
8.812289842998651e-15
8.951742875842429e-15
9.090145552594475e-15
9.151664790643631e-15
9.271610943997369e-15
9.56982610747802e-15
9.747283913364183e-15
1.003396162185924e-14
1.011021982279148e-14
1.049196854940434e-14
1.049203980976979e-14
1.07067166639424e-14
1.087467530350611e-14
1.079769864221297e-14
1.100361001342967e-14
1.09016508401901e-14
1.089592016746149e-14
1.091651320638866e-14
1.098011614855226e-14
1.106795511832694e-14
1.12777174219786e-14
1.128476231801189e-14
1.136484799475411e-14
1.152291448828614e-14
1.140861361699977e-14
1.157269362679332e-14
1.160425824192743e-14
1.138165029881948e-14
1.13331708031352e-14
1.111158689214386e-14
1.123671921522027e-14
1.105320480562653e-14
1.1209155575993e-14
1.092063874736572e-14
1.087823262578882e-14
1.058464001974695e-14
1.035596855337221e-14
9.79025026867793e-15
9.538337091589606e-15
8.645034473299345e-15
8.12720704647675e-15
6.836941299382899e-15
6.149622357847724e-15
4.424498950040735e-15
3.37200503149196e-15
1.578691381463546e-15
-4.605706093834141e-16
4.092784111720928e-15
3.842457390253243e-15
5.006454869030293e-15
5.762487406672489e-15
6.285956182862471e-15
6.699321653149157e-15
7.110633466553344e-15
7.488692486298509e-15
7.875519715327314e-15
8.358721077135506e-15
8.623651033967567e-15
8.810939595566198e-15
8.969350600208735e-15
9.092764198293422e-15
9.139416738878877e-15
9.270300600506011e-15
9.571947837931062e-15
9.758087685632645e-15
1.003740629219155e-14
1.011846108649781e-14
1.05093532965196e-14
1.049619193121548e-14
1.072916221686713e-14
1.08902190786143e-14
1.079142258768579e-14
1.101180225077213e-14
1.090052006988691e-14
1.089302303826603e-14
1.091544137337666e-14
1.098320839313806e-14
1.107540568068943e-14
1.128870318378276e-14
1.127799691447472e-14
1.136427719890198e-14
1.153807668272342e-14
1.140943622723193e-14
1.158973363510632e-14
1.161680735334375e-14
1.138230446572721e-14
1.132256014924977e-14
1.11083592175336e-14
1.124590191843045e-14
1.105012756732552e-14
1.123256475886225e-14
1.092156983489213e-14
1.090769007763822e-14
1.061490161199877e-14
1.037534594295465e-14
9.803579194994344e-15
9.571129491282682e-15
8.654762479144183e-15
8.149037253182849e-15
6.828063265412186e-15
6.166588940595419e-15
4.366185347316664e-15
3.386441889450549e-15
1.294435833067609e-15
-6.578488795777177e-16
4.204475674732886e-15
3.807893676741521e-15
5.038184682867538e-15
5.766127898904391e-15
6.289198671074342e-15
6.682209098001757e-15
7.131059938639212e-15
7.481054790165286e-15
7.887958041272119e-15
8.37250024206628e-15
8.634592459472249e-15
8.808378842462993e-15
8.985665387414642e-15
9.081576909381879e-15
9.139080213987573e-15
9.265497616681976e-15
9.584304658604111e-15
9.758826023719949e-15
1.005373791209221e-14
1.010681091129323e-14
1.052340858436687e-14
1.049229191045194e-14
1.075423047421467e-14
1.090584505519445e-14
1.078089414020455e-14
1.102414177357894e-14
1.09026516211771e-14
1.089234862982043e-14
1.091718953373092e-14
1.09923335207433e-14
1.106727220544609e-14
1.129859967031529e-14
1.12719417311692e-14
1.136860588339122e-14
1.155416149615982e-14
1.139988762173227e-14
1.159968595803414e-14
1.162764972330829e-14
1.138029930860046e-14
1.132726843010199e-14
1.111130460263598e-14
1.124738146739489e-14
1.104535650711146e-14
1.125426284192129e-14
1.093322284802929e-14
1.092615812850584e-14
1.064384379052387e-14
1.038655371341157e-14
9.823841663856453e-15
9.600693296998898e-15
8.66294956844829e-15
8.176295256701207e-15
6.825944458359958e-15
6.195727849452695e-15
4.314057028084414e-15
3.41295501785833e-15
1.068340552519995e-15
-8.403473807729263e-16
4.325604858617889e-15
3.756600811449139e-15
5.047843150745836e-15
5.765939344582171e-15
6.289561303033081e-15
6.657521513504574e-15
7.150674729044844e-15
7.465960646642058e-15
7.888651170994752e-15
8.388514528671311e-15
8.634087633374385e-15
8.816534124542102e-15
8.988412881145426e-15
9.07310040978617e-15
9.132865982723453e-15
9.266728771713357e-15
9.58647701764572e-15
9.751711183265754e-15
1.006866925798847e-14
1.009516918488578e-14
1.055086861546778e-14
1.047655823472973e-14
1.076658948499582e-14
1.091378164284808e-14
1.078334372206892e-14
1.104385080565177e-14
1.090109629030743e-14
1.08851012183903e-14
1.091473998346296e-14
1.098811076262699e-14
1.108743505707816e-14
1.130507659074124e-14
1.126017767351885e-14
1.137293154767867e-14
1.156724828069072e-14
1.139225441924865e-14
1.162098281296427e-14
1.163218852324933e-14
1.137824731819701e-14
1.132560248587176e-14
1.110868332946798e-14
1.126048902930817e-14
1.10473545789911e-14
1.127726889258642e-14
1.09398764432968e-14
1.093215911968732e-14
1.066422019247725e-14
1.041155154458798e-14
9.839680151305593e-15
9.630408848761873e-15
8.672906886561333e-15
8.201429786537796e-15
6.821514924916247e-15
6.238698597425791e-15
4.269528037997422e-15
3.458213995505282e-15
8.932866709824462e-16
-9.795548916000539e-16
4.441311715054383e-15
3.680059213602067e-15
5.060250579150124e-15
5.751693105193109e-15
6.266353256608035e-15
6.62162744692371e-15
7.175442511268521e-15
7.444587762506724e-15
7.899456753018686e-15
8.381828144375745e-15
8.622608487809148e-15
8.810909195409265e-15
9.001593118546082e-15
9.087597157295156e-15
9.112719024935368e-15
9.260437118458989e-15
9.590542260752916e-15
9.754675706454482e-15
1.008276502513981e-14
1.008107867285957e-14
1.057095156271596e-14
1.045226890034026e-14
1.078998113933191e-14
1.091861839365881e-14
1.077802337201596e-14
1.106007651058949e-14
1.089575264278683e-14
1.087829495499585e-14
1.092082045848905e-14
1.098340811702527e-14
1.110993182195073e-14
1.131039717670154e-14
1.125598087797807e-14
1.136623593082359e-14
1.158678891215674e-14
1.136817711689587e-14
1.164559943719879e-14
1.162889160856497e-14
1.138695018436922e-14
1.132657011057059e-14
1.110703200233834e-14
1.12729292455311e-14
1.104958109918664e-14
1.12949866912963e-14
1.093341252944074e-14
1.095721018070664e-14
1.06778001804513e-14
1.043145075965312e-14
9.840748585132477e-15
9.663040411280779e-15
8.684503387654138e-15
8.237003497661934e-15
6.828844354056968e-15
6.270241940674228e-15
4.244496722451228e-15
3.504002517582649e-15
7.76690978559186e-16
-1.090720375108447e-15
4.547025696653679e-15
3.622090021618842e-15
5.031008422916403e-15
5.734817800251502e-15
6.255091964855101e-15
6.592444839331504e-15
7.17648100674527e-15
7.428723756568899e-15
7.908356520431143e-15
8.372889360765099e-15
8.611642075799341e-15
8.794714497293186e-15
9.007417415901002e-15
9.085441605877221e-15
9.089884678954168e-15
9.266660721419375e-15
9.600007547926992e-15
9.75179737899774e-15
1.010379164601513e-14
1.00627085296631e-14
1.05830340052315e-14
1.044642262030687e-14
1.079524069874767e-14
1.090986354669503e-14
1.078066142822938e-14
1.108741548469704e-14
1.086527494439157e-14
1.088864956862532e-14
1.093898569417204e-14
1.097577351091502e-14
1.111471243331688e-14
1.131180830325729e-14
1.126065844057917e-14
1.136257425210939e-14
1.159542835674837e-14
1.137128666433794e-14
1.164948186738639e-14
1.162549515187649e-14
1.13852102071989e-14
1.13390813450953e-14
1.10937910689616e-14
1.129162584254582e-14
1.104518597635464e-14
1.131488052324417e-14
1.092062323155449e-14
1.097885178324499e-14
1.06929167983571e-14
1.043971980176654e-14
9.84879860219058e-15
9.683339559000946e-15
8.694620941947581e-15
8.272179287962534e-15
6.839827980185801e-15
6.29680083143096e-15
4.238401238113506e-15
3.557933168290248e-15
7.16850700095359e-16
-1.1310298838049e-15
4.634882799779369e-15
3.564952765136519e-15
4.995165713771309e-15
5.721240371237372e-15
6.220801202559854e-15
6.571904949728148e-15
7.158834026341757e-15
7.427892082060463e-15
7.910376489802167e-15
8.364474087379856e-15
8.582759212502614e-15
8.798151015731632e-15
9.01186649963363e-15
9.063895923951872e-15
9.080397145555526e-15
9.27880890598222e-15
9.601230712134164e-15
9.759377367339574e-15
1.009977089091062e-14
1.004891242237903e-14
1.059015837046406e-14
1.044637026651651e-14
1.079931906930426e-14
1.090240889871052e-14
1.078695872481247e-14
1.10874583630894e-14
1.08544041751758e-14
1.089478042518198e-14
1.093829231151067e-14
1.098638076144739e-14
1.112928797596245e-14
1.131660118031787e-14
1.124558435670124e-14
1.137257969382784e-14
1.159036460554652e-14
1.138723924949819e-14
1.164552634143815e-14
1.16175479424153e-14
1.138075018183399e-14
1.135012081886034e-14
1.109945420480325e-14
1.129632922619082e-14
1.104841554285695e-14
1.133545640868687e-14
1.090873101084906e-14
1.099335810584548e-14
1.070817279477587e-14
1.044470503982079e-14
9.856444496384208e-15
9.700000343881668e-15
8.699724655555671e-15
8.302945241947822e-15
6.855186306520514e-15
6.325632066198537e-15
4.242074877113653e-15
3.608521579755953e-15
6.641295235284855e-16
-1.108167207991368e-15
4.697280353653816e-15
3.504761922228502e-15
4.978614268226576e-15
5.689967269853744e-15
6.17353581273377e-15
6.5649903199954e-15
7.152533179974772e-15
7.420657133261974e-15
7.910785518828546e-15
8.362531339004491e-15
8.53856377539591e-15
8.791323393180813e-15
9.026502101897809e-15
9.04356395936945e-15
9.073047803891088e-15
9.285034654420769e-15
9.611667371616613e-15
9.76768655177907e-15
1.008825301500334e-14
1.003896912631938e-14
1.060214685031486e-14
1.042487033984341e-14
1.079317257909675e-14
1.090028006174154e-14
1.081060282707158e-14
1.106555091800115e-14
1.086204380716469e-14
1.089913005709694e-14
1.093848584466768e-14
1.099271895513749e-14
1.115053919983085e-14
1.13218117884968e-14
1.122107975956311e-14
1.13911905971649e-14
1.158121793975405e-14
1.137547947207751e-14
1.164949410173414e-14
1.161306391247636e-14
1.139499520039979e-14
1.134613727422207e-14
1.110833472035035e-14
1.130758516536772e-14
1.106729524169138e-14
1.134540660216291e-14
1.088273635875859e-14
1.099326866823124e-14
1.07137071682394e-14
1.046317484464191e-14
9.853499230864429e-15
9.711716711641319e-15
8.709749953553592e-15
8.339526642751945e-15
6.860663517306051e-15
6.350067663454699e-15
4.254087758319781e-15
3.644329669803017e-15
6.34055319514072e-16
-1.078392807045726e-15
4.767673637718805e-15
3.45774521676774e-15
4.967833360417012e-15
5.652244770952598e-15
6.134164363606135e-15
6.565109975831808e-15
7.139784682299882e-15
7.40677316196581e-15
7.910444484219461e-15
8.363973887250616e-15
8.504252727308551e-15
8.779260167931629e-15
9.026335750481594e-15
9.044506825434379e-15
9.064795169533223e-15
9.288670417465838e-15
9.610517844088299e-15
9.772342430655916e-15
1.007571708643588e-14
1.004006277412004e-14
1.060233666013122e-14
1.042621330435809e-14
1.078850756391055e-14
1.08919193914334e-14
1.080443619539111e-14
1.107220541721797e-14
1.085087377150466e-14
1.090747341215381e-14
1.094256427818788e-14
1.100443287636042e-14
1.117132483482404e-14
1.130780103448129e-14
1.120514155133875e-14
1.140696594874139e-14
1.157520844459246e-14
1.1374518616263e-14
1.164970753998003e-14
1.160858901279699e-14
1.139163950125231e-14
1.135050567160935e-14
1.11199916851447e-14
1.132384189606893e-14
1.106585543924414e-14
1.135544642857987e-14
1.086447443758673e-14
1.0990275639969e-14
1.071790538830206e-14
1.04735924696886e-14
9.859671555636474e-15
9.715092649968987e-15
8.717613505079542e-15
8.368206454434851e-15
6.877006959720583e-15
6.369492239969608e-15
4.272836864453471e-15
3.667725077525157e-15
6.087554659797206e-16
-1.048534947033819e-15
4.830316568878195e-15
3.408051663365806e-15
4.962342476191146e-15
5.619835542592839e-15
6.098021309569447e-15
6.574273017850733e-15
7.137635256363523e-15
7.383056264843126e-15
7.900243115458855e-15
8.348186157481349e-15
8.491381592771757e-15
8.772358947961899e-15
9.040376284122497e-15
9.027562742255076e-15
9.066070061650281e-15
9.312243872350034e-15
9.588171860754785e-15
9.770398571704337e-15
1.006949490799114e-14
1.00464386540827e-14
1.058988687267937e-14
1.043676881380283e-14
1.078923277525705e-14
1.087924252735347e-14
1.077225760393939e-14
1.10835721432932e-14
1.084335032299127e-14
1.093751576416529e-14
1.093747537109931e-14
1.100833420699036e-14
1.118217326601604e-14
1.129357801404501e-14
1.120331087839988e-14
1.142488858914229e-14
1.156633212399996e-14
1.136513665799707e-14
1.166051515742078e-14
1.159113381760545e-14
1.139030586832352e-14
1.136988429421923e-14
1.113849958579485e-14
1.132676222783183e-14
1.106374916534205e-14
1.134531110034801e-14
1.08537756301616e-14
1.100116934986686e-14
1.071608682978407e-14
1.046469509593264e-14
9.886017220106533e-15
9.719773464587144e-15
8.723479008185927e-15
8.382994674473771e-15
6.908717215666997e-15
6.389453396938883e-15
4.298892258236016e-15
3.669900982324389e-15
5.904427510404324e-16
-1.007001431736595e-15
4.885546201658465e-15
3.348879108851035e-15
4.958466164597302e-15
5.587424996809895e-15
6.074818764173741e-15
6.584533083592653e-15
7.137826472994426e-15
7.361824538245218e-15
7.902414517852324e-15
8.311991225056718e-15
8.500936814825402e-15
8.754440406767486e-15
9.044566439972215e-15
9.019244275541623e-15
9.080795279699609e-15
9.312930622337989e-15
9.577354928843322e-15
9.768778889907996e-15
1.006672473733534e-14
1.004578739683599e-14
1.058368651466549e-14
1.043470829816448e-14
1.078454427985446e-14
1.086669870957581e-14
1.077703869080448e-14
1.10834464625783e-14
1.08395021091759e-14
1.09534423163076e-14
1.094942045131359e-14
1.100612352779288e-14
1.119179844853774e-14
1.127554558489801e-14
1.119750112043066e-14
1.143224977499201e-14
1.15525943982401e-14
1.135861143299446e-14
1.167758483330475e-14
1.156132929367941e-14
1.14085771157642e-14
1.137891344992436e-14
1.114411783596559e-14
1.134255634071683e-14
1.106290375336949e-14
1.133765885147174e-14
1.08464285864676e-14
1.101218570035215e-14
1.071404203042515e-14
1.04567963146987e-14
9.898072805603928e-15
9.710995908362059e-15
8.732204187997909e-15
8.407117895542763e-15
6.937197235016456e-15
6.388210360247189e-15
4.339292548260259e-15
3.657981874794618e-15
5.906731969212446e-16
-9.470657356664102e-16
4.903240218851293e-15
3.316162987293464e-15
4.953248238111737e-15
5.575730763717625e-15
6.051501612887965e-15
6.583842675100657e-15
7.126948287221617e-15
7.347691091928048e-15
7.893454975277536e-15
8.294225484554058e-15
8.496523514560602e-15
8.743171331452172e-15
9.041641557997651e-15
9.030902357808655e-15
9.086599268706464e-15
9.312282312888016e-15
9.569174340786071e-15
9.760991119203939e-15
1.006858522835315e-14
1.004525097880181e-14
1.057414894228354e-14
1.042833106479155e-14
1.078109501819136e-14
1.085181762910183e-14
1.078911128106196e-14
1.108062910756375e-14
1.084857247459341e-14
1.096584708882849e-14
1.095233083756659e-14
1.100879034140548e-14
1.119978244659499e-14
1.125965627046717e-14
1.119435206348397e-14
1.143227395290094e-14
1.154767992255698e-14
1.136428536337734e-14
1.166618569095549e-14
1.155350109657792e-14
1.142081316841732e-14
1.138420012258358e-14
1.115142418817752e-14
1.134682776061204e-14
1.106125394527647e-14
1.132541890857523e-14
1.084566484785356e-14
1.101900481392354e-14
1.070855443240296e-14
1.046361016026069e-14
9.898684297227937e-15
9.712321630996423e-15
8.743371112448332e-15
8.419055334129083e-15
6.957041878143344e-15
6.410250144896586e-15
4.353476583794273e-15
3.659596121937532e-15
5.872897446001091e-16
-8.868573735250044e-16
4.905647394322444e-15
3.311775355284696e-15
4.93314353823429e-15
5.565892237691264e-15
6.035164337090156e-15
6.590098583076837e-15
7.110422544039177e-15
7.357645800226238e-15
7.877251999333849e-15
8.275150553407323e-15
8.490430748490941e-15
8.748162787776846e-15
9.03663646653576e-15
9.03209398516076e-15
9.087568072479727e-15
9.30845902835995e-15
9.568689571948919e-15
9.759430833396432e-15
1.005722656849025e-14
1.005049182731665e-14
1.056233548081681e-14
1.043805632204895e-14
1.076885564010609e-14
1.083565617120531e-14
1.079822980922361e-14
1.108365027985864e-14
1.08456607231322e-14
1.097385596150768e-14
1.095408541991611e-14
1.101588692135013e-14
1.118185251790717e-14
1.126077421670441e-14
1.120300480611713e-14
1.144109287949136e-14
1.153012943289722e-14
1.13840221568829e-14
1.164184691605725e-14
1.155062959280825e-14
1.142617773300596e-14
1.139128999740041e-14
1.116102600015552e-14
1.133754495264603e-14
1.107663865745146e-14
1.130559832296833e-14
1.085012038958816e-14
1.101587423099427e-14
1.070054312959069e-14
1.049014923122894e-14
9.891404709601168e-15
9.72516948379882e-15
8.738166276380758e-15
8.438926929474023e-15
6.969097678824817e-15
6.431875923809662e-15
4.351014079633646e-15
3.667088164338702e-15
5.777634548143344e-16
-8.373472751123149e-16
4.921151541713593e-15
3.305385668636276e-15
4.910087746084325e-15
5.547428322235696e-15
6.033656240426551e-15
6.595268652748433e-15
7.082797069194616e-15
7.364258962631201e-15
7.876093979403463e-15
8.261736940244656e-15
8.485466105323682e-15
8.745061489207242e-15
9.04207062750518e-15
9.019874722028544e-15
9.104662365830211e-15
9.298934676500201e-15
9.560995047860652e-15
9.748996996128302e-15
1.007211586508242e-14
1.005083062511149e-14
1.053815916925003e-14
1.045660543914291e-14
1.077111615304138e-14
1.080771361215583e-14
1.080170635855211e-14
1.109476208136684e-14
1.084095761252455e-14
1.098381316171423e-14
1.096650010655839e-14
1.101127987722182e-14
1.116312342580637e-14
1.12617563965859e-14
1.120498139046772e-14
1.145111082405354e-14
1.15168470274126e-14
1.140578916766027e-14
1.162515090098919e-14
1.15264816271643e-14
1.144345340765469e-14
1.140035547279221e-14
1.118370305003251e-14
1.132029014774097e-14
1.107572414462373e-14
1.128562590402519e-14
1.086541740179129e-14
1.100822517905592e-14
1.070582866953413e-14
1.048894828098724e-14
9.885210400366216e-15
9.743521320046566e-15
8.743536650289141e-15
8.450861430473507e-15
6.97505708662011e-15
6.454052830273118e-15
4.362750665044313e-15
3.660829091735405e-15
5.670411589076256e-16
-7.803590472090646e-16
4.919446040336733e-15
3.286932935936343e-15
4.922915862044922e-15
5.524659260599321e-15
6.036183126031218e-15
6.583165430968167e-15
7.089729209995556e-15
7.353289260702661e-15
7.862811375746906e-15
8.247830748487429e-15
8.480511627477671e-15
8.750272867786289e-15
9.04272889757257e-15
9.024848985208808e-15
9.104521689817122e-15
9.305439110646916e-15
9.554190079772364e-15
9.735643280417577e-15
1.008005654950928e-14
1.003900903428422e-14
1.053474337507155e-14
1.045516030322367e-14
1.077715722503565e-14
1.078983235549744e-14
1.081865044427415e-14
1.10831192254182e-14
1.084540058398294e-14
1.09915719242365e-14
1.096088217157135e-14
1.100367199783793e-14
1.116922356562435e-14
1.125567237377634e-14
1.120659716559906e-14
1.14580848980671e-14
1.151986640328278e-14
1.139982247127915e-14
1.162305729286521e-14
1.150674240814456e-14
1.145840929622277e-14
1.141355287813669e-14
1.119448793853216e-14
1.131962622998204e-14
1.105964740922543e-14
1.127601916887107e-14
1.087586699489419e-14
1.100098209322176e-14
1.071234787491125e-14
1.048190636209953e-14
9.892673529362107e-15
9.733484366295395e-15
8.766889807122043e-15
8.458343339991013e-15
6.994396737813622e-15
6.449260909906935e-15
4.381223169830324e-15
3.662425453720126e-15
5.523268013387695e-16
-7.170082464948786e-16
4.921259638894233e-15
3.266009207919055e-15
4.924642190150629e-15
5.494489800170504e-15
6.046363682982094e-15
6.57756646234674e-15
7.087836768232871e-15
7.334232818245484e-15
7.843781513312008e-15
8.251413783892914e-15
8.485967803257045e-15
8.741932891820644e-15
9.034571305725927e-15
9.053001873492659e-15
9.104468666489803e-15
9.307596389963456e-15
9.529225198220521e-15
9.724274329595061e-15
1.00754551594606e-14
1.004066240940392e-14
1.053855282911618e-14
1.044246657913267e-14
1.077530328927414e-14
1.078448959366898e-14
1.082826474054791e-14
1.10864014993257e-14
1.084311770830351e-14
1.101531760634848e-14
1.095676185190439e-14
1.099254939721477e-14
1.116982374885991e-14
1.124608889399472e-14
1.120813643089338e-14
1.14571224783727e-14
1.152983260616228e-14
1.138890729191169e-14
1.161168766072248e-14
1.151725075946083e-14
1.146309693955542e-14
1.142421194121914e-14
1.118581796691412e-14
1.132344657753257e-14
1.1042673713634e-14
1.128224822177673e-14
1.087521708619876e-14
1.098831204117183e-14
1.070811407388668e-14
1.049361387547537e-14
9.907121675981342e-15
9.715789337689011e-15
8.786010337884477e-15
8.471034367217183e-15
7.018470996242445e-15
6.449902002915205e-15
4.402757223915057e-15
3.640839343379412e-15
5.548974424482885e-16
-6.740460214478226e-16
4.920556497644132e-15
3.271618625895133e-15
4.907959972893002e-15
5.477934761851398e-15
6.045554114950944e-15
6.581956510103443e-15
7.063367925208084e-15
7.331526897405148e-15
7.837227884780231e-15
8.239591237329711e-15
8.488305485438176e-15
8.744640193089932e-15
9.023196226059076e-15
9.063250347474515e-15
9.113570064709717e-15
9.298134583460176e-15
9.509192174942714e-15
9.729868057661695e-15
1.009090543857067e-14
1.003391587970009e-14
1.051630337371892e-14
1.045727380125787e-14
1.077089385210782e-14
1.077337264143539e-14
1.083389339367213e-14
1.108178721774988e-14
1.085946874702001e-14
1.102419408365246e-14
1.095793326703899e-14
1.097695035644535e-14
1.116457251262804e-14
1.124431793972581e-14
1.122031914229204e-14
1.145813945955916e-14
1.152780000027534e-14
1.138079645970751e-14
1.159269066582111e-14
1.151640478540948e-14
1.147463538965863e-14
1.143598999194965e-14
1.118466620949055e-14
1.132428166057545e-14
1.103311722432691e-14
1.127990285557659e-14
1.087983153864542e-14
1.098631518938711e-14
1.069273268922154e-14
1.050845087346747e-14
9.905023984174819e-15
9.712410420005071e-15
8.806707254378115e-15
8.484551437429298e-15
7.031544542095369e-15
6.454237224769867e-15
4.409135474678008e-15
3.625047137638406e-15
5.739365656443748e-16
-6.30326128421835e-16
4.908366051791843e-15
3.284545786550991e-15
4.880196904256464e-15
5.462330811265311e-15
6.041133767808873e-15
6.588040856582485e-15
7.054527626911773e-15
7.330110422605036e-15
7.820105483650626e-15
8.235262075929726e-15
8.495007696416318e-15
8.736723185202702e-15
9.01927009626843e-15
9.079178638520468e-15
9.114183091220719e-15
9.287081503236134e-15
9.501144370498131e-15
9.726347299313366e-15
1.010216108202931e-14
1.002613751371006e-14
1.050313095816486e-14
1.046492330750795e-14
1.076192822336772e-14
1.076384157805562e-14
1.084903095045092e-14
1.106359393362191e-14
1.088609569875524e-14
1.101049757583989e-14
1.096922690718153e-14
1.096962151775944e-14
1.115281916711624e-14
1.123380831013574e-14
1.124589325589061e-14
1.145325495794889e-14
1.15165138606789e-14
1.138722258337518e-14
1.157284664840547e-14
1.151861793609914e-14
1.150453132166721e-14
1.144098672770226e-14
1.118255719625613e-14
1.131900019849212e-14
1.099689112486849e-14
1.127678149951173e-14
1.090130931150108e-14
1.099625391804241e-14
1.066649684030929e-14
1.052167259306306e-14
9.916872812919812e-15
9.712501741950711e-15
8.822550202484641e-15
8.492061821295298e-15
7.017840896005655e-15
6.480284293517362e-15
4.409872127807294e-15
3.613038756866815e-15
6.047915641994675e-16
-5.793962464101228e-16
4.909261659434059e-15
3.276505376762984e-15
4.877230726273229e-15
5.442163133714152e-15
6.055165558496618e-15
6.58249687763456e-15
7.046045508975148e-15
7.341185852720536e-15
7.775409042719542e-15
8.227779687932787e-15
8.519766212130102e-15
8.722502580987681e-15
9.006950868399378e-15
9.107126420035563e-15
9.11951431148883e-15
9.264092435067931e-15
9.498635216134915e-15
9.711347651936203e-15
1.010621224986506e-14
1.001652087395893e-14
1.048002716299947e-14
1.049421508523533e-14
1.074565846342788e-14
1.076823380633787e-14
1.085541182925397e-14
1.105820718091051e-14
1.091710677813265e-14
1.101227935911648e-14
1.095687552164371e-14
1.09451548624402e-14
1.113557308800451e-14
1.126881844422223e-14
1.127012771786789e-14
1.142496525843841e-14
1.15162030120486e-14
1.137190190350694e-14
1.154476384343103e-14
1.154200093853656e-14
1.153154929013342e-14
1.144931831445492e-14
1.117271065353144e-14
1.130127916048515e-14
1.098770341292371e-14
1.126093128216929e-14
1.093594081839498e-14
1.097196377845225e-14
1.065455356577481e-14
1.05442064149688e-14
9.92229463411164e-15
9.720300043489231e-15
8.838472722019533e-15
8.49836968876833e-15
7.023189561817151e-15
6.479851324282604e-15
4.418994461646998e-15
3.585519269531649e-15
6.312266973324489e-16
-5.529155692226648e-16
4.949046187084695e-15
3.275716724248906e-15
4.858982424231394e-15
5.404019087717776e-15
6.096012829914372e-15
6.562485006937446e-15
7.027588625462073e-15
7.348794249800501e-15
7.717149967492001e-15
8.244373028440758e-15
8.556089813124579e-15
8.708803160932195e-15
8.995997319378139e-15
9.150441204070284e-15
9.131248061538841e-15
9.192770538745461e-15
9.510031506157155e-15
9.699596331091603e-15
1.011845647723401e-14
1.002735890702787e-14
1.042278216479713e-14
1.053766341051312e-14
1.073874486349366e-14
1.077471421617575e-14
1.08527017125401e-14
1.105008531922137e-14
1.094873279786382e-14
1.100902260171464e-14
1.09509013388826e-14
1.091290876408562e-14
1.111629271113702e-14
1.131708898778286e-14
1.128797460080141e-14
1.138585068941115e-14
1.149804866177487e-14
1.135446277215897e-14
1.154069953022718e-14
1.158549596916693e-14
1.155757463099225e-14
1.143206997914434e-14
1.116656385822029e-14
1.129523807049435e-14
1.099440531430885e-14
1.125158806165033e-14
1.098839017832466e-14
1.089848829294631e-14
1.064627115084619e-14
1.05616712447776e-14
9.91077550103904e-15
9.757283497874407e-15
8.843609431725343e-15
8.493215937110663e-15
7.040305853493959e-15
6.457526902846031e-15
4.44479509125985e-15
3.567941451970294e-15
6.491776027694901e-16
-5.582079671680771e-16
4.968869347920449e-15
3.303420552308208e-15
4.834262033981518e-15
5.392349227208857e-15
6.118891376315122e-15
6.54985702978722e-15
7.011810109333015e-15
7.353259744851329e-15
7.689597175790165e-15
8.24348210968528e-15
8.577697290213336e-15
8.702453502088751e-15
9.005256496891593e-15
9.170066125553568e-15
9.116806435113888e-15
9.168652453531366e-15
9.51106848805112e-15
9.705769113602668e-15
1.01217986150178e-14
1.000428387692676e-14
1.041126025970194e-14
1.056416862121235e-14
1.073773399120613e-14
1.078969250020755e-14
1.083560001902409e-14
1.104142649154173e-14
1.09803590858074e-14
1.100762757311595e-14
1.093030551957806e-14
1.089109714757412e-14
1.11267715674568e-14
1.136355359711005e-14
1.127450410328132e-14
1.134871605943925e-14
1.151345422481979e-14
1.133914263249234e-14
1.152341005449818e-14
1.162252736685539e-14
1.156988889677893e-14
1.143601864881568e-14
1.116398045517402e-14
1.127238167961629e-14
1.097433332315892e-14
1.126214823731071e-14
1.100490314270161e-14
1.087820356895948e-14
1.064854254367243e-14
1.056890493792625e-14
9.895813501340949e-15
9.771378486228841e-15
8.870332061802242e-15
8.491633086181776e-15
7.0332792978303e-15
6.451610358012577e-15
4.433678541906158e-15
3.583639633680214e-15
6.604818231806457e-16
-5.7730674655446e-16
4.916314489064009e-15
3.338404501732149e-15
4.800210152550898e-15
5.383066014425006e-15
6.152816616937141e-15
6.54991768887107e-15
7.010709637641454e-15
7.357514286491154e-15
7.676844078083092e-15
8.227109033623692e-15
8.61389832355112e-15
8.71481524058513e-15
8.978803402736846e-15
9.172877533960408e-15
9.111180590259645e-15
9.171197678990958e-15
9.502691847426815e-15
9.718376994501632e-15
1.012545920776385e-14
9.984924755699763e-15
1.03944555157891e-14
1.056529079631994e-14
1.075889599647062e-14
1.081850856113222e-14
1.081238879565265e-14
1.101999301358161e-14
1.102276008418386e-14
1.101944375792611e-14
1.090393801743054e-14
1.085391666026316e-14
1.112490740755542e-14
1.142056928052115e-14
1.127817729417876e-14
1.13196064968987e-14
1.153505733084825e-14
1.131285723734006e-14
1.149180772591253e-14
1.16574884362991e-14
1.157795567481433e-14
1.143319544424442e-14
1.115265474115084e-14
1.126934634986534e-14
1.097920093005266e-14
1.127169710057128e-14
1.097859870404827e-14
1.09005519619494e-14
1.067494000185698e-14
1.055412375136435e-14
9.871251472479977e-15
9.779645182358853e-15
8.884187809358068e-15
8.459413412851689e-15
7.042509550996224e-15
6.448161037956889e-15
4.406373625627882e-15
3.634558481716747e-15
7.063707256674497e-16
)
;

boundaryField
{
    inlet
    {
        type            cyclic;
    }
    outlet
    {
        type            cyclic;
    }
    bottomWall
    {
        type            zeroGradient;
    }
    topWall
    {
        type            zeroGradient;
    }
    left
    {
        type            cyclic;
    }
    right
    {
        type            cyclic;
    }
}


// ************************************************************************* //
