0.0
0.012813568553828923
0.025628713397925735
0.038449119912887124
0.05128550378566344
0.06416602266554693
0.07715744915110842
0.0904024130447915
0.10417464055462508
0.11894438620005394
0.13543094474969308
0.15460554481182795
0.17760893172458753
0.20557366698709276
0.23938700834989665
0.27947254626601825
0.32567738495280213
0.377313460167551
0.43333494370462317
0.49257775631172146
0.5539732164339497
0.6166773228102814
0.6801051672758783
0.7438971335914384
0.8078557460289008
0.8718836994959078
0.935937726264651
1.0000000000000004
1.0640622737353498
1.1281163005040928
1.1921442539710998
1.2561028664085623
1.3198948327241222
1.3833226771897191
1.4460267835660507
1.507422243688279
1.5666650562953772
1.6226865398324493
1.6743226150471981
1.720527453733982
1.7606129916501037
1.7944263330129075
1.8223910682754128
1.8453944551881722
1.8645690552503071
1.8810556137999463
1.8958253594453751
1.9095975869552086
1.9228425508488918
1.9358339773344533
1.9487144962143368
1.961550880087113
1.9743712866020744
1.9871864314461711
2.0
