/*--------------------------------*- C++ -*----------------------------------*\
| =========                 |                                                 |
| \\      /  F ield         | OpenFOAM: The Open Source CFD Toolbox           |
|  \\    /   O peration     | Version:  v1812                                 |
|   \\  /    A nd           | Web:      www.OpenFOAM.com                      |
|    \\/     M anipulation  |                                                 |
\*---------------------------------------------------------------------------*/
FoamFile
{
    version     2.0;
    format      ascii;
    class       volScalarField;
    location    "10000";
    object      nut;
}
// * * * * * * * * * * * * * * * * * * * * * * * * * * * * * * * * * * * * * //

dimensions      [0 2 -1 0 0 0 0];


internalField   nonuniform List<scalar> 
2838
(
0.0005056846276483251
0.0005056846276479725
0.0005056846276478823
0.0005056846276480009
0.0005056846276479163
0.0005056846276480308
0.0005056846276479647
0.0005056846276480722
0.0005056846276479948
0.0005056846276481231
0.0005056846276480306
0.000505684627648169
0.0005056846276480698
0.0005056846276482013
0.0005056846276480973
0.0005056846276482364
0.000505684627648125
0.0005056846276482684
0.0005056846276481397
0.0005056846276482894
0.0005056846276481568
0.0005056846276483117
0.0005056846276481538
0.0005056846276483235
0.0005056846276481566
0.0005056846276483185
0.0005056846276481462
0.0005056846276483485
0.0005056846276481462
0.0005056846276483312
0.0005056846276481314
0.0005056846276483296
0.000505684627648103
0.0005056846276483024
0.0005056846276480931
0.0005056846276483211
0.0005056846276480758
0.0005056846276483132
0.0005056846276480496
0.0005056846276482877
0.0005056846276480289
0.0005056846276482998
0.0005056846276480049
0.0005056846276482611
0.0005056846276479923
0.0005056846276482892
0.0005056846276479559
0.0005056846276482687
0.0005056846276479553
0.0005056846276483046
0.0005056846276479491
0.0005056846276483114
0.0005056846276479437
0.0005056846276483315
0.0005056846276479398
0.0005056846276483668
0.0005056846276479456
0.0005056846276483995
0.0005056846276479499
0.0005056846276484266
0.0005056846276479513
0.0005056846276484417
0.0005056846276479482
0.0005056846276484907
0.0005056846276480668
0.0005056846276486996
0.0002610668761255504
0.0002610668761256604
0.0002610668761258933
0.0002610668761258978
0.0002610668761258415
0.000261066876125967
0.0002610668761259864
0.0002610668761259691
0.0002610668761260344
0.0002610668761260552
0.0002610668761259779
0.0002610668761259745
0.0002610668761260463
0.0002610668761260492
0.0002610668761259386
0.0002610668761259304
0.0002610668761259811
0.0002610668761259772
0.0002610668761259295
0.0002610668761259748
0.0002610668761259105
0.0002610668761260569
0.000261066876125933
0.0002610668761259139
0.0002610668761258718
0.0002610668761259982
0.0002610668761259669
0.000261066876125961
0.0002610668761258674
0.0002610668761259223
0.00026106687612594
0.0002610668761260306
0.0002610668761259876
0.0002610668761259258
0.0002610668761258954
0.0002610668761260298
0.0002610668761258316
0.0002610668761257658
0.000261066876125706
0.0002610668761257549
0.0002610668761257093
0.0002610668761257551
0.000261066876125721
0.0002610668761257641
0.0002610668761257576
0.0002610668761257634
0.0002610668761256789
0.0002610668761257195
0.0002610668761256763
0.0002610668761256853
0.0002610668761255175
0.0002610668761255232
0.0002610668761254697
0.000261066876125543
0.000261066876125511
0.0002610668761255798
0.0002610668761255201
0.0002610668761255825
0.0002610668761255229
0.0002610668761255846
0.0002610668761255106
0.0002610668761256065
0.0002610668761255282
0.0002610668761256415
0.0002610668761255347
0.0002610668761256776
0.0003432361011372303
0.0003432361011376051
0.0003432361011383949
0.0003432361011387234
0.0003432361011390058
0.0003432361011390602
0.0003432361011390014
0.0003432361011390931
0.0003432361011394043
0.0003432361011394023
0.0003432361011394715
0.0003432361011392277
0.0003432361011391268
0.0003432361011390045
0.0003432361011390509
0.0003432361011388638
0.0003432361011388755
0.0003432361011385808
0.0003432361011386566
0.000343236101138635
0.0003432361011384469
0.0003432361011383312
0.0003432361011384113
0.0003432361011385738
0.0003432361011387469
0.0003432361011386785
0.0003432361011387186
0.0003432361011383458
0.0003432361011383312
0.0003432361011381878
0.0003432361011383976
0.0003432361011384708
0.0003432361011387733
0.0003432361011384344
0.0003432361011385177
0.0003432361011383796
0.0003432361011383124
0.0003432361011379416
0.0003432361011381112
0.0003432361011380996
0.0003432361011382039
0.0003432361011380257
0.0003432361011382285
0.0003432361011379126
0.0003432361011379953
0.0003432361011377157
0.0003432361011378791
0.0003432361011375517
0.0003432361011376977
0.0003432361011371409
0.000343236101137227
0.0003432361011368661
0.0003432361011371659
0.0003432361011369848
0.000343236101137374
0.0003432361011370959
0.000343236101137361
0.000343236101136998
0.0003432361011373472
0.0003432361011370058
0.0003432361011373271
0.000343236101137104
0.000343236101137398
0.0003432361011371963
0.0003432361011372221
0.0003432361011370166
0.0004712149922390997
0.0004712149922401185
0.0004712149922411188
0.0004712149922415946
0.0004712149922418053
0.0004712149922416029
0.0004712149922411183
0.0004712149922417204
0.0004712149922423497
0.0004712149922424892
0.0004712149922425567
0.0004712149922423908
0.0004712149922414461
0.0004712149922412315
0.0004712149922414654
0.0004712149922410035
0.0004712149922410017
0.0004712149922406604
0.0004712149922405597
0.0004712149922405281
0.0004712149922401568
0.0004712149922402267
0.0004712149922400309
0.0004712149922407269
0.000471214992240964
0.0004712149922409123
0.0004712149922409907
0.0004712149922402219
0.0004712149922401388
0.0004712149922398871
0.0004712149922406457
0.0004712149922405995
0.0004712149922410716
0.0004712149922403792
0.000471214992240509
0.0004712149922403892
0.0004712149922402806
0.000471214992239228
0.0004712149922398093
0.0004712149922399505
0.0004712149922399942
0.0004712149922397725
0.0004712149922402342
0.0004712149922396362
0.0004712149922396843
0.0004712149922391798
0.0004712149922394391
0.0004712149922390216
0.0004712149922388358
0.0004712149922377841
0.0004712149922380479
0.0004712149922372476
0.0004712149922378403
0.0004712149922377181
0.0004712149922383156
0.000471214992237835
0.0004712149922381402
0.0004712149922374959
0.0004712149922380808
0.0004712149922375959
0.0004712149922381855
0.0004712149922377746
0.0004712149922383102
0.0004712149922378573
0.0004712149922380547
0.0004712149922367639
0.0006168991382423661
0.000616899138244456
0.0006168991382451904
0.000616899138246046
0.0006168991382454988
0.0006168991382454026
0.0006168991382437122
0.0006168991382458529
0.0006168991382462044
0.0006168991382468534
0.0006168991382475598
0.0006168991382469398
0.0006168991382446685
0.0006168991382452689
0.0006168991382447998
0.0006168991382439299
0.0006168991382440011
0.0006168991382444418
0.0006168991382424076
0.0006168991382430664
0.0006168991382424095
0.0006168991382433883
0.0006168991382425427
0.0006168991382442047
0.0006168991382439628
0.0006168991382442566
0.0006168991382446522
0.0006168991382430993
0.0006168991382428213
0.0006168991382422101
0.0006168991382435102
0.0006168991382438437
0.0006168991382443813
0.0006168991382432504
0.0006168991382441333
0.0006168991382430801
0.0006168991382435491
0.000616899138241424
0.000616899138243148
0.0006168991382428693
0.0006168991382427149
0.000616899138242561
0.000616899138243489
0.0006168991382427485
0.0006168991382425042
0.000616899138241798
0.0006168991382422864
0.0006168991382412093
0.000616899138241283
0.0006168991382397057
0.0006168991382396439
0.0006168991382380594
0.0006168991382393521
0.0006168991382392539
0.0006168991382403434
0.0006168991382396031
0.0006168991382394798
0.000616899138238345
0.0006168991382394558
0.0006168991382389366
0.0006168991382398508
0.0006168991382394491
0.0006168991382395899
0.0006168991382390183
0.000616899138239325
0.0006168991382360519
0.000814334930838411
0.000814334930841747
0.0008143349308427734
0.0008143349308426417
0.0008143349308428347
0.000814334930842975
0.0008143349308384163
0.0008143349308446604
0.0008143349308461102
0.0008143349308446453
0.0008143349308489897
0.0008143349308451696
0.0008143349308415212
0.0008143349308438911
0.0008143349308416468
0.000814334930839985
0.0008143349308404894
0.0008143349308420453
0.0008143349308370594
0.0008143349308374365
0.0008143349308370249
0.0008143349308383898
0.0008143349308378592
0.0008143349308428202
0.0008143349308408778
0.0008143349308405995
0.0008143349308412627
0.0008143349308421534
0.0008143349308412729
0.0008143349308361168
0.0008143349308407904
0.0008143349308429087
0.0008143349308409716
0.0008143349308392341
0.0008143349308402902
0.0008143349308393993
0.0008143349308395871
0.0008143349308366146
0.0008143349308404232
0.0008143349308384437
0.0008143349308384809
0.0008143349308413867
0.0008143349308407939
0.0008143349308396447
0.0008143349308388604
0.0008143349308379514
0.000814334930838823
0.0008143349308386443
0.0008143349308349409
0.0008143349308383107
0.0008143349308344952
0.0008143349308306102
0.0008143349308354831
0.0008143349308332405
0.0008143349308375385
0.0008143349308370159
0.0008143349308316118
0.0008143349308302069
0.0008143349308328551
0.0008143349308323742
0.0008143349308341542
0.0008143349308362027
0.0008143349308319385
0.0008143349308326523
0.0008143349308353338
0.000814334930825993
0.001091509262400274
0.00109150926239717
0.001091509262403105
0.001091509262396396
0.001091509262404445
0.001091509262400055
0.001091509262392524
0.001091509262405239
0.001091509262402156
0.001091509262409989
0.001091509262408826
0.001091509262413581
0.001091509262395837
0.001091509262405029
0.001091509262398202
0.001091509262397329
0.001091509262405661
0.001091509262399566
0.001091509262392883
0.001091509262391033
0.001091509262389914
0.001091509262395929
0.001091509262391838
0.001091509262400037
0.00109150926240504
0.001091509262407743
0.001091509262398501
0.001091509262403037
0.001091509262404455
0.00109150926239059
0.001091509262394835
0.001091509262393243
0.001091509262396128
0.001091509262395354
0.001091509262404841
0.001091509262396389
0.00109150926240189
0.001091509262388562
0.001091509262399101
0.001091509262395547
0.001091509262394304
0.001091509262400354
0.001091509262399892
0.001091509262399934
0.0010915092623961
0.001091509262402439
0.001091509262393292
0.001091509262390714
0.00109150926239312
0.001091509262394159
0.00109150926239656
0.001091509262379328
0.001091509262386041
0.001091509262385992
0.001091509262391645
0.001091509262401157
0.001091509262386386
0.001091509262380831
0.001091509262387161
0.001091509262384404
0.001091509262396897
0.001091509262388661
0.001091509262383225
0.001091509262382787
0.001091509262383268
0.001091509262377667
0.001421302941188933
0.001421302941199571
0.001421302941167849
0.001421302941181474
0.001421302941178829
0.00142130294117775
0.001421302941171406
0.001421302941199813
0.001421302941185358
0.001421302941183872
0.001421302941192963
0.001421302941209526
0.001421302941174505
0.001421302941176034
0.001421302941175593
0.001421302941187786
0.001421302941186727
0.00142130294119028
0.001421302941175486
0.001421302941170329
0.001421302941166801
0.001421302941178779
0.001421302941174748
0.00142130294116899
0.001421302941183134
0.0014213029411822
0.001421302941185214
0.001421302941178968
0.001421302941185738
0.001421302941176544
0.001421302941181458
0.001421302941160534
0.001421302941194839
0.001421302941177955
0.001421302941171095
0.001421302941177245
0.001421302941167449
0.001421302941184462
0.001421302941188012
0.001421302941172202
0.00142130294117674
0.00142130294118723
0.001421302941202265
0.001421302941174976
0.001421302941183107
0.001421302941194504
0.001421302941166926
0.001421302941184836
0.001421302941179514
0.001421302941190342
0.001421302941187845
0.001421302941158452
0.001421302941160452
0.00142130294115873
0.001421302941160779
0.001421302941178216
0.001421302941178586
0.001421302941154048
0.001421302941157877
0.001421302941155165
0.001421302941159606
0.001421302941178303
0.001421302941149216
0.001421302941159115
0.001421302941177297
0.001421302941146407
0.001741969789616349
0.001741969789614533
0.001741969789606858
0.001741969789623869
0.001741969789649875
0.001741969789643889
0.001741969789590536
0.001741969789628478
0.001741969789641183
0.001741969789611427
0.001741969789645854
0.001741969789648304
0.001741969789608087
0.001741969789609387
0.001741969789607015
0.00174196978964548
0.001741969789631925
0.001741969789648645
0.00174196978960189
0.001741969789600051
0.001741969789596603
0.001741969789618759
0.001741969789645489
0.001741969789604812
0.001741969789658824
0.001741969789641775
0.001741969789670844
0.00174196978961186
0.001741969789630477
0.00174196978965165
0.001741969789646324
0.001741969789596318
0.001741969789634149
0.001741969789609501
0.001741969789601906
0.00174196978963081
0.00174196978958525
0.001741969789593387
0.001741969789598888
0.001741969789619525
0.001741969789653475
0.00174196978961051
0.001741969789624249
0.001741969789628398
0.001741969789618671
0.001741969789626024
0.00174196978961038
0.001741969789611083
0.001741969789641159
0.001741969789593186
0.001741969789622033
0.001741969789581541
0.00174196978959689
0.001741969789579427
0.001741969789568635
0.001741969789571721
0.001741969789577942
0.001741969789615842
0.001741969789602522
0.001741969789615887
0.001741969789563578
0.001741969789573116
0.001741969789568726
0.001741969789571765
0.001741969789606742
0.001741969789561332
0.00201423816544482
0.002014238165492851
0.002014238165422758
0.002014238165433792
0.002014238165433588
0.002014238165462149
0.002014238165456048
0.002014238165389667
0.00201423816541041
0.002014238165412265
0.002014238165472006
0.002014238165425283
0.002014238165466769
0.002014238165475227
0.00201423816540843
0.00201423816544481
0.002014238165498205
0.002014238165427935
0.002014238165443252
0.002014238165421007
0.00201423816541574
0.002014238165435388
0.002014238165440262
0.002014238165451813
0.002014238165424806
0.002014238165450297
0.002014238165503255
0.002014238165421523
0.00201423816544236
0.002014238165485714
0.002014238165416107
0.002014238165424231
0.002014238165427468
0.002014238165426474
0.002014238165426891
0.00201423816541432
0.002014238165410761
0.002014238165401829
0.002014238165467108
0.002014238165452753
0.002014238165499315
0.002014238165439096
0.002014238165424289
0.002014238165456893
0.002014238165435566
0.002014238165421257
0.002014238165423008
0.002014238165425431
0.002014238165479596
0.002014238165432693
0.002014238165403646
0.002014238165415072
0.002014238165443674
0.002014238165371518
0.002014238165425609
0.002014238165366508
0.002014238165379792
0.002014238165396128
0.002014238165412046
0.002014238165446082
0.002014238165367624
0.002014238165377576
0.002014238165369273
0.002014238165360404
0.002014238165389448
0.002014238165369555
0.00223089267870497
0.002230892678683183
0.002230892678658816
0.002230892678724569
0.002230892678654597
0.002230892678691709
0.002230892678691464
0.002230892678607728
0.002230892678644109
0.002230892678628144
0.002230892678616878
0.002230892678653839
0.002230892678644648
0.002230892678708592
0.002230892678639529
0.002230892678721465
0.002230892678700639
0.002230892678672062
0.002230892678666768
0.002230892678649975
0.00223089267873161
0.002230892678672597
0.002230892678638689
0.00223089267870139
0.002230892678615049
0.002230892678671756
0.002230892678745524
0.002230892678633997
0.002230892678642277
0.002230892678641663
0.002230892678710209
0.002230892678672494
0.0022308926786923
0.002230892678654282
0.002230892678640013
0.002230892678618296
0.002230892678616503
0.002230892678610512
0.002230892678684912
0.002230892678684676
0.002230892678732924
0.002230892678682557
0.002230892678644611
0.002230892678685385
0.00223089267866058
0.00223089267870621
0.002230892678624195
0.002230892678667181
0.002230892678725429
0.00223089267863958
0.002230892678615005
0.002230892678630099
0.002230892678688853
0.002230892678587899
0.00223089267860809
0.002230892678619326
0.002230892678584817
0.002230892678622014
0.002230892678626515
0.002230892678597659
0.002230892678624924
0.00223089267861773
0.002230892678586752
0.002230892678643265
0.002230892678620385
0.002230892678593125
0.002397831029656965
0.002397831029597203
0.002397831029563029
0.002397831029595389
0.002397831029653397
0.002397831029515923
0.002397831029595112
0.002397831029551158
0.002397831029522036
0.002397831029591682
0.002397831029493127
0.002397831029545361
0.002397831029630786
0.002397831029539101
0.002397831029636738
0.002397831029550352
0.002397831029612438
0.002397831029594361
0.002397831029611152
0.002397831029555575
0.002397831029626347
0.002397831029564831
0.002397831029520738
0.002397831029555105
0.002397831029544788
0.002397831029598586
0.002397831029658021
0.002397831029508629
0.002397831029516186
0.002397831029520956
0.002397831029568374
0.002397831029545547
0.002397831029574588
0.002397831029582017
0.002397831029622358
0.002397831029496565
0.002397831029533569
0.002397831029508197
0.002397831029572989
0.002397831029571146
0.002397831029640676
0.002397831029532914
0.002397831029589603
0.002397831029486933
0.002397831029571387
0.002397831029665654
0.002397831029576868
0.002397831029589796
0.002397831029592986
0.002397831029605248
0.002397831029472039
0.002397831029499841
0.002397831029520929
0.002397831029472199
0.002397831029513786
0.00239783102956404
0.002397831029449132
0.002397831029539941
0.002397831029499365
0.002397831029461265
0.002397831029490956
0.002397831029558298
0.002397831029462704
0.002397831029535399
0.002397831029519556
0.002397831029483719
0.002522354446869698
0.002522354446902823
0.00252235444677788
0.002522354446916719
0.002522354446838558
0.002522354446781782
0.002522354446802847
0.002522354446866227
0.002522354446728837
0.002522354446775388
0.002522354446851483
0.002522354446728986
0.002522354446748544
0.0025223544467487
0.002522354446852591
0.002522354446774833
0.002522354446861618
0.00252235444688432
0.002522354446788413
0.002522354446772764
0.002522354446861314
0.002522354446787479
0.002522354446733769
0.00252235444677022
0.002522354446764258
0.002522354446883189
0.002522354446817837
0.002522354446737977
0.002522354446806712
0.002522354446748991
0.002522354446819776
0.002522354446708833
0.002522354446738627
0.002522354446821413
0.002522354446829167
0.002522354446696115
0.002522354446830491
0.002522354446760407
0.002522354446755222
0.002522354446845719
0.002522354446753582
0.002522354446729248
0.00252235444672689
0.002522354446719665
0.002522354446764211
0.002522354446776567
0.002522354446786097
0.00252235444686548
0.002522354446742153
0.002522354446828335
0.00252235444667528
0.00252235444671933
0.002522354446793168
0.002522354446665523
0.00252235444677343
0.002522354446731199
0.002522354446674686
0.002522354446759371
0.00252235444671702
0.00252235444667256
0.002522354446761571
0.002522354446735791
0.00252235444669135
0.002522354446782704
0.002522354446739373
0.002522354446698084
0.002610630282690644
0.002610630282792179
0.002610630282654518
0.002610630282784223
0.00261063028271506
0.002610630282822646
0.002610630282679491
0.00261063028261173
0.00261063028267347
0.002610630282677025
0.002610630282715772
0.002610630282559191
0.002610630282580213
0.002610630282586041
0.002610630282700798
0.002610630282688194
0.002610630282756457
0.002610630282715241
0.002610630282699967
0.002610630282629678
0.002610630282602694
0.002610630282631149
0.00261063028257872
0.00261063028262148
0.002610630282617847
0.00261063028267755
0.002610630282737206
0.00261063028256133
0.002610630282569105
0.00261063028256695
0.002610630282684901
0.002610630282606736
0.002610630282619244
0.002610630282632345
0.002610630282586102
0.002610630282659336
0.002610630282554418
0.002610630282618909
0.002610630282607314
0.002610630282714909
0.00261063028262029
0.002610630282558352
0.002610630282599352
0.002610630282689653
0.002610630282569328
0.002610630282616309
0.002610630282622217
0.002610630282683626
0.002610630282647949
0.00261063028265591
0.002610630282561099
0.002610630282533064
0.002610630282520269
0.002610630282625117
0.002610630282577003
0.00261063028260285
0.002610630282521203
0.002610630282556878
0.0026106302826502
0.002610630282493431
0.002610630282557796
0.002610630282675569
0.002610630282522261
0.002610630282586022
0.002610630282664291
0.002610630282520518
0.002667816980697127
0.002667816980714425
0.00266781698083316
0.002667816980779821
0.002667816980735497
0.002667816980753264
0.002667816980739641
0.002667816980632766
0.002667816980605548
0.002667816980590804
0.002667816980619256
0.002667816980612695
0.00266781698061873
0.002667816980600623
0.002667816980694802
0.002667816980678387
0.002667816980642646
0.002667816980752786
0.002667816980699083
0.002667816980630967
0.002667816980704698
0.002667816980651648
0.002667816980594435
0.002667816980707561
0.002667816980657413
0.002667816980622147
0.002667816980727345
0.002667816980640256
0.002667816980582714
0.002667816980607833
0.002667816980721441
0.002667816980576275
0.002667816980591868
0.002667816980590763
0.00266781698060345
0.002667816980599273
0.002667816980659971
0.002667816980750141
0.002667816980733947
0.002667816980592369
0.002667816980642084
0.002667816980572003
0.002667816980718216
0.00266781698077993
0.002667816980647351
0.002667816980600981
0.002667816980736253
0.002667816980603109
0.002667816980749561
0.002667816980661108
0.002667816980574587
0.002667816980649918
0.002667816980501333
0.002667816980649582
0.002667816980599226
0.00266781698063634
0.002667816980546989
0.002667816980576668
0.002667816980655896
0.002667816980493275
0.002667816980564885
0.002667816980677603
0.002667816980548353
0.002667816980599483
0.002667816980723544
0.002667816980549917
0.002698437105944294
0.002698437105937237
0.002698437105997673
0.002698437106124653
0.00269843710596293
0.002698437105893058
0.002698437105902574
0.002698437105811914
0.002698437105802745
0.002698437105757812
0.002698437105868926
0.002698437105906013
0.002698437105745518
0.002698437105752256
0.002698437105901492
0.002698437105840144
0.002698437105792066
0.002698437105899647
0.002698437105865883
0.002698437105795823
0.002698437105920364
0.002698437105786669
0.00269843710576395
0.002698437105901883
0.002698437105847831
0.002698437105805447
0.002698437105919797
0.002698437105841168
0.00269843710576981
0.002698437105822572
0.00269843710577639
0.00269843710585811
0.002698437105897518
0.002698437105745083
0.002698437105813391
0.002698437105755389
0.002698437105933959
0.002698437105865425
0.002698437105828148
0.002698437105813886
0.002698437105921429
0.002698437105726963
0.002698437105766814
0.002698437105782259
0.002698437105791402
0.00269843710577343
0.002698437105914032
0.002698437105735062
0.002698437105842611
0.002698437105962373
0.002698437105748863
0.002698437105796914
0.002698437105887134
0.00269843710574882
0.002698437105814012
0.002698437105925887
0.002698437105724248
0.002698437105745379
0.002698437105779456
0.002698437105721558
0.002698437105847243
0.002698437105805878
0.002698437105755255
0.002698437105869853
0.002698437105825378
0.002698437105765032
0.002706688261308098
0.002706688261150353
0.002706688261196711
0.002706688261190286
0.002706688261305502
0.002706688261191103
0.002706688261128838
0.002706688261104992
0.002706688261121144
0.002706688261038996
0.002706688261115885
0.002706688261238973
0.002706688261036818
0.002706688261035745
0.002706688261113116
0.002706688261061674
0.002706688261044637
0.002706688261106104
0.002706688261248241
0.002706688261047825
0.00270668826123072
0.00270668826111306
0.002706688261058015
0.002706688261052076
0.002706688261231184
0.002706688261163065
0.002706688261148562
0.002706688261152605
0.002706688261063434
0.002706688261115519
0.002706688261202295
0.002706688261043645
0.0027066882611336
0.002706688261109129
0.002706688261134832
0.002706688261039923
0.00270668826111533
0.002706688261236218
0.002706688261050302
0.002706688261210125
0.002706688261159642
0.002706688261082715
0.002706688261198151
0.00270668826112577
0.002706688261075874
0.002706688261102441
0.00270668826123
0.002706688261048662
0.002706688261208034
0.002706688261148908
0.002706688261074934
0.002706688261077399
0.002706688261090987
0.002706688261224686
0.002706688261137656
0.002706688261297948
0.00270668826109728
0.002706688261018148
0.002706688261020361
0.002706688260999942
0.00270668826114865
0.002706688261062899
0.002706688261034938
0.002706688261167052
0.002706688261080493
0.002706688261040913
0.002696722115762975
0.002696722115696112
0.002696722115801258
0.002696722115581482
0.002696722115720081
0.002696722115599511
0.002696722115561816
0.002696722115587824
0.002696722115695759
0.002696722115488921
0.002696722115555504
0.002696722115687927
0.002696722115499059
0.002696722115547606
0.00269672211566309
0.002696722115468487
0.002696722115535664
0.002696722115547342
0.002696722115619665
0.002696722115670927
0.002696722115523058
0.00269672211550856
0.002696722115496111
0.002696722115550153
0.002696722115507794
0.002696722115573262
0.002696722115688462
0.002696722115515074
0.002696722115555268
0.00269672211549172
0.002696722115611101
0.002696722115530518
0.002696722115525584
0.002696722115585277
0.002696722115680843
0.002696722115470299
0.002696722115541607
0.00269672211566222
0.002696722115485968
0.002696722115567662
0.002696722115712415
0.002696722115530985
0.002696722115579948
0.002696722115694132
0.002696722115512949
0.002696722115571656
0.002696722115515829
0.002696722115615366
0.002696722115653306
0.002696722115507875
0.002696722115499589
0.002696722115546139
0.002696722115681988
0.002696722115526773
0.002696722115668154
0.002696722115530989
0.002696722115505935
0.002696722115536276
0.002696722115641047
0.002696722115440098
0.002696722115513804
0.002696722115646404
0.0026967221154574
0.00269672211553184
0.002696722115622765
0.002696722115445738
0.002672946443934797
0.002672946444040051
0.002672946444067963
0.00267294644387582
0.002672946444040015
0.002672946443959379
0.002672946444000136
0.002672946443822187
0.002672946443866716
0.002672946443840286
0.002672946443849217
0.002672946443862901
0.002672946443901666
0.002672946443836703
0.002672946443830861
0.002672946443921637
0.00267294644376482
0.002672946443907736
0.002672946443883569
0.002672946443848085
0.002672946443935993
0.002672946443865226
0.002672946443897919
0.002672946443927423
0.002672946443840023
0.002672946443960874
0.002672946443902556
0.002672946443925798
0.002672946443942619
0.002672946443841784
0.002672946443949384
0.002672946444081508
0.002672946443925667
0.002672946443991223
0.002672946443823225
0.002672946443815426
0.002672946443867218
0.002672946443837208
0.002672946443891394
0.002672946443883057
0.002672946443963906
0.00267294644404382
0.002672946444035123
0.002672946443845449
0.002672946443916257
0.002672946444025418
0.002672946443813366
0.002672946443881592
0.002672946443836928
0.002672946443938204
0.002672946443763222
0.00267294644394403
0.002672946443992591
0.002672946443847575
0.002672946443977486
0.002672946443878853
0.002672946443797301
0.002672946443910971
0.002672946443870871
0.002672946443805698
0.002672946443911639
0.002672946443873366
0.002672946443807839
0.002672946443920652
0.002672946443861727
0.002672946443802606
0.002640447783893531
0.002640447783894479
0.002640447783913266
0.002640447783894327
0.002640447783972957
0.002640447784068014
0.002640447783879127
0.002640447783856071
0.002640447783901103
0.002640447783848171
0.002640447783927892
0.002640447783889733
0.002640447783912406
0.002640447783836322
0.002640447783839481
0.002640447783824702
0.002640447783807936
0.002640447783813956
0.002640447783833607
0.002640447783820491
0.002640447783942149
0.002640447783779045
0.00264044778386974
0.002640447783999805
0.002640447783820883
0.002640447783848054
0.00264044778385422
0.002640447783996129
0.002640447783932052
0.002640447783852719
0.002640447783904225
0.002640447784014875
0.002640447783843471
0.002640447783860025
0.002640447783827193
0.002640447783852271
0.002640447783815807
0.00264044778388082
0.002640447784016822
0.002640447783889294
0.002640447783932217
0.002640447784033699
0.002640447784052269
0.002640447783858493
0.002640447784001646
0.00264044778394217
0.002640447783865715
0.002640447783912458
0.002640447783964489
0.002640447783964236
0.002640447783768029
0.002640447783854376
0.002640447783987035
0.002640447783824886
0.002640447783873411
0.002640447783934486
0.002640447783821847
0.002640447783868463
0.002640447783976531
0.002640447783788658
0.002640447783914527
0.002640447783819485
0.00264044778379472
0.002640447783916769
0.002640447783793746
0.002640447783791928
0.0026059199131858
0.002605919913177491
0.002605919913186087
0.002605919913171183
0.002605919913221091
0.002605919913317907
0.002605919913163337
0.002605919913207572
0.002605919913276305
0.002605919913135197
0.002605919913174287
0.002605919913220926
0.00260591991315505
0.002605919913162573
0.002605919913187956
0.002605919913142838
0.002605919913230911
0.002605919913170874
0.002605919913141105
0.002605919913172149
0.002605919913150633
0.002605919913129708
0.002605919913187098
0.002605919913292643
0.00260591991314557
0.002605919913152247
0.002605919913150915
0.002605919913267711
0.002605919913222854
0.002605919913165577
0.002605919913173671
0.002605919913179698
0.002605919913135896
0.002605919913157657
0.002605919913131557
0.002605919913123343
0.002605919913231991
0.002605919913211348
0.002605919913333793
0.002605919913261299
0.002605919913240848
0.002605919913269841
0.002605919913278027
0.002605919913200862
0.002605919913267373
0.002605919913225501
0.002605919913232938
0.002605919913239513
0.002605919913181987
0.002605919913204472
0.002605919913144023
0.002605919913248135
0.002605919913221495
0.002605919913178301
0.002605919913271277
0.002605919913223083
0.002605919913169391
0.002605919913255676
0.002605919913192803
0.002605919913134625
0.002605919913229012
0.00260591991317194
0.002605919913127799
0.002605919913156256
0.002605919913193416
0.00260591991312647
0.002585445858222622
0.002585445858209695
0.002585445858204295
0.002585445858200469
0.002585445858250507
0.002585445858238401
0.002585445858225288
0.002585445858233669
0.002585445858262186
0.00258544585820764
0.002585445858221196
0.002585445858242376
0.002585445858200832
0.002585445858218641
0.002585445858250956
0.002585445858203435
0.002585445858248952
0.002585445858237082
0.002585445858246928
0.002585445858247821
0.002585445858240442
0.002585445858194019
0.00258544585824984
0.00258544585826219
0.002585445858250754
0.002585445858260919
0.002585445858237546
0.002585445858258699
0.002585445858256668
0.002585445858253503
0.002585445858207683
0.002585445858207675
0.002585445858194573
0.002585445858218284
0.002585445858207148
0.002585445858196227
0.002585445858249765
0.002585445858294247
0.002585445858293321
0.002585445858295004
0.002585445858301503
0.002585445858300831
0.002585445858311981
0.002585445858283917
0.002585445858255292
0.002585445858260923
0.002585445858288332
0.002585445858249096
0.00258544585823876
0.002585445858246428
0.002585445858240375
0.002585445858279049
0.002585445858258254
0.00258544585825642
0.002585445858270363
0.002585445858291928
0.0025854458582357
0.00258544585826823
0.002585445858229814
0.002585445858213963
0.002585445858227702
0.002585445858258094
0.002585445858204591
0.002585445858251734
0.002585445858233509
0.002585445858220017
0.002605919509840921
0.002605919509845974
0.002605919509823537
0.002605919509837208
0.002605919509836774
0.002605919509860483
0.002605919509815258
0.002605919509863585
0.002605919509858085
0.002605919509854759
0.002605919509827225
0.00260591950985847
0.002605919509821492
0.002605919509815916
0.002605919509880696
0.002605919509821458
0.002605919509854295
0.002605919509878612
0.002605919509820472
0.002605919509899013
0.002605919509875159
0.002605919509807349
0.002605919509884958
0.002605919509849999
0.002605919509852222
0.0026059195099139
0.002605919509882978
0.002605919509836727
0.002605919509899851
0.002605919509872682
0.002605919509864784
0.002605919509796791
0.00260591950982339
0.002605919509785662
0.002605919509798943
0.002605919509809658
0.002605919509830335
0.002605919509853102
0.002605919509858354
0.002605919509931588
0.00260591950993071
0.002605919509917655
0.002605919509936568
0.002605919509910047
0.002605919509855098
0.002605919509930324
0.002605919509931524
0.002605919509903893
0.002605919509926713
0.002605919509941673
0.002605919509916128
0.00260591950987519
0.00260591950993505
0.002605919509907779
0.002605919509862231
0.002605919509938803
0.002605919509906257
0.002605919509924132
0.0026059195098499
0.002605919509862698
0.002605919509822966
0.002605919509893366
0.002605919509858739
0.002605919509875984
0.002605919509874162
0.002605919509886826
0.002640447241203081
0.002640447241217924
0.002640447241285766
0.002640447241286947
0.002640447241257666
0.002640447241200392
0.002640447241299016
0.002640447241201091
0.002640447241228614
0.002640447241253673
0.002640447241182424
0.002640447241239057
0.002640447241274855
0.00264044724125505
0.002640447241190872
0.00264044724120217
0.002640447241208516
0.002640447241325167
0.002640447241229354
0.002640447241308971
0.002640447241310191
0.002640447241215601
0.00264044724132288
0.002640447241332958
0.002640447241322732
0.002640447241254914
0.002640447241354571
0.002640447241251815
0.002640447241287057
0.002640447241314401
0.002640447241239872
0.002640447241336717
0.002640447241268995
0.002640447241181474
0.002640447241203841
0.002640447241205643
0.002640447241329429
0.002640447241319077
0.002640447241331013
0.002640447241330363
0.002640447241271682
0.002640447241389891
0.002640447241282398
0.002640447241307681
0.002640447241242995
0.002640447241369161
0.002640447241374214
0.002640447241340736
0.002640447241387808
0.002640447241380896
0.002640447241381236
0.002640447241302604
0.002640447241274269
0.002640447241361318
0.00264044724128612
0.002640447241388944
0.002640447241371256
0.002640447241372065
0.002640447241256984
0.002640447241320724
0.002640447241320892
0.002640447241218861
0.002640447241183727
0.002640447241271561
0.002640447241213513
0.00264044724134892
0.002672945822100955
0.002672945822109746
0.002672945822195844
0.002672945822202756
0.002672945822192367
0.002672945822206774
0.002672945822092555
0.002672945821995839
0.002672945822067529
0.002672945822014083
0.002672945822174236
0.002672945822176396
0.002672945822189388
0.002672945822152427
0.002672945822070154
0.002672945822083487
0.002672945822216585
0.002672945822230058
0.002672945822166946
0.00267294582219222
0.002672945822164401
0.002672945822114199
0.002672945822277003
0.00267294582222496
0.002672945822144195
0.002672945822128023
0.00267294582226035
0.002672945822137072
0.002672945822184547
0.002672945822228714
0.002672945822234383
0.002672945822250436
0.002672945822185979
0.002672945822196065
0.002672945822173663
0.002672945822236012
0.002672945822164275
0.002672945822222347
0.002672945822200504
0.002672945822189202
0.002672945822332773
0.002672945822345711
0.002672945822262058
0.002672945822158372
0.002672945822272878
0.002672945822279933
0.002672945822285894
0.002672945822209276
0.002672945822347122
0.002672945822219836
0.00267294582232556
0.002672945822215995
0.002672945822199531
0.002672945822139096
0.002672945822282838
0.002672945822291777
0.002672945822304664
0.002672945822276852
0.002672945822291491
0.002672945822307704
0.002672945822245306
0.002672945822141964
0.00267294582226803
0.002672945822218504
0.002672945822124263
0.002672945822281909
0.002696721455998447
0.002696721455992433
0.002696721455997699
0.00269672145601759
0.002696721456019198
0.00269672145605127
0.002696721455980001
0.002696721455978633
0.002696721455826424
0.002696721455923603
0.002696721455995505
0.002696721455971652
0.002696721455991928
0.002696721455990793
0.002696721455903863
0.002696721456041093
0.00269672145599656
0.002696721456040479
0.002696721455943657
0.002696721456053285
0.002696721456016923
0.002696721456001821
0.002696721456085716
0.002696721455991373
0.002696721456117291
0.002696721456059095
0.002696721455947544
0.002696721456065292
0.002696721456059711
0.002696721456068574
0.002696721456066009
0.002696721456087185
0.002696721455950638
0.002696721456041988
0.002696721455974493
0.002696721456132952
0.002696721456011554
0.002696721456057811
0.002696721456103373
0.002696721456114225
0.002696721456034685
0.002696721456187806
0.002696721455997966
0.0026967214560424
0.002696721455972823
0.002696721456128511
0.002696721456114861
0.002696721456130787
0.002696721456144911
0.002696721456144569
0.002696721456170507
0.002696721456034289
0.002696721456059178
0.002696721456090866
0.002696721455998245
0.002696721456079608
0.002696721456136575
0.002696721456097641
0.002696721456129145
0.002696721456150166
0.002696721456098521
0.002696721456006396
0.002696721456118178
0.002696721456001013
0.002696721456049719
0.002696721456107265
0.002706687595192719
0.002706687595189461
0.002706687595187256
0.002706687595119199
0.002706687595128906
0.002706687595263963
0.002706687595216366
0.002706687595198167
0.002706687595189123
0.002706687595178615
0.002706687595195838
0.002706687595212832
0.002706687595172541
0.002706687595214169
0.002706687595127155
0.002706687595260767
0.002706687595224842
0.002706687595222151
0.002706687595183431
0.002706687595192962
0.002706687595194443
0.0027066875952329
0.00270668759526783
0.002706687595233767
0.002706687595284779
0.00270668759523228
0.002706687595224467
0.002706687595224236
0.002706687595250459
0.002706687595126991
0.002706687595238301
0.00270668759528474
0.002706687595296258
0.002706687595247391
0.002706687595149899
0.002706687595330518
0.00270668759520799
0.00270668759527032
0.002706687595323836
0.002706687595219928
0.002706687595287028
0.002706687595347338
0.002706687595228888
0.002706687595326475
0.002706687595315612
0.002706687595204894
0.002706687595278971
0.002706687595331779
0.002706687595230525
0.002706687595277105
0.002706687595320282
0.002706687595212472
0.002706687595281389
0.002706687595314581
0.00270668759526024
0.002706687595161378
0.002706687595336617
0.002706687595248126
0.002706687595273643
0.002706687595324595
0.002706687595214708
0.002706687595251884
0.002706687595305364
0.002706687595195114
0.002706687595244967
0.00270668759530169
0.002698436458137301
0.002698436458143219
0.002698436458136901
0.002698436458159905
0.002698436458155952
0.002698436458178681
0.002698436458114593
0.00269843645813336
0.002698436458088493
0.002698436458139399
0.002698436458147632
0.002698436458129187
0.002698436458116663
0.00269843645813215
0.00269843645820428
0.002698436458159459
0.002698436458181447
0.002698436458197112
0.002698436458133758
0.002698436458044284
0.002698436458042357
0.002698436458221324
0.002698436458224711
0.002698436458207277
0.002698436458215065
0.002698436458200568
0.002698436458196152
0.002698436458208427
0.002698436458187722
0.002698436458228507
0.002698436458235945
0.002698436458245648
0.002698436458287861
0.002698436458180924
0.002698436458208586
0.002698436458273259
0.002698436458173697
0.002698436458231191
0.002698436458284832
0.002698436458174795
0.002698436458251082
0.002698436458308405
0.002698436458259388
0.002698436458155742
0.002698436458309531
0.002698436458243246
0.002698436458143919
0.002698436458304878
0.00269843645821863
0.002698436458217155
0.002698436458260065
0.002698436458156564
0.002698436458238742
0.002698436458296607
0.002698436458191387
0.002698436458226673
0.002698436458279339
0.002698436458172811
0.002698436458239226
0.002698436458293605
0.002698436458243064
0.002698436458152133
0.002698436458303955
0.002698436458236779
0.002698436458123062
0.002698436458286493
0.002667816370494337
0.002667816370458511
0.00266781637057043
0.002667816370580175
0.00266781637046796
0.002667816370530304
0.00266781637046204
0.002667816370606824
0.002667816370477201
0.002667816370577079
0.002667816370586492
0.00266781637047316
0.002667816370531552
0.002667816370529622
0.002667816370614457
0.002667816370570298
0.002667816370482674
0.00266781637061483
0.002667816370549691
0.002667816370570252
0.002667816370474843
0.002667816370603738
0.002667816370604419
0.002667816370499313
0.002667816370572387
0.002667816370598701
0.002667816370598606
0.002667816370504401
0.002667816370599191
0.002667816370535028
0.002667816370695883
0.002667816370583909
0.002667816370702303
0.002667816370576598
0.002667816370630246
0.002667816370680869
0.002667816370583141
0.00266781637065108
0.002667816370688528
0.002667816370574804
0.002667816370647468
0.002667816370701973
0.002667816370656261
0.002667816370549152
0.002667816370710173
0.002667816370652916
0.002667816370671976
0.002667816370689609
0.002667816370646349
0.002667816370638117
0.002667816370615003
0.002667816370609022
0.002667816370611664
0.002667816370690225
0.002667816370597645
0.002667816370681398
0.002667816370697951
0.002667816370583971
0.002667816370634514
0.002667816370685697
0.002667816370587405
0.002667816370623747
0.002667816370676115
0.002667816370580236
0.002667816370614542
0.00266781637066901
0.002610629725140834
0.002610629725175792
0.002610629725105764
0.00261062972525883
0.002610629725188083
0.002610629725202431
0.002610629725194454
0.002610629725268149
0.002610629725222669
0.00261062972523633
0.002610629725278207
0.002610629725179916
0.00261062972522347
0.002610629725262502
0.002610629725286687
0.002610629725247101
0.002610629725274578
0.002610629725257662
0.002610629725261372
0.00261062972527785
0.002610629725219285
0.002610629725145305
0.002610629725152108
0.00261062972529452
0.002610629725302953
0.002610629725258025
0.002610629725258737
0.002610629725234447
0.002610629725272952
0.002610629725276294
0.002610629725313694
0.002610629725268725
0.002610629725201599
0.002610629725315376
0.002610629725292258
0.002610629725321384
0.002610629725290228
0.002610629725243219
0.002610629725382815
0.002610629725259837
0.002610629725313887
0.002610629725361268
0.002610629725314679
0.002610629725222361
0.002610629725374515
0.002610629725327012
0.002610629725336739
0.002610629725308506
0.002610629725340204
0.002610629725301196
0.002610629725235447
0.002610629725250391
0.002610629725278845
0.002610629725382944
0.002610629725276229
0.002610629725361558
0.002610629725373323
0.002610629725263622
0.002610629725300036
0.002610629725347898
0.002610629725255549
0.002610629725301677
0.002610629725344028
0.002610629725269071
0.00261062972530246
0.002610629725345127
0.002522353953663633
0.002522353953679752
0.002522353953683108
0.002522353953702591
0.00252235395361085
0.002522353953674616
0.002522353953704598
0.00252235395368472
0.002522353953608766
0.002522353953608957
0.002522353953723998
0.002522353953677023
0.002522353953609926
0.002522353953747788
0.002522353953659432
0.002522353953745336
0.002522353953745113
0.002522353953698392
0.002522353953605572
0.002522353953727297
0.002522353953624496
0.00252235395366706
0.002522353953660124
0.002522353953614212
0.002522353953756697
0.002522353953659886
0.002522353953699227
0.002522353953587174
0.002522353953690761
0.002522353953678927
0.002522353953739398
0.002522353953740548
0.002522353953747152
0.002522353953711099
0.002522353953713644
0.002522353953756393
0.002522353953734892
0.002522353953671207
0.002522353953809452
0.002522353953759482
0.002522353953674778
0.002522353953796162
0.002522353953738621
0.002522353953673237
0.002522353953801297
0.00252235395379048
0.002522353953789615
0.002522353953698604
0.002522353953631182
0.002522353953724825
0.002522353953763131
0.00252235395375477
0.002522353953757117
0.002522353953760849
0.002522353953778205
0.002522353953793691
0.00252235395380534
0.002522353953758224
0.002522353953674057
0.002522353953802951
0.002522353953778935
0.002522353953712629
0.002522353953701077
0.002522353953803094
0.00252235395379121
0.002522353953795636
0.002397830609365719
0.002397830609307716
0.002397830609311759
0.002397830609416588
0.002397830609371316
0.002397830609401419
0.002397830609381349
0.002397830609286969
0.002397830609337453
0.002397830609370311
0.002397830609291742
0.002397830609364267
0.002397830609353308
0.002397830609407564
0.002397830609351958
0.002397830609428674
0.00239783060942785
0.002397830609384758
0.002397830609306296
0.002397830609409018
0.002397830609367838
0.002397830609395363
0.002397830609321604
0.002397830609357767
0.002397830609400166
0.002397830609336954
0.002397830609410263
0.002397830609412259
0.002397830609345473
0.002397830609382507
0.002397830609424691
0.002397830609436912
0.002397830609443645
0.002397830609419989
0.002397830609421246
0.002397830609370273
0.002397830609466063
0.002397830609448516
0.002397830609465025
0.002397830609387618
0.002397830609425184
0.00239783060944553
0.002397830609365148
0.002397830609400513
0.002397830609445103
0.00239783060946194
0.002397830609469753
0.002397830609400328
0.002397830609370283
0.002397830609466298
0.002397830609470772
0.002397830609389391
0.002397830609419075
0.002397830609321434
0.00239783060942842
0.002397830609472519
0.002397830609411715
0.002397830609407736
0.002397830609430699
0.002397830609468381
0.002397830609408257
0.00239783060948876
0.0023978306094325
0.002397830609460993
0.002397830609453253
0.002397830609463879
0.002230892337250995
0.002230892337269202
0.002230892337242101
0.002230892337334668
0.002230892337315833
0.0022308923372666
0.002230892337342902
0.002230892337265119
0.002230892337280828
0.002230892337302471
0.002230892337238806
0.002230892337283563
0.002230892337305253
0.002230892337282251
0.002230892337299564
0.002230892337283643
0.002230892337310745
0.002230892337244936
0.002230892337305238
0.002230892337269448
0.002230892337219099
0.002230892337312461
0.002230892337298493
0.002230892337293529
0.002230892337293657
0.002230892337250715
0.002230892337256282
0.002230892337343154
0.002230892337274976
0.002230892337298259
0.002230892337326289
0.002230892337305955
0.002230892337261018
0.002230892337338791
0.002230892337335197
0.002230892337334371
0.002230892337280578
0.00223089233735103
0.002230892337352013
0.002230892337275798
0.002230892337347004
0.002230892337326256
0.002230892337313702
0.002230892337307855
0.002230892337329833
0.002230892337340924
0.002230892337297617
0.002230892337370132
0.002230892337294926
0.00223089233736007
0.002230892337367596
0.002230892337329247
0.002230892337261714
0.002230892337330166
0.002230892337329209
0.002230892337339222
0.002230892337352166
0.002230892337338051
0.002230892337262342
0.002230892337330765
0.002230892337356336
0.002230892337285986
0.002230892337244973
0.002230892337313344
0.002230892337279678
0.002230892337365145
0.002014237905898304
0.00201423790585562
0.002014237905922566
0.00201423790590984
0.002014237905868937
0.002014237905933424
0.002014237905914203
0.002014237905929211
0.002014237905926163
0.002014237905927456
0.002014237905910423
0.002014237905913251
0.002014237905923432
0.002014237905898463
0.002014237905856687
0.002014237905920276
0.002014237905901827
0.002014237905918957
0.00201423790587576
0.002014237905888482
0.002014237905901318
0.002014237905863043
0.002014237905917559
0.00201423790591744
0.002014237905916851
0.00201423790587631
0.002014237905935457
0.002014237905898582
0.00201423790595011
0.002014237905913845
0.002014237905918948
0.002014237905896867
0.002014237905919632
0.002014237905881166
0.002014237905937223
0.002014237905899579
0.002014237905891926
0.002014237905956821
0.002014237905924917
0.002014237905872982
0.002014237905939826
0.002014237905882488
0.002014237905860649
0.002014237905908789
0.002014237905907512
0.002014237905953199
0.002014237905908353
0.002014237905872157
0.002014237905918858
0.002014237905945555
0.00201423790591071
0.002014237905893664
0.00201423790591953
0.002014237905939823
0.002014237905943239
0.0020142379059489
0.002014237905928016
0.002014237905929398
0.002014237905944108
0.002014237905955989
0.002014237905952317
0.002014237905932972
0.002014237905936473
0.002014237905886669
0.002014237905917392
0.002014237905946197
0.001741969610759648
0.001741969610779906
0.001741969610798425
0.001741969610772977
0.001741969610807742
0.001741969610810221
0.001741969610800819
0.001741969610802717
0.001741969610786569
0.001741969610757209
0.001741969610799463
0.001741969610790614
0.001741969610789376
0.001741969610770086
0.001741969610738853
0.00174196961079411
0.001741969610779794
0.001741969610796523
0.001741969610761886
0.001741969610771282
0.001741969610785434
0.001741969610783284
0.001741969610790378
0.001741969610780062
0.001741969610750555
0.001741969610795846
0.001741969610765999
0.00174196961080415
0.001741969610808882
0.001741969610760792
0.001741969610785438
0.001741969610753635
0.001741969610807018
0.001741969610790909
0.00174196961076089
0.001741969610807452
0.001741969610803937
0.00174196961079975
0.001741969610806464
0.001741969610804941
0.001741969610808829
0.00174196961079783
0.001741969610791079
0.001741969610758462
0.001741969610790682
0.00174196961081709
0.001741969610770992
0.001741969610782619
0.001741969610791864
0.001741969610785388
0.001741969610806844
0.001741969610804822
0.001741969610805038
0.001741969610790225
0.001741969610766356
0.00174196961081837
0.001741969610804425
0.001741969610785146
0.001741969610830492
0.001741969610830524
0.001741969610811273
0.001741969610806775
0.001741969610803164
0.001741969610770367
0.001741969610816702
0.001741969610824357
0.001421302834198018
0.001421302834219112
0.001421302834217032
0.001421302834217679
0.001421302834220055
0.00142130283422176
0.001421302834188151
0.001421302834172551
0.00142130283418733
0.00142130283417105
0.001421302834204759
0.001421302834195725
0.001421302834178468
0.001421302834173599
0.001421302834182195
0.001421302834203872
0.001421302834203684
0.001421302834208283
0.001421302834190335
0.001421302834192719
0.001421302834202054
0.001421302834185178
0.001421302834208597
0.001421302834205956
0.001421302834193274
0.001421302834200255
0.001421302834180592
0.001421302834206297
0.00142130283421141
0.001421302834185286
0.001421302834195056
0.001421302834176987
0.001421302834212617
0.001421302834193257
0.001421302834184459
0.001421302834212621
0.001421302834214864
0.001421302834213967
0.001421302834215122
0.001421302834214253
0.001421302834214608
0.001421302834209862
0.001421302834190067
0.001421302834212394
0.001421302834208027
0.001421302834224832
0.001421302834201735
0.001421302834208493
0.0014213028342147
0.001421302834214184
0.001421302834217399
0.001421302834206457
0.001421302834187834
0.001421302834211926
0.001421302834207511
0.001421302834213122
0.001421302834211539
0.001421302834198132
0.001421302834202109
0.001421302834231683
0.001421302834217459
0.00142130283421984
0.001421302834210304
0.001421302834200011
0.001421302834211132
0.001421302834223923
0.001091509208270676
0.001091509208281311
0.001091509208267854
0.001091509208270558
0.001091509208265305
0.001091509208277545
0.001091509208265804
0.001091509208262274
0.001091509208260747
0.001091509208260149
0.001091509208252107
0.001091509208263835
0.001091509208255439
0.001091509208256745
0.001091509208257715
0.001091509208254459
0.001091509208255621
0.001091509208269817
0.001091509208257511
0.001091509208260229
0.001091509208264741
0.001091509208255147
0.001091509208266507
0.001091509208266411
0.001091509208254172
0.001091509208260901
0.001091509208257994
0.001091509208256732
0.001091509208272065
0.001091509208265137
0.001091509208265984
0.001091509208259265
0.001091509208256073
0.001091509208269206
0.001091509208264537
0.001091509208261159
0.00109150920827448
0.001091509208260425
0.001091509208265226
0.001091509208256992
0.001091509208257986
0.001091509208270502
0.001091509208268084
0.00109150920826931
0.00109150920826923
0.001091509208273339
0.001091509208271583
0.001091509208271413
0.001091509208267259
0.001091509208268586
0.00109150920827169
0.001091509208260205
0.001091509208262701
0.001091509208268015
0.001091509208269252
0.001091509208271591
0.001091509208269724
0.001091509208270711
0.001091509208271222
0.001091509208276638
0.001091509208274544
0.001091509208275206
0.001091509208274434
0.001091509208269781
0.001091509208263881
0.001091509208283782
0.0008143349068306726
0.0008143349068278885
0.000814334906824425
0.0008143349068268981
0.0008143349068263926
0.0008143349068282918
0.0008143349068222466
0.0008143349068256563
0.0008143349068200576
0.0008143349068231162
0.0008143349068201582
0.0008143349068206495
0.0008143349068184732
0.0008143349068190489
0.0008143349068183117
0.0008143349068187055
0.0008143349068211782
0.0008143349068266296
0.000814334906821213
0.0008143349068223057
0.0008143349068244541
0.0008143349068223386
0.0008143349068202129
0.0008143349068256367
0.0008143349068201814
0.0008143349068223834
0.0008143349068201652
0.0008143349068248804
0.0008143349068256972
0.000814334906826315
0.0008143349068251138
0.0008143349068228583
0.0008143349068244764
0.0008143349068252886
0.000814334906823312
0.0008143349068248656
0.0008143349068295622
0.0008143349068253726
0.0008143349068244991
0.0008143349068233785
0.0008143349068208953
0.0008143349068276472
0.0008143349068222464
0.0008143349068259459
0.0008143349068231097
0.0008143349068294592
0.0008143349068285496
0.000814334906829408
0.0008143349068278961
0.000814334906827428
0.0008143349068236422
0.0008143349068249885
0.0008143349068210657
0.0008143349068236927
0.0008143349068273528
0.0008143349068303195
0.0008143349068288263
0.0008143349068295581
0.0008143349068292439
0.000814334906831496
0.0008143349068305594
0.0008143349068310534
0.0008143349068287115
0.0008143349068292647
0.0008143349068278265
0.0008143349068365941
0.0006168991285758148
0.0006168991285719588
0.0006168991285699592
0.0006168991285710001
0.0006168991285708255
0.0006168991285712651
0.0006168991285684887
0.0006168991285704031
0.000616899128567788
0.0006168991285676967
0.0006168991285677336
0.0006168991285675485
0.0006168991285657914
0.0006168991285669345
0.0006168991285665299
0.0006168991285671858
0.0006168991285684885
0.0006168991285716318
0.0006168991285692802
0.0006168991285694545
0.0006168991285705045
0.0006168991285696989
0.0006168991285690337
0.000616899128570952
0.0006168991285691145
0.0006168991285698164
0.0006168991285701757
0.0006168991285703676
0.0006168991285714843
0.0006168991285721242
0.0006168991285705711
0.0006168991285701315
0.0006168991285712153
0.0006168991285704848
0.0006168991285714607
0.0006168991285716027
0.0006168991285730556
0.0006168991285708632
0.0006168991285712063
0.0006168991285707453
0.0006168991285702048
0.0006168991285718544
0.0006168991285704696
0.000616899128570348
0.0006168991285712757
0.0006168991285730247
0.0006168991285728388
0.0006168991285738676
0.000616899128572944
0.0006168991285729907
0.0006168991285708272
0.0006168991285708232
0.0006168991285704924
0.0006168991285701271
0.0006168991285722846
0.000616899128574597
0.0006168991285737747
0.0006168991285743391
0.0006168991285738427
0.0006168991285750767
0.0006168991285743188
0.0006168991285748243
0.0006168991285732449
0.0006168991285739792
0.0006168991285731901
0.0006168991285787523
0.0004712149896470482
0.0004712149896444849
0.0004712149896429664
0.0004712149896433363
0.0004712149896430545
0.0004712149896432672
0.0004712149896421107
0.0004712149896424481
0.0004712149896416386
0.0004712149896414049
0.0004712149896414378
0.0004712149896414216
0.0004712149896408602
0.0004712149896408921
0.0004712149896410994
0.0004712149896416172
0.000471214989642225
0.0004712149896438976
0.0004712149896430234
0.0004712149896429161
0.0004712149896433243
0.0004712149896430207
0.0004712149896429626
0.0004712149896436092
0.000471214989643282
0.000471214989643323
0.000471214989643742
0.0004712149896437524
0.0004712149896440863
0.0004712149896445435
0.0004712149896437853
0.0004712149896438971
0.0004712149896438637
0.0004712149896439182
0.0004712149896440501
0.0004712149896441866
0.0004712149896449315
0.0004712149896442065
0.0004712149896440331
0.000471214989643938
0.0004712149896436226
0.000471214989644341
0.0004712149896438726
0.0004712149896439683
0.0004712149896441007
0.0004712149896450084
0.0004712149896449076
0.0004712149896456498
0.0004712149896450684
0.0004712149896452363
0.0004712149896440659
0.0004712149896442898
0.0004712149896438104
0.0004712149896439108
0.0004712149896445881
0.0004712149896460999
0.0004712149896456289
0.00047121498964609
0.0004712149896456303
0.0004712149896463738
0.0004712149896458045
0.0004712149896462278
0.0004712149896452713
0.000471214989645739
0.0004712149896453158
0.0004712149896481724
0.0003432361026105179
0.0003432361026090454
0.0003432361026076492
0.0003432361026075016
0.0003432361026073139
0.0003432361026074192
0.0003432361026071182
0.0003432361026070925
0.0003432361026067998
0.0003432361026067062
0.0003432361026065099
0.0003432361026066348
0.0003432361026064635
0.0003432361026065284
0.0003432361026065779
0.0003432361026069673
0.0003432361026070653
0.0003432361026077391
0.0003432361026076684
0.000343236102607464
0.0003432361026076338
0.000343236102607708
0.0003432361026075223
0.0003432361026078511
0.0003432361026078188
0.0003432361026078213
0.0003432361026079951
0.0003432361026080476
0.0003432361026080854
0.0003432361026083303
0.0003432361026081368
0.0003432361026080343
0.0003432361026079326
0.0003432361026080696
0.0003432361026080748
0.0003432361026081958
0.0003432361026084439
0.0003432361026083927
0.0003432361026081321
0.00034323610260816
0.0003432361026079677
0.0003432361026082919
0.0003432361026081344
0.0003432361026082606
0.000343236102608196
0.0003432361026086224
0.0003432361026085599
0.0003432361026089694
0.0003432361026086553
0.0003432361026088063
0.0003432361026082943
0.0003432361026083958
0.0003432361026080906
0.000343236102608387
0.0003432361026084185
0.0003432361026091477
0.0003432361026089099
0.0003432361026092324
0.0003432361026088896
0.0003432361026092954
0.0003432361026089555
0.0003432361026092304
0.0003432361026087771
0.0003432361026089405
0.0003432361026088245
0.0003432361026101973
0.0002610668791226546
0.0002610668791223085
0.0002610668791218866
0.0002610668791219493
0.0002610668791219373
0.0002610668791219212
0.0002610668791219473
0.0002610668791218524
0.0002610668791218615
0.0002610668791218114
0.0002610668791216276
0.0002610668791216838
0.0002610668791217302
0.0002610668791215784
0.0002610668791216804
0.0002610668791217748
0.0002610668791216797
0.000261066879121668
0.0002610668791219077
0.0002610668791217708
0.0002610668791218478
0.0002610668791218995
0.0002610668791219109
0.00026106687912196
0.0002610668791219889
0.000261066879121915
0.0002610668791218641
0.0002610668791219774
0.0002610668791220829
0.0002610668791220176
0.0002610668791220784
0.0002610668791218973
0.0002610668791219625
0.0002610668791218591
0.0002610668791219987
0.0002610668791220086
0.000261066879122146
0.0002610668791221133
0.0002610668791221276
0.0002610668791220336
0.0002610668791220204
0.0002610668791219047
0.0002610668791220294
0.0002610668791220528
0.0002610668791221486
0.0002610668791221613
0.0002610668791222338
0.0002610668791222195
0.0002610668791222587
0.0002610668791222074
0.0002610668791222137
0.0002610668791221188
0.0002610668791221412
0.0002610668791220895
0.0002610668791222186
0.0002610668791222362
0.00026106687912232
0.0002610668791222795
0.0002610668791222053
0.0002610668791221768
0.0002610668791223437
0.0002610668791222802
0.0002610668791223587
0.0002610668791221821
0.0002610668791221145
0.0002610668791221299
0.000505684634590302
0.0005056846345906063
0.0005056846345907338
0.000505684634590569
0.0005056846345905969
0.0005056846345905339
0.000505684634590639
0.000505684634590416
0.000505684634590587
0.0005056846345904667
0.0005056846345904855
0.0005056846345903631
0.0005056846345905123
0.0005056846345903685
0.0005056846345904065
0.0005056846345903586
0.0005056846345903927
0.0005056846345903023
0.0005056846345904608
0.0005056846345904207
0.000505684634590485
0.0005056846345902526
0.0005056846345903966
0.0005056846345902772
0.0005056846345904412
0.0005056846345902758
0.0005056846345904173
0.0005056846345903393
0.0005056846345904431
0.0005056846345903316
0.0005056846345905027
0.0005056846345903541
0.0005056846345904584
0.0005056846345902732
0.0005056846345904537
0.0005056846345902605
0.0005056846345905029
0.0005056846345902728
0.000505684634590496
0.0005056846345902703
0.0005056846345904881
0.0005056846345902964
0.0005056846345905627
0.00050568463459026
0.0005056846345905424
0.0005056846345902944
0.0005056846345905918
0.0005056846345902555
0.0005056846345905858
0.0005056846345902939
0.0005056846345906232
0.0005056846345903786
0.0005056846345906462
0.0005056846345903126
0.0005056846345906887
0.0005056846345903412
0.0005056846345907467
0.000505684634590317
0.0005056846345907101
0.0005056846345902734
0.0005056846345907825
0.0005056846345902514
0.0005056846345907734
0.0005056846345902067
0.0005056846345905827
0.0005056846345899853
)
;

boundaryField
{
    inlet
    {
        type            cyclic;
    }
    outlet
    {
        type            cyclic;
    }
    bottomWall
    {
        type            nutLowReWallFunction;
        Cmu             0.09;
        kappa           0.41;
        E               9.800000000000001;
        value           uniform 0;
    }
    topWall
    {
        type            nutLowReWallFunction;
        Cmu             0.09;
        kappa           0.41;
        E               9.800000000000001;
        value           uniform 0;
    }
    left
    {
        type            cyclic;
    }
    right
    {
        type            cyclic;
    }
}


// ************************************************************************* //
