/*--------------------------------*- C++ -*----------------------------------*\
| =========                 |                                                 |
| \\      /  F ield         | OpenFOAM: The Open Source CFD Toolbox           |
|  \\    /   O peration     | Version:  v1812                                 |
|   \\  /    A nd           | Web:      www.OpenFOAM.com                      |
|    \\/     M anipulation  |                                                 |
\*---------------------------------------------------------------------------*/
FoamFile
{
    version     2.0;
    format      ascii;
    class       volScalarField;
    location    "10000";
    object      p;
}
// * * * * * * * * * * * * * * * * * * * * * * * * * * * * * * * * * * * * * //

dimensions      [0 2 -2 0 0 0 0];


internalField   nonuniform List<scalar> 
2838
(
9.604063951931642e-16
5.800569525753269e-13
4.774727570000318e-13
3.381121055283264e-13
3.159433696914887e-13
2.931331059248168e-13
2.452199252257994e-13
2.098898131872609e-13
1.882197908953698e-13
1.7809739632587e-13
1.676260582034697e-13
1.603297057285359e-13
1.501724619911395e-13
1.431485086612367e-13
1.376485911485685e-13
1.342521551133135e-13
1.340950239228861e-13
1.386650407324479e-13
1.343033667431984e-13
1.362508845005691e-13
1.293147525359786e-13
1.254511929290165e-13
1.286431584246903e-13
1.277135274258095e-13
1.269470157248669e-13
1.273666525723747e-13
1.326064213740859e-13
1.347246163754957e-13
1.268444286774009e-13
1.30437922543242e-13
1.211646244085556e-13
1.256729165901271e-13
1.273497789568768e-13
1.284534862176868e-13
1.264728850010491e-13
1.28996770962492e-13
1.18140668781832e-13
1.204523544475902e-13
1.101918081453882e-13
1.192091670987282e-13
1.202412000696625e-13
1.238394110099828e-13
1.200138833717205e-13
1.224655296000572e-13
1.122837238565909e-13
1.201864184862862e-13
1.121745919796515e-13
1.235529788989983e-13
1.182922134818789e-13
1.292191960842916e-13
1.231641041109398e-13
1.244655033787923e-13
1.11116433002081e-13
1.255990427501133e-13
1.092596485345616e-13
1.234937999827508e-13
1.081944399023092e-13
1.16169099244011e-13
9.824174061619066e-14
1.122558209100313e-13
7.782612001942548e-14
8.450170970239119e-14
3.260482383447415e-14
-8.030501444284858e-14
-3.968856983064358e-13
-7.595272986722888e-13
-1.315043638066664e-15
5.80707375141227e-13
4.78790790364902e-13
3.382965288401697e-13
3.16061140895983e-13
2.931997433946193e-13
2.452103872681445e-13
2.09881551371617e-13
1.882629137568871e-13
1.781434296302576e-13
1.676402713882862e-13
1.603263043824664e-13
1.501847807987696e-13
1.431637216245573e-13
1.376769536849894e-13
1.342114742273577e-13
1.34074485992523e-13
1.386800283019101e-13
1.343316108766097e-13
1.362612902041697e-13
1.292902371278273e-13
1.254656272305075e-13
1.286682164521003e-13
1.27656655833922e-13
1.269200944478121e-13
1.273774743545488e-13
1.326505566878383e-13
1.347058814601748e-13
1.268078467316777e-13
1.304080719178357e-13
1.21199944868178e-13
1.256468090365991e-13
1.273636619788448e-13
1.284569485170369e-13
1.264607233849387e-13
1.290044386336913e-13
1.181128826585124e-13
1.20380963971893e-13
1.102265432007708e-13
1.191750406438314e-13
1.202339545664845e-13
1.23852319658654e-13
1.200007077510303e-13
1.22458841771258e-13
1.12307103983864e-13
1.201694708484951e-13
1.122528242051142e-13
1.235284940684908e-13
1.182932465135713e-13
1.292165353025284e-13
1.231863938139478e-13
1.2443160718619e-13
1.111538691541964e-13
1.255562498890573e-13
1.093211093205364e-13
1.234811751166534e-13
1.082411211259642e-13
1.161080007366783e-13
9.830689209026821e-14
1.122381680702155e-13
7.788154932303107e-14
8.459501363508923e-14
3.302547827511241e-14
-7.956020219264129e-14
-3.970681154079251e-13
-7.609020464493017e-13
-4.045109308813401e-15
5.849341902768151e-13
4.811576686856886e-13
3.382725993870623e-13
3.161442915676526e-13
2.932662476427155e-13
2.450933167495064e-13
2.097615933357723e-13
1.88249055650444e-13
1.781646599854428e-13
1.675913238110915e-13
1.603067118992399e-13
1.501854981096642e-13
1.431333330656074e-13
1.376989911728912e-13
1.34115457688769e-13
1.339739276305375e-13
1.387125326645075e-13
1.343801965963542e-13
1.362974204869799e-13
1.292334754416675e-13
1.255005495856767e-13
1.287143153924772e-13
1.275444882243793e-13
1.268496719646273e-13
1.273867805516258e-13
1.327379618100207e-13
1.34739917936019e-13
1.267749020635818e-13
1.304189437342319e-13
1.212640549974455e-13
1.25615805736103e-13
1.273509685198022e-13
1.284920865212243e-13
1.264458055149494e-13
1.290260450055482e-13
1.180684071429013e-13
1.203221444194742e-13
1.102496410547989e-13
1.191223951514412e-13
1.201761860885671e-13
1.238925308394304e-13
1.199655537512853e-13
1.224673805855791e-13
1.12321415436286e-13
1.201169684243207e-13
1.122675250503359e-13
1.235020828722584e-13
1.182353491688222e-13
1.292628998775245e-13
1.232158914733048e-13
1.243866600232226e-13
1.111578242916373e-13
1.255247353180545e-13
1.093316594438215e-13
1.235339082581139e-13
1.08276496730193e-13
1.160544416696165e-13
9.82931711914766e-14
1.123506461163575e-13
7.792152713008236e-14
8.492522031930333e-14
3.378009495541596e-14
-7.818878170450565e-14
-3.973575987204246e-13
-7.666458178568316e-13
-5.880003526515595e-15
5.934691933619612e-13
4.846508663440443e-13
3.380500951834784e-13
3.161177610651771e-13
2.931982444686837e-13
2.447980749133184e-13
2.095379622721546e-13
1.881476604434704e-13
1.781037307405363e-13
1.674038373614321e-13
1.601462498238812e-13
1.500332745368699e-13
1.430219753289155e-13
1.376398855759431e-13
1.338789558371245e-13
1.337627171216221e-13
1.387002463922907e-13
1.343699310882071e-13
1.363269286753304e-13
1.291378353369999e-13
1.255512534594616e-13
1.287754169735426e-13
1.273877300418263e-13
1.267388816802187e-13
1.274341945632125e-13
1.328102980515583e-13
1.348130819159794e-13
1.267065874202045e-13
1.304820875638933e-13
1.214667653437465e-13
1.256097272731734e-13
1.273063669291745e-13
1.285643037946851e-13
1.264368213046228e-13
1.29083997464441e-13
1.179758693747437e-13
1.203087162229119e-13
1.103777550821159e-13
1.190807228429504e-13
1.200854919923962e-13
1.240110719388712e-13
1.199040368030441e-13
1.225429554380939e-13
1.123617935685688e-13
1.200560574380955e-13
1.122681250205854e-13
1.234610432317442e-13
1.181202044820731e-13
1.293205840681724e-13
1.231704338111279e-13
1.243345565828916e-13
1.111325327755138e-13
1.254800118477124e-13
1.092656186412518e-13
1.235813497854193e-13
1.082582177857493e-13
1.159617437021513e-13
9.823630896897051e-14
1.125323569335834e-13
7.797264920087422e-14
8.54428083852187e-14
3.483797573522737e-14
-7.637781110646878e-14
-3.987803893513792e-13
-7.767938718606484e-13
-1.047100268025337e-14
6.082744116723096e-13
4.908182918785978e-13
3.376834650739059e-13
3.15988700921202e-13
2.930247755851323e-13
2.444224761146651e-13
2.092536702670515e-13
1.880081508839385e-13
1.780360207311466e-13
1.671802210909806e-13
1.599552250444695e-13
1.497964722836977e-13
1.428949566069834e-13
1.37596728555643e-13
1.3349429686106e-13
1.334645715019774e-13
1.387473731926563e-13
1.344045248115138e-13
1.363214781653156e-13
1.290081361450128e-13
1.256383155510014e-13
1.288959952252466e-13
1.272143115578629e-13
1.266045746747479e-13
1.274831837794781e-13
1.32853020921565e-13
1.348909190541273e-13
1.266185051020341e-13
1.305528929248289e-13
1.218061025987418e-13
1.25603391721902e-13
1.272062431658997e-13
1.28654092442934e-13
1.264408397252633e-13
1.291389750237736e-13
1.178123218532407e-13
1.202395941609307e-13
1.105813388816313e-13
1.190271431505087e-13
1.199577676032244e-13
1.241945324767313e-13
1.19813893624e-13
1.225986814484834e-13
1.124239007710431e-13
1.199106218293582e-13
1.122938415541505e-13
1.233942502799975e-13
1.179652410394556e-13
1.294017260177699e-13
1.231157294992268e-13
1.242810890451926e-13
1.111859522759586e-13
1.254143695451588e-13
1.09194606291627e-13
1.236187467628991e-13
1.082489240899601e-13
1.157958565658478e-13
9.816880986819273e-14
1.127865054214213e-13
7.811579789696308e-14
8.63100581064344e-14
3.672588326800069e-14
-7.30826022698348e-14
-4.007168807955437e-13
-7.944673984744575e-13
-2.602783114679443e-14
6.355650861305721e-13
5.049452559965504e-13
3.377094445824574e-13
3.157062043838334e-13
2.926662273782354e-13
2.440179960527649e-13
2.090526392774548e-13
1.878695863142088e-13
1.77977127543879e-13
1.668156926362483e-13
1.595433237904983e-13
1.493702086123251e-13
1.427607937785995e-13
1.374855011431352e-13
1.328205549964178e-13
1.330581604558325e-13
1.388796851079296e-13
1.345142155786705e-13
1.362124831608298e-13
1.288358352236146e-13
1.257697158093708e-13
1.290772717167723e-13
1.271306384094046e-13
1.264676434836019e-13
1.27589406756877e-13
1.328291288118655e-13
1.348590931019679e-13
1.263799630657004e-13
1.306216970830307e-13
1.224697076712445e-13
1.256460444464782e-13
1.269743159406765e-13
1.287341293315803e-13
1.264741753541962e-13
1.291546284020966e-13
1.174656077461515e-13
1.200457074606095e-13
1.109883596804171e-13
1.190001961511899e-13
1.198548908321078e-13
1.245768471905928e-13
1.196299529684938e-13
1.225725161677612e-13
1.125253713604228e-13
1.197334464593076e-13
1.123614905936547e-13
1.231454114527537e-13
1.178745479089268e-13
1.29631709902154e-13
1.228060462624987e-13
1.241602118848082e-13
1.114930645079492e-13
1.254249372325903e-13
1.091265072971799e-13
1.234890358565577e-13
1.08190780285841e-13
1.155580641637367e-13
9.823366177431837e-14
1.131237517101284e-13
7.831273598458613e-14
8.780328385829278e-14
4.071886526318804e-14
-6.550917727737856e-14
-4.014183130397575e-13
-8.291889661427833e-13
-6.561266104412891e-14
6.800353047223424e-13
5.34109424345744e-13
3.391171857585497e-13
3.154929354283215e-13
2.92435052819213e-13
2.438733388746857e-13
2.095094750190363e-13
1.879989778695219e-13
1.782223848991731e-13
1.6620896701811e-13
1.581474682721085e-13
1.485136396945007e-13
1.426730664049683e-13
1.366988500458888e-13
1.315749518362004e-13
1.327961835123585e-13
1.388878506600519e-13
1.348155258935665e-13
1.361212418242369e-13
1.287446025305867e-13
1.26089941953025e-13
1.291022746007729e-13
1.272056090454288e-13
1.265937303360473e-13
1.277951832419105e-13
1.32486038566366e-13
1.346099453811683e-13
1.258021607057482e-13
1.305985461190029e-13
1.23724442672487e-13
1.258549647418137e-13
1.263061597119472e-13
1.288004369394012e-13
1.268385048411825e-13
1.291886051850584e-13
1.168538662277623e-13
1.195474504846606e-13
1.12010310798071e-13
1.188670186257786e-13
1.196512282717191e-13
1.257454823537353e-13
1.194624164999021e-13
1.218374941443969e-13
1.124826697893441e-13
1.199775881972492e-13
1.122453184297e-13
1.221043320635583e-13
1.179946499597652e-13
1.305496398283355e-13
1.219289121480455e-13
1.237662502403016e-13
1.127826235511344e-13
1.2578040214334e-13
1.089224778786658e-13
1.229054318495218e-13
1.075958973882486e-13
1.150277530119146e-13
9.916488636311435e-14
1.141744886400159e-13
7.849212768473138e-14
8.98368537177327e-14
4.856240637918087e-14
-4.921937010004728e-14
-3.973285719884083e-13
-8.915695842112608e-13
-1.190494445796175e-13
7.382865193078983e-13
5.736566024668611e-13
3.404947188950696e-13
3.154457221360042e-13
2.916936587398671e-13
2.436648123007804e-13
2.107212349064794e-13
1.88430020149279e-13
1.781520681206901e-13
1.647328271339341e-13
1.556555584695799e-13
1.470961264330457e-13
1.429238715183245e-13
1.359071450996116e-13
1.302403894314213e-13
1.329686190620545e-13
1.381209742892884e-13
1.338649959247215e-13
1.358351190619692e-13
1.293866936614321e-13
1.276795344628225e-13
1.294730049971462e-13
1.271291666634556e-13
1.258589576409541e-13
1.276608503115944e-13
1.320003349879836e-13
1.345298485013021e-13
1.25091583227797e-13
1.293780109248788e-13
1.251609616636077e-13
1.262987273024515e-13
1.257046446434099e-13
1.286808346194259e-13
1.279953302153327e-13
1.29154856043827e-13
1.162750177960216e-13
1.199365631474293e-13
1.132404603463076e-13
1.18490611355477e-13
1.194762753662925e-13
1.279522265244898e-13
1.192378225071943e-13
1.203771104358975e-13
1.124731908181192e-13
1.200012731933514e-13
1.118092166327295e-13
1.217764771769835e-13
1.183263591245394e-13
1.312194996230101e-13
1.199384316524311e-13
1.225768268380677e-13
1.157508507986032e-13
1.275169306489563e-13
1.079005334314096e-13
1.213312659048628e-13
1.062339565950403e-13
1.139656519707036e-13
1.01015146109955e-13
1.1608940767956e-13
8.011081413282804e-14
9.267403588398271e-14
5.958960506011389e-14
-2.579925809460954e-14
-3.935524515603303e-13
-9.746984260637096e-13
-1.554997182381888e-13
7.913946574160495e-13
6.06167444601169e-13
3.410484483272304e-13
3.139189389650861e-13
2.877187770660714e-13
2.428007919266471e-13
2.135735920632505e-13
1.897152132969972e-13
1.769734588650551e-13
1.608638195012684e-13
1.52748268367124e-13
1.467535905644959e-13
1.423348620105017e-13
1.350977347795151e-13
1.309501336756741e-13
1.338795580782317e-13
1.353477163711964e-13
1.30546345876402e-13
1.347701941144354e-13
1.304876369928448e-13
1.317516107412889e-13
1.298061632241293e-13
1.263590764301637e-13
1.249744820045462e-13
1.265263450332848e-13
1.316322444500112e-13
1.352856385458411e-13
1.26024678433544e-13
1.275274865801797e-13
1.243833764182043e-13
1.263204551937963e-13
1.263951735581942e-13
1.287855093459785e-13
1.293553494957125e-13
1.272077878324931e-13
1.164079530921931e-13
1.228750332081862e-13
1.134638558494694e-13
1.191737676267954e-13
1.191292682537436e-13
1.293934672816421e-13
1.192059523766459e-13
1.192164608125062e-13
1.122046693091325e-13
1.185265106959002e-13
1.123134535146836e-13
1.2237725344878e-13
1.180475674376881e-13
1.305982475534345e-13
1.184399906421934e-13
1.216106748406486e-13
1.168591433426358e-13
1.272274288466883e-13
1.073052484818233e-13
1.208005932896421e-13
1.059247360335113e-13
1.145681205104148e-13
1.016083002753159e-13
1.15886596945553e-13
8.335032195794474e-14
9.790022479574949e-14
7.07906342023284e-14
-6.109906476311649e-15
-3.972692396797281e-13
-1.044762095416748e-12
-1.643032824320379e-13
8.266165831031841e-13
6.216147682795015e-13
3.407875752872788e-13
3.100280129414493e-13
2.810312248491336e-13
2.390154597288565e-13
2.153594103664668e-13
1.912396559931305e-13
1.756919985381194e-13
1.607665642620379e-13
1.496531605031716e-13
1.448856712047368e-13
1.402684659649694e-13
1.336907076824555e-13
1.33482105377118e-13
1.331351317478838e-13
1.32031307630143e-13
1.306161816122323e-13
1.330729289450693e-13
1.296843794865291e-13
1.358986792061855e-13
1.300120026904766e-13
1.243349878840806e-13
1.252409275760365e-13
1.286179335970069e-13
1.317295805119721e-13
1.350974183381437e-13
1.268938637832993e-13
1.264489596265263e-13
1.212528210755612e-13
1.258044120195954e-13
1.289798700566011e-13
1.291553234532193e-13
1.278527509569505e-13
1.244264244098478e-13
1.170896553162955e-13
1.248415629399303e-13
1.168001708801372e-13
1.212577688427375e-13
1.18432526424594e-13
1.275451542399937e-13
1.182804653775316e-13
1.209558506024619e-13
1.108132638640858e-13
1.168256031354035e-13
1.138318601912643e-13
1.223505221009357e-13
1.181809996324743e-13
1.280547364293123e-13
1.17796576918118e-13
1.218293648863365e-13
1.146105199854292e-13
1.249508282480082e-13
1.081841324567511e-13
1.238540313704664e-13
1.097035794313148e-13
1.163037997183421e-13
1.001977331756426e-13
1.128612604243938e-13
8.323450610576114e-14
1.03106900765543e-13
8.023809266286447e-14
4.238869207197206e-15
-4.047382832988772e-13
-1.081046057495095e-12
-1.559714766077012e-13
8.441582290638786e-13
6.224298253288712e-13
3.367539090153895e-13
3.043824305060073e-13
2.747557915978421e-13
2.319224378387976e-13
2.126529132671108e-13
1.936194849653135e-13
1.738262523490856e-13
1.617971369380958e-13
1.470492744007822e-13
1.422290567096326e-13
1.417656011907517e-13
1.343349434622806e-13
1.35960744857514e-13
1.299976245833897e-13
1.279690200220948e-13
1.341127950243826e-13
1.321018126176112e-13
1.262123026141647e-13
1.359306568007898e-13
1.306308479004371e-13
1.241786223827333e-13
1.263924698877406e-13
1.329438826848537e-13
1.306605869349772e-13
1.329950250308813e-13
1.261594614184417e-13
1.252742082627888e-13
1.230322085607645e-13
1.265173672035228e-13
1.272434915409448e-13
1.273462980376995e-13
1.245097792563145e-13
1.241888283987468e-13
1.179352656487675e-13
1.239438101493839e-13
1.221082110206703e-13
1.232385246689587e-13
1.205339087879683e-13
1.238434932340591e-13
1.150953857895211e-13
1.23519259780643e-13
1.095991369011659e-13
1.178087834439186e-13
1.170050489788483e-13
1.223048566405932e-13
1.168433151991105e-13
1.250964978364101e-13
1.158862734241345e-13
1.224525000323491e-13
1.133641126950815e-13
1.226645237456406e-13
1.099428039965128e-13
1.272506209241941e-13
1.123141881643405e-13
1.165285111400867e-13
9.954263319779651e-14
1.107765006356043e-13
8.40431909484347e-14
1.07839723702818e-13
8.55416622023991e-14
1.10753920090144e-14
-4.085554946511447e-13
-1.089189724141726e-12
-1.396855837618501e-13
8.45552282941451e-13
6.138205293882545e-13
3.278530983493873e-13
2.961078610682153e-13
2.693264652550119e-13
2.29017403341991e-13
2.075717846658038e-13
1.920318752938188e-13
1.706726945804563e-13
1.59788457345052e-13
1.50919193614487e-13
1.435162902763045e-13
1.41514760431892e-13
1.325262521510268e-13
1.360082123912681e-13
1.291104502516361e-13
1.24606084753539e-13
1.331448134544574e-13
1.314390246755564e-13
1.250757820416662e-13
1.332466418963317e-13
1.300788798119509e-13
1.258305704100153e-13
1.275854046429961e-13
1.341704454978704e-13
1.281117874460625e-13
1.316801230886912e-13
1.27555713415568e-13
1.252046174843495e-13
1.263228335886576e-13
1.265354511310064e-13
1.233517925072621e-13
1.262828598167763e-13
1.218773994090327e-13
1.241480156317921e-13
1.194631300148236e-13
1.22831828348993e-13
1.25155750780862e-13
1.25050241261784e-13
1.225963126584583e-13
1.211079821327701e-13
1.107374691736519e-13
1.226097265262146e-13
1.128753923697792e-13
1.200848032084814e-13
1.181706251965036e-13
1.227330574765229e-13
1.146177292996698e-13
1.2304181796031e-13
1.15166874078159e-13
1.236414584020273e-13
1.125701389566655e-13
1.195268941043399e-13
1.124686560237851e-13
1.278097925722432e-13
1.111693888156662e-13
1.170756462993079e-13
1.002809605148829e-13
1.121915514018599e-13
8.862121696545961e-14
1.117809362087946e-13
8.833486605407432e-14
1.864473807435731e-14
-4.067824974253552e-13
-1.075361978526609e-12
-1.198531065866963e-13
8.333633608888348e-13
5.974586885060182e-13
3.170692181451018e-13
2.860829888792894e-13
2.629685865311414e-13
2.296878340271122e-13
2.0100867213722e-13
1.84833198678394e-13
1.699826105407611e-13
1.563597400218998e-13
1.5302195752133e-13
1.44486180825664e-13
1.378331146987577e-13
1.302044547148134e-13
1.354993280327594e-13
1.303971889268293e-13
1.24382665623327e-13
1.30081872243661e-13
1.302806824338195e-13
1.260492630959926e-13
1.300744534289723e-13
1.28613441190087e-13
1.273779186281502e-13
1.273292340007167e-13
1.331040895847992e-13
1.255782691507352e-13
1.306957507642282e-13
1.329396778097061e-13
1.261075988242464e-13
1.232781824981628e-13
1.255707404064933e-13
1.225766316987806e-13
1.265805089460611e-13
1.207493574918102e-13
1.235582023120079e-13
1.217950418824281e-13
1.224942814649923e-13
1.253099882437248e-13
1.259094027699595e-13
1.212265806605929e-13
1.204859757496897e-13
1.093323617231911e-13
1.216389800807537e-13
1.199589099845889e-13
1.204868181325564e-13
1.152450122534732e-13
1.220085166388657e-13
1.134399887144726e-13
1.215366925351068e-13
1.156265365930778e-13
1.254229215580729e-13
1.108040023579807e-13
1.171130192109367e-13
1.165337335934683e-13
1.267195975344869e-13
1.097415883943498e-13
1.188829712948497e-13
1.009657894543114e-13
1.136743998483163e-13
9.357907634191565e-14
1.154312636050197e-13
9.139314173739851e-14
2.698683382629991e-14
-3.970600945194419e-13
-1.042229081814384e-12
-9.833537835144874e-14
8.068540974096174e-13
5.74259267415414e-13
3.085341749765798e-13
2.750172370218631e-13
2.526584009882955e-13
2.229981920164741e-13
1.938899499419945e-13
1.80960722029502e-13
1.687435096213514e-13
1.515939117841624e-13
1.499791295902672e-13
1.425978915088039e-13
1.360624942919165e-13
1.313892457179782e-13
1.361988325086365e-13
1.315078654549682e-13
1.240986733631965e-13
1.277264433986339e-13
1.281096547887608e-13
1.256523768504904e-13
1.276048026549506e-13
1.272642340055175e-13
1.283401705529386e-13
1.274394529038962e-13
1.32140578527591e-13
1.21974419051164e-13
1.294890392866934e-13
1.362292773510152e-13
1.254897494916453e-13
1.237609358060999e-13
1.262727756165458e-13
1.218898797801246e-13
1.240680128234805e-13
1.207928246949838e-13
1.242814152880419e-13
1.221165902576029e-13
1.246292537408475e-13
1.249390193359907e-13
1.25159315478048e-13
1.181688521342088e-13
1.203924416416156e-13
1.145460227939205e-13
1.220588513855103e-13
1.222681539759127e-13
1.205098279688709e-13
1.130415708001471e-13
1.205243420433836e-13
1.124346215503642e-13
1.195478101269122e-13
1.148039820673939e-13
1.24106829131202e-13
1.109967704333197e-13
1.184819349076339e-13
1.174525237058226e-13
1.243836595200969e-13
1.104221112667775e-13
1.223229945578739e-13
1.028160700017493e-13
1.147895439455254e-13
9.837816762466496e-14
1.193066114649807e-13
9.437209090069463e-14
3.659740092561265e-14
-3.769470886453606e-13
-9.9086347743049e-13
-7.918545880923438e-14
7.683825091596239e-13
5.495388981852524e-13
2.982350792316377e-13
2.605324761053402e-13
2.397357106829539e-13
2.107151819401025e-13
1.857914229713292e-13
1.769510115373322e-13
1.638154924948644e-13
1.489707008536581e-13
1.485172649654288e-13
1.39889858074301e-13
1.34787548389975e-13
1.352634162006258e-13
1.354322020718517e-13
1.301652149806427e-13
1.25281034592704e-13
1.252846746882794e-13
1.252617815736315e-13
1.262288628528126e-13
1.261238759990575e-13
1.251837345723414e-13
1.29919360828227e-13
1.272591305748036e-13
1.297493453567806e-13
1.223904297995915e-13
1.281425640677151e-13
1.328742717079893e-13
1.270319607754152e-13
1.256767623208237e-13
1.258000785837155e-13
1.224240769560899e-13
1.220115544313876e-13
1.218110042500468e-13
1.248036181454214e-13
1.215794759399868e-13
1.263833861315167e-13
1.233507412168557e-13
1.241596817840782e-13
1.169847792274165e-13
1.195956780287838e-13
1.19771172125908e-13
1.223670373715963e-13
1.207491753833777e-13
1.209083272407399e-13
1.14554061868603e-13
1.200384844248147e-13
1.120177852353973e-13
1.174524741131539e-13
1.12921952572535e-13
1.196546977497021e-13
1.134616084870134e-13
1.236486595644941e-13
1.155093964791481e-13
1.210823483932012e-13
1.126178685564915e-13
1.25113940703063e-13
1.046619263130988e-13
1.168818680778572e-13
1.036037416869014e-13
1.228326467538091e-13
9.780552703299272e-14
4.76931169412716e-14
-3.472897301737426e-13
-9.222171672332e-13
-6.302311814765517e-14
7.206942060947357e-13
5.199599784772743e-13
2.817254622820368e-13
2.443182232866964e-13
2.261733788440956e-13
1.992820037196454e-13
1.778376633954624e-13
1.690258898537619e-13
1.586789003788899e-13
1.460395708931796e-13
1.456031404653077e-13
1.383842980813533e-13
1.335103750375344e-13
1.393863519694883e-13
1.33403999203171e-13
1.2636999677872e-13
1.27889642047965e-13
1.24264965811805e-13
1.237882820750911e-13
1.273309601700955e-13
1.24348226554922e-13
1.232284991422921e-13
1.319992502720695e-13
1.255760488463746e-13
1.262020809389313e-13
1.282308133001785e-13
1.266501168563402e-13
1.280301838647305e-13
1.290014251000961e-13
1.24709037286247e-13
1.247281688456526e-13
1.22014642986604e-13
1.237586740254275e-13
1.230728033270646e-13
1.240666642985516e-13
1.229189099332541e-13
1.255734403107076e-13
1.220976813809429e-13
1.21628379498966e-13
1.16683074411978e-13
1.210489334854809e-13
1.185796731279969e-13
1.223959250810002e-13
1.212962666290169e-13
1.214733656415346e-13
1.185963961683549e-13
1.201659761976061e-13
1.123602654018151e-13
1.158396169094813e-13
1.11548969851444e-13
1.190295115358983e-13
1.149878203818299e-13
1.241707082758602e-13
1.169524912438589e-13
1.195726712726338e-13
1.12349277601483e-13
1.268802370498143e-13
1.066463246841817e-13
1.179159927878611e-13
1.087199849663493e-13
1.261000658952768e-13
1.018653240960928e-13
6.060321905197428e-14
-3.078907056532743e-13
-8.384768851848943e-13
-4.989340306368696e-14
6.596557566054542e-13
4.818910560804291e-13
2.634080374124456e-13
2.300347131926847e-13
2.124448687549305e-13
1.883885263128312e-13
1.706612930672297e-13
1.609664103459608e-13
1.533337449303155e-13
1.430237891192203e-13
1.410849449163078e-13
1.369734662016063e-13
1.333231252301755e-13
1.37534399822687e-13
1.312370504809638e-13
1.250998511752663e-13
1.27502735086766e-13
1.229018673276442e-13
1.243927512129488e-13
1.284337581408e-13
1.241214290184177e-13
1.220911903822953e-13
1.309974989010624e-13
1.268509093365019e-13
1.249748445891728e-13
1.29270295951934e-13
1.236377211138408e-13
1.259916064154133e-13
1.305441714849958e-13
1.238443809905355e-13
1.250566080829177e-13
1.22409922433809e-13
1.241155173012201e-13
1.213733970326649e-13
1.241799799047625e-13
1.25468808191672e-13
1.246274719077089e-13
1.22749565851258e-13
1.205716093963962e-13
1.158485107757895e-13
1.218072602199574e-13
1.186086738781786e-13
1.21659504590457e-13
1.210401368719082e-13
1.236495237643378e-13
1.194734713409718e-13
1.192393294168186e-13
1.154933939064365e-13
1.151367332870024e-13
1.113800115999133e-13
1.207556954576421e-13
1.159040312639733e-13
1.233786121043531e-13
1.16628097744324e-13
1.192189366384729e-13
1.13031929569669e-13
1.252608413665071e-13
1.094344786933124e-13
1.196999117601074e-13
1.133333957292876e-13
1.288768189665255e-13
1.068391318981334e-13
7.391443702531452e-14
-2.589445577155378e-13
-7.389995224994431e-13
-3.854149504582403e-14
5.848011975047158e-13
4.380851365341011e-13
2.447661588856028e-13
2.156665485504543e-13
1.98801470421589e-13
1.77230762596184e-13
1.629211311777814e-13
1.527579177611919e-13
1.477624196713532e-13
1.41408530140883e-13
1.364807923895582e-13
1.339535670291884e-13
1.330077717362767e-13
1.320354559330417e-13
1.292732116747111e-13
1.272444176877594e-13
1.259516196723738e-13
1.217049646956343e-13
1.237013755627751e-13
1.272690200895477e-13
1.240631046374409e-13
1.223735059289998e-13
1.303527874793666e-13
1.288610101391825e-13
1.253687738162446e-13
1.26244145249252e-13
1.216002371142945e-13
1.259373400572575e-13
1.311938704297998e-13
1.244971289909559e-13
1.251031261826136e-13
1.23241628213546e-13
1.244314254732742e-13
1.196340218874389e-13
1.236432313430263e-13
1.278538024387277e-13
1.233655251294602e-13
1.218227654226356e-13
1.229710584336839e-13
1.161219184931511e-13
1.205309991417709e-13
1.220703592148296e-13
1.200831251072722e-13
1.189113653517407e-13
1.242441204851687e-13
1.182684281250705e-13
1.189494445271388e-13
1.183365531594347e-13
1.158907956767321e-13
1.124573327896194e-13
1.217450673818585e-13
1.170463811867256e-13
1.230806227500994e-13
1.163044331037522e-13
1.191734233694029e-13
1.139911199800626e-13
1.227234990761201e-13
1.116366986440447e-13
1.215888938846114e-13
1.173543611895169e-13
1.307058191015065e-13
1.125132484970731e-13
8.661753877379038e-14
-2.01349741581389e-13
-6.220232012698865e-13
-2.760805044826779e-14
4.972376994771888e-13
3.898885937197737e-13
2.250283263342225e-13
1.991511369669319e-13
1.842337758958222e-13
1.651638401524694e-13
1.547160410590562e-13
1.452570707265409e-13
1.419144312874158e-13
1.387645142837619e-13
1.329042724111062e-13
1.304237428880824e-13
1.303181333871905e-13
1.286948390884625e-13
1.271972984570545e-13
1.274563353174334e-13
1.269623348600516e-13
1.217444283756671e-13
1.212816004834288e-13
1.259502588525649e-13
1.238373535225309e-13
1.231321862209934e-13
1.295858004244249e-13
1.279128467351151e-13
1.262332421959554e-13
1.250481559522211e-13
1.221492531935116e-13
1.256187509979807e-13
1.294092558617015e-13
1.270459175866423e-13
1.254882122506657e-13
1.227931244475842e-13
1.245917152166842e-13
1.196887467262192e-13
1.236906807291575e-13
1.272079912260319e-13
1.224937389320143e-13
1.225275762095591e-13
1.240217288252144e-13
1.178128153701873e-13
1.197975382542058e-13
1.21220570922835e-13
1.188198615602833e-13
1.186158769303893e-13
1.223724178352503e-13
1.188303539572533e-13
1.209140139154931e-13
1.186564749398062e-13
1.164671204757268e-13
1.144991027863782e-13
1.22629008588449e-13
1.181908119460014e-13
1.213224844177427e-13
1.16865104962022e-13
1.18760961199018e-13
1.148277427953793e-13
1.236038369184416e-13
1.143533913295847e-13
1.216429856650075e-13
1.205913616327091e-13
1.311724817595585e-13
1.178788694870305e-13
9.921178439138868e-14
-1.359679015576933e-13
-4.877063203581899e-13
-1.741843871738934e-14
3.977816371797012e-13
3.37690836041945e-13
2.048300964263582e-13
1.80672429245072e-13
1.68182269674357e-13
1.527219712405623e-13
1.462779718427123e-13
1.384691507082575e-13
1.358524918826409e-13
1.348943927249807e-13
1.297858767752866e-13
1.270843219132294e-13
1.274333105508481e-13
1.269104906774077e-13
1.250258169998168e-13
1.251976043623447e-13
1.270688073188262e-13
1.223422510675238e-13
1.208128533816163e-13
1.260905391674856e-13
1.242296083832982e-13
1.235718771127458e-13
1.268859874637528e-13
1.265311560793027e-13
1.266565213859218e-13
1.25020707820422e-13
1.233515121783826e-13
1.247831948410193e-13
1.280748977126319e-13
1.279301658193716e-13
1.255038049438249e-13
1.22784810106374e-13
1.228067156959004e-13
1.205191158963781e-13
1.243056245397315e-13
1.255323907904387e-13
1.240607422307371e-13
1.246520851887595e-13
1.235671289158251e-13
1.192307006817351e-13
1.191851149306729e-13
1.19035539260435e-13
1.185598356717519e-13
1.195854649629287e-13
1.205506376035583e-13
1.193464267543086e-13
1.217818328995662e-13
1.177946744091609e-13
1.164878880758673e-13
1.16825975996869e-13
1.228624542181325e-13
1.194372483944996e-13
1.208400546941493e-13
1.17564251368381e-13
1.184744716463336e-13
1.167110102943214e-13
1.240574370348377e-13
1.172120147515424e-13
1.217567616816553e-13
1.234565469778334e-13
1.309038624161777e-13
1.228949971594484e-13
1.108415216114397e-13
-6.348841626695221e-14
-3.372307633336308e-13
-4.346072037070081e-15
2.889552610670768e-13
2.789149737194309e-13
1.828924276759639e-13
1.611537868425608e-13
1.517875298985719e-13
1.405588019231321e-13
1.371274652389319e-13
1.31363069656763e-13
1.302478831864748e-13
1.3041303887196e-13
1.26227187275621e-13
1.244241642961168e-13
1.253477626173877e-13
1.247312798906386e-13
1.231062805928634e-13
1.240257065287053e-13
1.253025901833142e-13
1.221264096951223e-13
1.212859831133015e-13
1.249472182807007e-13
1.242522724744679e-13
1.243621944964161e-13
1.25139850375419e-13
1.25895527066542e-13
1.260817165512822e-13
1.248305491706142e-13
1.246680995713092e-13
1.248102650239922e-13
1.269673289032775e-13
1.276801353354152e-13
1.250640647978854e-13
1.224478050680503e-13
1.222697824052046e-13
1.216216810501753e-13
1.242711642267685e-13
1.255004060468081e-13
1.255410017938657e-13
1.251713319661996e-13
1.226784200144276e-13
1.197460725685603e-13
1.19116531299465e-13
1.18242695008212e-13
1.184569510998543e-13
1.206586562001683e-13
1.197970937546776e-13
1.195358224830265e-13
1.211703999010376e-13
1.172482814634752e-13
1.16898488989165e-13
1.185110634735128e-13
1.226253579775707e-13
1.203075731947197e-13
1.205717725900678e-13
1.195258930859825e-13
1.189899639268912e-13
1.186396634212364e-13
1.233621099816878e-13
1.198956340024132e-13
1.222984627334899e-13
1.258489597206424e-13
1.297178568698556e-13
1.277297077069408e-13
1.207303840171915e-13
1.4398692686443e-14
-1.721904190055569e-13
1.314014248680916e-14
1.73523369607012e-13
2.143661590841326e-13
1.592239589380364e-13
1.404915701149025e-13
1.353508199785707e-13
1.284311138137855e-13
1.271421956158879e-13
1.24412122447769e-13
1.251323799717368e-13
1.25479730242479e-13
1.22791964219845e-13
1.222584017941887e-13
1.229390572161162e-13
1.227365544844909e-13
1.214906846845686e-13
1.230006511434282e-13
1.23679882907118e-13
1.214130603932109e-13
1.21246455735162e-13
1.237774671162924e-13
1.242562825793329e-13
1.245135243933905e-13
1.242681420490651e-13
1.256998167450094e-13
1.250811171763454e-13
1.243412820030283e-13
1.25207398112125e-13
1.254696003451547e-13
1.264821355663522e-13
1.271223225773968e-13
1.246572111036447e-13
1.223139262441699e-13
1.222428400400614e-13
1.226626423411795e-13
1.248032765481493e-13
1.250753603251748e-13
1.252106626241881e-13
1.252313523291435e-13
1.216849984661843e-13
1.205486237880458e-13
1.193736111494412e-13
1.175522483989332e-13
1.182779946608655e-13
1.215039946682368e-13
1.198700117697355e-13
1.201842079587448e-13
1.209865889626696e-13
1.177285561779029e-13
1.173918047081591e-13
1.195729670269239e-13
1.215794040688913e-13
1.213587055407582e-13
1.206020222674906e-13
1.204598567506061e-13
1.194031858163883e-13
1.213078592024676e-13
1.225008338146256e-13
1.229494595624924e-13
1.231602828712522e-13
1.278220566163197e-13
1.280862509599192e-13
1.321159712302187e-13
1.2876329115017e-13
9.507526989497591e-14
3.588837764042706e-15
3.480603333109245e-14
5.617522352672138e-14
1.469477451325802e-13
1.344455801062306e-13
1.188219732337353e-13
1.182275183373363e-13
1.160021029198097e-13
1.172288816372438e-13
1.174128269340156e-13
1.199768493398617e-13
1.204007377643096e-13
1.193128140590452e-13
1.201677965761673e-13
1.202980744099864e-13
1.211148007868102e-13
1.201061720352586e-13
1.21449804539075e-13
1.219928983393853e-13
1.208375057825315e-13
1.212107082910147e-13
1.230014787235825e-13
1.242850762548694e-13
1.242446139574569e-13
1.233505653136263e-13
1.252560641676035e-13
1.24217048659862e-13
1.243649570685306e-13
1.250929628017132e-13
1.259523102098295e-13
1.266458533500012e-13
1.266828313217882e-13
1.244221795089001e-13
1.223443957016147e-13
1.21715052308576e-13
1.238748874634397e-13
1.254476583572314e-13
1.236659418203163e-13
1.24497773635873e-13
1.25490465518658e-13
1.206740502738627e-13
1.21428458658902e-13
1.195569238594132e-13
1.16966246960209e-13
1.183760709525291e-13
1.222959858019874e-13
1.19615518891401e-13
1.210469069560506e-13
1.213760264061042e-13
1.180712936603447e-13
1.176505556793671e-13
1.20739296204371e-13
1.201294905191084e-13
1.226578054964892e-13
1.211033228717001e-13
1.210619282910872e-13
1.197036202488135e-13
1.238006741508827e-13
1.216786578535546e-13
1.264493175477529e-13
1.241696427219206e-13
1.296690619802038e-13
1.266099358552525e-13
1.360792092576068e-13
1.360610947921261e-13
1.762758477448242e-13
1.837608268921261e-13
5.957140209207925e-14
-5.847276988130272e-14
7.892756440888711e-14
1.089020097147122e-13
9.729808388375861e-14
1.005871795681063e-13
1.029033138259182e-13
1.079246924219561e-13
1.103531284242821e-13
1.146036719764276e-13
1.157737963333417e-13
1.151465362597955e-13
1.177059392080239e-13
1.182729848851657e-13
1.192528294059508e-13
1.18505150540503e-13
1.199554459894732e-13
1.203798835889317e-13
1.199266412088831e-13
1.211976969620044e-13
1.226062649802065e-13
1.244378357985514e-13
1.2384183834538e-13
1.219709659751891e-13
1.247740092897744e-13
1.230144033683818e-13
1.245252793842499e-13
1.258263691699713e-13
1.264153691647903e-13
1.266399838500154e-13
1.267631109480982e-13
1.246905794060058e-13
1.223437570800289e-13
1.208551484567038e-13
1.246533999495714e-13
1.255958997868237e-13
1.223304441993574e-13
1.238754227166385e-13
1.255255108273716e-13
1.19723309812731e-13
1.221613627949769e-13
1.194254815950474e-13
1.16576350549916e-13
1.189352098000802e-13
1.227996595912236e-13
1.189027206810871e-13
1.221883705543237e-13
1.211835983816764e-13
1.180356326557801e-13
1.181402044199804e-13
1.21939692391535e-13
1.18783404967554e-13
1.239826717407127e-13
1.216133700946366e-13
1.215189996603926e-13
1.207937372930999e-13
1.260737767964652e-13
1.204755450103527e-13
1.305184127903934e-13
1.252833890711915e-13
1.312856699510968e-13
1.255234686388855e-13
1.400072738421414e-13
1.439637091171631e-13
2.560226936400055e-13
3.616358394470764e-13
8.699418116516405e-14
-1.670294543553932e-13
1.166856750689928e-14
8.317735577517953e-14
7.614307804643195e-14
8.308273307148217e-14
9.056812124026799e-14
9.887393999775785e-14
1.035983711082158e-13
1.091710991722945e-13
1.109568286421922e-13
1.104311718879834e-13
1.150685489405994e-13
1.177633138006358e-13
1.169393740142548e-13
1.160410500172691e-13
1.188681320244067e-13
1.188715422532418e-13
1.192166441314641e-13
1.210305996937266e-13
1.218368263331962e-13
1.239426908188653e-13
1.235110146280942e-13
1.220425816912058e-13
1.244989119432665e-13
1.20615625979689e-13
1.245676738119215e-13
1.278192109321279e-13
1.263578164480804e-13
1.258805523589617e-13
1.265501715020977e-13
1.250369287378595e-13
1.232489156490652e-13
1.197040546558314e-13
1.246468195230675e-13
1.255803231408405e-13
1.215847363620727e-13
1.232510869641054e-13
1.24651164365905e-13
1.179280035164087e-13
1.224268797653977e-13
1.197972325462231e-13
1.171523589702214e-13
1.194196382784527e-13
1.23231663054108e-13
1.181430241123572e-13
1.233376317191313e-13
1.201671193223065e-13
1.178631039234208e-13
1.198529487381291e-13
1.236897132916005e-13
1.175029069230481e-13
1.251400899650278e-13
1.209851023533586e-13
1.212782390463915e-13
1.225514279609854e-13
1.285246059641863e-13
1.193282992934257e-13
1.339740363232386e-13
1.265447190680627e-13
1.330825822784408e-13
1.246553227080269e-13
1.440005994398802e-13
1.53379956587661e-13
3.325493293981628e-13
5.320066767124562e-13
1.180120307397421e-13
-2.663525772119146e-13
-5.372665750041511e-14
5.721302420827361e-14
5.370930665526633e-14
6.560801380281451e-14
8.03257291800169e-14
8.968585249508228e-14
9.682023626887542e-14
1.034702607577553e-13
1.063467724697287e-13
1.073936343229903e-13
1.133222276679014e-13
1.163509029980021e-13
1.13679837407556e-13
1.134446805925699e-13
1.177841405343512e-13
1.173670143205669e-13
1.185220427021401e-13
1.207410799783416e-13
1.208563989027626e-13
1.224063653332243e-13
1.2289172288975e-13
1.229216801702602e-13
1.243666908745673e-13
1.196865458988567e-13
1.246323158572856e-13
1.288109823595683e-13
1.25923786899227e-13
1.247650042174138e-13
1.25771628610327e-13
1.246752621747642e-13
1.242138003330239e-13
1.189899273552633e-13
1.246675454881297e-13
1.256139066405836e-13
1.217153256938504e-13
1.230222956510258e-13
1.232901442814488e-13
1.157058043305015e-13
1.221833727039517e-13
1.20324582382214e-13
1.177956727565949e-13
1.203083092565603e-13
1.237974519430788e-13
1.168442063385395e-13
1.239147858362694e-13
1.195954992675399e-13
1.183229275579862e-13
1.207473359902548e-13
1.257986764190622e-13
1.180423658779107e-13
1.259498355711017e-13
1.193197872448686e-13
1.212915427848562e-13
1.22839067691284e-13
1.30694114932085e-13
1.193025560376687e-13
1.365503923141161e-13
1.280092763398653e-13
1.359768880055989e-13
1.239865630474301e-13
1.473646300988797e-13
1.645564857563151e-13
4.04058006798594e-13
6.91433308413531e-13
1.524519396715536e-13
-3.549476325504795e-13
-1.162152201169489e-13
3.128278465861225e-14
3.176566469056631e-14
4.901444910372402e-14
7.091466246256532e-14
8.091596045184369e-14
9.047175094956128e-14
9.841009306352669e-14
1.017626029406145e-13
1.041530662427049e-13
1.099037888205152e-13
1.138201504647319e-13
1.120353117353786e-13
1.116943730250805e-13
1.179049278767437e-13
1.161189808279985e-13
1.165189328187587e-13
1.1978762567528e-13
1.194630669946643e-13
1.198240195925912e-13
1.216741584450447e-13
1.22727597826296e-13
1.253030248900814e-13
1.214526878056093e-13
1.247601605249668e-13
1.276487763701649e-13
1.261460126002527e-13
1.255614245434544e-13
1.253160185912162e-13
1.229607189076663e-13
1.241858252093777e-13
1.190680564203683e-13
1.244867918283691e-13
1.250905460453084e-13
1.212754017338018e-13
1.225674422506384e-13
1.229207380619126e-13
1.152418699826012e-13
1.216702681028627e-13
1.193536291545565e-13
1.184137149945665e-13
1.216223391011068e-13
1.243637622218328e-13
1.161040457926598e-13
1.236781743261233e-13
1.195481155557018e-13
1.20361951746502e-13
1.196000290771849e-13
1.262124002383518e-13
1.199763832355804e-13
1.263327478330799e-13
1.180863137748256e-13
1.229193303528364e-13
1.224075824209024e-13
1.320869605529374e-13
1.20415449674001e-13
1.392417226612319e-13
1.28752794051578e-13
1.395515373635226e-13
1.238737895832793e-13
1.49247598711965e-13
1.767074706436039e-13
4.68925879636471e-13
8.371464883291925e-13
1.914525172821909e-13
-4.31684104626882e-13
-1.762723973297029e-13
6.498459856802174e-15
1.238092968284779e-14
3.388844322948208e-14
6.211584344478761e-14
7.321160071292254e-14
8.311526080716668e-14
9.308453431512548e-14
9.887658462887061e-14
9.980477996465349e-14
1.05685501598705e-13
1.109426239874366e-13
1.106827175219543e-13
1.124405784695396e-13
1.17353709611584e-13
1.135583968614755e-13
1.164708304544657e-13
1.178333506718368e-13
1.162711616741054e-13
1.193253841636072e-13
1.215986250624527e-13
1.209861000988188e-13
1.256883842525152e-13
1.234340288232662e-13
1.25432362157114e-13
1.258871190583366e-13
1.244264865427596e-13
1.263837097123156e-13
1.26287710709735e-13
1.206790840801583e-13
1.235437245110642e-13
1.202181728288827e-13
1.237946771714499e-13
1.237013637699105e-13
1.20776419506451e-13
1.21772433206243e-13
1.227635246400228e-13
1.153876538282386e-13
1.208097052392281e-13
1.179454998556349e-13
1.2013658842053e-13
1.223035845775079e-13
1.250805200878994e-13
1.179516039312399e-13
1.228524222493571e-13
1.186297747545844e-13
1.232103045274152e-13
1.181172828857938e-13
1.254547836172602e-13
1.207698652759176e-13
1.255243118525988e-13
1.177840134079251e-13
1.265712431029646e-13
1.223897846063695e-13
1.324761825888467e-13
1.214986899788305e-13
1.410807826408367e-13
1.294560646674129e-13
1.428252958026798e-13
1.239088972393127e-13
1.514573084807273e-13
1.89388292716358e-13
5.252654050791768e-13
9.678337862941485e-13
2.358062682751613e-13
-4.956349941031452e-13
-2.335654323505875e-13
-1.68290390828339e-14
-3.002518680893515e-15
1.829083426994357e-14
5.06599329498664e-14
6.473627128278607e-14
7.605736329630365e-14
8.741680396132867e-14
9.598972650673076e-14
9.744111600999253e-14
1.044976388669688e-13
1.064400396654333e-13
1.075996778001238e-13
1.170911706177961e-13
1.155352206014082e-13
1.094977028046165e-13
1.183192347956451e-13
1.157827073822743e-13
1.137684319572832e-13
1.197375588366059e-13
1.212430478574215e-13
1.209760875774298e-13
1.250448322606537e-13
1.223161282588582e-13
1.250706948725142e-13
1.249473484866668e-13
1.218322187413903e-13
1.246667124016796e-13
1.264498289605468e-13
1.182226744454137e-13
1.232287762978036e-13
1.224518758315576e-13
1.240854771028013e-13
1.224812534742528e-13
1.221812861826253e-13
1.214376868891601e-13
1.214107704167819e-13
1.150669015208103e-13
1.196027762854913e-13
1.168919950449299e-13
1.223980100505363e-13
1.227950117419849e-13
1.254566776789439e-13
1.20084423575709e-13
1.219297035819021e-13
1.177576879042556e-13
1.263697951882159e-13
1.183525826539389e-13
1.24406538365408e-13
1.182953622648855e-13
1.236841853077336e-13
1.180552210142223e-13
1.312459724895163e-13
1.229282282014695e-13
1.32661230655758e-13
1.226597673914329e-13
1.423549629640631e-13
1.302100692844023e-13
1.465759159182424e-13
1.244389488125087e-13
1.528382419318774e-13
2.0209223263942e-13
5.728376733157697e-13
1.083462385778041e-12
2.847485566477025e-13
-5.464987142361893e-13
-2.867982505365881e-13
-4.04516533239733e-14
-1.525428601935003e-14
3.753290600354497e-15
3.532055422125831e-14
5.434169508657705e-14
7.209846243790478e-14
8.264224766289597e-14
8.957261590036422e-14
9.724050723122353e-14
1.039681341302182e-13
1.027923414686429e-13
1.073750530439572e-13
1.18641774521717e-13
1.136611305699418e-13
1.083741112067387e-13
1.178568874718864e-13
1.149622069077708e-13
1.152778917869707e-13
1.167187351839741e-13
1.186956483593848e-13
1.233010759462828e-13
1.253150088128497e-13
1.215003292917487e-13
1.248720071393811e-13
1.227380864887665e-13
1.207430440599316e-13
1.224169716499214e-13
1.240034677783449e-13
1.20451740464441e-13
1.247048106865039e-13
1.211086540732565e-13
1.230946606982399e-13
1.215280128313734e-13
1.225511875775033e-13
1.204054404093729e-13
1.207019577586827e-13
1.148499974658079e-13
1.180771858406192e-13
1.168689927780958e-13
1.242198180868254e-13
1.217142825858933e-13
1.261851900380744e-13
1.227194087676573e-13
1.215553624181205e-13
1.160119536687063e-13
1.276280507306079e-13
1.206334121557857e-13
1.232923140793126e-13
1.1275799003556e-13
1.224825617892494e-13
1.196968344129436e-13
1.366721194604171e-13
1.240043650701589e-13
1.328339280065087e-13
1.2585326926038e-13
1.441004864883395e-13
1.295454008551681e-13
1.506954934962879e-13
1.253246554270344e-13
1.517902416106765e-13
2.140157634757202e-13
6.119728366453933e-13
1.184030719438383e-12
3.371453161141567e-13
-5.859657807806234e-13
-3.347386910505036e-13
-6.392279265745405e-14
-2.762634510123913e-14
-8.931126594147891e-15
2.172727510706508e-14
4.780726640346717e-14
6.768411349186613e-14
7.805134253692931e-14
8.625292613279965e-14
9.636329137849767e-14
1.007662316582467e-13
9.969007241643253e-14
1.098671884782605e-13
1.153927455181274e-13
1.110384408449435e-13
1.104508060291041e-13
1.151492779296119e-13
1.144915505788762e-13
1.19091179272622e-13
1.139266267486317e-13
1.152076017894546e-13
1.216446852726632e-13
1.256638673337622e-13
1.254942379663664e-13
1.2589296048846e-13
1.210952112096086e-13
1.18704180226235e-13
1.190528759580113e-13
1.232418298456523e-13
1.233893454372874e-13
1.254216527788705e-13
1.19845252803609e-13
1.21665011421554e-13
1.203993882962214e-13
1.22086683991816e-13
1.176145103860576e-13
1.202971567736623e-13
1.159463429762942e-13
1.177886123085608e-13
1.168369570812876e-13
1.26183117035765e-13
1.206053183760135e-13
1.268305479546498e-13
1.240431352919635e-13
1.214304496567002e-13
1.151329068649504e-13
1.278155584147222e-13
1.202945842323903e-13
1.22219828655037e-13
1.110213146822045e-13
1.239422740686993e-13
1.200329241821312e-13
1.387332050626501e-13
1.242199754931268e-13
1.333773764350654e-13
1.301678701247357e-13
1.453975986668301e-13
1.295980950776071e-13
1.52745241996096e-13
1.260885408956943e-13
1.511869813300209e-13
2.216169775458828e-13
6.41425283287712e-13
1.272065942233995e-12
3.893336780336237e-13
-6.160220053685883e-13
-3.769743134758414e-13
-8.269194030158801e-14
-4.160531833250585e-14
-2.122332798508528e-14
1.63928530689819e-14
4.530238684611522e-14
6.184741316596992e-14
7.272294735091398e-14
8.247979266826276e-14
9.333187130633923e-14
9.685372348675482e-14
9.611987944348104e-14
1.113187678456293e-13
1.13338145165889e-13
1.104647540360571e-13
1.140907273808565e-13
1.117862102936266e-13
1.138956789814743e-13
1.209570444018717e-13
1.131315314890523e-13
1.154587076843471e-13
1.183177427244518e-13
1.244592768432207e-13
1.282074804924863e-13
1.247888882207366e-13
1.209681311429594e-13
1.187528443963837e-13
1.159629351207428e-13
1.225999363073357e-13
1.209563367548211e-13
1.240303442426962e-13
1.231370079210529e-13
1.227284789003548e-13
1.18902534865362e-13
1.219789881229565e-13
1.152468131662569e-13
1.187692442469938e-13
1.186717750564636e-13
1.183571552725316e-13
1.153905223310635e-13
1.287336179317533e-13
1.194643729798151e-13
1.259511700061494e-13
1.216260564498247e-13
1.211334644559429e-13
1.163680496475839e-13
1.28323581994393e-13
1.200745064033317e-13
1.219207107506698e-13
1.140943978398629e-13
1.262484182657801e-13
1.181929486438215e-13
1.367891082953968e-13
1.23402790051018e-13
1.361201767953447e-13
1.317805508966805e-13
1.451722082282267e-13
1.317369785464435e-13
1.533799954591108e-13
1.283276064014516e-13
1.534154240476305e-13
2.269227312900654e-13
6.615029542807018e-13
1.343433444364438e-12
4.38015183742378e-13
-6.34123146037571e-13
-4.122424906127709e-13
-9.845575952429685e-14
-5.549467366569913e-14
-3.184966321905626e-14
1.295151995152952e-14
4.398580378381792e-14
5.737223645541994e-14
6.761057783655082e-14
7.871097792018305e-14
9.040803524771292e-14
9.495300207117275e-14
9.498777910408378e-14
1.099414341095208e-13
1.115303972083466e-13
1.110709059293621e-13
1.150108887948951e-13
1.090975894644786e-13
1.154250035996985e-13
1.202015590815198e-13
1.127610459958262e-13
1.205864808168062e-13
1.169541304319474e-13
1.213702835244454e-13
1.272481313251053e-13
1.212939973400739e-13
1.204943656171296e-13
1.228483740759453e-13
1.133510451155742e-13
1.201961814160273e-13
1.232838375703988e-13
1.242170136929712e-13
1.228300966060284e-13
1.230733621767275e-13
1.173350186205413e-13
1.228197038845007e-13
1.143029433832749e-13
1.16679045728743e-13
1.215531802774047e-13
1.201050000551465e-13
1.138199337883957e-13
1.294604425213334e-13
1.17097619481147e-13
1.241184546986562e-13
1.193597213311226e-13
1.196767453919563e-13
1.174592636628089e-13
1.288903764293678e-13
1.203152387189448e-13
1.232499661451106e-13
1.174276492842199e-13
1.283797808323665e-13
1.160151717547355e-13
1.356760040688228e-13
1.234194701627758e-13
1.370803288691273e-13
1.325588025204363e-13
1.46311560887907e-13
1.322930816409761e-13
1.532721538937519e-13
1.328396752861725e-13
1.57297989076462e-13
2.324061057321553e-13
6.72130085333478e-13
1.393433843483914e-12
4.775226281899966e-13
-6.34378860905823e-13
-4.364682705273066e-13
-1.113915024148331e-13
-6.728170882936259e-14
-4.097440577777378e-14
6.948420097233617e-15
4.138280365578647e-14
5.238377326671921e-14
6.456062105032996e-14
8.102140955377239e-14
8.733933394629761e-14
9.326274538754662e-14
9.786855148180441e-14
1.075108510333667e-13
1.095970839337573e-13
1.118000636948129e-13
1.127085217455051e-13
1.099200539316751e-13
1.166181354666708e-13
1.170768862261848e-13
1.130425531112951e-13
1.222321275404455e-13
1.16358836686337e-13
1.197575249839365e-13
1.244634041451612e-13
1.202836380364484e-13
1.201787160518091e-13
1.245741811412753e-13
1.143780851100041e-13
1.206834477315684e-13
1.248231727710717e-13
1.236763964526581e-13
1.214917356179304e-13
1.219756322728337e-13
1.167690056369396e-13
1.220787490608857e-13
1.138146413708835e-13
1.184999016442536e-13
1.217925787041562e-13
1.225502476270143e-13
1.137029740030496e-13
1.272639922456509e-13
1.162649403950906e-13
1.219219862950657e-13
1.179881118559781e-13
1.204456629706565e-13
1.180867230917076e-13
1.27235023134035e-13
1.19288328562167e-13
1.269908811893113e-13
1.184380351451332e-13
1.291071338655649e-13
1.159171876376416e-13
1.356993738218838e-13
1.236721917776182e-13
1.379276801850468e-13
1.343872296605799e-13
1.478066926603128e-13
1.318233154983143e-13
1.549539938201929e-13
1.379516566730618e-13
1.605825972693239e-13
2.37514743475777e-13
6.734200579275108e-13
1.417523102282096e-12
4.9458215889719e-13
-6.124081546904782e-13
-4.431752432518737e-13
-1.218354167265592e-13
-7.692971923541272e-14
-4.597402407191115e-14
3.09720249420538e-15
3.498370408748228e-14
4.997625999911018e-14
6.293344473993488e-14
8.131458514354171e-14
8.684597807641738e-14
9.305714173652613e-14
9.981726582558045e-14
1.040297325619342e-13
1.07343289834453e-13
1.113331803986355e-13
1.118435486872141e-13
1.144491155224564e-13
1.15320087905024e-13
1.145372440166351e-13
1.134729488388427e-13
1.20186421204375e-13
1.185394144805942e-13
1.187630792427936e-13
1.205431994767909e-13
1.231675427010223e-13
1.195691006576123e-13
1.223438162417681e-13
1.179574576383158e-13
1.219677482197157e-13
1.211961616491617e-13
1.223900709375949e-13
1.241334222523879e-13
1.213421247413257e-13
1.153049603544483e-13
1.219018069543338e-13
1.136223123167386e-13
1.194409801223401e-13
1.20841047458103e-13
1.247503025743441e-13
1.160508611896975e-13
1.25665417962516e-13
1.150300556520535e-13
1.183538890251065e-13
1.168988835256455e-13
1.245694095298427e-13
1.181844705029748e-13
1.253078624011206e-13
1.183217775360938e-13
1.285828027602903e-13
1.182651767978631e-13
1.291265168494646e-13
1.183340261201918e-13
1.346934325640101e-13
1.225191391245657e-13
1.408223454642073e-13
1.341223478513342e-13
1.478647835260241e-13
1.340395316824621e-13
1.604333607422719e-13
1.438412959199491e-13
1.647362028571923e-13
2.458560981842513e-13
6.708712804123541e-13
1.407398783828289e-12
4.77357490085823e-13
-5.699239885597199e-13
-4.281709532375341e-13
-1.308408802313146e-13
-8.325143139670803e-14
-4.748459262485498e-14
2.299363944505382e-15
3.118101437908427e-14
5.077888448396224e-14
6.145348327215693e-14
7.850186572015124e-14
8.947332654723808e-14
9.346264970423399e-14
9.851949800990404e-14
1.01366488987982e-13
1.049910672150531e-13
1.094410646456181e-13
1.107855330651997e-13
1.181138711013431e-13
1.150623390830763e-13
1.136041491204853e-13
1.141405072223886e-13
1.189817992077602e-13
1.213069047940617e-13
1.19353740536525e-13
1.177141573502081e-13
1.243077211052859e-13
1.185758231595623e-13
1.199185838215005e-13
1.197992846960263e-13
1.218000443246776e-13
1.188722132100648e-13
1.233668447315351e-13
1.250999526838499e-13
1.215457974692904e-13
1.142220829546651e-13
1.23372359142923e-13
1.149089009673876e-13
1.180963169389125e-13
1.201398156371249e-13
1.259621888113176e-13
1.184099574229758e-13
1.244555459767599e-13
1.137055668131086e-13
1.16328547234432e-13
1.155283737051852e-13
1.275978756549304e-13
1.183325218721159e-13
1.259274636806911e-13
1.185786692668948e-13
1.279526795057137e-13
1.194329297392328e-13
1.294038611980744e-13
1.189372876116814e-13
1.344759710743041e-13
1.217920130473172e-13
1.404265595025963e-13
1.319404819878584e-13
1.480564086205453e-13
1.362173645741905e-13
1.640243557444353e-13
1.48768664898053e-13
1.740914134750611e-13
2.629674909407588e-13
6.706279280687559e-13
1.360430368985311e-12
4.347742691663112e-13
-5.207276575644848e-13
-3.992729359811647e-13
-1.334143001702008e-13
-8.628720334846693e-14
-4.912404379722813e-14
2.338233826635238e-15
3.002398434252357e-14
4.986323439623148e-14
6.074735979871521e-14
7.843665879415787e-14
9.070811600724381e-14
9.272667598232823e-14
9.756065910322369e-14
1.011100125424125e-13
1.029101171108136e-13
1.074986539337671e-13
1.103771876081856e-13
1.201477881355683e-13
1.154825472882452e-13
1.126457394582603e-13
1.158540393336768e-13
1.184045823526943e-13
1.208594702582633e-13
1.212899778243905e-13
1.167388379616165e-13
1.237813522564061e-13
1.185609081797286e-13
1.1898237449166e-13
1.203508504771667e-13
1.215523469499602e-13
1.183789968773964e-13
1.237831570360179e-13
1.23799492929938e-13
1.222609399227274e-13
1.141739536538155e-13
1.228336090268876e-13
1.175203531630821e-13
1.192100469635242e-13
1.188882171109818e-13
1.249538181315825e-13
1.189368165917268e-13
1.239403453491871e-13
1.145884011763332e-13
1.164928124409704e-13
1.137919535168481e-13
1.283311453927356e-13
1.175053885510703e-13
1.268319592956517e-13
1.197955652824758e-13
1.281429548226378e-13
1.211080894223604e-13
1.284733296741001e-13
1.18314043388776e-13
1.356437090233422e-13
1.215871887921576e-13
1.403671160043461e-13
1.309815323267234e-13
1.474675379978112e-13
1.364027717356551e-13
1.650497774526094e-13
1.512988753410887e-13
1.855552343318106e-13
2.860410604442903e-13
6.762765414510752e-13
1.293045805765136e-12
3.974115512594704e-13
-4.821295329917247e-13
-3.746382510845076e-13
-1.331799716573853e-13
-8.737151598402697e-14
-5.044749674973585e-14
1.830071211580172e-15
2.959892388638576e-14
4.932000096451665e-14
6.094786477195234e-14
7.898869028789074e-14
9.058749565006234e-14
9.227456339565167e-14
9.741836647475953e-14
1.009349755478631e-13
1.014830604070347e-13
1.062678351781249e-13
1.100752279062725e-13
1.211678927146466e-13
1.154018809591965e-13
1.12335358325918e-13
1.170373456431096e-13
1.178943788206988e-13
1.20557201655858e-13
1.220565975691516e-13
1.160191100458757e-13
1.23692038475323e-13
1.197028470495781e-13
1.182731093993727e-13
1.196613778789024e-13
1.213651974221619e-13
1.185610024633025e-13
1.245017311201279e-13
1.228874145718617e-13
1.223679851242282e-13
1.141701094302534e-13
1.226330629067396e-13
1.19225316624713e-13
1.19638723134056e-13
1.184291029964102e-13
1.241170464845851e-13
1.189120730635582e-13
1.244630671008169e-13
1.154064708089803e-13
1.169030939466919e-13
1.131161816640251e-13
1.274354772798533e-13
1.168383704074298e-13
1.280397818938494e-13
1.204210216166655e-13
1.282487860016948e-13
1.215641750927866e-13
1.281135954046875e-13
1.180920815400416e-13
1.353837832872766e-13
1.208647333601233e-13
1.411118048901776e-13
1.313291734759336e-13
1.472880706255198e-13
1.360871141580785e-13
1.653636100909797e-13
1.528708380866126e-13
1.938733003292789e-13
3.037797987241357e-13
6.823179824384535e-13
1.237762842541173e-12
3.799187366151491e-13
-4.576204867388479e-13
-3.6131235586248e-13
-1.332162203988057e-13
-8.782795389408054e-14
-5.136664683041476e-14
1.582242806156456e-15
2.931805170209481e-14
4.896970627835362e-14
6.10332731670599e-14
7.903330901121237e-14
9.051428276485459e-14
9.197272507856887e-14
9.735682379957892e-14
1.009426896968395e-13
1.00788119829002e-13
1.055826943008174e-13
1.096365134087423e-13
1.216713671705643e-13
1.153093184119176e-13
1.121904652814282e-13
1.175734387850784e-13
1.176048661874866e-13
1.20448528093183e-13
1.22169549192443e-13
1.157419660712305e-13
1.238412610808909e-13
1.204644128795841e-13
1.176928092161181e-13
1.192829844170202e-13
1.213971196226686e-13
1.184556073581265e-13
1.252127033789242e-13
1.22632602019215e-13
1.222639582881271e-13
1.141533889090043e-13
1.224035979248984e-13
1.199253174873056e-13
1.19773600789715e-13
1.184236187271012e-13
1.238848157630978e-13
1.188439805557942e-13
1.246438191021094e-13
1.158312941135147e-13
1.172315465460743e-13
1.129166029659759e-13
1.268096384437731e-13
1.164032935653083e-13
1.284895031123785e-13
1.208653083163373e-13
1.285119650404438e-13
1.21495218025389e-13
1.28052309487788e-13
1.182548680941438e-13
1.350895629258077e-13
1.203990708807109e-13
1.41340416458167e-13
1.315110401127503e-13
1.473817728133129e-13
1.359561233865776e-13
1.653573142731489e-13
1.536600025872317e-13
1.984538992833482e-13
3.130336027339355e-13
6.832456592067479e-13
1.204992091494905e-12
3.739649192550803e-13
-4.433284974920819e-13
-3.548504978485257e-13
-1.336233452481348e-13
-8.810964737539601e-14
-5.195062937635157e-14
1.393977740633768e-15
2.908297989997169e-14
4.865174200371813e-14
6.102771939421817e-14
7.894692906555026e-14
9.047275032219598e-14
9.174315788565144e-14
9.730734360034198e-14
1.009657616851679e-13
1.00513688347337e-13
1.052332001074106e-13
1.0916943358707e-13
1.219132877873828e-13
1.153332143270729e-13
1.120812311757544e-13
1.177863052620529e-13
1.174865736138709e-13
1.204216379674328e-13
1.221525167768494e-13
1.156617701673666e-13
1.238989980473065e-13
1.208905923091106e-13
1.173727019776196e-13
1.191213422570677e-13
1.214559177803377e-13
1.183237575332786e-13
1.256553801263424e-13
1.225685974422394e-13
1.221591664827474e-13
1.142373465139834e-13
1.221107239070404e-13
1.202073020564587e-13
1.198779651788881e-13
1.184548743328576e-13
1.239045027847283e-13
1.188003734679172e-13
1.246452003223863e-13
1.161933490588903e-13
1.173768724847768e-13
1.127910762157123e-13
1.265588246989974e-13
1.161154697780934e-13
1.286743536208444e-13
1.211582866139509e-13
1.287250272287473e-13
1.213915100786352e-13
1.280452112819184e-13
1.184719750174595e-13
1.3493537061888e-13
1.200440890318322e-13
1.412957744513524e-13
1.317488280501053e-13
1.475091838014127e-13
1.358037924269923e-13
1.653562812514787e-13
1.540047191777346e-13
2.00771587694111e-13
3.175195125002054e-13
6.816284371487076e-13
1.187262619281672e-12
3.715220419354397e-13
-4.339697918840184e-13
-3.509789885245818e-13
-1.339303357191852e-13
-8.827934582523623e-14
-5.235003968876994e-14
1.174305071649241e-15
2.887873229969129e-14
4.842124233438087e-14
6.094784363141838e-14
7.881950167322536e-14
9.042005034194818e-14
9.157737297746327e-14
9.722600815146928e-14
1.009878985110445e-13
1.003699327122337e-13
1.049902148637072e-13
1.088671154171653e-13
1.220398744015467e-13
1.153353363574046e-13
1.120014407820799e-13
1.178790124362971e-13
1.174101626183925e-13
1.204118057494292e-13
1.221220235539752e-13
1.156776866742711e-13
1.239269124144393e-13
1.211135582822266e-13
1.172044724956426e-13
1.190722267599582e-13
1.21491699219638e-13
1.182518572247359e-13
1.259208735021433e-13
1.225251995324553e-13
1.221115171228827e-13
1.142993294752433e-13
1.218713731616523e-13
1.203326901782161e-13
1.19952879081782e-13
1.184938435658763e-13
1.239503068348123e-13
1.188008122640063e-13
1.246204081399573e-13
1.164524075249781e-13
1.174262815393442e-13
1.127430801582084e-13
1.264533055997174e-13
1.159882327975742e-13
1.287692322856458e-13
1.213189242294472e-13
1.288386535504384e-13
1.213678825750251e-13
1.280365557187516e-13
1.186321857233756e-13
1.348299967260016e-13
1.19881659427604e-13
1.412282339826082e-13
1.319074467409478e-13
1.475780019376994e-13
1.357194850873421e-13
1.653279453467584e-13
1.542173301579907e-13
2.021081741700972e-13
3.200049830687784e-13
6.800463707324788e-13
1.176062269010534e-12
3.690202901445874e-13
-4.307399090094963e-13
-3.489281981816868e-13
-1.33927267590249e-13
-8.829888237104575e-14
-5.250394504362239e-14
1.105901955168561e-15
2.882098629905629e-14
4.835985721640801e-14
6.097230610344306e-14
7.879821187791775e-14
9.041696927672915e-14
9.155384652708321e-14
9.723446882521576e-14
1.010298621816337e-13
1.003221013992511e-13
1.048764144661519e-13
1.087173736736927e-13
1.220833109813466e-13
1.153544727645843e-13
1.12020547252118e-13
1.179016321111352e-13
1.17350635456579e-13
1.203682928180259e-13
1.221216113208616e-13
1.156901551795674e-13
1.238995153591381e-13
1.211960936509626e-13
1.171174980376612e-13
1.190246292095805e-13
1.215159733849027e-13
1.182282982675728e-13
1.260752569211345e-13
1.224822837006291e-13
1.220932290719641e-13
1.143184158161257e-13
1.217279872743313e-13
1.2034977187634e-13
1.199864305562679e-13
1.185055292230786e-13
1.239827593809789e-13
1.18757856862054e-13
1.246076642281213e-13
1.165671976848587e-13
1.174295631753636e-13
1.127088116433606e-13
1.263916210921464e-13
1.158888262297085e-13
1.287764579367617e-13
1.213587934436427e-13
1.288817929885468e-13
1.213547797386208e-13
1.280871167582059e-13
1.186702452914499e-13
1.347685870815665e-13
1.19795656539106e-13
1.411814182115546e-13
1.319792732474678e-13
1.476297840518362e-13
1.356647154071465e-13
1.653289382962511e-13
1.543738475348203e-13
2.029054544694524e-13
3.215063921661166e-13
6.799968679984179e-13
1.171558702452173e-12
3.699679907754978e-13
-4.294133377314556e-13
-3.490527403354703e-13
-1.337115964243164e-13
-8.821652647914476e-14
-5.27449515994896e-14
1.233600332157736e-15
2.887018368844797e-14
4.81469321439205e-14
6.106456599715622e-14
7.894785970316496e-14
9.037175275549614e-14
9.147222005498088e-14
9.7329028900041e-14
1.01045775128203e-13
1.00250289096649e-13
1.048599215344151e-13
1.086017113654281e-13
1.220119718031078e-13
1.154746276356846e-13
1.122346657942828e-13
1.179123980588184e-13
1.17286017254981e-13
1.202919750778181e-13
1.220759570047702e-13
1.157229560725794e-13
1.238070051302815e-13
1.211316722680354e-13
1.171037967876122e-13
1.18959696673371e-13
1.214660460918427e-13
1.182944510955346e-13
1.262988693883348e-13
1.224663527983768e-13
1.221892858280601e-13
1.142273051440916e-13
1.216379932331599e-13
1.203284522576661e-13
1.199727644743719e-13
1.185679314438603e-13
1.240337046787043e-13
1.186495356412372e-13
1.246498010622173e-13
1.166736410384053e-13
1.173968190957345e-13
1.125968216749429e-13
1.264051204714924e-13
1.15899176940094e-13
1.287471793367762e-13
1.213360137471077e-13
1.287173320209652e-13
1.213056093402295e-13
1.283318430278123e-13
1.18625023474512e-13
1.347150083498202e-13
1.197205802504251e-13
1.411439069744884e-13
1.319849796361643e-13
1.478364503368055e-13
1.354811671369146e-13
1.653231464328882e-13
1.544875162292673e-13
2.033290318727068e-13
3.219114507868179e-13
6.783194057838643e-13
1.170206801607475e-12
)
;

boundaryField
{
    inlet
    {
        type            cyclic;
    }
    outlet
    {
        type            cyclic;
    }
    bottomWall
    {
        type            zeroGradient;
    }
    topWall
    {
        type            zeroGradient;
    }
    left
    {
        type            cyclic;
    }
    right
    {
        type            cyclic;
    }
}


// ************************************************************************* //
