	0.91879351
0.0544191913779456457	0.51469599
0.107284564527820009	0.52955634
0.157199341102769619	0.50770696
0.206356414521824238	0.50112695
0.255402942232100139	0.49399784
0.305045393711926405	0.48855004
0.35585129586435682	0.48435335
0.408298442482505908	0.48022095
0.462905750394356774	0.47619608
0.520242748837675739	0.5063904
0.576856182607486723	0.5030379
0.633127721436195223	0.49580664
0.689875184933584684	0.48816826
0.747998037739293742	0.49240483
0.807017415378487368	0.50934301
0.864954185154731658	0.51982987
0.920680849915347377	0.51238355
0.975060683776776016	0.50575877
1.02882132727979791	0.4996837
1.08261600097065447	0.4939558
1.13706892327715203	0.49430413
1.19214930664407848	0.50291245
1.24691071073336235	0.49776285
1.30191823511824256	0.49255018
1.35775774762018253	0.49109251
1.41461008306607283	0.50485509
1.47091568077283652	0.50213887
1.52698144374527001	0.49957274
1.58309515738334916	0.49734538
1.63950838283169253	0.49540306
1.69644507741092476	0.49363687
1.75411570299318642	0.49196425
1.81272832069085932	0.51166013
1.87000522597918661	0.50567996
1.92663877867054056	0.49895409
1.98339104676433453	0.49230844
2.04102998126976187	0.48551763
2.10038821149735577	0.50574122
2.15907260225273046	0.51055434
2.21654385095958739	0.50986164
2.27290350202554903	0.50578574
2.32861844866490841	0.50204272
2.38410670185945417	0.50545907
2.43899566920103572	0.50178816
2.49368903576713175	0.49569216
2.54885771794478311	0.48970712
2.60518596003944491	0.48315632
2.66347790330464651	0.49254488
2.72265214895979701	0.51353804
2.78026642561513215	0.51294734
2.83642645651458958	0.50636762
2.89188026939705534	0.50048822
2.94727998741290342	0.49465867
3.00327791216688	0.48876828
3.06056264944229817	0.49864981
3.11800249568821508	0.50703879
3.17464495296105209	0.5021893
3.23104047698257402	0.49998228
3.28743799930750225	0.49493497
3.34441267811897447	0.49773458
3.40164667476428928	0.50398692
3.45842790725642413	0.49818141
3.51541641747088285	0.49632095
3.57282736353795682	0.49296292
3.6310578542998786	0.48564437
3.69100963566832041	0.50280979
3.75062639579039336	0.50105317
3.81011784615962812	0.50143632
3.86943888889295673	0.5138139
3.92716508422932886	0.50814206
3.98396632177607524	0.50280433
4.04045075778949858	0.49984695
4.09695248946110802	0.49706795
4.15378750686317044	0.49215096
4.21152895446210618	0.48727889
4.27077782464886724	0.49104165
4.33110760540075646	0.50946147
4.3903169704266789	0.50451373
4.4489966076594305	0.49973875
4.50770692115840976	0.49514553
4.56699283805239453	0.50123169
4.62613306978911432	0.50076944
4.68518243220568564	0.49492844
4.74483687663606002	0.5008504
4.80439003252543184	0.50088106
4.86383843350803335	0.49443055
4.92395648311615108	0.50088788
4.98396796629842065	0.50934459
5.04287846094106307	0.50751468
5.10091667849484054	0.50293298
5.15861643208150511	0.49840883
5.21650039249088149	0.49417568
5.27506656903160476	0.50410085
5.33315631036520266	0.50115977
5.39111162169810587	0.49752516
5.44935521982141235	0.49178407
5.50857185707959296	0.49900703
5.56790632960215959	0.50955042
5.62612870623916184	0.50381584
5.68391011423537673	0.49840287
5.74187668227843151	0.49745928
5.80013930888255658	0.49348244
5.85917142600634033	0.50693524
5.91739594073379926	0.5070739
5.97480819806394159	0.50277797
6.03190323826838704	0.49869965
6.08914715295516284	0.49477358
6.14699575032488799	0.49998192
6.20484643985591067	0.5074958
6.26184266468053696	0.505006
6.31827390013757206	0.50435286
6.37421810150415258	0.50059264
6.43009607127694949	0.49695358
6.48631658362817376	0.49342069
6.5432867446386922	0.49391732
6.60095850329936606	0.49187466
6.65958294953003715	0.49970112
6.71824245974611856	0.50036614
6.77685904622001178	0.50392909
6.83501860405872019	0.50556921
6.89253749261339088	0.50255362
6.94976411112416059	0.49873563
7.00713580819353155	0.50288811
7.06417801746988339	0.50920225
7.12018936545681669	0.50521731
7.17562229231641791	0.50511486
7.23049389788333929	0.50204926
7.28514152911808566	0.49832658
7.33997267133216269	0.49458285
7.39540437713475729	0.4941927
7.45148746595884681	0.49289013
7.50837954493806059	0.49132703
7.56627589046384674	0.50027315
7.62414062400227177	0.4963375
7.68243234442661826	0.49245347
7.74161734733187501	0.49676946
7.80118723590023855	0.49974548
7.86078746279112828	0.49613909
7.92085149334818439	0.50549575
7.98026250789018299	0.51028594
8.03847596230350447	0.50791103
8.09578270587326543	0.50423831
8.15260776549306065	0.50047453
8.20937894549054192	0.49961975
8.26619333328159733	0.49742922
8.32330134530312193	0.4968558
8.38077074814645862	0.50222972
8.43798500696302867	0.50099512
8.49508562231547337	0.49932834
8.55226304556518713	0.50552759
8.6088152737065613	0.5096192
8.66430006327473379	0.50356973
8.71939152969687647	0.49743039
8.77476758559155634	0.49081918
8.83117945550597661	0.4836282
8.88950098235185138	0.50139615
8.94766011099525294	0.5071109
9.00500371076565109	0.50720724
9.06153247826026309	0.50726234
9.11725193868386619	0.50280924
9.17266008918842779	0.49697254
9.22840577514187466	0.49063171
9.28521588874149906	0.4965809
9.34241715633914538	0.49302349
9.40042784801697273	0.50046477
9.45838466638867992	0.50782929
9.51544795469614968	0.50040633
9.57246490798638305	0.50069494
9.62940272406071252	0.50682278
9.68557405053687148	0.49881238
9.74187911528886552	0.4908043
9.7992391104618779	0.48700995
9.85812907308246977	0.49850156
9.91719605267001825	0.5053261
9.97564047080192395	0.50382536
10.0336411415469868	0.50025228
10.0916125626437214	0.49890966
10.1497106772337737	0.50018279
10.2077875596081498	0.49602805
10.2663294932362898	0.49195918
10.3258282652158062	0.50709747
10.384494276360364	0.5054256
10.4425305251002385	0.49970959
10.500600502131288	0.49651212
10.5590784065869414	0.49809015
10.6177805359772002	0.50582068
10.6758071565363171	0.50196839
10.733606234487608	0.50365072
10.7909863551145175	0.50958215
10.8472875041888575	0.50865416
10.9026307549950623	0.50597682
10.9573202669992842	0.50240748
11.0117477127378081	0.50062998
11.0661066682893203	0.50527274
11.1198983641173221	0.50206363
11.1734689598399335	0.49910661
11.2271354452321948	0.49633002
11.2811987530062527	0.4937761
11.3359435127216948	0.49901039
11.3907968393992807	0.51226669
11.444336653418306	0.50902983
11.4969267084709728	0.50622581
11.5488699860057693	0.5035717
11.6004448439642793	0.50107118
11.6519094459503396	0.49878533
11.7034993774230944	0.49657378
11.755445264663436	0.49410532
11.8080108672056099	0.49292577
11.8613308651363738	0.49065589
11.9156662956323363	0.48779283
11.9713614872332457	0.49063574
12.0281196755005393	0.50495071
12.084321387157706	0.50279235
12.1402109720525004	0.50276167
12.1957935551078709	0.50009537
12.2513655382751008	0.49686275
12.3072884090775361	0.49367205
12.3639281056784931	0.49239485
12.4214426150012258	0.49163129
12.4799361553576169	0.49528616
12.5389864030200027	0.504609
12.5974972977166164	0.50090515
12.655902461949637	0.4975066
12.7146003402490315	0.49415436
12.7739925895372259	0.4917771
12.8343779245355556	0.50854946
12.8937480935955708	0.50484672
12.952548286487275	0.50153865
13.0111680887838705	0.4982046
13.0699991417303867	0.49488806
13.1294378898959199	0.49273595
13.1897529002774032	0.50366584
13.2496289190134782	0.50647121
13.3087398988159542	0.50274592
13.367528024213982	0.49942989
13.4263832575687978	0.49615656
13.4856944090250508	0.49695548
13.5453689214148199	0.49779913
13.6053072669630986	0.49405077
13.6659673746092363	0.50827149
13.7256403136821081	0.50548899
13.784665277321416	0.50111523
13.8435588815593373	0.49671222
13.9028423079531276	0.49533242
13.9626843697239771	0.49586017
14.0230260394951571	0.49213518
14.0843320302851076	0.50805114
14.1446664981552814	0.50866995
14.203972604033769	0.5048523
14.2627086999056818	0.50130412
14.3212919969775481	0.49778923
14.3801354727980932	0.49435559
14.4396508063491229	0.49080287
14.5002813952281571	0.49052268
14.5620834186558632	0.50466393
14.623314289665748	0.50623853
14.6837905946497731	0.50366623
14.7438266869023629	0.4969514
14.8042310773679162	0.49012278
14.8658527694952021	0.50622224
14.9267170372213478	0.50836956
14.9865792638934625	0.5146735
15.0447347999364531	0.51202297
15.1015247673500461	0.5050572
15.1577460898951504	0.5022087
15.2137201521596275	0.50440703
15.2692051658832657	0.49928733
15.324769377830334	0.4941576
15.3809905220956988	0.48884021
15.4384951449330377	0.48330225
15.4979865114495468	0.50289937
15.5571348918831838	0.51550438
15.6145043171611313	0.5088894
15.6708715996426111	0.50282775
15.7269218894153475	0.49733511
15.7832725159916265	0.4912706
15.8406244387291224	0.50000236
15.8979760907274095	0.49544027
15.9558555725632623	0.49049197
16.0148570295755235	0.50434642
16.0733500158453815	0.50100957
16.1317251343812131	0.50748886
16.1892388292531244	0.50521141
16.2461592524479137	0.5005468
16.3030174949889677	0.4958774
16.3603484428694763	0.49157005
16.4186625607555285	0.48926895
16.4782556725535123	0.49742458
16.5381573276390981	0.50837501
16.5970721578078013	0.50382492
16.6555397205391635	0.49975181
16.7140363197565449	0.49549726
16.7730644964386606	0.49156297
16.8331058136990031	0.49063069
16.8942937075944002	0.50673409
16.9546684631011964	0.50144784
17.0148688973722351	0.49562571
17.0756006482581206	0.4902564
17.1375394120536022	0.51148398
17.1980875100896462	0.50758465
17.2577308604719413	0.50197121
17.3171399952608098	0.496951
17.3769136300917744	0.49149368
17.4377217720096809	0.50758581
17.4976211438491234	0.50677607
17.5567196054348251	0.50207175
17.6155742026437458	0.49756465
17.6747168658053759	0.49281032
17.734722369841009	0.50084505
17.7946266292402484	0.51152276
17.8531814615425262	0.50639094
17.9109972991144453	0.50169465
17.9686178429769079	0.49719189
18.0265638239628814	0.49283903
18.0853517627249403	0.48801556
18.1455833859609719	0.49353947
18.2066034532455205	0.51255756
18.2661285412564105	0.50723503
18.3248045838740019	0.50232035
18.3832095867594845	0.49770147
18.441884320551484	0.49323297
18.5013640568041708	0.48847405
18.5622472672307772	0.48345505
18.625214041910592	0.51225763
18.6866741074408722	0.50713271
18.747269750370382	0.50200535
18.80762333309114	0.49736122
18.8682971254409217	0.49273114
18.9298659882587756	0.48809507
18.9929365523273006	0.49571164
19.0565527350318717	0.50405509
19.119657130064116	0.50110435
19.182622453296819	0.49860888
19.2457634503843167	0.49604232
19.309408218681984	0.49338161
19.3739067392389153	0.50350693
19.4379560273218246	0.50834109
19.5009543657494078	0.50552071
19.5632647099655053	0.50298178
19.6252056660413885	0.50256579
19.6868303895910763	0.50484693
19.747863466829898	0.50276136
19.8085613273842398	0.5007715
19.8691656759104198	0.49869118
19.9299290813964554	0.49640373
