0.0544191913779456457	11.638694
0.107284564527820009	7.8028068
0.157199341102769619	4.2063722
0.206356414521824238	3.7965094
0.255402942232100139	3.741214
0.305045393711926405	3.713724
0.35585129586435682	3.6951688
0.408298442482505908	3.6783782
0.462905750394356774	3.6626372
0.520242748837675739	3.6475732
0.576856182607486723	3.6342658
0.633127721436195223	3.6216209
0.689875184933584684	3.6091922
0.747998037739293742	3.5965581
0.807017415378487368	3.583544
0.864954185154731658	3.5707799
0.920680849915347377	3.5591159
0.975060683776776016	3.5480419
1.02882132727979791	3.5373819
1.08261600097065447	3.5269202
1.13706892327715203	3.5164771
1.19214930664407848	3.5062852
1.24691071073336235	3.4963087
1.30191823511824256	3.4867832
1.35775774762018253	3.4776662
1.41461008306607283	3.4684449
1.47091568077283652	3.4596937
1.52698144374527001	3.4511114
1.58309515738334916	3.4425349
1.63950838283169253	3.4342251
1.69644507741092476	3.4260725
1.75411570299318642	3.4182147
1.81272832069085932	3.4104523
1.87000522597918661	3.4029712
1.92663877867054056	3.3956647
1.98339104676433453	3.3885184
2.04102998126976187	3.3816017
2.10038821149735577	3.3746165
2.15907260225273046	3.3680995
2.21654385095958739	3.3620791
2.27290350202554903	3.3563777
2.32861844866490841	3.3510241
2.38410670185945417	3.3456609
2.43899566920103572	3.3404146
2.49368903576713175	3.3354166
2.54885771794478311	3.3306025
2.60518596003944491	3.3258591
2.66347790330464651	3.3209134
2.72265214895979701	3.3158967
2.78026642561513215	3.3110691
2.83642645651458958	3.3064063
2.89188026939705534	3.3019184
2.94727998741290342	3.2975216
3.00327791216688	3.2932078
3.06056264944229817	3.2889008
3.11800249568821508	3.2847597
3.17464495296105209	3.280867
3.23104047698257402	3.2772749
3.28743799930750225	3.2736483
3.34441267811897447	3.2699166
3.40164667476428928	3.266225
3.45842790725642413	3.2626075
3.51541641747088285	3.2589695
3.57282736353795682	3.2554474
3.6310578542998786	3.2519023
3.69100963566832041	3.2484519
3.75062639579039336	3.2451401
3.81011784615962812	3.2418093
3.86943888889295673	3.2385632
3.92716508422932886	3.2355027
3.98396632177607524	3.2324295
4.04045075778949858	3.2292868
4.09695248946110802	3.2262026
4.15378750686317044	3.2231388
4.21152895446210618	3.2201992
4.27077782464886724	3.2172154
4.33110760540075646	3.2141125
4.3903169704266789	3.2112627
4.4489966076594305	3.2084048
4.50770692115840976	3.2054429
4.56699283805239453	3.2023848
4.62613306978911432	3.1995568
4.68518243220568564	3.1969198
4.74483687663606002	3.1941864
4.80439003252543184	3.1915533
4.86383843350803335	3.1889088
4.92395648311615108	3.1861672
4.98396796629842065	3.1833966
5.04287846094106307	3.1807102
5.10091667849484054	3.1781126
5.15861643208150511	3.1756364
5.21650039249088149	3.1731966
5.27506656903160476	3.1708524
5.33315631036520266	3.1685636
5.39111162169810587	3.1664119
5.44935521982141235	3.1642186
5.50857185707959296	3.161779
5.56790632960215959	3.1593394
5.62612870623916184	3.1571704
5.68391011423537673	3.1552704
5.74187668227843151	3.1531914
5.80013930888255658	3.1511771
5.85917142600634033	3.1491078
5.91739594073379926	3.1470823
5.97480819806394159	3.1450463
6.03190323826838704	3.1429151
6.08914715295516284	3.1408929
6.14699575032488799	3.1390018
6.20484643985591067	3.1372358
6.26184266468053696	3.1354646
6.31827390013757206	3.1336414
6.37421810150415258	3.1319448
6.43009607127694949	3.1303229
6.48631658362817376	3.1288179
6.5432867446386922	3.1272303
6.60095850329936606	3.1257093
6.65958294953003715	3.124196
6.71824245974611856	3.1226599
6.77685904622001178	3.1212887
6.83501860405872019	3.1198602
6.89253749261339088	3.1184325
6.94976411112416059	3.1171881
7.00713580819353155	3.1158948
7.06417801746988339	3.1147155
7.12018936545681669	3.1136093
7.17562229231641791	3.1123746
7.23049389788333929	3.111377
7.28514152911808566	3.1103414
7.33997267133216269	3.1094418
7.39540437713475729	3.1083612
7.45148746595884681	3.1072885
7.50837954493806059	3.1060918
7.56627589046384674	3.1051198
7.62414062400227177	3.1040839
7.68243234442661826	3.1031559
7.74161734733187501	3.102238
7.80118723590023855	3.1014825
7.86078746279112828	3.1006263
7.92085149334818439	3.099682
7.98026250789018299	3.0989248
8.03847596230350447	3.0981575
8.09578270587326543	3.0974441
8.15260776549306065	3.0966373
8.20937894549054192	3.0958356
8.26619333328159733	3.0950125
8.32330134530312193	3.0940456
8.38077074814645862	3.0932995
8.43798500696302867	3.0924308
8.49508562231547337	3.0915939
8.55226304556518713	3.0910126
8.6088152737065613	3.0904026
8.66430006327473379	3.08969
8.71939152969687647	3.0890741
8.77476758559155634	3.0884405
8.83117945550597661	3.0878574
8.88950098235185138	3.0871549
8.94766011099525294	3.0864243
9.00500371076565109	3.0857521
9.06153247826026309	3.0849612
9.11725193868386619	3.0842166
9.17266008918842779	3.0835301
9.22840577514187466	3.0829317
9.28521588874149906	3.0823352
9.34241715633914538	3.0817205
9.40042784801697273	3.0810015
9.45838466638867992	3.0802752
9.51544795469614968	3.079431
9.57246490798638305	3.0787631
9.62940272406071252	3.0781653
9.68557405053687148	3.0776382
9.74187911528886552	3.0770026
9.7992391104618779	3.0764054
9.85812907308246977	3.0757868
9.91719605267001825	3.0751442
9.97564047080192395	3.0744965
10.0336411415469868	3.0738669
10.0916125626437214	3.0733318
10.1497106772337737	3.0727261
10.2077875596081498	3.0721119
10.2663294932362898	3.0714624
10.3258282652158062	3.070936
10.384494276360364	3.0703109
10.4425305251002385	3.0697859
10.500600502131288	3.0693364
10.5590784065869414	3.0690199
10.6177805359772002	3.0686761
10.6758071565363171	3.0682836
10.733606234487608	3.0678807
10.7909863551145175	3.0676814
10.8472875041888575	3.0673479
10.9026307549950623	3.0669152
10.9573202669992842	3.0665848
11.0117477127378081	3.0662107
11.0661066682893203	3.0658627
11.1198983641173221	3.0656417
11.1734689598399335	3.0652803
11.2271354452321948	3.0650657
11.2811987530062527	3.0647681
11.3359435127216948	3.0644668
11.3907968393992807	3.0641293
11.444336653418306	3.0636738
11.4969267084709728	3.0632422
11.5488699860057693	3.0629521
11.6004448439642793	3.0626741
11.6519094459503396	3.0623324
11.7034993774230944	3.0619267
11.755445264663436	3.0615897
11.8080108672056099	3.0611259
11.8613308651363738	3.0606249
11.9156662956323363	3.0600498
11.9713614872332457	3.0595003
12.0281196755005393	3.0590602
12.084321387157706	3.0584594
12.1402109720525004	3.0579195
12.1957935551078709	3.0575974
12.2513655382751008	3.0570954
12.3072884090775361	3.0564114
12.3639281056784931	3.0559345
12.4214426150012258	3.0552196
12.4799361553576169	3.0544103
12.5389864030200027	3.0536408
12.5974972977166164	3.0530164
12.655902461949637	3.0524879
12.7146003402490315	3.051966
12.7739925895372259	3.0514938
12.8343779245355556	3.0509245
12.8937480935955708	3.0503948
12.952548286487275	3.0498366
13.0111680887838705	3.0491416
13.0699991417303867	3.0484737
13.1294378898959199	3.0479373
13.1897529002774032	3.0473853
13.2496289190134782	3.0469359
13.3087398988159542	3.0464215
13.367528024213982	3.046076
13.4263832575687978	3.0456199
13.4856944090250508	3.0450783
13.5453689214148199	3.0448594
13.6053072669630986	3.0445755
13.6659673746092363	3.0442524
13.7256403136821081	3.0440306
13.784665277321416	3.0437504
13.8435588815593373	3.0435587
13.9028423079531276	3.043347
13.9626843697239771	3.0429964
14.0230260394951571	3.0426209
14.0843320302851076	3.0423589
14.1446664981552814	3.0421594
14.203972604033769	3.0420316
14.2627086999056818	3.0418165
14.3212919969775481	3.0415425
14.3801354727980932	3.0412524
14.4396508063491229	3.040997
14.5002813952281571	3.0406573
14.5620834186558632	3.0402529
14.623314289665748	3.0399129
14.6837905946497731	3.0396149
14.7438266869023629	3.0392108
14.8042310773679162	3.0389927
14.8658527694952021	3.0386005
14.9267170372213478	3.0383324
14.9865792638934625	3.0379168
15.0447347999364531	3.0375823
15.1015247673500461	3.0370898
15.1577460898951504	3.0366541
15.2137201521596275	3.0364192
15.2692051658832657	3.035967
15.324769377830334	3.0355918
15.3809905220956988	3.0352976
15.4384951449330377	3.0348603
15.4979865114495468	3.0342743
15.5571348918831838	3.0337733
15.6145043171611313	3.0333033
15.6708715996426111	3.0329343
15.7269218894153475	3.0325341
15.7832725159916265	3.0320056
15.8406244387291224	3.0315261
15.8979760907274095	3.0310254
15.9558555725632623	3.030418
16.0148570295755235	3.0299095
16.0733500158453815	3.0293856
16.1317251343812131	3.0288285
16.1892388292531244	3.0284431
16.2461592524479137	3.028119
16.3030174949889677	3.0277359
16.3603484428694763	3.0272641
16.4186625607555285	3.026735
16.4782556725535123	3.0260199
16.5381573276390981	3.0254805
16.5970721578078013	3.0249926
16.6555397205391635	3.0246011
16.7140363197565449	3.024257
16.7730644964386606	3.0238728
16.8331058136990031	3.0233294
16.8942937075944002	3.0227273
16.9546684631011964	3.0221788
17.0148688973722351	3.0214826
17.0756006482581206	3.0208618
17.1375394120536022	3.0203296
17.1980875100896462	3.0198064
17.2577308604719413	3.0192876
17.3171399952608098	3.0188299
17.3769136300917744	3.0181909
17.4377217720096809	3.0175521
17.4976211438491234	3.0170594
17.5567196054348251	3.0166283
17.6155742026437458	3.0159675
17.6747168658053759	3.0152838
17.734722369841009	3.0148167
17.7946266292402484	3.014151
17.8531814615425262	3.0135428
17.9109972991144453	3.0130145
17.9686178429769079	3.0125003
18.0265638239628814	3.0118499
18.0853517627249403	3.0112736
18.1455833859609719	3.0105582
18.2066034532455205	3.0097526
18.2661285412564105	3.0091034
18.3248045838740019	3.0086103
18.3832095867594845	3.0078528
18.441884320551484	3.0071476
18.5013640568041708	3.0063202
18.5622472672307772	3.0055014
18.625214041910592	3.0046061
18.6866741074408722	3.0036971
18.747269750370382	3.002921
18.80762333309114	3.0021405
18.8682971254409217	3.0014101
18.9298659882587756	3.0005053
18.9929365523273006	2.9995651
19.0565527350318717	2.9984486
19.119657130064116	2.9976552
19.182622453296819	2.9967516
19.2457634503843167	2.9958725
19.309408218681984	2.9948455
19.3739067392389153	2.9937404
19.4379560273218246	2.9926829
19.5009543657494078	2.9917249
19.5632647099655053	2.990913
19.6252056660413885	2.9899661
19.6868303895910763	2.9889587
19.747863466829898	2.9877774
19.8085613273842398	2.9867244
19.8691656759104198	2.9857604
19.9299290813964554	2.9849419
19.9911326957211237	2.9840885
