/*--------------------------------*- C++ -*----------------------------------*\
| =========                 |                                                 |
| \\      /  F ield         | OpenFOAM: The Open Source CFD Toolbox           |
|  \\    /   O peration     | Version:  v1812                                 |
|   \\  /    A nd           | Web:      www.OpenFOAM.com                      |
|    \\/     M anipulation  |                                                 |
\*---------------------------------------------------------------------------*/
FoamFile
{
    version     2.0;
    format      ascii;
    class       volScalarField;
    location    "10000";
    object      nut;
}
// * * * * * * * * * * * * * * * * * * * * * * * * * * * * * * * * * * * * * //

dimensions      [0 2 -1 0 0 0 0];


internalField   nonuniform List<scalar> 
3770
(
5.714767868625762e-06
5.714768555281782e-06
5.714768454553415e-06
5.714768490794922e-06
5.714768480016522e-06
5.714768481819756e-06
5.714768487823059e-06
5.71476848034238e-06
5.714768490460829e-06
5.71476848640902e-06
5.71476849670022e-06
5.714768489548033e-06
5.714768495495067e-06
5.714768482525159e-06
5.714768483483518e-06
5.714768472700621e-06
5.714768462488312e-06
5.714768458459294e-06
5.714768447511091e-06
5.714768462698719e-06
5.71476844415776e-06
5.714768455339471e-06
5.71476846190457e-06
5.714768455702818e-06
5.714768468873678e-06
5.7147684580382e-06
5.714768466790754e-06
5.714768459393763e-06
5.714768457535793e-06
5.714768448151675e-06
5.714768439744707e-06
5.714768431755678e-06
5.714768419815442e-06
5.714768412938848e-06
5.714768404208327e-06
5.714768403421466e-06
5.714768398057908e-06
5.714768392759657e-06
5.71476839736481e-06
5.71476839188007e-06
5.71476839893069e-06
5.714768384582682e-06
5.714768458000061e-06
5.71476842684426e-06
5.714768450616278e-06
5.714768464292656e-06
5.714768468635087e-06
5.714768481606156e-06
5.714768475868095e-06
5.714768492164268e-06
5.714768473366516e-06
5.714768487949661e-06
5.714768467303553e-06
5.714768469384961e-06
5.714768457754773e-06
5.714768448467371e-06
5.714768433334399e-06
5.714768365849138e-06
5.291687558201218e-07
5.291681315324009e-07
5.291681760982981e-07
5.291681694845349e-07
5.291681777420915e-07
5.291681798886478e-07
5.291682053868548e-07
5.291682003715313e-07
5.291682235077867e-07
5.291682125913788e-07
5.291682149758747e-07
5.291681893528473e-07
5.291681893241258e-07
5.291681398728004e-07
5.291681252318383e-07
5.291680928239171e-07
5.291680704168777e-07
5.291680485056527e-07
5.291680365134624e-07
5.291680407244653e-07
5.291680377483759e-07
5.291680354273618e-07
5.291680410139399e-07
5.291680260607693e-07
5.291680306688594e-07
5.291680020646245e-07
5.291679948754036e-07
5.291679613459182e-07
5.291679290152777e-07
5.29167886415463e-07
5.29167845137445e-07
5.291678165040337e-07
5.291677830295546e-07
5.29167763798205e-07
5.291677431725661e-07
5.291677386653718e-07
5.291677395709354e-07
5.291677347279494e-07
5.29167760303841e-07
5.291677696272848e-07
5.291677823911786e-07
5.291677974199886e-07
5.291678950973394e-07
5.291679171604297e-07
5.291679605481043e-07
5.291680134129101e-07
5.291680267489183e-07
5.291680618101507e-07
5.29168053706225e-07
5.291680944336261e-07
5.291680631250072e-07
5.291680997894551e-07
5.291680808692805e-07
5.291680990669778e-07
5.291680887628613e-07
5.291680864946088e-07
5.291681213666931e-07
5.291682396070734e-07
2.613941971229892e-07
2.613939651314914e-07
2.613940203626785e-07
2.613940042756181e-07
2.613940350214926e-07
2.613940492349686e-07
2.61394082257043e-07
2.613940939265254e-07
2.61394121727532e-07
2.61394117239281e-07
2.613941207142659e-07
2.613940979359238e-07
2.613940987109811e-07
2.613940641738929e-07
2.613940176445701e-07
2.613940036310322e-07
2.613939811902315e-07
2.613939301800231e-07
2.613939253254867e-07
2.613939114007084e-07
2.613939070555868e-07
2.613939086143757e-07
2.613938851732177e-07
2.613938777490322e-07
2.613938576231057e-07
2.613938435813588e-07
2.613938014094744e-07
2.613937795543995e-07
2.613937087077719e-07
2.613936775028785e-07
2.613935959858248e-07
2.613935709178649e-07
2.613935000849242e-07
2.613934835120246e-07
2.613934383263434e-07
2.613934051949169e-07
2.613934078578719e-07
2.613933850645543e-07
2.613934092570035e-07
2.613934175420199e-07
2.613934051834946e-07
2.613934189187308e-07
2.613935480289701e-07
2.613936063547674e-07
2.613936672152925e-07
2.613937235015669e-07
2.613937569920695e-07
2.613937898357142e-07
2.613938020500672e-07
2.613938411533276e-07
2.613938426634314e-07
2.613938841372902e-07
2.613939121534041e-07
2.613939342552239e-07
2.613939334180764e-07
2.613939161515396e-07
2.613939364784382e-07
2.613939898964633e-07
3.574876871205844e-07
3.574879056543597e-07
3.574878741439873e-07
3.574879169928394e-07
3.574880217786921e-07
3.574880745006719e-07
3.574881484213992e-07
3.574881820813408e-07
3.574882554493943e-07
3.574882888698827e-07
3.574883041394796e-07
3.574882746406273e-07
3.574883141205326e-07
3.574883173137935e-07
3.574881807479232e-07
3.574881958119739e-07
3.574881556282162e-07
3.574879908229515e-07
3.574879957403866e-07
3.574879179809173e-07
3.574879355056718e-07
3.574879500612278e-07
3.574878545974728e-07
3.574878743303644e-07
3.574878108049587e-07
3.574878258009675e-07
3.57487704728015e-07
3.574877085233587e-07
3.574875304431154e-07
3.574875163708466e-07
3.574872882106653e-07
3.574872550357075e-07
3.574870402955528e-07
3.574870274984601e-07
3.574868784940792e-07
3.574867242240495e-07
3.574867254766498e-07
3.574866261240775e-07
3.574866360963749e-07
3.574866368236336e-07
3.574865214842018e-07
3.574865691680082e-07
3.574868635673065e-07
3.5748699657735e-07
3.574871430951072e-07
3.574872143848674e-07
3.57487314687836e-07
3.574873794873228e-07
3.574874204399841e-07
3.574875245500427e-07
3.574875835126544e-07
3.574876599520332e-07
3.574877762754269e-07
3.574877942115813e-07
3.574878026318046e-07
3.5748770948014e-07
3.574876593833093e-07
3.57487491418852e-07
7.713618642895889e-07
7.713625752848404e-07
7.713625117691625e-07
7.713628256549571e-07
7.713631187013489e-07
7.71363264576951e-07
7.713633831517811e-07
7.713634888826325e-07
7.713636253409912e-07
7.71363817105739e-07
7.713638423250494e-07
7.713637320198835e-07
7.713638699728643e-07
7.713638947462602e-07
7.713634853774158e-07
7.7136350649335e-07
7.713633919502541e-07
7.713628684367001e-07
7.713628836161722e-07
7.713626361392202e-07
7.713627014891457e-07
7.713627377858947e-07
7.713624336664076e-07
7.713625019840963e-07
7.713623155921897e-07
7.713623616065909e-07
7.713620117836119e-07
7.713620369675137e-07
7.713615695710137e-07
7.713614769856398e-07
7.713608000060966e-07
7.713607107064316e-07
7.713600661547678e-07
7.713600539734331e-07
7.713596118391053e-07
7.713591225405323e-07
7.713591155341502e-07
7.713588299908252e-07
7.713588900707557e-07
7.713588924996223e-07
7.713585870109421e-07
7.713587532757821e-07
7.713595795435232e-07
7.713600277888745e-07
7.713604043983302e-07
7.713605947313918e-07
7.713608792280836e-07
7.713610672673425e-07
7.713611763265231e-07
7.713615167076878e-07
7.713616995399533e-07
7.713619127796883e-07
7.713622646094243e-07
7.713622595711e-07
7.713623070787001e-07
7.71362048767049e-07
7.713619014395878e-07
7.713613770119277e-07
1.847488376671318e-06
1.847490057026973e-06
1.84749004889962e-06
1.84749102062606e-06
1.847491730752937e-06
1.847492142799048e-06
1.847492405488334e-06
1.847492526195488e-06
1.847492966218776e-06
1.847493440851227e-06
1.847493471048409e-06
1.847493161081838e-06
1.847493466163464e-06
1.847493521598112e-06
1.847492384040186e-06
1.847492421660208e-06
1.847492007933368e-06
1.847490567460827e-06
1.84749059679778e-06
1.847489864129585e-06
1.847490064832492e-06
1.847490116439418e-06
1.847489259726936e-06
1.847489530060887e-06
1.847488984403548e-06
1.847489058054639e-06
1.847488141060784e-06
1.847488209817611e-06
1.847487277217842e-06
1.847486579675491e-06
1.847484816894513e-06
1.8474845598144e-06
1.847482830390086e-06
1.847482811935783e-06
1.847481588458119e-06
1.847480249892916e-06
1.847480252895117e-06
1.847479499206611e-06
1.847479697814822e-06
1.847479633172139e-06
1.847479143291897e-06
1.84747953137945e-06
1.847481833265773e-06
1.847483103309588e-06
1.847484091599315e-06
1.847484627604456e-06
1.847485360276904e-06
1.847485817854698e-06
1.847486070800538e-06
1.847487056369807e-06
1.847487588708705e-06
1.84748814107956e-06
1.847489085329724e-06
1.847489050006008e-06
1.847489166740942e-06
1.847488569549802e-06
1.847488320389943e-06
1.847486966062254e-06
4.307857035330502e-06
4.307860579642191e-06
4.307861691450265e-06
4.307863206244652e-06
4.307865082780303e-06
4.30786593654393e-06
4.307866493072394e-06
4.307867221671424e-06
4.307868156329121e-06
4.30786891613232e-06
4.307869107249299e-06
4.307868291867317e-06
4.307868854761327e-06
4.307868803607237e-06
4.307866050084416e-06
4.307866126552912e-06
4.307864812367205e-06
4.307861325961236e-06
4.307861341033086e-06
4.307859541006558e-06
4.307859917128702e-06
4.307860035020326e-06
4.307857934990632e-06
4.307858581337605e-06
4.307857271202883e-06
4.307857387690285e-06
4.307855181894518e-06
4.307855579549551e-06
4.307853475166474e-06
4.307851243163527e-06
4.307847129352777e-06
4.307846468003077e-06
4.307842299013138e-06
4.307842263546268e-06
4.307839229466644e-06
4.30783600454866e-06
4.307836045233676e-06
4.307834298874035e-06
4.307834728086547e-06
4.30783390797298e-06
4.307834343329252e-06
4.307834692096064e-06
4.307840574549472e-06
4.307843710802214e-06
4.307845980707206e-06
4.307847348989191e-06
4.307848917606128e-06
4.307849718332929e-06
4.307850280636741e-06
4.307852933338857e-06
4.3078542950548e-06
4.307855554828897e-06
4.307857863705098e-06
4.30785772507471e-06
4.307858064316355e-06
4.307856757992483e-06
4.307856242652293e-06
4.307853677380026e-06
9.487538179408747e-06
9.487546802033518e-06
9.487549683270188e-06
9.48755293547022e-06
9.487556593580051e-06
9.487558194604965e-06
9.487559374082006e-06
9.487561472537894e-06
9.487563478416068e-06
9.487565061227958e-06
9.487565503970153e-06
9.487563647293084e-06
9.487564805981833e-06
9.487564723883951e-06
9.487558268789404e-06
9.487558916153523e-06
9.487555171231455e-06
9.487547513770572e-06
9.487547513378215e-06
9.487543372197977e-06
9.487544166742031e-06
9.487544497620417e-06
9.487539924128807e-06
9.48754129021407e-06
9.487538558041627e-06
9.487538893961469e-06
9.487534170431411e-06
9.487535284806754e-06
9.487530903274397e-06
9.487525255149379e-06
9.487516364243719e-06
9.48751488902221e-06
9.487505631258586e-06
9.487505334151003e-06
9.487498513659573e-06
9.487491299265664e-06
9.487491378665566e-06
9.487487170744923e-06
9.487487620930966e-06
9.487484894447564e-06
9.487488151325967e-06
9.487490085836899e-06
9.48750197422234e-06
9.48750847016152e-06
9.487513503726778e-06
9.487516750789143e-06
9.487519725687567e-06
9.487520466164662e-06
9.487521436426604e-06
9.487528218762054e-06
9.487531489841522e-06
9.487534140110755e-06
9.487539102249127e-06
9.487538583820135e-06
9.487539227084133e-06
9.487536864319511e-06
9.487536225255885e-06
9.487531137754142e-06
1.989768268785661e-05
1.989770021214973e-05
1.989770644632128e-05
1.989771319262713e-05
1.989772005105887e-05
1.989772322791139e-05
1.98977258280475e-05
1.989773103989885e-05
1.98977341457251e-05
1.989773811939057e-05
1.989773920847642e-05
1.989773533378576e-05
1.989773782454316e-05
1.989773849444064e-05
1.98977239447409e-05
1.989772566578891e-05
1.989771679519538e-05
1.989770104201785e-05
1.989770104255885e-05
1.989769241541245e-05
1.989769464470739e-05
1.989769502798022e-05
1.989768590904962e-05
1.989768807439442e-05
1.989768326152233e-05
1.989768406213136e-05
1.98976750992604e-05
1.989767739405167e-05
1.989766899078966e-05
1.989765615014445e-05
1.989763782141756e-05
1.989763515914012e-05
1.989761512719636e-05
1.98976143229943e-05
1.989760018126092e-05
1.989758487978818e-05
1.989758502255802e-05
1.989757527080891e-05
1.989757556338284e-05
1.989756913801651e-05
1.989757980867395e-05
1.989758403046203e-05
1.989760766325678e-05
1.989761970319661e-05
1.989762976687295e-05
1.989763645926895e-05
1.989764172338633e-05
1.989764248165417e-05
1.989764121429537e-05
1.9897658442481e-05
1.989766583136538e-05
1.989767109454276e-05
1.989768019145961e-05
1.989767860331216e-05
1.9897680075932e-05
1.989767448658961e-05
1.989767506308075e-05
1.989766816355965e-05
4.055792675334983e-05
4.055796146160807e-05
4.055797387538956e-05
4.055798737399733e-05
4.055799887536705e-05
4.055800554284179e-05
4.055801232586728e-05
4.055802323118883e-05
4.055803039070075e-05
4.055803588454601e-05
4.05580400641027e-05
4.055803323720937e-05
4.055803780308745e-05
4.055803875276911e-05
4.055801039836865e-05
4.055801398563951e-05
4.055799512483554e-05
4.055796369982141e-05
4.055796489981399e-05
4.055794643624412e-05
4.055795267829323e-05
4.055795291238355e-05
4.055793581137158e-05
4.055793897746313e-05
4.05579313517736e-05
4.055793322976376e-05
4.055791729406482e-05
4.055792119627409e-05
4.055790654663368e-05
4.05578787223553e-05
4.055784169019615e-05
4.05578395864071e-05
4.05577963804789e-05
4.055779464092375e-05
4.055776618869475e-05
4.055773440010074e-05
4.055773545399826e-05
4.055771237049842e-05
4.055771324292808e-05
4.055769858645086e-05
4.055772377631975e-05
4.055773391270566e-05
4.055777902326279e-05
4.055779882042905e-05
4.055781915333072e-05
4.055783201930591e-05
4.055783853720189e-05
4.055784215089782e-05
4.055783813560178e-05
4.055787391080093e-05
4.055788980784178e-05
4.055790008969089e-05
4.055791237834876e-05
4.055791037531443e-05
4.055791253163545e-05
4.055789861384117e-05
4.055790408710994e-05
4.055790046670231e-05
8.199688503374976e-05
8.199694904544708e-05
8.199697311859648e-05
8.199700291394234e-05
8.199702114914272e-05
8.199703346542163e-05
8.199705472965623e-05
8.199706986822925e-05
8.199708279364544e-05
8.199710066074647e-05
8.199710477589596e-05
8.199709545224072e-05
8.199710296967984e-05
8.199709979614672e-05
8.199705041886743e-05
8.199705621714041e-05
8.19970193352868e-05
8.199695850749656e-05
8.199696075531337e-05
8.199692563544552e-05
8.199693922995764e-05
8.199694009079866e-05
8.19969082047281e-05
8.199691443131719e-05
8.199690287336561e-05
8.199690456154026e-05
8.199687988797125e-05
8.199688231783157e-05
8.19968614531611e-05
8.199680312093798e-05
8.199673037770191e-05
8.199672653593579e-05
8.199664038541349e-05
8.199663678070669e-05
8.19965810651026e-05
8.199651554061501e-05
8.199652119085726e-05
8.199647005566715e-05
8.199647069302506e-05
8.199644097858117e-05
8.199649556117138e-05
8.199651649237624e-05
8.199659690971547e-05
8.199662970688415e-05
8.199666646406081e-05
8.199668925830377e-05
8.199670179061875e-05
8.199670652435854e-05
8.199670333279727e-05
8.199677200262261e-05
8.199680300436735e-05
8.199682241141214e-05
8.19968343059979e-05
8.199683532342873e-05
8.199683094453847e-05
8.199681018765692e-05
8.199682094012413e-05
8.199684869289991e-05
0.0001661886027468149
0.0001661887187881918
0.0001661887606236131
0.0001661888225550338
0.000166188858520406
0.0001661888786739037
0.0001661889245764009
0.0001661889465306109
0.00016618898620624
0.0001661890149733007
0.000166189026844689
0.0001661890156933114
0.0001661890327880211
0.0001661890158125375
0.0001661889283732572
0.0001661889314634162
0.0001661888696944609
0.0001661887531995958
0.0001661887569954122
0.0001661886904119441
0.0001661887206572442
0.0001661887230983613
0.0001661886647916725
0.0001661886801022993
0.0001661886603787549
0.000166188665619831
0.0001661886226532102
0.0001661886287973212
0.0001661885973962223
0.0001661884794009463
0.0001661883389527188
0.0001661883288779757
0.0001661881622652183
0.0001661881567152994
0.0001661880504517201
0.0001661879199886621
0.000166187930752318
0.000166187824866618
0.0001661878266470613
0.0001661877655390623
0.0001661878690441557
0.0001661879106074438
0.0001661880463017335
0.0001661881004929262
0.0001661881632397013
0.0001661882033055416
0.0001661882413312324
0.0001661882385339183
0.0001661882537947612
0.0001661883733962399
0.0001661884251703381
0.0001661884633224789
0.0001661884746632893
0.0001661884577284703
0.0001661884586467546
0.0001661884421450827
0.0001661884397566493
0.0001661885394640102
0.0003350506109881317
0.0003350508187486588
0.000335050897620743
0.0003350510118314361
0.0003350510794562738
0.0003350511113971262
0.0003350511687270267
0.0003350512032286141
0.0003350513172409532
0.0003350513747520938
0.0003350514109786317
0.0003350514241293901
0.0003350514068145413
0.0003350513854078931
0.0003350512288487463
0.0003350512355531291
0.0003350511359834083
0.0003350509216050681
0.0003350509257497655
0.0003350508092664848
0.0003350508699571999
0.0003350508774954543
0.0003350507743022883
0.0003350508073549654
0.0003350507750724258
0.0003350507903640677
0.0003350507156946215
0.0003350507344935902
0.0003350506881598825
0.0003350504658813568
0.0003350502040008944
0.0003350501780340072
0.0003350498682808744
0.0003350498434226375
0.0003350496733279509
0.0003350494255156499
0.0003350494362931877
0.000335049231281364
0.0003350492618008475
0.0003350491243001861
0.0003350492952107336
0.0003350493637355276
0.0003350495838492837
0.0003350496752834351
0.0003350497692036166
0.0003350498682104342
0.0003350499013509595
0.0003350499360049859
0.0003350499824703768
0.0003350501751441505
0.0003350502338475911
0.0003350503021828306
0.0003350503173427667
0.0003350502742274345
0.0003350502843463484
0.0003350501986010875
0.0003350503328153202
0.0003350504908048396
0.0006523079859996038
0.0006523083456291841
0.0006523084768231271
0.0006523086619613577
0.0006523087806999106
0.000652308808570241
0.0006523088705617849
0.0006523089052694642
0.0006523091719769176
0.0006523092479236312
0.0006523094214948115
0.0006523094042165256
0.0006523093663603259
0.0006523093453608259
0.0006523090926965008
0.0006523091137411995
0.0006523089720789325
0.00065230861110191
0.0006523086164901408
0.0006523084248691147
0.0006523085377366714
0.000652308555414755
0.0006523083882704907
0.000652308453641997
0.0006523084026621941
0.0006523084402923751
0.0006523083182190223
0.0006523083640286566
0.0006523082992558331
0.000652307934134878
0.0006523074886379638
0.0006523074301158241
0.0006523069061225987
0.0006523067882520361
0.0006523066020186554
0.0006523061648285057
0.0006523061588561158
0.0006523058248784799
0.0006523058827732414
0.0006523056331763358
0.0006523058481097441
0.0006523059451223221
0.0006523062756087917
0.0006523064112882932
0.0006523065333114678
0.0006523067230470413
0.0006523067982575152
0.0006523068846028045
0.00065230703478781
0.0006523072327963248
0.0006523073429552233
0.0006523073892554292
0.0006523074268365557
0.000652307369764675
0.0006523073743030702
0.0006523072304128612
0.0006523075418548195
0.0006523077729982471
0.001176143133289517
0.001176143667648615
0.001176143692930645
0.001176144043106141
0.001176144187821963
0.001176144238222958
0.001176144405565878
0.001176144548409583
0.001176144823833677
0.001176144989722593
0.001176145254623542
0.001176145251675441
0.001176145142744842
0.001176145174032049
0.001176144818151867
0.0011761448952326
0.001176144709142777
0.001176144194120523
0.001176144234829713
0.001176143941241049
0.001176144117547082
0.001176144140107409
0.001176143909485157
0.001176144011315251
0.001176143941669217
0.001176144010193511
0.001176143830377833
0.001176143918880981
0.00117614382021523
0.001176143335510202
0.001176142703541914
0.001176142567667333
0.001176141930785433
0.001176141444127364
0.001176141384977757
0.001176140730859711
0.001176140727973098
0.00117614024793273
0.001176140323845542
0.001176139968282647
0.001176140123582826
0.001176140222576671
0.001176140691227374
0.001176140814585293
0.001176140958646207
0.001176141272180461
0.001176141453059446
0.001176141689280488
0.001176141832705003
0.001176141968199267
0.001176142125205125
0.001176142242268475
0.00117614225131994
0.0011761420942022
0.001176142139392669
0.001176141966074853
0.00117614254835191
0.001176142810762434
0.001904186560882632
0.001904187143014146
0.001904187312607132
0.001904187675710707
0.00190418777701669
0.001904187790176084
0.00190418826497958
0.001904188429080886
0.001904188747684262
0.001904188979804508
0.001904189251430845
0.001904189296235722
0.00190418923630089
0.001904189234129291
0.001904188849366666
0.001904188954170879
0.001904188761983833
0.00190418815447687
0.001904188228251926
0.001904187874090948
0.001904188080602701
0.001904188124433748
0.001904187849681425
0.001904187982393142
0.001904187899326249
0.001904187994040854
0.001904187762071073
0.001904187884447497
0.001904187741178624
0.001904187223672495
0.001904186591749308
0.001904186155238571
0.001904185524915809
0.001904184807330017
0.001904184729157546
0.001904183982836145
0.001904183990024058
0.001904183391051226
0.001904183465635662
0.001904183069274486
0.001904183100082811
0.001904182995175171
0.001904183666560839
0.001904183829005897
0.001904184000352141
0.00190418434882203
0.001904184555978617
0.001904184922243717
0.001904184982740041
0.001904185137547714
0.001904185386024756
0.001904185382604285
0.001904185449957145
0.001904185237389392
0.001904185287279702
0.001904185157335181
0.001904185844940461
0.001904186194734558
0.002773360982039605
0.002773361650341791
0.002773361927973489
0.002773362160769495
0.00277336238092019
0.002773362635535277
0.002773363018783217
0.002773363181313661
0.002773363567771747
0.002773363877395707
0.0027733640966276
0.002773364125594592
0.002773364120169125
0.002773364208073552
0.002773363820071735
0.002773363894296592
0.002773363699887349
0.002773363106450723
0.002773363196672847
0.002773362850220935
0.002773363008599379
0.002773363122028833
0.002773362837971865
0.002773362980607912
0.002773362885846312
0.002773362977370224
0.002773362695895993
0.002773362806727222
0.00277336256440209
0.002773362037226647
0.002773361376920469
0.002773360797729817
0.002773360193588893
0.002773359376534296
0.002773359321792063
0.002773358526727226
0.002773358493450967
0.002773357861625692
0.002773357894144623
0.002773357463451091
0.002773357539173785
0.002773357335397961
0.002773358046312544
0.00277335808902647
0.002773358293314103
0.002773358641447594
0.002773358876638418
0.002773359254625073
0.002773359312006328
0.0027733595517359
0.002773359669946025
0.00277335968603854
0.002773359752696795
0.002773359554872118
0.002773359589882163
0.002773359593298574
0.00277336014914257
0.002773360641621478
0.003697609681516688
0.003697610432593263
0.00369761068133688
0.003697611025214373
0.003697611292594968
0.00369761150156025
0.003697611904852595
0.003697612079517518
0.003697612592102597
0.003697612853370478
0.003697613144115802
0.003697613226220995
0.0036976132609556
0.003697613301932958
0.003697612936878572
0.003697612932884491
0.003697612688824413
0.003697612192812972
0.00369761226898574
0.003697611975085505
0.003697612112826546
0.003697612237144559
0.003697612014131756
0.00369761217047141
0.003697612055002553
0.003697612101624352
0.003697611759976844
0.003697611821949786
0.003697611330337215
0.003697610847869488
0.003697610003584394
0.003697609406148492
0.003697608693831702
0.003697607928313992
0.003697607814574067
0.003697607030062528
0.00369760695298281
0.003697606400380845
0.003697606385914889
0.003697606052586494
0.003697606074664463
0.003697605998452477
0.003697606623036581
0.003697606691457386
0.003697606932653269
0.003697607299227352
0.003697607533112153
0.00369760784070335
0.003697607925577408
0.003697608165548441
0.00369760826634821
0.003697608231187391
0.003697608300779776
0.003697608089547302
0.003697608288858833
0.003697608445476146
0.003697608724772559
0.003697609347451981
0.004616678902606996
0.004616679670003007
0.004616679919751476
0.004616680397882288
0.004616680657847818
0.004616680809442919
0.004616681257591691
0.00461668145070546
0.004616682077961019
0.004616682334174786
0.00461668271785773
0.004616682766037022
0.00461668288278013
0.004616682856903709
0.004616682503689337
0.004616682432762578
0.004616682127910957
0.004616681763127841
0.004616681799420793
0.004616681584305115
0.004616681762755264
0.004616681831053963
0.004616681728200668
0.004616681920713574
0.00461668178538437
0.004616681800407477
0.004616681351524885
0.004616681325660165
0.00461668056899349
0.004616680120569139
0.004616679032865639
0.004616678443257004
0.004616677591744191
0.004616676904398985
0.004616676584206671
0.004616675889734146
0.00461667580405938
0.004616675317475364
0.004616675260513318
0.004616675011013099
0.004616675132271562
0.00461667519964932
0.004616675708690883
0.004616675840971494
0.004616676128068073
0.00461667651350495
0.004616676709322328
0.004616677021070287
0.004616677166645405
0.004616677353170895
0.004616677403578498
0.004616677337576269
0.004616677359560381
0.004616677219621771
0.00461667738031126
0.004616677611407018
0.004616677847966121
0.004616678550530617
0.005498897002306787
0.005498897777552266
0.005498898012408247
0.005498898610273579
0.005498898870479789
0.005498898976237112
0.005498899503005888
0.005498899686722123
0.005498900398889575
0.005498900676834204
0.005498901117624997
0.005498901192989517
0.005498901319027831
0.005498901323372912
0.005498900893953582
0.00549890077368091
0.005498900453074277
0.005498900218336336
0.005498900216699033
0.005498900081097565
0.005498900320185572
0.005498900442240123
0.005498900392187114
0.005498900645158024
0.005498900514114043
0.005498900549429924
0.00549889992216609
0.005498899763915322
0.005498898843997739
0.005498898374547491
0.005498897080457747
0.005498896455376928
0.005498895436789215
0.005498894775687056
0.005498894358276812
0.005498893720234346
0.005498893563121833
0.005498893187140769
0.005498893115856652
0.005498892990273035
0.005498893138957088
0.00549889324510244
0.005498893773636704
0.005498893966751639
0.005498894284807859
0.005498894709761307
0.005498894883224192
0.005498895193772189
0.00549889531507304
0.0054988954403302
0.00549889548835223
0.005498895389596614
0.005498895397496492
0.00549889526597572
0.005498895342021568
0.005498895628215169
0.00549889589523107
0.005498896645515101
0.006327860481372226
0.006327861271470357
0.006327861449139114
0.006327862149589716
0.006327862462068281
0.006327862516571352
0.006327863126250867
0.00632786326786183
0.006327864090311331
0.006327864341222927
0.006327864897525949
0.006327864927582539
0.006327865080818982
0.006327865178767382
0.006327864650817551
0.006327864469021172
0.006327864187025847
0.006327864044824272
0.006327864062059404
0.006327863999126609
0.006327864257258563
0.006327864523605183
0.006327864501906257
0.006327864847171623
0.006327864748165969
0.00632786483652361
0.006327864026022979
0.006327863758400391
0.006327862736548496
0.006327862220377419
0.006327860772189338
0.006327860080304662
0.006327858921617662
0.006327858252132228
0.006327857798455381
0.006327857154552176
0.006327856943164095
0.006327856688906018
0.00632785658709287
0.006327856577633847
0.006327856702875071
0.006327856839317997
0.006327857413759265
0.006327857692383504
0.006327857996390376
0.006327858497656568
0.006327858604955459
0.006327858951732399
0.006327858983603345
0.006327859098668421
0.006327859037661594
0.00632785892791143
0.006327858900336158
0.006327858762905194
0.006327858783459613
0.006327859056036459
0.006327859378800682
0.006327860154090866
0.007096460588373482
0.007096461391270333
0.007096461504424851
0.007096462227657584
0.007096462631070665
0.007096462696086979
0.007096463323327026
0.007096463426708246
0.007096464359210334
0.007096464561303885
0.007096465250896512
0.007096465308585034
0.007096465391841608
0.007096465602363176
0.007096465032145037
0.007096464817373469
0.007096464596408089
0.007096464496829173
0.007096464548906887
0.007096464547078001
0.00709646488556637
0.007096465318644437
0.00709646525153456
0.007096465750689887
0.007096465703903152
0.007096465880515906
0.007096464942616758
0.007096464609564993
0.007096463518325536
0.007096462959260233
0.007096461392672023
0.007096460636764951
0.007096459377257596
0.007096458672224993
0.007096458206538913
0.007096457505888941
0.007096457251162556
0.007096457111691686
0.007096457016218958
0.007096457065934198
0.007096457211740336
0.00709645733895228
0.007096457919715937
0.00709645833443464
0.007096458532865138
0.007096459115859244
0.007096459166587955
0.007096459546006024
0.00709645951908747
0.00709645955025038
0.007096459431856624
0.007096459202885114
0.007096459091090433
0.007096458974310149
0.007096458995395153
0.007096459178970454
0.007096459544758163
0.007096460361016268
0.007803308773526115
0.007803309580234194
0.007803309635782373
0.007803310311965721
0.007803310826749529
0.007803310868836857
0.007803311510410386
0.007803311585407614
0.00780331261537447
0.007803312784871745
0.007803313606351376
0.007803313669866504
0.007803313697753517
0.00780331399161469
0.007803313433775869
0.007803313259478366
0.007803313103387118
0.007803312998287138
0.007803313080692287
0.007803313112855228
0.007803313615740609
0.007803314181262438
0.00780331411781925
0.007803314763396788
0.007803314765064844
0.00780331507529919
0.007803314091525277
0.007803313745683432
0.007803312607450739
0.007803312021185729
0.0078033103748116
0.007803309572114875
0.007803308253479013
0.007803307498252697
0.007803307022157775
0.007803306284506388
0.00780330598211147
0.007803305867873185
0.007803305864729266
0.007803305889984362
0.007803306154266993
0.00780330621346054
0.007803306729661609
0.00780330729337827
0.007803307361384978
0.007803308004422043
0.007803308102311543
0.007803308501821592
0.007803308259558678
0.007803308152482116
0.0078033080693814
0.0078033076837626
0.007803307562151334
0.007803307313175022
0.007803307366120859
0.007803307463400395
0.007803307794544432
0.007803308630072414
0.00844990571315295
0.008449906500427809
0.008449906515176155
0.008449907075763
0.008449907692222222
0.008449907702626625
0.008449908338501021
0.008449908404806007
0.008449909510704722
0.00844990965960069
0.008449910585870142
0.00844991066246987
0.008449910668640025
0.008449911026445295
0.008449910504301139
0.008449910331221824
0.008449910405069663
0.00844991017055265
0.008449910276630571
0.008449910368649656
0.008449911064040985
0.008449911713807415
0.008449911750207558
0.008449912520324085
0.008449912519821525
0.008449913018250054
0.00844991209586916
0.00844991180073195
0.008449910637514753
0.008449910032532088
0.008449908345301486
0.008449907515680782
0.008449906180150823
0.008449905373594002
0.008449904890003655
0.008449904132257973
0.008449903791703867
0.008449903667042524
0.008449903693240075
0.008449903694416743
0.008449904029310406
0.008449904122857848
0.008449904502979342
0.008449905165651731
0.008449905170661604
0.008449905870504541
0.008449905955122334
0.008449906350073864
0.008449905931618259
0.008449905735046608
0.008449905601093486
0.008449905092872583
0.008449904801293416
0.008449904583760756
0.008449904589500856
0.008449904611421309
0.008449904817093441
0.008449905644182687
0.009038739875415827
0.00903874060153523
0.009038740614533693
0.009038740986345203
0.009038741677102615
0.009038741662757886
0.009038742234685645
0.009038742343718422
0.009038743502118311
0.009038743631243653
0.009038744638422009
0.009038744715234633
0.009038744784692356
0.009038745151052295
0.00903874465545792
0.009038744616071431
0.009038744731514997
0.009038744510090511
0.009038744555305917
0.009038744697352439
0.009038745641771173
0.009038746404432862
0.009038746493206667
0.009038747440193434
0.00903874737780762
0.009038748066484947
0.009038747366918239
0.009038747188718032
0.00903874601561918
0.009038745400510372
0.009038743710159829
0.009038742874033352
0.009038741567106164
0.009038740724645911
0.009038740232109528
0.009038739483799662
0.009038739079027205
0.009038738973392517
0.00903873894797024
0.009038738989063202
0.009038739342002498
0.009038739417415747
0.009038739696556998
0.009038740435916239
0.009038740408844956
0.009038741119821714
0.00903874116448589
0.009038741548755743
0.009038741020685321
0.009038740722623749
0.009038740471846623
0.009038739893501693
0.009038739455244837
0.009038739106822628
0.009038739030865446
0.009038739143115718
0.009038739120453484
0.009038739879010741
0.009572269424103842
0.009572269972426325
0.009572270079397567
0.009572270213037203
0.009572270928288003
0.009572270923482286
0.009572271241982492
0.009572271548096549
0.009572272728227882
0.009572272851198625
0.009572273945961917
0.009572274015254892
0.009572274103417698
0.009572274597937028
0.00957227400765427
0.00957227403100825
0.00957227424498428
0.009572274054912656
0.009572274095009808
0.009572274340513358
0.009572275455096884
0.009572276347636126
0.00957227645951198
0.009572277573912834
0.009572277536069318
0.009572278295673958
0.009572277965966283
0.009572278035013322
0.00957227684100284
0.009572276221219082
0.009572274557904697
0.009572273732710156
0.009572272502455775
0.009572271659100781
0.009572271180158663
0.009572270421553454
0.009572270012795564
0.009572269902793234
0.009572269744461315
0.009572269844513467
0.009572270260607902
0.009572270205772455
0.009572270457070615
0.009572271249257002
0.009572271210796388
0.009572271913943312
0.009572271842079341
0.009572272252381459
0.00957227161772134
0.009572271258271668
0.009572270911006027
0.009572270159628025
0.009572269603799359
0.009572269103043016
0.00957226893303164
0.009572268939183689
0.009572268959344214
0.009572269491334313
0.01005249608211009
0.0100524964085605
0.01005249650553485
0.01005249643850569
0.01005249709234661
0.01005249713088143
0.01005249727226004
0.01005249764828028
0.01005249884717998
0.01005249897634617
0.01005250019276095
0.01005250016193909
0.01005250025134129
0.01005250088715322
0.01005250023928465
0.01005250031813837
0.01005250060680942
0.01005250045713029
0.01005250051784954
0.01005250086606485
0.01005250212292602
0.01005250319357956
0.01005250321946176
0.01005250455012204
0.01005250464984166
0.01005250553155768
0.01005250539784771
0.01005250567838321
0.01005250464068831
0.01005250409526096
0.01005250247990498
0.01005250168193182
0.01005250057776338
0.01005249978844531
0.01005249935691012
0.01005249857699189
0.01005249818007979
0.01005249789630923
0.01005249785752503
0.01005249783220091
0.01005249831134237
0.01005249821407079
0.01005249841467355
0.01005249921134033
0.0100524991396772
0.01005249978784086
0.01005249978253315
0.01005250009131726
0.01005249937731934
0.01005249898937437
0.01005249855641213
0.01005249752017663
0.01005249690056137
0.01005249626543156
0.0100524960510661
0.01005249581624468
0.01005249584418079
0.0100524961421599
0.01048084964638796
0.01048084973977065
0.0104808497503119
0.01048084963997964
0.01048085012356426
0.01048085015555726
0.01048085021280488
0.01048085056325632
0.0104808517635912
0.0104808519060458
0.01048085318605578
0.01048085313517422
0.01048085322162732
0.01048085392116113
0.01048085329404203
0.01048085338954817
0.01048085373019284
0.01048085363464104
0.01048085371660235
0.01048085414601752
0.01048085551796772
0.01048085673030038
0.01048085679369681
0.0104808583929075
0.01048085845417848
0.0104808595812566
0.01048085954140536
0.01048086002904276
0.01048085925986417
0.01048085887086874
0.01048085732353392
0.01048085656570414
0.01048085563501408
0.01048085496011734
0.0104808546016132
0.01048085382087231
0.01048085337447123
0.01048085320009345
0.01048085292801654
0.0104808530243016
0.01048085336206905
0.01048085329783836
0.01048085347750731
0.01048085421797911
0.01048085411690823
0.01048085475494022
0.01048085477284296
0.01048085494009701
0.01048085420038744
0.01048085380989289
0.01048085327947454
0.01048085200850598
0.01048085133222679
0.01048085059162111
0.0104808500679001
0.01048084989239358
0.01048084979056752
0.01048084992163113
0.01085820034490195
0.01085820023991264
0.01085820002163104
0.01085819997467457
0.01085820014187786
0.01085820014580998
0.01085820018166643
0.01085820045748225
0.01085820161958497
0.01085820178248502
0.01085820309862016
0.01085820304408741
0.01085820310967792
0.01085820380939852
0.01085820335916181
0.01085820339942827
0.01085820377067439
0.01085820372864532
0.01085820382047251
0.01085820428814374
0.01085820574519752
0.01085820710074859
0.01085820723225799
0.01085820906408899
0.01085820921122702
0.01085821056505184
0.0108582104611532
0.01085821117585496
0.01085821077765847
0.01085821060974471
0.01085820916642066
0.01085820845544062
0.01085820774675092
0.01085820723618971
0.01085820697937085
0.01085820626363869
0.01085820584243192
0.01085820564403988
0.01085820533990691
0.01085820540059234
0.01085820547206728
0.01085820558897356
0.01085820569805728
0.01085820638052637
0.01085820626957357
0.01085820696399839
0.01085820694521119
0.01085820683681168
0.01085820629319402
0.01085820584613643
0.01085820523242838
0.01085820377966281
0.01085820303972275
0.01085820205393185
0.010858201427348
0.01085820117100423
0.01085820092706574
0.01085820098197555
0.01118490142383097
0.01118490096860576
0.01118490077037802
0.01118490049628908
0.0111849002694836
0.01118490029752533
0.01118490034486721
0.01118490054510807
0.01118490155963091
0.01118490178003059
0.01118490309471873
0.01118490304702762
0.01118490310832205
0.01118490381637516
0.01118490345777116
0.0111849034771035
0.01118490389288217
0.01118490387225565
0.01118490408805793
0.01118490445616593
0.01118490596082922
0.01118490744361495
0.01118490765068428
0.01118490970309084
0.01118490997441134
0.01118491146602722
0.01118491149193009
0.01118491231480027
0.01118491220301472
0.01118491241381234
0.01118491112062917
0.01118491044986231
0.01118491005159256
0.01118490967670469
0.01118490960585997
0.01118490902282162
0.01118490873833868
0.01118490843857103
0.01118490824906372
0.01118490801510888
0.01118490812794716
0.01118490829965693
0.01118490826373693
0.01118490884296813
0.0111849087148225
0.01118490942310859
0.01118490927126071
0.01118490920247588
0.01118490873748063
0.0111849082576354
0.0111849075862044
0.01118490598587037
0.01118490517530516
0.01118490398300867
0.01118490324977751
0.01118490284177806
0.01118490236646073
0.01118490217188949
0.01146082128083494
0.01146082060536511
0.01146082013483717
0.0114608196575499
0.01146081913914815
0.01146081906026465
0.01146081906337675
0.01146081920545583
0.01146081989032174
0.01146082029569168
0.01146082157639394
0.01146082153902372
0.01146082161368884
0.011460822355921
0.01146082212502882
0.01146082199027406
0.01146082249464459
0.01146082245252237
0.01146082293554868
0.01146082305230762
0.01146082453489272
0.01146082611598547
0.01146082638900316
0.01146082864120622
0.01146082907371591
0.01146083080489534
0.01146083081156234
0.01146083191002873
0.01146083193905526
0.01146083243284554
0.01146083149440791
0.01146083091945845
0.01146083070441497
0.01146083056747852
0.01146083083028865
0.01146083037812106
0.01146083030288171
0.01146082996510324
0.01146082970499188
0.01146082953502927
0.01146082954475747
0.01146082954766444
0.01146082961582732
0.01146082994997975
0.01146082979695888
0.01146083036935354
0.01146083024944235
0.01146083038283193
0.01146082987147059
0.01146082941792116
0.01146082872881565
0.01146082700719579
0.01146082613372459
0.01146082477083111
0.01146082388420652
0.01146082329101258
0.01146082254400766
0.01146082215407259
0.01168535089715818
0.0116853499954782
0.01168534928199096
0.01168534856203833
0.01168534780318386
0.01168534741019329
0.01168534735135008
0.01168534745218489
0.01168534782412922
0.01168534828907981
0.01168534950089287
0.01168534951104245
0.0116853496180006
0.01168535039296692
0.01168535023790229
0.0116853500724622
0.01168535058506689
0.01168535052178176
0.01168535104495249
0.01168535111209315
0.0116853524523128
0.01168535407155077
0.01168535438999298
0.01168535678674225
0.01168535738693008
0.01168535935488596
0.01168535949757745
0.01168536086798129
0.01168536090254004
0.01168536165824072
0.01168536120717293
0.01168536089945005
0.01168536089989089
0.01168536084621704
0.01168536137685807
0.01168536116972823
0.01168536143446717
0.01168536123626002
0.01168536094752777
0.01168536078674888
0.01168536077673036
0.01168536059037478
0.0116853606249833
0.01168536061150295
0.01168536052310038
0.01168536094586849
0.01168536083078689
0.01168536112596648
0.01168536062199365
0.01168536025780318
0.01168535960243145
0.01168535783167864
0.01168535690693167
0.01168535540001931
0.01168535433957683
0.01168535350032202
0.01168535250719584
0.01168535190174618
0.01185738238151073
0.01185738124493062
0.01185738034443273
0.01185737939715206
0.01185737851573789
0.01185737765790255
0.01185737733793709
0.01185737733756599
0.01185737748161139
0.01185737787490304
0.01185737896180922
0.01185737911560229
0.01185737922364777
0.0118573800415955
0.01185737996665339
0.01185737982338125
0.01185738031304482
0.01185738024021894
0.0118573806455657
0.01185738079945635
0.01185738183508111
0.01185738341691391
0.01185738374311194
0.01185738617751161
0.01185738696141264
0.01185738916112884
0.01185738951055256
0.01185739110828789
0.01185739129045088
0.01185739224185358
0.01185739214643953
0.01185739241774472
0.01185739250600786
0.01185739276128382
0.0118573936423163
0.01185739353909238
0.01185739408736573
0.01185739400572083
0.01185739413156258
0.01185739391964819
0.01185739374009469
0.0118573934760237
0.01185739334322876
0.01185739312738725
0.01185739301597106
0.01185739323305924
0.01185739310544093
0.01185739341931431
0.01185739304920825
0.01185739282917229
0.01185739227504748
0.01185739058418606
0.01185738959831245
0.01185738797642115
0.01185738673674474
0.01185738559811428
0.01185738438216073
0.01185738351965469
0.0119752559392608
0.01197525456754909
0.01197525352339652
0.0119752523860062
0.01197525138324545
0.01197525006474352
0.01197524938873299
0.01197524905547243
0.01197524910230232
0.01197524929179813
0.01197525025136017
0.01197525045360899
0.01197525070580056
0.01197525151502143
0.0119752515627371
0.01197525148013958
0.01197525192273806
0.01197525187720823
0.01197525212776342
0.01197525224161167
0.01197525294790619
0.0119752543802067
0.01197525467483603
0.01197525691765875
0.0119752579501885
0.0119752603457858
0.01197526095540701
0.01197526276234631
0.01197526321275005
0.01197526454232458
0.01197526462260154
0.01197526546684755
0.01197526560241624
0.01197526640473334
0.01197526757040802
0.01197526780989235
0.01197526869320914
0.01197526861914062
0.01197526909558523
0.01197526883831262
0.0119752686468828
0.01197526838330817
0.01197526810644054
0.01197526759869169
0.01197526736232024
0.01197526739894219
0.01197526723979938
0.01197526739718305
0.01197526729314322
0.01197526725570706
0.01197526689491395
0.01197526542900201
0.01197526442012972
0.01197526272478926
0.01197526131698349
0.01197525982457544
0.01197525839585779
0.01197525721802277
0.01204010894199637
0.01204010734369958
0.01204010619021937
0.01204010489753323
0.01204010371968023
0.01204010220223901
0.01204010088206596
0.01204010016585365
0.01204009996963015
0.01204009995572964
0.01204010068773403
0.01204010091250495
0.01204010140998816
0.01204010198061146
0.01204010254339718
0.01204010245608373
0.01204010280066655
0.01204010287767297
0.01204010286477404
0.01204010287433637
0.01204010323722761
0.01204010438911924
0.01204010465527635
0.01204010656275842
0.0120401077203991
0.01204011014476662
0.01204011113679031
0.0120401130222572
0.01204011383054197
0.01204011556593215
0.01204011599065699
0.01204011726717977
0.01204011759792166
0.01204011895060621
0.01204012025965516
0.0120401212430002
0.01204012238258375
0.01204012245630364
0.01204012313742503
0.01204012299456792
0.01204012285969079
0.01204012267695742
0.01204012208903573
0.01204012149455904
0.01204012110715841
0.01204012085086009
0.01204012058470224
0.01204012066972259
0.01204012074629468
0.01204012060146791
0.01204012075310411
0.01204011967521798
0.01204011872279366
0.01204011700896634
0.01204011547640808
0.0120401135773755
0.01204011193747179
0.0120401103734528
0.0120523679852973
0.01205236616584754
0.01205236492546058
0.01205236353242899
0.01205236224250551
0.01205236068108018
0.012052358830235
0.01205235739186349
0.01205235669070064
0.01205235651583737
0.01205235691530578
0.01205235713523299
0.01205235784933724
0.01205235829166793
0.01205235935415518
0.01205235944701938
0.01205235955763781
0.01205236009686589
0.01205235964710603
0.01205235930376866
0.01205235942156094
0.0120523601224473
0.01205236038019777
0.0120523618188615
0.01205236293406133
0.01205236526084569
0.01205236665489952
0.01205236849859477
0.01205236962112406
0.01205237181263486
0.01205237274603143
0.01205237439583189
0.01205237500537248
0.01205237687988901
0.01205237839655237
0.01205238026733612
0.01205238165139451
0.0120523820556587
0.01205238283814123
0.01205238297623554
0.01205238289640817
0.01205238286501117
0.01205238208875423
0.01205238141188472
0.01205238067581762
0.01205238017703466
0.01205237975998639
0.01205237967583213
0.01205237975394881
0.01205237977734991
0.01205238019966455
0.01205237986824187
0.01205237910080577
0.01205237744368659
0.01205237585978721
0.01205237349879398
0.01205237163710281
0.0120523695957904
0.01201185260054331
0.01201185055430768
0.0120118492296619
0.01201184778542741
0.0120118465004113
0.01201184511635215
0.01201184280864366
0.01201184044467386
0.01201183901991283
0.01201183847145631
0.01201183851104103
0.0120118386274124
0.01201183955852677
0.01201183986141286
0.01201184146883712
0.01201184185789887
0.01201184185333099
0.01201184284661856
0.01201184232102321
0.01201184128499323
0.01201184103896424
0.01201184111541526
0.01201184150695308
0.01201184230978211
0.01201184321324233
0.01201184532448504
0.01201184705400924
0.01201184875610903
0.01201184997791003
0.01201185259656477
0.01201185430862076
0.01201185627362868
0.01201185728331466
0.01201185967502343
0.01201186139432431
0.01201186426750427
0.01201186579245355
0.01201186684378295
0.01201186791199945
0.01201186815859494
0.0120118681761353
0.01201186847287164
0.01201186756570278
0.01201186679563501
0.01201186578648768
0.0120118648682121
0.01201186423676742
0.01201186392486732
0.01201186397647158
0.01201186411597534
0.01201186470596328
0.01201186541258463
0.01201186502003918
0.01201186351914295
0.01201186203369519
0.01201185915949684
0.01201185708401347
0.01201185444400187
0.01191783565021179
0.01191783337311106
0.01191783192359059
0.01191783046099431
0.0119178293463366
0.01191782844728115
0.01191782579229072
0.01191782245922162
0.01191782003482302
0.0119178186495379
0.01191781820965381
0.01191781836358008
0.01191781933654327
0.011917819480389
0.01191782181324476
0.01191782246675992
0.01191782250877938
0.01191782408666968
0.01191782372012976
0.0119178217811258
0.01191782092800822
0.01191782054285417
0.01191782103341
0.01191782102020268
0.01191782152503773
0.01191782327992127
0.0119178252675567
0.01191782667905431
0.01191782775578457
0.01191783083159812
0.011917833484977
0.01191783583769874
0.01191783724388105
0.01191784013228532
0.01191784203678423
0.01191784598641856
0.01191784774693437
0.01191784950444307
0.01191785108641957
0.01191785160072632
0.01191785161289294
0.01191785218908469
0.01191785133763161
0.01191785049921466
0.01191784927690284
0.01191784792399366
0.01191784683847465
0.01191784610600726
0.01191784600319592
0.01191784623598966
0.0119178472150946
0.01191784901424113
0.01191784928049245
0.01191784807157827
0.01191784686427629
0.0119178434693037
0.01191784115599237
0.0119178377959234
0.01176907262691633
0.01176907011278209
0.01176906844334825
0.01176906693523602
0.01176906619207852
0.01176906614423269
0.01176906345316032
0.01176905905578746
0.01176905547009766
0.01176905280337085
0.01176905181876915
0.01176905187328808
0.01176905263890098
0.01176905259033948
0.01176905580279855
0.01176905676659487
0.01176905693674426
0.0117690593340444
0.01176905931837445
0.01176905654363903
0.01176905487240977
0.01176905400464003
0.01176905449975687
0.01176905358027076
0.0117690535224583
0.01176905474332123
0.01176905690347163
0.01176905780832948
0.0117690584034338
0.0117690618626837
0.01176906571052715
0.01176906860946514
0.01176907034180401
0.01176907369798327
0.01176907572400109
0.01176908081737575
0.01176908286719494
0.01176908534012273
0.01176908767251365
0.01176908850885377
0.01176908865129053
0.01176908946057904
0.01176908881893803
0.01176908798905651
0.01176908661816967
0.01176908484496197
0.0117690834345154
0.01176908179463166
0.01176908126944679
0.01176908149938234
0.01176908289470285
0.01176908629463429
0.01176908716934221
0.01176908647524283
0.01176908580574007
0.01176908194770756
0.01176907939935504
0.01176907518149515
0.01156381033850141
0.01156380758646287
0.01156380557016017
0.01156380403565081
0.01156380348192444
0.01156380490351716
0.01156380273745649
0.01156379729649536
0.01156379231143353
0.01156378787545928
0.01156378623645959
0.01156378615108321
0.01156378645124047
0.01156378597657014
0.0115637901383602
0.01156379144767847
0.01156379178325918
0.01156379567458182
0.01156379596472982
0.01156379247854858
0.01156378991557957
0.01156378849382817
0.0115637893676305
0.01156378705765795
0.01156378609414382
0.01156378669836325
0.01156378885240255
0.01156378907175138
0.01156378878158465
0.01156379234474779
0.01156379771443628
0.0115638013700239
0.01156380335861457
0.01156380713615225
0.01156380915309912
0.01156381542938319
0.01156381783048778
0.01156382095662669
0.01156382429076257
0.01156382555103208
0.01156382596168365
0.01156382703330427
0.01156382673555462
0.01156382603719293
0.01156382460369374
0.0115638225016118
0.01156382090200437
0.01156381792930354
0.01156381649308942
0.01156381652355822
0.01156381814841045
0.01156382376950439
0.01156382545908761
0.01156382538877018
0.01156382559109072
0.01156382143047125
0.01156381868042766
0.01156381344876012
0.0112997920640448
0.01129978911327948
0.01129978666223859
0.01129978479662925
0.01129978442341232
0.01129978790189077
0.01129978694584368
0.01129978070239205
0.01129977413581415
0.01129976736001605
0.01129976499049697
0.01129976473586588
0.01129976439302757
0.01129976286359549
0.01129976802029763
0.0112997696496084
0.01129977005067242
0.0112997762580425
0.01129977705273601
0.01129977298583369
0.01129976942509925
0.01129976725480349
0.01129976884496082
0.01129976500780257
0.01129976262015772
0.01129976264969131
0.01129976510316552
0.01129976424309899
0.01129976222555478
0.01129976539273439
0.01129977265291464
0.01129977737304516
0.01129977959649127
0.01129978368537162
0.01129978549424937
0.01129979300674654
0.01129979578880931
0.011299799397268
0.01129980405441904
0.01129980583945519
0.01129980664961458
0.01129980805634943
0.01129980817037473
0.01129980779323934
0.01129980644577102
0.01129980416194373
0.01129980254930836
0.01129979828262068
0.01129979512717032
0.01129979448262544
0.01129979588176332
0.01129980442699553
0.01129980743772145
0.01129980810687361
0.01129980927403363
0.01129980515387846
0.01129980230998022
0.01129979592500783
0.01097429561450331
0.01097429255351751
0.01097428971081815
0.01097428677927068
0.01097428629353801
0.01097429289002128
0.01097429372640055
0.01097428732291048
0.01097427918419213
0.01097426913669246
0.01097426569922588
0.0109742654340625
0.01097426451259542
0.01097426112251632
0.01097426724528978
0.01097426905164588
0.01097426912605751
0.01097427873143098
0.01097428046499909
0.01097427600516961
0.01097427125707986
0.01097426801782445
0.01097427086133642
0.01097426595828644
0.01097426091423201
0.01097426054633906
0.01097426374884599
0.01097426167942016
0.01097425665589774
0.01097425872343765
0.01097426815226425
0.01097427434700602
0.01097427687394146
0.01097428106374884
0.01097428249084886
0.01097429131229673
0.0109742944581001
0.01097429825482099
0.0109743046035338
0.01097430710376597
0.0109743083071406
0.01097431042204886
0.01097431078664034
0.01097431089273781
0.01097430979096008
0.01097430758469302
0.0109743062855491
0.01097430108519144
0.01097429522557119
0.01097429303699866
0.0109742934974263
0.01097430555771724
0.01097431047202852
0.01097431208033602
0.01097431453909202
0.0109743108382691
0.01097430810422292
0.01097430046380535
0.01058427870380913
0.01058427565582295
0.01058427270380748
0.01058426750360161
0.01058426614591705
0.01058427734309396
0.01058428053126242
0.01058427495127539
0.01058426569924693
0.01058425118075017
0.01058424621935224
0.01058424612979266
0.01058424489948858
0.01058423852949097
0.01058424562074164
0.01058424748877074
0.01058424626825338
0.01058426045428227
0.01058426387464226
0.01058425934266786
0.01058425315616054
0.01058424827294682
0.01058425326259077
0.01058424814457792
0.01058423906488103
0.01058423816114933
0.01058424291633224
0.01058423999263486
0.0105842299162225
0.01058423004528674
0.01058424163046557
0.01058424999751038
0.01058425296290707
0.01058425714798691
0.01058425780875889
0.01058426803250127
0.01058427149307347
0.01058427500594835
0.01058428349931712
0.01058428690573528
0.01058428836993419
0.01058429144163403
0.01058429220751858
0.010584292823279
0.0105842921085809
0.01058429032438123
0.01058428979417359
0.01058428429580482
0.01058427524244213
0.01058426988816781
0.01058426858446943
0.01058428429112999
0.01058429181999381
0.01058429453009126
0.01058429881981002
0.01058429596413803
0.01058429371398781
0.01058428481743484
0.01012675939170158
0.01012675643659892
0.01012675397016554
0.01012674512320731
0.01012674151416504
0.01012675816667948
0.01012676504405422
0.01012676148898001
0.01012675231369156
0.01012673193480194
0.01012672463748345
0.01012672497860053
0.01012672419441698
0.01012671332546112
0.01012672142239425
0.01012672345109198
0.010126719046959
0.01012673882932078
0.01012674518143651
0.0101267411005153
0.01012673331196745
0.01012672572987759
0.01012673410802981
0.01012673026417781
0.01012671517490653
0.01012671334753153
0.01012672101273582
0.01012671862787025
0.01012670022903427
0.01012669773100006
0.01012671080934341
0.01012672240639714
0.01012672591227057
0.01012673026706892
0.01012672953659871
0.01012674122768419
0.01012674493722992
0.01012674754132321
0.0101267585822512
0.01012676299204007
0.01012676461480901
0.01012676884821307
0.01012677024832316
0.01012677148018594
0.01012677126575669
0.01012676998752499
0.01012677089242928
0.01012676607027315
0.01012675424137649
0.01012674371702504
0.01012673930821832
0.0101267578755817
0.01012676907111515
0.01012677292413939
0.01012677981521415
0.01012677825503211
0.01012677700128777
0.01012676701127231
0.009599601320072326
0.009599598646099937
0.009599597557570352
0.009599584338310313
0.009599576055497341
0.009599597453637353
0.009599610544885284
0.009599610193997186
0.009599603313402755
0.009599575954893122
0.009599565189721354
0.009599566040989809
0.009599566913660755
0.009599549630956323
0.009599558762460336
0.009599561476357054
0.009599551121328322
0.009599576536116605
0.009599587922266888
0.009599585121172169
0.009599575860701984
0.009599563614106018
0.009599577106541366
0.009599576892580893
0.009599553320704666
0.009599549574191976
0.009599562164880612
0.009599562703008966
0.009599532765272508
0.009599526073657041
0.009599539173711376
0.009599555471309936
0.009599559689318155
0.009599564845392889
0.009599561747776314
0.009599574876057879
0.009599578716697086
0.009599579643661258
0.009599593574237619
0.009599599240054027
0.009599600763429314
0.009599606186026751
0.009599608356874505
0.009599610579442464
0.009599611040842991
0.009599610254558586
0.009599613158631434
0.009599610309670747
0.009599596807342022
0.009599579795609332
0.009599569963798137
0.009599589608589084
0.009599605636559009
0.009599610391313851
0.009599620954332141
0.009599621074863772
0.00959962147621094
0.009599611142510499
0.009002844630639304
0.009002842248443273
0.009002843598513912
0.009002827065079572
0.009002810576680448
0.009002833190979727
0.009002856623924227
0.009002860161884623
0.009002858787324979
0.009002824346312664
0.0090028080935827
0.009002809414939264
0.009002814331401779
0.009002788336131841
0.009002797986679792
0.009002802945449034
0.009002783413449214
0.009002811705000913
0.009002831847899035
0.00900283136763347
0.009002821697104039
0.009002801349581752
0.009002822351045561
0.009002828638660572
0.009002794258939146
0.009002786348962045
0.009002806645110849
0.009002813591044826
0.009002769722593798
0.009002756269708001
0.009002766778501202
0.009002789485388758
0.009002794576470732
0.009002801491696381
0.009002794872400381
0.009002809363069807
0.009002813503761486
0.009002811772977353
0.009002828523245023
0.009002835951731991
0.009002837085058311
0.009002843500400492
0.009002846544454754
0.009002850258129401
0.0090028513844513
0.009002850780571722
0.009002856453005305
0.009002856859724996
0.009002843604395338
0.009002820444968199
0.009002801576124139
0.009002819331180703
0.009002841529451957
0.009002846409611825
0.009002862108397106
0.00900286431839817
0.00900286696672808
0.009002857718767701
0.008340539029572097
0.008340536367796371
0.008340541664446081
0.008340524703229239
0.00834049544545669
0.008340513753377354
0.008340550880121039
0.008340559964449074
0.008340566469464976
0.008340528349122679
0.008340503181354457
0.008340503788600252
0.008340516853009279
0.008340479975495288
0.008340487873394257
0.008340499037609035
0.008340466772020921
0.008340491781113242
0.008340525866855571
0.008340528667413062
0.008340521362444498
0.008340488733920466
0.008340516552827464
0.008340535404952129
0.008340488939344493
0.008340473677813187
0.008340501021809313
0.008340521298423499
0.008340463391288655
0.008340439103751596
0.008340443276736243
0.00834047395270348
0.008340480005013638
0.00834049022765663
0.008340478729300955
0.008340494311224854
0.008340499963761837
0.00834049405071359
0.008340512630611883
0.008340522998245604
0.008340523438306111
0.008340530107832179
0.008340534001572114
0.008340539702678862
0.008340541651884472
0.008340540534422517
0.008340549661665675
0.00834055430839143
0.008340544295052594
0.00834051769761791
0.00834048529203338
0.008340496661151876
0.008340526328556355
0.008340530193775971
0.008340551854235108
0.008340556535842123
0.008340562392031448
0.00834055648092711
0.007622664501429777
0.007622660345943499
0.00762267115812499
0.007622659375281902
0.007622612781807922
0.007622619557955641
0.007622671766104024
0.007622686706061342
0.007622704909445831
0.007622669107852208
0.00762263068146721
0.007622627957877676
0.007622655173934194
0.007622605681171818
0.007622608030492494
0.007622631270013035
0.007622583131941154
0.007622596406374434
0.007622648613267475
0.007622656332001205
0.007622656125878953
0.007622607619871926
0.00762263564596791
0.007622676138485792
0.007622619799986451
0.007622592678522699
0.007622621251023366
0.00762266417295504
0.007622598042848036
0.00762255636129317
0.007622549895860638
0.007622589049619995
0.007622595741183252
0.007622611676807194
0.007622594272921472
0.007622609602902374
0.007622618978213966
0.007622607567897668
0.007622625396698717
0.007622640706627162
0.00762264043690862
0.007622646446537673
0.007622650995010204
0.00762265893799993
0.007622661867964928
0.007622659812143524
0.007622670965076769
0.007622681761899142
0.007622677852264259
0.007622653787133483
0.007622602936936405
0.007622602428334354
0.007622640796323527
0.007622642136242739
0.007622669635122536
0.007622676940144645
0.007622687086877448
0.007622687279546234
0.006866282024536926
0.00686627413421126
0.006866291546144434
0.006866292940865876
0.006866224792318109
0.00686621355657963
0.006866278805006017
0.006866298315948018
0.006866332354752839
0.006866307235841389
0.006866252549701139
0.006866240964114499
0.00686628970342032
0.006866226323366849
0.006866218354344614
0.006866261658792715
0.00686619537820361
0.006866187670027703
0.006866258816818597
0.006866274133891524
0.00686628675315734
0.006866219879357935
0.006866237535597626
0.006866307769600717
0.006866250955811079
0.006866205760230617
0.006866224842776397
0.006866299050772582
0.006866236523578939
0.006866171560115206
0.006866148758499514
0.006866195653750774
0.006866201993654313
0.006866226866744633
0.006866203344853217
0.006866215386613123
0.006866231890081367
0.006866214057817608
0.006866227633037473
0.006866250310352399
0.006866249563353663
0.006866253797155161
0.006866258338913969
0.006866268705797467
0.006866273079060922
0.00686626965984682
0.006866279966635793
0.006866298734280506
0.006866302534390038
0.006866291060084276
0.006866217012493547
0.006866199315102154
0.00686624666354155
0.006866243916995586
0.006866275949850328
0.006866285410649459
0.006866301362779871
0.006866309968313172
0.006094853406113806
0.006094838574363826
0.00609486213083377
0.006094883972703806
0.006094797070759013
0.006094759948640191
0.00609483335928501
0.00609485418022555
0.006094907427215818
0.00609490090671616
0.006094831736657053
0.006094802086667688
0.006094878896993317
0.00609480545822377
0.006094778621520327
0.006094849319022116
0.00609476770082475
0.006094730305019863
0.006094817100219699
0.00609483932827227
0.006094874534474695
0.006094788749717439
0.006094782822983995
0.006094888022758762
0.006094843852411132
0.006094775278424255
0.006094771634485899
0.006094882774309762
0.006094836739942659
0.006094750501126281
0.00609470254012975
0.006094755338688406
0.006094759250476735
0.006094796624702865
0.006094767705333432
0.00609477271315825
0.006094799978236298
0.006094775776771006
0.006094780820244471
0.006094812623270968
0.006094812286699447
0.006094814167536819
0.006094818052380447
0.006094830346637824
0.006094836460542915
0.00609483193511381
0.006094838179124999
0.006094864922745258
0.006094876800735705
0.006094886068038472
0.00609479317039127
0.006094749660684487
0.006094806198267651
0.006094798109635056
0.006094832555221759
0.006094844271487312
0.006094863632540541
0.006094884552513645
0.005335121551252129
0.005335097296358365
0.005335120572453961
0.005335168660466103
0.005335075514581848
0.005335003396749371
0.005335079084951377
0.005335096002987841
0.005335170624044624
0.005335186566868506
0.005335113104321488
0.005335052400011701
0.005335159178146215
0.005335087083280808
0.005335029362923951
0.005335129815342256
0.005335047940565723
0.005334969162870054
0.005335065652937006
0.005335091536153436
0.005335159165016903
0.005335057286669756
0.005335015404988343
0.005335155740626743
0.005335138031956335
0.005335044832942501
0.00533500539844663
0.005335153373752956
0.005335133695533557
0.005335036936096006
0.005334954166625513
0.005335010597234033
0.005335009125247601
0.005335062077414864
0.005335029140413144
0.005335023585022636
0.005335064648777195
0.005335034875094663
0.005335027908624503
0.005335069355824367
0.005335070472491189
0.005335069986340722
0.005335072339933937
0.005335086053380101
0.005335094211634005
0.00533508943124413
0.005335089138658044
0.005335121421918932
0.005335139286698229
0.005335174350884425
0.005335077260999079
0.005334997123126794
0.005335061653121221
0.005335047885795557
0.005335082258649971
0.005335096116685424
0.005335115287975814
0.005335150937202179
0.004612105671005292
0.004612070902969935
0.004612086069637433
0.004612163356765529
0.004612079374997712
0.004611965674068113
0.004612038644776721
0.004612047360594166
0.004612140054236623
0.004612180472389327
0.004612115573697783
0.004612012685761754
0.004612147228069982
0.004612091025266348
0.004611991072809269
0.004612119306190015
0.004612053706113834
0.004611926983218189
0.004612025993192474
0.004612049751070399
0.004612154331911117
0.004612050796941417
0.004611957879981731
0.004612130018799334
0.004612144907250034
0.004612038552380729
0.004611948301684786
0.004612129572600207
0.004612141735142622
0.004612048504643387
0.004611924244721647
0.00461198188593209
0.004611971732884334
0.004612041382670902
0.004612007891678109
0.004611988073511443
0.004612044150632402
0.00461201195372341
0.00461198961582159
0.004612039775730724
0.004612043641798424
0.004612041554480508
0.004612042004998576
0.004612056096966448
0.004612065766572633
0.004612062601842293
0.004612054713490294
0.004612089074490152
0.004612108623814904
0.004612171715779804
0.004612085885495961
0.004611962466222527
0.004612033055662883
0.004612014153599861
0.004612046084196734
0.00461206205579474
0.004612076874446463
0.004612128185392209
0.003943976994603907
0.003943932315066031
0.003943932855759112
0.003944038110211637
0.003943975772978003
0.003943819517934375
0.003943886689965717
0.003943885140636618
0.003943987766942329
0.003944054442612638
0.003944009200861306
0.003943857392260424
0.00394401453820621
0.003943985581411077
0.003943837500676482
0.003943989271809476
0.003943952878711502
0.003943777193266042
0.003943873006320899
0.003943888408455038
0.003944029629464038
0.003943939475008524
0.003943786830473991
0.003943983225557195
0.003944033090361016
0.00394392808319147
0.003943777217640224
0.003943984194249953
0.003944029091654149
0.003943952091073415
0.003943784958332053
0.003943841585197229
0.003943820020027962
0.003943905309628328
0.003943876331286986
0.003943838783749243
0.003943909146066306
0.003943879354244161
0.003943839384232976
0.003943896025748737
0.003943903640640467
0.003943900904863918
0.003943899262183347
0.003943912925548513
0.003943923438823458
0.00394392421706298
0.003943907918804453
0.003943941489991647
0.003943958386275035
0.003944049059843107
0.003943986959829713
0.003943818363792143
0.003943892401101061
0.003943869632426924
0.003943897310941926
0.00394391529153738
0.003943922608035058
0.003943988695347523
0.003338781166358151
0.003338728252895033
0.003338710227620498
0.003338839704298262
0.003338806537636463
0.003338610631120132
0.003338670781453549
0.003338658290346116
0.003338763020481939
0.00333885456684563
0.003338836518951742
0.003338635359647404
0.003338809218063465
0.003338813708573217
0.003338617030104054
0.003338786030722255
0.0033387861923185
0.003338566486967788
0.003338655213927685
0.003338657103775484
0.00333883182807168
0.003338766020480831
0.00333855315390636
0.003338762559735424
0.003338847374480413
0.003338755608824589
0.00333854336099731
0.003338764948369987
0.003338841908785881
0.003338789373797331
0.003338582123925048
0.003338636002173309
0.003338601351702216
0.003338700312118864
0.003338679503622636
0.003338622737620262
0.003338705782355711
0.003338682126725623
0.003338624489570227
0.003338684181759226
0.003338696358214258
0.003338694222699543
0.003338690708980166
0.003338702738338531
0.003338713416541351
0.003338720102812337
0.003338695425623475
0.003338726524938767
0.003338737555341904
0.003338852012780254
0.003338821124689333
0.003338610956542154
0.003338686168383028
0.003338660551318332
0.003338683568999028
0.00333870308642783
0.003338701052142236
0.003338779976303602
0.002794098413754225
0.002794040967498676
0.002794001947444621
0.002794149924594838
0.002794148677209946
0.002793919976150368
0.002793972538197839
0.002793949380021005
0.002794050213658675
0.002794163832757397
0.002794176136593044
0.002793929808269771
0.002794114055140161
0.002794153266758739
0.002793912462720335
0.00279409316380945
0.002794131249921742
0.002793875395397108
0.00279395539260273
0.002793940811608925
0.002794142774983335
0.002794107287624443
0.00279384064789113
0.002794051843627381
0.002794169333631131
0.002794098845781856
0.002793830961762006
0.002794055938540555
0.002794161783168616
0.002794137402480683
0.00279389646937083
0.002793946520697536
0.002793898405598229
0.002794008491669895
0.002793997809066617
0.002793922262474492
0.002794015796298068
0.002794000606358153
0.002793927859180469
0.002793986167134046
0.002794003224952906
0.002794002732436252
0.002793997361369362
0.002794006827433241
0.002794017527512798
0.00279403115778618
0.002793998427238713
0.002794026076208543
0.002794029767290047
0.00279416334142748
0.002794166272558105
0.002793921241101722
0.00279399558204536
0.002793967486091071
0.002793986594223202
0.002794007090499052
0.002793995503816767
0.002794084676416743
0.002299733809561192
0.002299675802620803
0.002299615152084725
0.002299775369316016
0.002299806119369508
0.002299553795106565
0.002299598703388822
0.002299565821283148
0.002299658843242296
0.002299789387176691
0.00229983057160484
0.002299547973019977
0.002299735118482495
0.002299808901954787
0.002299532802717174
0.0022997175082078
0.002299790783089359
0.00229950898615512
0.002299579402868883
0.002299547836497218
0.002299769166140826
0.002299766776602319
0.002299457260871854
0.002299660827484113
0.002299805776739436
0.002299759495402581
0.002299446731190806
0.002299665180845212
0.002299795143750623
0.002299800183481823
0.002299534585466419
0.002299580070523543
0.002299519084168874
0.002299637309592524
0.002299637465098048
0.002299545043032063
0.002299646401051774
0.002299640951635894
0.002299557885996724
0.002299609628917607
0.00229963150388519
0.002299633164618581
0.002299626101175826
0.002299631930458052
0.002299643082505905
0.002299662996800117
0.002299623523938165
0.002299647136548125
0.002299643024428893
0.002299790205872695
0.002299824491775854
0.00229955403091941
0.002299626017646701
0.002299594658912088
0.002299612248773013
0.002299632332908244
0.002299612910069165
0.002299709124815232
0.001842783421286766
0.001842728204864093
0.001842648733090615
0.001842812393920188
0.001842871147557491
0.001842606868102698
0.001842644271634679
0.001842603753155561
0.001842686005024768
0.001842826220921027
0.001842893329742488
0.001842587849601264
0.001842769556672322
0.001842872835237045
0.001842574544352153
0.001842754940100107
0.001842858533067908
0.001842563578943917
0.001842624677667933
0.001842578739468537
0.001842808554090942
0.00184283611311649
0.001842499063738008
0.001842686749458087
0.001842851483369791
0.001842830492686056
0.001842488779318627
0.001842691807524713
0.001842838791683106
0.001842869709809164
0.001842591494493328
0.001842631899109615
0.001842560289001379
0.001842682290695709
0.00184269287312557
0.001842587582669817
0.001842692734485225
0.001842697577780153
0.001842611347696505
0.001842651178601142
0.001842676643517573
0.001842680171912125
0.001842672041229705
0.001842673830045062
0.001842686409668738
0.001842709076022017
0.001842665542988773
0.001842684511144084
0.001842673022530327
0.001842827032492925
0.001842889543922494
0.001842605889887703
0.001842673907674099
0.001842638023679268
0.001842657472079234
0.001842675147618384
0.001842651406920953
0.00184275073549943
0.001413752893063194
0.001413702530254668
0.001413610472397733
0.001413767302332787
0.001413844347744885
0.001413581409201171
0.001413611685996491
0.00141356735357182
0.001413636489139962
0.001413776943832104
0.001413867426647698
0.001413557123423994
0.001413724682122878
0.001413845720503566
0.001413541577147132
0.001413709086720849
0.001413837665192799
0.001413545312432323
0.00141359808490251
0.001413545093743948
0.001413767998832329
0.001413816006141125
0.001413469633679813
0.001413634867157749
0.001413807886114816
0.001413814378086465
0.001413464268409141
0.001413645077135538
0.001413797928534629
0.001413846389698341
0.001413569664964273
0.0014136045214544
0.001413526050567842
0.00141364722609434
0.001413665681025396
0.001413553691886528
0.001413658302882061
0.001413671952142469
0.001413592069311725
0.00141361680483581
0.001413642511616205
0.001413644688473166
0.001413637208141119
0.001413637755927659
0.001413651531803407
0.001413670687362712
0.001413626587505185
0.001413640557110471
0.001413622043390175
0.00141377532121976
0.001413864344530339
0.001413583112551985
0.001413645474648183
0.001413602969281841
0.001413627801494993
0.001413641606060953
0.001413617550328612
0.00141371506940413
0.001012168096915805
0.001012119658663768
0.001012028966082996
0.001012168615186277
0.001012304222600531
0.001012067320082513
0.001012089470121702
0.00101204846385766
0.001012103518405223
0.001012229812217208
0.001012281067360628
0.001011984155544731
0.001012130862626206
0.001012304785429639
0.001012025109699803
0.001012169008757933
0.001012257551798894
0.00101198158385896
0.001012032250598435
0.001011980802415725
0.001012176173607181
0.001012283354926459
0.001011960748772741
0.00101210048429932
0.001012262802781657
0.001012239299480085
0.001011897891439413
0.001012055867561211
0.001012200701931937
0.00101230820199391
0.001012058978098522
0.001012087281079212
0.001012006183494825
0.001012120860858463
0.001012144586746122
0.001012032809109636
0.001012130821496911
0.001012154303309564
0.001012090228468354
0.001012104115853295
0.001012120243330155
0.001012118238623842
0.001012115905820818
0.001012120942704859
0.001012128320486969
0.001012135223062723
0.001012096546058921
0.001012106864431165
0.001012081036512629
0.001012223403904079
0.001012278661961544
0.001012013300027478
0.001012068607876944
0.001012018853422544
0.001012048007850228
0.001012060086017896
0.001012036841054408
0.001012125780944227
0.0006502469783164919
0.0006501986509313285
0.0006501296040878178
0.0006502470565676554
0.0006505248873543684
0.0006503644680644993
0.0006503760577744532
0.0006503529427233309
0.0006503856016086064
0.0006504787571223255
0.0006503636321183642
0.000650096614842209
0.0006502174679812381
0.0006505249337312992
0.0006503268131051291
0.0006504324185740791
0.0006503471070732001
0.000650099374445726
0.000650146953516961
0.0006501104984262087
0.0006502602056972121
0.0006505118081913434
0.0006502829503952998
0.0006503769956159492
0.0006505108081181353
0.0006503349589803193
0.0006500313811382178
0.0006501425177711586
0.0006502736540964587
0.0006505283591329063
0.0006503591377138809
0.0006503770953984818
0.0006503141731504142
0.0006503985653757075
0.000650422398904834
0.0006503349241559911
0.000650405006437547
0.00065043394309437
0.0006503923342328629
0.0006504011128920248
0.000650405703177272
0.0006504024079891839
0.0006504111556510961
0.0006504216544574874
0.0006504177253937029
0.0006504077901500181
0.0006503798853532328
0.0006503882360338329
0.0006503626605232624
0.0006504724936148587
0.0006503625570279494
0.0006501235252018384
0.0006501687149851876
0.0006501233401603105
0.0006501458155001042
0.0006501601071016566
0.0006501396388872816
0.0006502052470369781
0.0003527186277802728
0.0003527580011285097
0.0003526978438046341
0.0003527605846070487
0.0003523170182840587
0.0003520959211449817
0.000352132764260474
0.0003520782586970526
0.0003521014436321232
0.0003521908955608342
0.0003527846764657753
0.0003526679753164035
0.000352733720881008
0.0003523219625241308
0.0003520742879164741
0.0003521632157808171
0.000352772171186102
0.0003526700021215316
0.0003526628841580073
0.0003526559879622408
0.0003527671238339774
0.0003523187007615054
0.0003520132530359958
0.0003521017909222975
0.0003521984527011687
0.0003527680904437349
0.0003526251890981759
0.000352713512337232
0.0003527842522302308
0.000352321616852225
0.0003520933364365034
0.0003521265065368331
0.0003520748894009309
0.0003521399508549934
0.0003521518153660244
0.0003520984591165676
0.0003521487446417562
0.0003521564791003765
0.0003520865738593215
0.0003520862154537525
0.0003521150296314308
0.0003520925356845463
0.0003520627111017562
0.000352111379639045
0.0003521487761153061
0.0003521467060626404
0.0003521010449293283
0.0003521217907067166
0.0003521023076185897
0.000352180709042821
0.0003527800951615282
0.000352684952830817
0.0003526967528917501
0.0003526983757668117
0.000352699630044565
0.0003527091930863991
0.0003527155337573564
0.0003527441993759271
0.0001479720224098664
0.0001481798709078767
0.0001481643464949342
0.0001481213590602264
0.000144932383047738
0.0001443655979049081
0.0001444743134435767
0.0001443175696763178
0.0001443745619641165
0.0001445001555437211
0.0001478645121514678
0.0001481297492918042
0.0001481006228894506
0.0001449292609910353
0.0001443562156054116
0.0001444851996832504
0.0001478622849613792
0.0001481322265917811
0.0001480663775977087
0.0001480145897579783
0.0001480936253567542
0.0001449385626310055
0.0001442372985913629
0.0001443812671372334
0.0001444683734103997
0.0001478520722256443
0.0001481156145925134
0.0001482431488075532
0.0001481814685732568
0.0001449444953368725
0.0001443651989265421
0.0001444734477482007
0.0001443425076405057
0.0001444207776152832
0.0001444818952198356
0.0001444037067667371
0.0001444320176194752
0.0001444690017067767
0.0001443304298220959
0.0001442982303819945
0.0001443573548081171
0.0001442745451558735
0.0001442226971405741
0.0001442768072294252
0.0001444113205068063
0.000144414640304705
0.0001444224855550668
0.0001444089907260828
0.0001443970535421357
0.0001444726933249829
0.0001478619924103299
0.0001481376260244373
0.0001480765960531539
0.0001482132963295784
0.0001481530015506265
0.0001481038730813888
0.0001481663277401344
0.0001481705665364527
4.344928838927775e-05
4.355242931503744e-05
4.356298884099813e-05
4.351600917448496e-05
3.887369845152967e-05
3.803348856441091e-05
3.818365344326779e-05
3.804636537063656e-05
3.805699886296881e-05
3.81849238303721e-05
4.315468376511681e-05
4.35631914071732e-05
4.35032948613504e-05
3.886887236842701e-05
3.803152981774629e-05
3.818231060296877e-05
4.315613529631823e-05
4.356419980750932e-05
4.348855106086594e-05
4.344410959689823e-05
4.346981146320545e-05
3.888540778522173e-05
3.794035850613111e-05
3.802389640363234e-05
3.812869307294726e-05
4.314350502110453e-05
4.357170879824636e-05
4.361190067391385e-05
4.357510936865155e-05
3.889016175496705e-05
3.803430007521845e-05
3.818358309431174e-05
3.808434420373003e-05
3.807971447146474e-05
3.817461964553026e-05
3.810784470429014e-05
3.80866612862818e-05
3.813351718947837e-05
3.802574677537465e-05
3.793842634212982e-05
3.802222650910312e-05
3.794929519276211e-05
3.788295496438476e-05
3.792146558757209e-05
3.808039703010417e-05
3.808401425378923e-05
3.808864093232013e-05
3.806639087787635e-05
3.809441687137717e-05
3.817668367455715e-05
4.315429476569954e-05
4.356466428073993e-05
4.349374320859339e-05
4.362629267169441e-05
4.360747352617049e-05
4.350714003587817e-05
4.358416090822242e-05
4.358197632365133e-05
7.855888767705128e-06
7.870249982873412e-06
7.884143606493929e-06
7.879795366933893e-06
5.842066063255434e-06
5.784679327731105e-06
5.796569325184901e-06
5.771791408349527e-06
5.772627124894092e-06
5.796232822044895e-06
7.649915752204699e-06
7.913255381694738e-06
7.869937846547494e-06
5.842255180929235e-06
5.784664740686226e-06
5.795506473359744e-06
7.651979403313576e-06
7.913365665038888e-06
7.898106018718113e-06
7.881227045777862e-06
7.854244267534776e-06
5.84314548529253e-06
5.780205471260243e-06
5.797174472177175e-06
5.801020702316102e-06
7.644072397947175e-06
7.938301192506925e-06
7.942479017172846e-06
7.913101257279949e-06
5.842905732207424e-06
5.784727742162747e-06
5.796562851123958e-06
5.772321557328602e-06
5.773457642270308e-06
5.796358264062373e-06
5.784502061268926e-06
5.773659820184272e-06
5.800001018856745e-06
5.805195530294623e-06
5.794703902291127e-06
5.787961608502726e-06
5.764378120639454e-06
5.788695957915442e-06
5.792498192352922e-06
5.771612392973271e-06
5.760976372960981e-06
5.783719677430852e-06
5.797066752370704e-06
5.798038484092303e-06
5.80373011936188e-06
7.652821606970948e-06
7.913259117335145e-06
7.868637393550854e-06
7.931088384250984e-06
7.931643937540039e-06
7.86970195835907e-06
7.876109831520388e-06
7.878221480943116e-06
5.881750853950294e-06
5.883637252590116e-06
5.884174462760716e-06
5.882649629512206e-06
5.725109576880413e-06
5.711193545485177e-06
5.713637380909619e-06
5.711478206926218e-06
5.711413740057149e-06
5.713552950350895e-06
5.869201164287311e-06
5.884875607488127e-06
5.88228106443157e-06
5.725007013399797e-06
5.711183987761128e-06
5.71349465457776e-06
5.869274231113527e-06
5.884881036457759e-06
5.88265899251664e-06
5.882164227663854e-06
5.88172761895435e-06
5.725185923452313e-06
5.710956335259516e-06
5.711556848483525e-06
5.711986120339452e-06
5.868815400601573e-06
5.886793681243942e-06
5.886062824672164e-06
5.884038663285421e-06
5.725317478095239e-06
5.711201079424258e-06
5.713638156282329e-06
5.711759176512448e-06
5.711586813852523e-06
5.713567397577689e-06
5.712307715945003e-06
5.711860594331068e-06
5.712548749486261e-06
5.712103727393357e-06
5.711415258635407e-06
5.710906806559984e-06
5.709631137931017e-06
5.709699131179182e-06
5.710704495006411e-06
5.71249312160476e-06
5.712664319845622e-06
5.713187096044248e-06
5.711695674366243e-06
5.710657368984378e-06
5.713063975227218e-06
5.869222640418751e-06
5.884869786651399e-06
5.882145125226814e-06
5.885487470715409e-06
5.885654480497267e-06
5.88244941540315e-06
5.883806137583557e-06
5.883969916079689e-06
)
;

boundaryField
{
    inlet
    {
        type            cyclic;
    }
    outlet
    {
        type            cyclic;
    }
    bottomWall
    {
        type            nutUSpaldingWallFunction;
        Cmu             0.09;
        kappa           0.41;
        E               9.800000000000001;
        value           nonuniform List<scalar> 
58
(
1.71706442358803e-10
1.718745033991477e-10
1.718287105482996e-10
1.718455306439631e-10
1.718411216816186e-10
1.718414621753109e-10
1.718434793876629e-10
1.718416740826255e-10
1.718452210500328e-10
1.718444032363341e-10
1.71848470024473e-10
1.718460403816145e-10
1.718487513207266e-10
1.71844749042617e-10
1.718440136282834e-10
1.718408333922609e-10
1.718370053454404e-10
1.718343759383317e-10
1.718313669520424e-10
1.718334653169271e-10
1.718292023966152e-10
1.718321992398401e-10
1.718332118304591e-10
1.718328135487911e-10
1.718360661010984e-10
1.718344989410682e-10
1.718360322739906e-10
1.718351047390321e-10
1.718341180066349e-10
1.718319692263492e-10
1.718281779339824e-10
1.718253702298264e-10
1.718205081251839e-10
1.718174737143537e-10
1.718146548429153e-10
1.718129218541628e-10
1.718116956757158e-10
1.718093503295763e-10
1.718111597003719e-10
1.71809494907936e-10
1.718131976751955e-10
1.718105986799577e-10
1.718284757643192e-10
1.718208520883231e-10
1.718293831873274e-10
1.718323978656781e-10
1.718338890773462e-10
1.718382922392091e-10
1.718365387048254e-10
1.718424826806057e-10
1.718372777512363e-10
1.718409832832113e-10
1.71835032314327e-10
1.718349562575446e-10
1.718307231527924e-10
1.718268215428545e-10
1.71820482212752e-10
1.717992660025397e-10
)
;
    }
    topWall
    {
        type            nutUSpaldingWallFunction;
        Cmu             0.09;
        kappa           0.41;
        E               9.800000000000001;
        value           nonuniform List<scalar> 
58
(
9.700843182604757e-08
9.700200888178561e-08
9.700780712230831e-08
9.697574252155077e-08
9.721996158926259e-08
9.727103235954247e-08
9.72728280284078e-08
9.72681796962329e-08
9.726828969775902e-08
9.728166469781399e-08
9.705166181513472e-08
9.701780369418371e-08
9.697992426596549e-08
9.721917214159954e-08
9.727628771759441e-08
9.728708898106963e-08
9.705510953700617e-08
9.701671811176765e-08
9.700841157450624e-08
9.701808644326827e-08
9.697446984806941e-08
9.722452184014827e-08
9.726670317404063e-08
9.727350987176996e-08
9.728451902309707e-08
9.706117716902583e-08
9.700409187300869e-08
9.700410243682414e-08
9.697597770451762e-08
9.721938899482762e-08
9.727291419304443e-08
9.727357200902276e-08
9.72675954108459e-08
9.726217888744206e-08
9.726855738532384e-08
9.726554519846973e-08
9.726041487728015e-08
9.72704743529393e-08
9.727471285474144e-08
9.727440138476186e-08
9.727071342163253e-08
9.726781411139186e-08
9.727742680202666e-08
9.727846839695112e-08
9.727004038540725e-08
9.726259958293005e-08
9.726292401844973e-08
9.72643148329966e-08
9.727161522619671e-08
9.727918596065489e-08
9.705139294757846e-08
9.70112021188318e-08
9.701082969809606e-08
9.700201645753987e-08
9.699924392745024e-08
9.700240641513733e-08
9.69986842815334e-08
9.699471490847182e-08
)
;
    }
    left
    {
        type            cyclic;
    }
    right
    {
        type            cyclic;
    }
}


// ************************************************************************* //
