/*--------------------------------*- C++ -*----------------------------------*\
| =========                 |                                                 |
| \\      /  F ield         | OpenFOAM: The Open Source CFD Toolbox           |
|  \\    /   O peration     | Version:  v1812                                 |
|   \\  /    A nd           | Web:      www.OpenFOAM.com                      |
|    \\/     M anipulation  |                                                 |
\*---------------------------------------------------------------------------*/
FoamFile
{
    version     2.0;
    format      ascii;
    class       volVectorField;
    location    "3000";
    object      U;
}
// * * * * * * * * * * * * * * * * * * * * * * * * * * * * * * * * * * * * * //

dimensions      [0 1 -1 0 0 0 0];


internalField   nonuniform List<vector> 
1408
(
(0.1045526163020402 2.443496025569998e-07 1.505399892431912e-05)
(0.1043691061565648 -7.70316574395013e-07 1.502429961657478e-05)
(0.104306302222537 8.84024582302908e-07 1.501700658506974e-05)
(0.1045378551746182 1.128679860238874e-06 1.505124032590501e-05)
(0.1045772483158585 -8.237787704265508e-07 1.505459375192228e-05)
(0.104373548573025 -1.357576541932264e-06 1.502293848503621e-05)
(0.1043312220111343 1.109515681712458e-07 1.501729431820756e-05)
(0.1043129012788083 4.189952907511791e-07 1.501419884761703e-05)
(0.1043168769927381 3.187677552840029e-08 1.501511612765205e-05)
(0.1043208887078013 -3.553217949542066e-07 1.501504741518989e-05)
(0.1043075996256196 -2.215041373674258e-07 1.501349002337101e-05)
(0.1043065618711612 2.70554245676863e-07 1.501358717897465e-05)
(0.1043156293730728 2.701633065962258e-07 1.501591515984505e-05)
(0.1043169429718796 -5.22369261483985e-08 1.501590178852638e-05)
(0.1043257690929653 -7.742553516605786e-08 1.50180499076754e-05)
(0.1043104410905153 8.50074544890855e-08 1.501475077036811e-05)
(0.1042951657948331 6.909159478938103e-07 1.501583837126736e-05)
(0.104531690351923 9.576822869055842e-07 1.50515991865908e-05)
(0.1045751379557979 -8.690921958590191e-07 1.505688820606283e-05)
(0.1043747114368199 -1.08660434965883e-06 1.502641882605395e-05)
(0.1043251804521881 -2.902317367895064e-08 1.502101170380544e-05)
(0.1043222091522056 -1.818115055565415e-08 1.502076268817177e-05)
(0.1043241169264088 2.654162072970652e-07 1.502244107684442e-05)
(0.1043146644953402 -2.697372997375394e-07 1.502051766813664e-05)
(0.104320541855423 -1.197334787103567e-07 1.502332266538267e-05)
(0.1043207607056123 5.345199704965339e-07 1.502271456988027e-05)
(0.1043196919549629 1.516268356733121e-07 1.502385312492971e-05)
(0.1043274685345472 -5.936721408908869e-07 1.502421298203098e-05)
(0.1043173559524489 -3.275311720810418e-07 1.502396023541425e-05)
(0.1042990678261129 1.008047281187201e-06 1.502182128289909e-05)
(0.1045371509149946 1.277190170353526e-06 1.505939415865411e-05)
(0.1045608075909936 4.975346622871137e-07 1.506038646171386e-05)
(0.1045629562387188 -3.17106388380491e-11 1.506198256648943e-05)
(0.1045654153863943 1.376763139428661e-07 1.506087287805147e-05)
(0.1045853052519699 3.039256651832011e-07 1.506481314502894e-05)
(0.1045562828784535 1.022159128511037e-08 1.505746463839003e-05)
(0.1045660959742256 -1.516771567903404e-06 1.505922080112372e-05)
(0.1043648816364875 -1.343547732073339e-06 1.502742508663894e-05)
(0.1043043580465823 8.651194563244375e-07 1.502198725887914e-05)
(0.1045394730481556 1.142415982036146e-06 1.505455741143285e-05)
(0.1045776393716077 -7.789868499609244e-07 1.505920344186594e-05)
(0.1043761570543662 -1.260332268203336e-06 1.502587116122271e-05)
(0.1043231791011296 8.474833791842657e-08 1.502005793552123e-05)
(0.1043075551590534 8.815366248262694e-07 1.501697756736274e-05)
(0.3045389226830545 3.19107697243475e-06 4.435695945049051e-05)
(0.3044249383662964 -1.023682251979063e-05 4.433782352031962e-05)
(0.3043353582004801 6.577639781312473e-06 4.432351230175629e-05)
(0.304519791183641 1.25288200209537e-05 4.434952530027681e-05)
(0.3045785371038345 -5.982329108079101e-06 4.435780465783968e-05)
(0.3044288737601638 -1.234658495587426e-05 4.433267321248549e-05)
(0.3043752598522875 -1.363213667772492e-06 4.432461913914312e-05)
(0.3043359626344213 1.48222201816988e-06 4.431694834892694e-05)
(0.3043416082811542 6.835909483870156e-07 4.4318563699086e-05)
(0.3043500621114912 -5.617601184755643e-07 4.43181863036406e-05)
(0.3043309115320656 -1.14403376505122e-06 4.431645801066109e-05)
(0.3043192807299314 -1.404734500260307e-07 4.431440191235389e-05)
(0.3043404867553093 7.21617923351606e-07 4.432015920189233e-05)
(0.3043413216475342 -2.202174290279319e-07 4.431978340917485e-05)
(0.3043542779064638 3.383528582858701e-07 4.432479325989866e-05)
(0.3043252514975995 1.190829261071401e-07 4.431770678016866e-05)
(0.3043106626558313 7.180215173060593e-06 4.43194417227231e-05)
(0.3045075010932167 1.168356985269049e-05 4.434990455540929e-05)
(0.3045746525068123 -6.70218679706435e-06 4.436351265238281e-05)
(0.3044324590579637 -1.166019525983776e-05 4.434193107868248e-05)
(0.3043618369699442 -1.512403180227895e-06 4.433531661982633e-05)
(0.3043617071838539 -1.463560614416283e-07 4.433501310968822e-05)
(0.3043655868061591 6.16645437714768e-07 4.434021564054997e-05)
(0.3043441089224558 -8.400224033281956e-07 4.433535230102107e-05)
(0.3043526434409751 -5.811184205684652e-07 4.434167987270344e-05)
(0.3043446478180701 1.689616670088042e-06 4.433894342107935e-05)
(0.3043432079148742 8.684795640589277e-07 4.434317141999297e-05)
(0.3043632510592721 -1.425070925414288e-06 4.434360858860242e-05)
(0.304354031079852 -2.006229783005439e-06 4.434561039518281e-05)
(0.3043232667980894 8.224033090284268e-06 4.433761262734755e-05)
(0.3045219285443113 1.168436405984304e-05 4.437311812618929e-05)
(0.3045535376212599 2.960515599836582e-06 4.437309946367606e-05)
(0.3045628805441136 1.801918963206503e-07 4.437856677944173e-05)
(0.3045612006379197 3.638322004757807e-07 4.437340542809958e-05)
(0.3045989273977814 1.39601296592479e-06 4.438310708009926e-05)
(0.3045372444043331 2.013648151845483e-06 4.436653813082842e-05)
(0.304558136109195 -1.001881814738189e-05 4.43737699151688e-05)
(0.3044155471048313 -1.387567997317892e-05 4.434630547351067e-05)
(0.3043309626399388 5.66284948879075e-06 4.433811042958282e-05)
(0.3045226734996902 1.236710601417922e-05 4.435944643510895e-05)
(0.3045792999564951 -5.99138328337389e-06 4.437159059249428e-05)
(0.3044366019411303 -1.169234012023815e-05 4.434152537409178e-05)
(0.3043603454643395 -2.513849781002718e-06 4.433398243178048e-05)
(0.3043346458857203 9.35989399903269e-06 4.432204864191557e-05)
(0.4796972082680808 3.238188482705222e-06 7.043485300800169e-05)
(0.4797773952768721 -8.594560832032967e-06 7.04447289785403e-05)
(0.4797775389752719 4.496372046522687e-06 7.04422437398363e-05)
(0.4796927197098672 1.140414281320713e-05 7.042658674471059e-05)
(0.4796979006710733 -3.789951772102404e-06 7.042765749558976e-05)
(0.4797790592936152 -1.140388968731794e-05 7.043460917074579e-05)
(0.4797882764640825 -1.384263021922035e-06 7.043506622603006e-05)
(0.4797663906674374 1.764222526751594e-06 7.042858038447957e-05)
(0.479768526521322 8.173007480574977e-07 7.042967278089355e-05)
(0.4797747087916579 -4.149737720468033e-09 7.042797174306492e-05)
(0.4797728731855417 -1.683519257594121e-06 7.042939787157682e-05)
(0.4797648620478297 -1.079794253141906e-06 7.042692733157803e-05)
(0.4797630872327242 9.827555499173258e-07 7.043032401815989e-05)
(0.4797654619899139 -1.118976638916749e-06 7.042965850501091e-05)
(0.4797910621049217 7.416114157396908e-07 7.043844283941463e-05)
(0.4797576794892252 2.1979586745388e-06 7.043084677362137e-05)
(0.4797614861157075 5.310674323526435e-06 7.043655392682641e-05)
(0.4796823552704689 9.89975789382889e-06 7.042594916345176e-05)
(0.4796966479775635 -5.2109270306313e-06 7.043480310648519e-05)
(0.4797813771022547 -1.084173783934213e-05 7.044645696961853e-05)
(0.4797823718053495 -1.608817377999823e-06 7.045227842927918e-05)
(0.4797807258322397 -1.224063380368514e-08 7.045100931602725e-05)
(0.4797859009307002 6.109520518819639e-07 7.04593445334199e-05)
(0.4797809581179453 -1.42861058767841e-06 7.045625009829374e-05)
(0.4797810996866189 -1.613266213249718e-06 7.046390777976864e-05)
(0.4797743407765314 1.913139900219082e-06 7.046057007681064e-05)
(0.479773772288393 1.978959852588336e-06 7.046797171151015e-05)
(0.4797785009854429 -9.397892566495354e-07 7.046487921623318e-05)
(0.4797796536790044 -1.859843695291344e-06 7.047155377115183e-05)
(0.4797755171118899 6.302764701532355e-06 7.046517440046499e-05)
(0.479696207218764 1.042996669373782e-05 7.046309902863334e-05)
(0.4796874934431182 3.478201452840169e-06 7.045590892385201e-05)
(0.4797035631571854 3.536474089376654e-07 7.046525094445369e-05)
(0.4796908695540466 3.865430206318155e-07 7.045545839765428e-05)
(0.4797109597981825 2.085224000890238e-06 7.046537527954686e-05)
(0.4796718283220863 3.121481265048556e-06 7.044851344337809e-05)
(0.4796906141503292 -9.077123436989952e-06 7.045752871261922e-05)
(0.4797697142370207 -1.36291453410131e-05 7.045858201979226e-05)
(0.4797754632787345 2.797714074161474e-06 7.046542863105701e-05)
(0.4796961930813901 1.100540591710268e-05 7.044241768247559e-05)
(0.4797002851131717 -3.868828344184953e-06 7.045016802733189e-05)
(0.479786504456907 -1.048634163987058e-05 7.044866731446108e-05)
(0.4797789018684998 -2.722333227241254e-06 7.045379099583212e-05)
(0.479776311963385 7.68197088476567e-06 7.043886655856914e-05)
(0.6097865187906194 1.677088645945933e-06 9.006440205841534e-05)
(0.6098534644391489 -2.455970642425345e-06 9.0072590274463e-05)
(0.6098855617920326 8.31579571900156e-07 9.007422899421761e-05)
(0.6097853609731869 3.987907872244316e-06 9.005410823953072e-05)
(0.6097716027605982 -5.161441362474985e-07 9.005204654184258e-05)
(0.6098562914893009 -4.09979990012235e-06 9.005874834040898e-05)
(0.6098729404898416 5.493934433088318e-07 9.00601762335638e-05)
(0.6098797599082408 1.210560547775367e-06 9.005710215251919e-05)
(0.6098806048348013 1.916224012179753e-07 9.005767912984835e-05)
(0.6098762611725161 7.487002695623845e-07 9.005343540302508e-05)
(0.6098855343561603 -7.16954740385663e-07 9.005675304099217e-05)
(0.6098875547791202 -1.780459522679044e-06 9.005492932794599e-05)
(0.6098831020289511 1.628940899282279e-07 9.005836265524425e-05)
(0.6098770791216275 -1.143492186359464e-06 9.00557924104113e-05)
(0.6098965428515395 1.034250037872993e-06 9.006454441698804e-05)
(0.6098812422574627 2.988673421191818e-06 9.005987128192883e-05)
(0.6098894328952223 3.449736191379294e-07 9.00669546853803e-05)
(0.6097852000122749 2.443293953200009e-06 9.005149591133814e-05)
(0.6097751821922853 -2.050693049327621e-06 9.005811519092387e-05)
(0.6098562119770184 -3.978996026285101e-06 9.006964058699223e-05)
(0.6098834448269708 -2.841441496743817e-07 9.008146925868297e-05)
(0.6098779409841848 -5.88940116456497e-08 9.007935256529838e-05)
(0.6098811625462811 9.767778389043817e-07 9.008938934651795e-05)
(0.6098882188448178 -1.009995200979676e-06 9.008796627651596e-05)
(0.6098849848473169 -2.172946273906495e-06 9.009695280506027e-05)
(0.609889083432566 1.335893525486678e-06 9.009482648041905e-05)
(0.609884413294054 1.730342305600663e-06 9.010386371924085e-05)
(0.6098855280953331 -3.244336833941345e-07 9.009969920558474e-05)
(0.6098811743908484 -1.704459533088139e-07 9.010781759393773e-05)
(0.6098849142073028 1.308821506336617e-06 9.010128387470185e-05)
(0.6097886014134742 3.293786428312326e-06 9.009795610422533e-05)
(0.609767785506095 1.659206712891023e-06 9.008773789582756e-05)
(0.6097823820498997 1.836667197235951e-07 9.009891491189411e-05)
(0.6097699010217777 -1.030057377028413e-07 9.008745000363928e-05)
(0.6097719278448983 1.962809217300009e-06 9.00964929902063e-05)
(0.6097662749223673 3.171278013864239e-06 9.008289248735188e-05)
(0.6097806298571512 -4.015619376959256e-06 9.009315270966218e-05)
(0.6098547705000495 -6.15028734772363e-06 9.009127036889581e-05)
(0.6098875991256224 -8.817559184578436e-07 9.010369454285384e-05)
(0.6097903491368005 3.552043393362588e-06 9.007453810164642e-05)
(0.6097754392744106 -5.934348158276653e-07 9.008135681262878e-05)
(0.6098604042991298 -3.446705620470772e-06 9.007685392376438e-05)
(0.6098779865188906 -5.784558121990502e-07 9.008797115135689e-05)
(0.6098855284782544 2.068932429053771e-06 9.007023492385341e-05)
(0.7063281587752943 1.096736125061459e-06 0.0001047950959019045)
(0.7063430831458711 2.097382229620308e-08 0.000104796315587499)
(0.706361613919015 -2.630751166279361e-07 0.0001047956817240513)
(0.7063233710704893 7.185145948672711e-07 0.0001047833416748676)
(0.7063189429072508 3.244327758917803e-07 0.0001047816460329537)
(0.7063470714830644 -8.887999969813576e-07 0.0001047794273642951)
(0.706346612698848 1.304257714347581e-06 0.0001047779470928874)
(0.7063592368719711 8.804454132718027e-07 0.0001047749618810583)
(0.7063628733468958 -1.779266585155093e-07 0.0001047754920407923)
(0.7063527818015312 6.021057290379512e-07 0.0001047695335190655)
(0.7063629550597401 -1.352973131433992e-07 0.0001047728198031422)
(0.7063644084634234 -1.312036877766837e-06 0.0001047701149895712)
(0.7063689585606068 -2.228215469069675e-07 0.0001047748918867023)
(0.7063613729262069 -1.435286340595058e-06 0.0001047714536122075)
(0.7063673432152101 9.732771197821451e-07 0.0001047782810054683)
(0.7063646351282971 2.939254131970282e-06 0.0001047754131607674)
(0.706375057707134 -1.338196640566435e-06 0.0001047834597228812)
(0.7063308075447556 -5.924849438931771e-07 0.0001047763043176049)
(0.7063262789984321 -9.969829464333517e-07 0.0001047840144323921)
(0.7063469991002751 -9.814488603131432e-07 0.0001047867571896682)
(0.7063630334533574 3.461746392924769e-07 0.0001047983628915614)
(0.7063576274294598 -1.852547054581752e-07 0.0001047963250031464)
(0.7063585348062422 7.083319749301095e-07 0.0001048072574454984)
(0.7063645650257734 -2.523318519327478e-07 0.0001048059729877881)
(0.7063607337092894 -1.654889669581092e-06 0.0001048161048594)
(0.7063656638628494 7.017570869106413e-07 0.0001048140619766237)
(0.7063618722703284 1.030491458608599e-06 0.0001048247604473691)
(0.7063680500656999 -7.57006551106672e-08 0.000104821465089977)
(0.7063579999925592 8.424521352813572e-07 0.0001048302444732263)
(0.7063570745225072 -2.187389756455027e-07 0.0001048228789642864)
(0.7063258221200024 3.767368600167153e-07 0.0001048299055213755)
(0.7063154920494997 4.064961516927814e-07 0.0001048206519587678)
(0.7063263982529474 -3.17879268063761e-08 0.0001048326646354737)
(0.7063194894629068 -4.612954229804447e-07 0.0001048214494830082)
(0.7063196517342843 1.55897397148365e-06 0.0001048314005689203)
(0.7063218655637249 2.663395918943358e-06 0.0001048184808796965)
(0.7063362494748869 -1.798660915894845e-06 0.0001048299286819927)
(0.7063521473856519 -2.452723630946427e-06 0.0001048182732486861)
(0.7063670972923131 -1.773893194464945e-06 0.0001048293572303256)
(0.7063297175630701 3.802222111407125e-07 0.0001048071868313109)
(0.7063240570524841 2.642803129080173e-07 0.0001048161232001319)
(0.7063502497636543 -3.391009577522976e-07 0.000104801335026704)
(0.7063575457391807 5.745252127645171e-07 0.0001048121354044536)
(0.7063622422499913 -1.342070468130192e-07 0.0001047916843593317)
(0.790685466700128 1.0214619772465e-06 0.0001178198401455488)
(0.790684015384739 6.768924584218355e-07 0.0001178214045406735)
(0.7906906865900163 -2.919016093657707e-07 0.0001178187227612609)
(0.7906798472988553 -4.693341540589968e-08 0.0001178095789402856)
(0.7906805503691582 3.120174564017191e-07 0.0001178072958044754)
(0.7906856652357359 4.903729301383072e-08 0.0001178009865186407)
(0.7906824350755696 1.223826565918687e-06 0.0001177983225492105)
(0.7906873485537133 7.183886789451642e-07 0.0001177932812114779)
(0.7906921609472899 1.661285527166369e-07 0.0001177933388368097)
(0.7906832148419893 2.789699463933862e-07 0.0001177866970452284)
(0.7906912794907699 -3.421145635487894e-07 0.0001177890570253126)
(0.7906903325279373 -1.241312027408568e-06 0.0001177851273569461)
(0.7906958161689384 -4.12043211387396e-07 0.0001177896028712438)
(0.7906917529987738 -1.230522336115715e-06 0.0001177860688795206)
(0.7906944769640931 7.836800388966097e-07 0.0001177920369713655)
(0.7906914273886364 2.351717152459369e-06 0.0001177889101645435)
(0.7907014352343957 -1.635248215925444e-06 0.0001177972492277377)
(0.7906879847611896 -1.101033424244642e-06 0.000117794541928261)
(0.7906884146164581 -6.130127491817846e-07 0.0001178028687495589)
(0.7906874034070618 -2.094221810474728e-07 0.0001178021968808)
(0.7906941453764015 5.471685515800898e-07 0.0001178131822785912)
(0.7906902506456446 -1.47579215480239e-07 0.0001178116437404504)
(0.790689861108876 1.307280151554764e-07 0.0001178230807368822)
(0.7906930426789861 2.897613819801444e-07 0.0001178219893320849)
(0.7906898235265044 -7.46359633520235e-07 0.0001178331343866512)
(0.79069121366307 4.724251643013998e-07 0.0001178309026093154)
(0.790689269415357 3.854050872715082e-07 0.0001178429100912418)
(0.7906945334238074 -2.448333535882489e-07 0.0001178401182320272)
(0.7906878300249547 1.319881570004193e-06 0.0001178506980584116)
(0.7906853841945298 -2.92993521701335e-07 0.0001178438431957246)
(0.7906811938977025 -2.010585519700291e-07 0.000117855573223544)
(0.7906776353802051 -6.991761020839651e-08 0.0001178474929977564)
(0.7906848778517195 -2.957706761964665e-07 0.000117860000376296)
(0.7906817386122886 -6.756128267402203e-07 0.0001178496049291961)
(0.790684311577316 1.186012057512106e-06 0.0001178608315378904)
(0.7906826740046761 2.002864592545385e-06 0.0001178475006378612)
(0.7906957431107747 -1.318092582983641e-06 0.0001178594638445886)
(0.7906930859137485 -1.207933909686901e-06 0.0001178446038119272)
(0.7906966732172018 -1.578375321130129e-06 0.0001178550063668141)
(0.790686554034391 -2.379797925491937e-07 0.0001178361265251146)
(0.7906860915009579 3.119742641291135e-07 0.0001178460447818997)
(0.7906898025574067 4.800606321847737e-07 0.0001178269522654063)
(0.7906903233111454 1.063149178655479e-06 0.0001178371615205444)
(0.7906909468493214 -6.192774062386201e-07 0.0001178146261430395)
(0.8690057145477326 1.017284327796421e-06 0.0001301285821328333)
(0.8690044968304143 8.075152666330451e-07 0.0001301334676324412)
(0.8690062633097488 -7.568646226237003e-08 0.0001301294271978337)
(0.8690025120791605 6.470586930927603e-08 0.0001301208050201279)
(0.8690033886280045 2.460636357479035e-07 0.0001301172649649257)
(0.8690034752092587 3.214622451907519e-07 0.0001301095177473033)
(0.8690031579664572 9.511574880446077e-07 0.0001301062906570771)
(0.869002488987239 4.831495598979877e-07 0.000130099453729971)
(0.8690059968875765 6.278458008418155e-07 0.000130098355089871)
(0.8690006678865141 2.873006426845785e-07 0.000130091481797804)
(0.8690052257661627 -6.136274358215824e-07 0.0001300923780582377)
(0.8690029640313653 -1.517832369604871e-06 0.000130087406848988)
(0.8690073894078817 -7.353602096732445e-07 0.000130090826934889)
(0.8690043080994211 -1.028365904821587e-06 0.0001300868878455192)
(0.8690076539948286 6.105071809747066e-07 0.0001300921880658793)
(0.8690048147209699 1.876800691846257e-06 0.0001300889086629112)
(0.869010385450673 -1.650928592245054e-06 0.0001300962530495657)
(0.8690056361431769 -9.754418003689184e-07 0.0001300948708872361)
(0.8690075701388439 -3.53615366321742e-07 0.0001301032717510694)
(0.8690050582678966 -1.755803706920071e-07 0.0001301023058282534)
(0.8690083511995785 5.287457748247034e-07 0.0001301128851402811)
(0.8690060356871986 3.851979333690064e-08 0.0001301121195721763)
(0.8690053470410427 -2.226189306909214e-07 0.0001301237228004666)
(0.8690060597828895 4.323690296678055e-07 0.0001301231128323424)
(0.8690045819342087 -4.648308705662929e-08 0.0001301350823690046)
(0.8690050066457363 5.436036270256322e-07 0.0001301335583799464)
(0.8690039212240988 1.321025832437127e-07 0.0001301462287254839)
(0.8690054145682121 -2.977415828046017e-07 0.0001301439244057172)
(0.8690029704294174 1.532721422265473e-06 0.0001301560988630343)
(0.8690015887452511 -2.15720192363436e-07 0.0001301506951947217)
(0.869002129772254 -2.425539973427424e-07 0.000130163660771093)
(0.8690006284257231 -2.597941876108289e-07 0.0001301567858506168)
(0.8690053161081777 -4.398751348472436e-07 0.0001301695586493089)
(0.8690032907117993 -8.588968208759503e-07 0.000130160252006539)
(0.8690065708444042 8.357955370868663e-07 0.0001301721935469397)
(0.8690045736367761 1.56535950136376e-06 0.0001301596241162305)
(0.8690118048407183 -1.466576377122868e-06 0.0001301711619884489)
(0.8690089881769116 -1.020353294729728e-06 0.0001301565705228005)
(0.8690092878707 -1.286112713460695e-06 0.0001301668943759183)
(0.869007146254244 -1.152029948776366e-07 0.0001301493042720661)
(0.8690075570389764 3.606421347230876e-07 0.000130159340832616)
(0.8690077820362309 5.503243418272954e-07 0.0001301394205603021)
(0.8690071450329688 1.265261238965038e-06 0.0001301492745151748)
(0.8690064812954148 -4.827307309063663e-07 0.0001301255029000562)
(0.9378628125448861 9.584839683266969e-07 0.0001412311883289418)
(0.9378631678445029 8.331979821459724e-07 0.0001412380630926586)
(0.9378635654288169 1.158842438931754e-07 0.0001412329912353591)
(0.9378619421963144 2.666908077177906e-07 0.0001412242831810143)
(0.9378621610255369 2.793564318542347e-07 0.000141219534342101)
(0.937861689548467 4.575004343852151e-07 0.0001412111232573403)
(0.9378626371057507 8.478917903877791e-07 0.0001412070556501651)
(0.9378609457136793 3.956821487004973e-07 0.0001411992975808423)
(0.9378631293577634 7.72711689295694e-07 0.0001411968924963291)
(0.9378605108495042 3.347253224639356e-07 0.000141189812865506)
(0.9378629979257932 -5.206802250345868e-07 0.0001411893442685957)
(0.937860232671239 -1.587805814672881e-06 0.0001411836807831975)
(0.9378628334368743 -1.004939045021421e-06 0.0001411857169076887)
(0.9378602038359034 -9.175962039120098e-07 0.0001411814512724799)
(0.937862696028003 2.932780404155484e-07 0.0001411856714267116)
(0.9378616042950301 1.565026350466202e-06 0.000141182654920784)
(0.9378644364447832 -1.482920516289854e-06 0.0001411888742579397)
(0.9378607909972934 -8.267958134449334e-07 0.000141187655492798)
(0.9378627933512139 -2.089187559354257e-07 0.0001411957580082553)
(0.937861068732284 -2.763486801073417e-07 0.0001411952013195794)
(0.9378635935814966 4.383852619048294e-07 0.00014120538073247)
(0.937862141442256 1.502584833758324e-07 0.0001412054544155195)
(0.9378618666117053 -2.4010061010096e-07 0.0001412169812196464)
(0.9378618654250482 4.005435982316406e-07 0.0001412172044012178)
(0.9378613980788071 2.209340061423773e-07 0.0001412295256099104)
(0.9378617623420871 5.353627058653614e-07 0.0001412291750649445)
(0.9378613993335442 2.104378612343391e-07 0.0001412421284402437)
(0.9378614040867973 -1.438824227393915e-07 0.0001412408131299889)
(0.9378607127114813 1.521974197715117e-06 0.000141253742722368)
(0.9378603405175853 -1.624837880537776e-07 0.0001412500290612534)
(0.9378606819140713 -2.703157236616442e-07 0.0001412632398677087)
(0.9378595496902893 -4.06598379278891e-07 0.0001412577070723943)
(0.9378624838665857 -5.763411540666996e-07 0.0001412705172946201)
(0.9378610089690442 -9.091626788739714e-07 0.0001412624856063484)
(0.9378630309189818 4.100498338119656e-07 0.00014127449860005)
(0.937862985672115 1.20642930605704e-06 0.0001412633800256785)
(0.9378662148231032 -1.455330220623408e-06 0.0001412745059290185)
(0.9378645740038869 -1.020883617484e-06 0.0001412607946939762)
(0.9378638133124566 -1.114187771327807e-06 0.0001412710156708599)
(0.9378636990000068 -1.129232505720279e-07 0.0001412541579008078)
(0.9378639821576765 4.13249549654839e-07 0.0001412641025132671)
(0.9378645227105139 4.87850586703542e-07 0.0001412442175077964)
(0.9378638791283282 1.295261984999045e-06 0.0001412539652077752)
(0.9378640776490849 -1.978065302562321e-07 0.0001412295036869557)
(0.9948731551260047 8.62710848367107e-07 0.0001506977225516772)
(0.9948742134679929 8.050143368939696e-07 0.0001507053204107476)
(0.9948741069496366 2.398422273413019e-07 0.0001506993789175347)
(0.9948736049240289 3.926837060583201e-07 0.0001506904680861237)
(0.9948733631121693 3.261314984684078e-07 0.0001506847331126718)
(0.9948731837114647 5.128724673266231e-07 0.0001506758778223371)
(0.9948742414318276 7.823534616128728e-07 0.0001506708951267364)
(0.9948728266683133 4.04488088295659e-07 0.0001506626172270594)
(0.9948743451047837 7.790802884784039e-07 0.0001506591171748595)
(0.9948729857163088 2.709387143133642e-07 0.0001506517524301267)
(0.9948746470383546 -3.516398840503216e-07 0.0001506501979583051)
(0.9948723153159115 -1.365719983878631e-06 0.000150644174397509)
(0.9948735855991367 -1.035035786400482e-06 0.0001506450041963782)
(0.9948714647854897 -7.390346966927022e-07 0.0001506405622791693)
(0.9948728747617193 -1.43701869996095e-09 0.0001506437376293191)
(0.9948723688683897 1.246224161284293e-06 0.0001506408886880364)
(0.9948744593956186 -1.204954231458677e-06 0.0001506463219586354)
(0.9948709753779151 -6.866800108286241e-07 0.000150645136494971)
(0.9948728966642953 -1.226468821217166e-07 0.0001506528512077435)
(0.994871281016104 -3.41884313983272e-07 0.0001506527167279752)
(0.9948734708414707 3.598337620301023e-07 0.0001506625145874231)
(0.994872354797826 1.477922158492428e-07 0.0001506633215992776)
(0.9948722351520253 -1.745439715304969e-07 0.000150674680957182)
(0.9948723425347135 3.424881315294693e-07 0.0001506757690846171)
(0.9948721507222054 2.747740655443356e-07 0.000150688183258616)
(0.994872656503942 4.416150178938843e-07 0.0001506889448875839)
(0.9948723951604034 2.954324723597457e-07 0.0001507020101988429)
(0.994872412864638 -3.442074513047693e-08 0.0001507017822465487)
(0.9948721687731567 1.358121569608405e-06 0.0001507150507078183)
(0.9948725646785667 -9.203154060090819e-08 0.0001507127877097044)
(0.9948724712237763 -2.904554526839144e-07 0.0001507261300400405)
(0.9948715861636807 -4.456805835192619e-07 0.000150721806404631)
(0.9948732483069418 -6.467527432562619e-07 0.0001507346444503724)
(0.9948723665516137 -8.464583552579942e-07 0.0001507277271795533)
(0.9948731303164965 7.173469141846905e-09 0.0001507397217010303)
(0.9948738609734475 8.442238275048552e-07 0.0001507296910864102)
(0.9948755980554959 -1.301721701767789e-06 0.0001507407768313563)
(0.9948745278294412 -9.950720806444228e-07 0.0001507276864554966)
(0.9948733026371795 -9.441103907367462e-07 0.0001507379482676089)
(0.9948737300789097 -1.680871389381413e-07 0.0001507213836798907)
(0.9948736059952644 4.089296623315456e-07 0.0001507314280576517)
(0.9948745705159281 3.942846896103611e-07 0.0001507113456778703)
(0.994873729026761 1.207647845187841e-06 0.000150721376108684)
(0.9948747769247636 2.674919165743826e-08 0.0001506960890339073)
(1.040471011230854 7.706741750987505e-07 0.000158480024952066)
(1.040472331788423 7.502908554862837e-07 0.000158487885219686)
(1.040471981003549 3.019928941647815e-07 0.0001584812791509647)
(1.040472127920922 4.482767138308878e-07 0.0001584721274214472)
(1.04047157422134 3.508035180766115e-07 0.000158465626780709)
(1.040471693626929 5.106886743852589e-07 0.000158456394428684)
(1.040472642683663 7.118329657119392e-07 0.0001584506424808626)
(1.040471593527024 3.984575611675959e-07 0.0001584419661083972)
(1.040472823024886 7.390661130335709e-07 0.0001584376283082874)
(1.040471952661993 1.842080737641334e-07 0.0001584299346684391)
(1.040473251360251 -2.435312960885794e-07 0.0001584275521806236)
(1.040471450480778 -1.087303706177098e-06 0.000158421253328749)
(1.040472177302171 -9.558502095058787e-07 0.0001584212109211186)
(1.04047045235047 -5.362069715948984e-07 0.00015841660982892)
(1.040471305894263 -1.515437619491745e-07 0.000158419014863609)
(1.040470786373274 9.745314814748622e-07 0.0001584161867748973)
(1.040472631917254 -9.347484750294246e-07 0.0001584210848886174)
(1.040469491690244 -5.74168280239784e-07 0.0001584199334481212)
(1.040471302114537 -7.539780266136992e-08 0.0001584273285553298)
(1.040469658602002 -3.514445456559031e-07 0.0001584274859846303)
(1.040471640150551 2.97511879817594e-07 0.0001584370342816674)
(1.040470640446959 1.222814345052313e-07 0.0001584383643572649)
(1.040470524963295 -1.081664003461315e-07 0.0001584496342795335)
(1.040470784547795 2.741016434394034e-07 0.0001584513712987983)
(1.040470580542425 2.408369569124488e-07 0.0001584638732548745)
(1.040471207157407 3.434982992952229e-07 0.000158465442436338)
(1.040470790001305 3.459501569338783e-07 0.0001584786579497275)
(1.040471141969523 2.40961295882056e-08 0.0001584792840855781)
(1.040470907139626 1.145137973041083e-06 0.0001584928415999913)
(1.04047171043233 -6.4231549313891e-08 0.0001584915926045733)
(1.04047142552761 -3.21924428158218e-07 0.0001585051744900712)
(1.040470751016641 -4.269950566830116e-07 0.0001585017160002269)
(1.040471696075572 -6.53983700509098e-07 0.0001585147581062885)
(1.040471128235623 -7.384438572451571e-07 0.0001585085784751459)
(1.040471343708336 -2.553604463195248e-07 0.000158520773895746)
(1.040472044796757 5.502139069454146e-07 0.0001585113399406461)
(1.04047310438905 -1.127733713050678e-06 0.0001585226549598489)
(1.040472343937225 -9.317876683663308e-07 0.000158509828503283)
(1.040471000813106 -7.747846146206217e-07 0.000158520379157398)
(1.040471662790921 -1.99367984146775e-07 0.0001585037678402035)
(1.040471134575732 3.841088212079453e-07 0.0001585141465001001)
(1.040472288289583 3.136744252551654e-07 0.0001584935972392609)
(1.040471241885372 1.074494942342902e-06 0.0001585041520277329)
(1.040472718528049 1.628768295060081e-07 0.0001584779201822685)
(1.076677273599413 6.960434181447932e-07 0.0001648014562629633)
(1.076678680986682 6.86892582788361e-07 0.0001648095636931356)
(1.076678203709623 3.266833547849575e-07 0.0001648024894781458)
(1.076678695265874 4.633587275745241e-07 0.0001647930944895085)
(1.076677955723668 3.558941558172835e-07 0.0001647860296502242)
(1.076678259797727 4.721605505019109e-07 0.0001647764490024539)
(1.07667911421175 6.423658591636335e-07 0.0001647701064397487)
(1.076678287851293 3.667268809341352e-07 0.0001647610525713864)
(1.076679388799006 6.772934869597182e-07 0.0001647560812530789)
(1.076678689035657 1.098287570014418e-07 0.0001647480260381104)
(1.076679821023023 -1.920459303366957e-07 0.0001647450127016412)
(1.076678347222337 -8.456279185325767e-07 0.0001647383995531305)
(1.076678934776231 -8.517626932433724e-07 0.0001647377256247425)
(1.076677474454693 -3.583239987237808e-07 0.000164732896231068)
(1.076678120625224 -2.036315351587454e-07 0.0001647347534514524)
(1.076677494686388 7.61018998959552e-07 0.0001647318100061498)
(1.076679174313595 -7.118914776433266e-07 0.0001647363249397958)
(1.076676426886902 -4.901263022817454e-07 0.0001647351229142834)
(1.0766781342819 -5.732810377320279e-08 0.0001647422906857721)
(1.076676506852826 -3.321290380958127e-07 0.0001647425621089024)
(1.076678378405803 2.500976176050043e-07 0.0001647519841371764)
(1.07667742181332 9.699146366415501e-08 0.0001647536018045979)
(1.07667727785445 -6.081895888908361e-08 0.0001647648787331347)
(1.07667764703997 2.100218150070632e-07 0.0001647670118017131)
(1.076677371592336 1.850245607717943e-07 0.0001647796697522225)
(1.07667805717972 2.709047236243207e-07 0.000164781737181442)
(1.076677503577245 3.718137987421439e-07 0.0001647952029487429)
(1.076678104727062 5.051711347450835e-08 0.000164796390548858)
(1.076677796846988 9.345995169043761e-07 0.0001648103081299525)
(1.076678721664164 -6.701186077787889e-08 0.0001648096969632255)
(1.076678376282989 -3.516336242774932e-07 0.0001648236471649021)
(1.076677827241099 -3.89194491851002e-07 0.0001648207419595134)
(1.076678426428522 -6.276687747140127e-07 0.0001648341690816048)
(1.076677996384163 -6.232081241250464e-07 0.0001648284329821665)
(1.076678031123169 -3.984298611254702e-07 0.0001648410299367458)
(1.076678540606921 3.326462312403092e-07 0.0001648319006749503)
(1.076679206783229 -9.652333114454922e-07 0.0001648436344767854)
(1.076678651590701 -8.402666974441636e-07 0.0001648308684146403)
(1.076677307934479 -6.198287915066103e-07 0.0001648418774840577)
(1.076678069673988 -2.010764462627124e-07 0.0001648250755616583)
(1.076677281145821 3.576719905082314e-07 0.0001648359304777216)
(1.076678514528571 2.585762712599067e-07 0.0001648148738909202)
(1.076677340143843 9.421407393299802e-07 0.0001648260075383167)
(1.076678973191597 2.381232184963714e-07 0.0001647989023096145)
(1.105436974947279 6.395447734199625e-07 0.0001699116345253813)
(1.105438380947664 6.256214053756382e-07 0.0001699201196050361)
(1.105437849735979 3.306185944085458e-07 0.0001699127453991602)
(1.105438520155359 4.578209606541281e-07 0.0001699031298480233)
(1.105437674725632 3.496431293376585e-07 0.0001698956674100205)
(1.105438068887358 4.163042155591457e-07 0.0001698857600418482)
(1.105438870761219 5.776231772069459e-07 0.0001698789779234599)
(1.105438154418312 3.209331989490974e-07 0.0001698695457901739)
(1.105439186887696 6.088823640491852e-07 0.0001698640881597884)
(1.105438531534934 5.40429050986097e-08 0.0001698556404990071)
(1.105439586225 -1.724649543684423e-07 0.0001698521294690334)
(1.10543828713065 -6.559582401802798e-07 0.0001698451395743819)
(1.105438879827955 -7.466041844279639e-07 0.0001698439753470415)
(1.105437578027772 -2.123673794548157e-07 0.0001698388209266791)
(1.105438165084533 -2.115628658379088e-07 0.0001698402608983308)
(1.105437436519805 5.963846399398373e-07 0.0001698370663075294)
(1.105438991530843 -5.358916188677344e-07 0.0001698412842537824)
(1.105436597612795 -4.301576706332742e-07 0.0001698399031750601)
(1.105438206746592 -5.863066636754095e-08 0.0001698468985860084)
(1.105436623397035 -3.038165792583869e-07 0.0001698471030828451)
(1.105438436955975 2.101383242589249e-07 0.0001698564676357713)
(1.1054374963795 7.313316015422422e-08 0.0001698581555098373)
(1.105437334076596 -3.257926197105682e-08 0.0001698695004208268)
(1.105437780116686 1.528043832085438e-07 0.000169871803904417)
(1.105437453213539 1.331423196151981e-07 0.0001698846727803191)
(1.10543816072657 2.196365228641346e-07 0.0001698869915496903)
(1.105437532383314 3.733286056032731e-07 0.0001699007839823266)
(1.105438267565682 5.803697912532466e-08 0.0001699022920621912)
(1.105437899236251 7.506210279289635e-07 0.0001699166410573772)
(1.105438816259751 -7.791247089288252e-08 0.0001699164107664585)
(1.105438462316989 -3.682409038502291e-07 0.0001699308275657348)
(1.105437978921398 -3.471220631674932e-07 0.0001699282648742211)
(1.105438391746684 -5.863604215549272e-07 0.0001699422006884206)
(1.105438030914779 -5.18561066874073e-07 0.0001699367382560928)
(1.10543801425888 -4.675125505650448e-07 0.0001699498704977695)
(1.105438360609449 1.779196191422181e-07 0.0001699409147401348)
(1.105438768407082 -8.215115081045927e-07 0.0001699531923028395)
(1.105438368501732 -7.355697132963465e-07 0.000169940426537001)
(1.105437070992112 -4.808877716244216e-07 0.0001699519936038556)
(1.105437877277931 -1.818956977934689e-07 0.0001699350105162711)
(1.105436929803181 3.333540735141719e-07 0.0001699464023499694)
(1.105438192718421 2.247429810567735e-07 0.0001699249408454807)
(1.105436954248607 8.227493976195407e-07 0.0001699366228655188)
(1.105438629168489 2.733569572762814e-07 0.000169908829261664)
(1.127972799038846 5.991101151713741e-07 0.0001739668253172516)
(1.127974175192936 5.694288892877666e-07 0.0001739758311954569)
(1.127973622965431 3.219727074669792e-07 0.0001739682943562615)
(1.127974384809842 4.424556953283958e-07 0.0001739584960556352)
(1.127973485733992 3.349333106875343e-07 0.0001739507745363977)
(1.127973924009595 3.543946221518012e-07 0.0001739405709987375)
(1.127974703627091 5.173924261222506e-07 0.0001739334724489608)
(1.127974028863044 2.730393970651614e-07 0.0001739236681798763)
(1.127975013836817 5.429576539396765e-07 0.000173917836655349)
(1.127974349050228 1.23729222431076e-08 0.0001739089779660151)
(1.127975370511249 -1.667153124697225e-07 0.0001739050644876341)
(1.127974166533478 -5.130545058918668e-07 0.0001738976501595364)
(1.12797480984753 -6.444825230404492e-07 0.0001738960841054643)
(1.127973592175757 -9.335764437954807e-08 0.0001738905214558933)
(1.12797418272345 -2.015261323582228e-07 0.0001738916207553332)
(1.127973349983361 4.726461542504746e-07 0.0001738880577734239)
(1.127974808296147 -3.973249956502141e-07 0.0001738920245585083)
(1.12797269130549 -3.833916615895807e-07 0.0001738903379111526)
(1.12797422988615 -7.070841701172827e-08 0.000173897187331044)
(1.127972701437226 -2.785253900958771e-07 0.0001738971708800038)
(1.127974483473934 1.729843575942734e-07 0.0001739065038407863)
(1.127973538475643 4.879730583079738e-08 0.0001739080807956499)
(1.127973364824133 -1.819015586922875e-08 0.0001739195155696192)
(1.127973864337378 1.005516804114247e-07 0.0001739218047205151)
(1.127973511398041 8.823434564217241e-08 0.0001739349045846469)
(1.127974230479225 1.7803934800151e-07 0.000173937287816839)
(1.12797357256947 3.510095240203498e-07 0.0001739514406333017)
(1.127974368052058 5.887867196234947e-08 0.0001739530883008755)
(1.127973954680923 6.02447335175676e-07 0.0001739679032909981)
(1.127974809371693 -8.652209946923173e-08 0.0001739678792798888)
(1.127974465136829 -3.704251807471919e-07 0.000173982816023517)
(1.127974031853495 -3.05985161843797e-07 0.000173980463067138)
(1.127974325929294 -5.390808030287182e-07 0.0001739949743567809)
(1.127974008094187 -4.289611507543054e-07 0.0001739896932258946)
(1.127973977730469 -4.912123596461882e-07 0.0001740034338929075)
(1.127974211716557 6.95520000090699e-08 0.0001739946030764562)
(1.127974448184884 -7.000083285531148e-07 0.0001740074955559691)
(1.127974189090456 -6.277837056166053e-07 0.0001739947465959164)
(1.127972934766136 -3.564939233505057e-07 0.0001740069168406729)
(1.127973755280337 -1.504288486199235e-07 0.0001739898297687713)
(1.127972722681382 3.106872053656782e-07 0.0001740017752542536)
(1.127974004604776 2.048169440218707e-07 0.0001739800650782463)
(1.127972734229482 7.157510184419831e-07 0.0001739922376089398)
(1.127974401410281 2.816860636633686e-07 0.0001739639713318528)
(1.144883126872435 5.731501574798756e-07 0.0001770337585057664)
(1.144884461525334 5.183348030536213e-07 0.0001770433957155043)
(1.144883906190635 3.041902562008965e-07 0.0001770358069918444)
(1.144884722174472 4.220721141477922e-07 0.0001770258766659315)
(1.14488379296688 3.135236548498162e-07 0.0001770180102056769)
(1.144884247690663 2.918671667200539e-07 0.0001770075550748172)
(1.14488502862218 4.601017426590035e-07 0.0001770002459194366)
(1.144884359062458 2.306500665974977e-07 0.0001769900987425865)
(1.144885309794954 4.846073605221431e-07 0.0001769839904368238)
(1.144884614992855 -2.130358179484008e-08 0.0001769747322253302)
(1.144885623426958 -1.652851902081236e-07 0.0001769704965973151)
(1.144884478941173 -4.104642514879009e-07 0.0001769626475557232)
(1.144885187658921 -5.44554036381392e-07 0.0001769607499457442)
(1.144883997496927 5.772033445317561e-09 0.0001769547376136907)
(1.144884620809806 -1.831787751971193e-07 0.0001769555520644681)
(1.144883682994464 3.857171998993001e-07 0.0001769515507842958)
(1.144885072355383 -2.877281087875526e-07 0.0001769552980098934)
(1.144883159843271 -3.42059289685684e-07 0.0001769532205878671)
(1.144884652654741 -8.932518333464814e-08 0.0001769599342962279)
(1.144883166859257 -2.604428707016588e-07 0.0001769595903048841)
(1.144884932296147 1.364075655912157e-07 0.0001769688927515927)
(1.144883969627002 2.403854629656004e-08 0.0001769702313851708)
(1.144883789539975 -1.195921402584492e-08 0.0001769817490391583)
(1.144884325569249 5.064310113606923e-08 0.0001769838898567402)
(1.144883963318572 4.732041809861806e-08 0.0001769972058880569)
(1.144884694002277 1.396927583426315e-07 0.0001769995202687255)
(1.14488402524744 3.089382606840451e-07 0.0001770140207714662)
(1.144884846063787 5.954670790783819e-08 0.0001770156784955332)
(1.14488439975079 4.909588898798803e-07 0.0001770309476656959)
(1.144885180727218 -9.035691715643817e-08 0.0001770310094616946)
(1.144884855412947 -3.627455005314583e-07 0.0001770464660063433)
(1.144884464941346 -2.692528050206793e-07 0.000177044231980354)
(1.14488466872908 -4.889605305542921e-07 0.000177059324725825)
(1.144884380223854 -3.532136548552319e-07 0.0001770541677136839)
(1.144884344091934 -4.860998787756233e-07 0.0001770685284275898)
(1.144884506292298 -4.032168733338884e-09 0.0001770598033703282)
(1.144884622077629 -6.017447390090322e-07 0.0001770733229877986)
(1.144884490481287 -5.221395843074147e-07 0.000177060625355994)
(1.144883270272231 -2.449770161239527e-07 0.0001770733970974089)
(1.144884103050447 -1.133100116057121e-07 0.0001770562958664611)
(1.144883023730856 2.891780249100398e-07 0.0001770687731612079)
(1.14488431651176 1.932682276645336e-07 0.0001770469661194511)
(1.144883027677391 6.173058504580735e-07 0.0001770595567170927)
(1.144884685332278 2.705379903184134e-07 0.000177031025277595)
(1.15633847689888 5.607157556583794e-07 0.0001791167393485378)
(1.156339767818431 4.709057870031228e-07 0.0001791270612277601)
(1.156339221680519 2.790400157752995e-07 0.0001791195003703295)
(1.156340073106038 3.997690679910587e-07 0.0001791094965616516)
(1.156339124966599 2.863682106081967e-07 0.0001791015756649807)
(1.156339585727173 2.299869890869334e-07 0.0001790909330628743)
(1.156340386853155 4.0411608663657e-07 0.0001790835049791457)
(1.156339700957808 1.984525264224629e-07 0.0001790730768892966)
(1.156340621680051 4.361120948344471e-07 0.000179066781054341)
(1.15633989100392 -5.199499172760593e-08 0.0001790571802450832)
(1.156340896232199 -1.638450359805493e-07 0.0001790527015395909)
(1.156339798541816 -3.436852755253759e-07 0.0001790444643553091)
(1.156340576487989 -4.444559137572064e-07 0.0001790423057687551)
(1.156339373637554 9.108249988770874e-08 0.0001790358695409285)
(1.15634004432689 -1.609785687897664e-07 0.0001790364548405987)
(1.156339005720188 3.325324114652939e-07 0.0001790320196453211)
(1.156340340103228 -1.999190907491814e-07 0.0001790355787817561)
(1.156338572175506 -3.007853174662881e-07 0.0001790330983475788)
(1.156340044148435 -1.126266283641603e-07 0.0001790396846162797)
(1.156338592492812 -2.508804414393292e-07 0.000179038982009705)
(1.156340353573585 9.957846256744978e-08 0.0001790482427674628)
(1.156339363846316 -3.991738171000417e-10 0.0001790492900756039)
(1.156339175497034 -1.027768436958929e-08 0.0001790608605741618)
(1.156339734924008 8.507876472689985e-10 0.0001790627863364201)
(1.156339372968385 8.126797230001959e-09 0.0001790762696258184)
(1.156340117237564 1.027935439002111e-07 0.0001790784420642994)
(1.15633944438141 2.523976027394064e-07 0.0001790932293921543)
(1.156340271951262 6.251711399810265e-08 0.0001790948183882203)
(1.156339796401648 4.134390222438503e-07 0.0001791104729800704)
(1.156340499814449 -8.927267738126029e-08 0.0001791105416861044)
(1.156340199258827 -3.501705112828985e-07 0.0001791264507618407)
(1.156339852579839 -2.3842655240075e-07 0.0001791242732474812)
(1.156339984572601 -4.36832352364951e-07 0.0001791398805123913)
(1.156339718151933 -2.889997810774703e-07 0.0001791348051703749)
(1.156339676402563 -4.621569865731514e-07 0.0001791497223782299)
(1.156339795382156 -5.157585418155248e-08 0.0001791410857856486)
(1.1563398273265 -5.271468103456809e-07 0.0001791551734912384)
(1.156339815474252 -4.204345708126484e-07 0.0001791425489543198)
(1.156338609227268 -1.436259830018249e-07 0.0001791558609397612)
(1.156339451322665 -7.511427724608499e-08 0.0001791388083201355)
(1.156338351941959 2.686107740300687e-07 0.0001791517538947849)
(1.156339653128703 1.859947384705002e-07 0.0001791299630513287)
(1.156338350598983 5.227169150105769e-07 0.0001791428828039901)
(1.156340008752359 2.453241222113519e-07 0.0001791142539562485)
(1.162211994891773 5.618768708323173e-07 0.0001801775800389425)
(1.162213237501683 4.252250385150118e-07 0.0001801884933311349)
(1.162212714959363 2.469847102021355e-07 0.0001801809975585111)
(1.16221359007623 3.778628371621944e-07 0.000180170979758388)
(1.16221262563701 2.538757566567535e-07 0.0001801630628778333)
(1.162213090042967 1.681139184670686e-07 0.0001801523152901173)
(1.162213924290348 3.477295756885213e-07 0.0001801448409460172)
(1.162213213601793 1.794292171184576e-07 0.0001801342327856145)
(1.162214100469589 3.98799127210698e-07 0.0001801278308823512)
(1.162213341245339 -8.290687371485238e-08 0.0001801180016505397)
(1.162214344044104 -1.616039781099062e-07 0.0001801133607923431)
(1.162213295571244 -3.094212700826171e-07 0.0001801048544451199)
(1.162214139908963 -3.402695072128888e-07 0.0001801025124744052)
(1.162212894644773 1.656805728696152e-07 0.0001800957649046583)
(1.16221361637175 -1.389447242096224e-07 0.0001800961850066604)
(1.16221249487873 3.108309572273959e-07 0.0001800914183894027)
(1.162213776846619 -1.27522748745754e-07 0.0001800948287347759)
(1.16221211582507 -2.557178371430967e-07 0.0001800920339577239)
(1.162213577964169 -1.396316403594985e-07 0.0001800985027826887)
(1.162212157575665 -2.497959535772651e-07 0.0001800975105808757)
(1.16221391977381 6.248269840595553e-08 0.0001801067094408886)
(1.162212895047626 -2.417642992347229e-08 0.0001801075102603799)
(1.162212698929268 -1.138174037032821e-08 0.0001801190819016881)
(1.162213270589046 -5.063598595608452e-08 0.0001801208154195534)
(1.162212920798718 -3.02816999162841e-08 0.0001801343795602931)
(1.162213673434112 6.661542115691765e-08 0.0001801364144312678)
(1.162213003812168 1.85174561291796e-07 0.0001801513720099751)
(1.162213828009876 6.820243720674499e-08 0.0001801528788464218)
(1.162213325873563 3.666175130306537e-07 0.0001801687789195994)
(1.162213951870686 -8.216023634337887e-08 0.0001801688284630653)
(1.162213680827532 -3.358555507357694e-07 0.0001801850351251829)
(1.162213379915826 -2.133697143200825e-07 0.0001801828870035143)
(1.162213447167387 -3.825544104934631e-07 0.0001801988431585896)
(1.162213196893292 -2.340470648785327e-07 0.0001801938262080545)
(1.16221314538241 -4.254331918733772e-07 0.0001802091332852341)
(1.162213238291138 -8.061770261535254e-08 0.0001802005709240266)
(1.162213214579035 -4.769068203722231e-07 0.0001802150677296731)
(1.16221331129941 -3.218550011723627e-07 0.0001802025205962337)
(1.162212102982949 -4.862353172896995e-08 0.0001802162288958775)
(1.162212949975286 -3.913324235853426e-08 0.0001801992498817228)
(1.16221185195732 2.493678903831875e-07 0.0001802125440031475)
(1.162213149997931 1.801802204593222e-07 0.0001801908182788623)
(1.162211840795258 4.265838204727835e-07 0.0001802039700307668)
(1.162213513278277 2.099290074702695e-07 0.0001801753424848524)
(1.162211239738065 5.774957382167555e-07 0.0001801575823973601)
(1.162212423981681 3.784417812140338e-07 0.0001801685851518386)
(1.162211947574852 2.079553112758774e-07 0.0001801611392424657)
(1.162212830234305 3.590208628535855e-07 0.0001801511595983879)
(1.162211851647449 2.155778236049864e-07 0.0001801432672026098)
(1.162212327058372 1.034186673064435e-07 0.000180132512113649)
(1.162213202416522 2.886580620388808e-07 0.0001801250390671629)
(1.162212467180266 1.761181474880452e-07 0.0001801143874121246)
(1.16221330129782 3.728766600398301e-07 0.0001801079467542544)
(1.16221253315351 -1.157179788183836e-07 0.0001800980583867323)
(1.162213523179252 -1.59809342727559e-07 0.000180093332015368)
(1.162212541383686 -3.055032718918389e-07 0.0001800847469994481)
(1.162213441672435 -2.266380492858609e-07 0.0001800823005617837)
(1.162212133225184 2.29734794442316e-07 0.0001800754413487344)
(1.162212898724891 -1.204843657390774e-07 0.000180075762310966)
(1.162211726744569 3.203198848939508e-07 0.0001800708663541998)
(1.162212938286999 -6.482860591804512e-08 0.0001800741671308006)
(1.162211368590901 -2.05277917151839e-07 0.0001800712518036997)
(1.16221282050982 -1.717183161191338e-07 0.0001800776085393451)
(1.162211446688038 -2.583625023204876e-07 0.0001800765029916407)
(1.16221320998508 2.59647168530482e-08 0.0001800856044058003)
(1.162212140643338 -4.496200724342309e-08 0.0001800863086247479)
(1.162211936798273 -1.443483164726408e-08 0.0001800977999633288)
(1.162212509377248 -1.057533335055963e-07 0.0001800994643949043)
(1.162212186621042 -6.794369573157989e-08 0.0001801129762906222)
(1.162212934031105 3.039905658293351e-08 0.0001801149697021361)
(1.162212281013973 1.105104201157748e-07 0.0001801299152328193)
(1.162213090502608 7.798274169413112e-08 0.0001801314087905972)
(1.162212562750827 3.47167229667201e-07 0.0001801473290272591)
(1.162213108649845 -6.7998701617272e-08 0.0001801474071909679)
(1.16221287012726 -3.211752364094992e-07 0.0001801636507952259)
(1.162212622892934 -1.919936385066925e-07 0.0001801615682627171)
(1.162212629035351 -3.240705501255761e-07 0.000180177587324641)
(1.162212389353843 -1.862408716775303e-07 0.0001801726576654481)
(1.162212327470187 -3.79444473441062e-07 0.0001801880572196378)
(1.162212401340838 -9.893327219243502e-08 0.0001801795969247002)
(1.16221235050936 -4.526137704499991e-07 0.0001801942090345365)
(1.162212544344404 -2.233603782961165e-07 0.0001801817714067598)
(1.162211321617271 4.418427899865395e-08 0.000180195608093433)
(1.162212156002892 -8.628551696470012e-09 0.0001801787345148344)
(1.16221108786618 2.318401104137987e-07 0.0001801921633260312)
(1.162212359669795 1.735770909425745e-07 0.000180170526797521)
(1.162211061183327 3.233664217523571e-07 0.0001801838032241718)
(1.162212753053222 1.68497072879184e-07 0.0001801552460384129)
(1.156336389165554 6.092048285026567e-07 0.0001790575506095386)
(1.156337506230016 3.269420766561458e-07 0.0001790681484507823)
(1.156337097079426 1.620575088108756e-07 0.0001790607289808592)
(1.156337973744519 3.46190774588195e-07 0.0001790508335327452)
(1.156336978327339 1.718206384922422e-07 0.0001790429798657128)
(1.156337476447391 3.272404294597984e-08 0.0001790323104123079)
(1.156338399363668 2.261164546920913e-07 0.000179024881152622)
(1.156337641218901 1.915449386284732e-07 0.0001790143199703516)
(1.156338400228447 3.580312717361425e-07 0.0001790079058638666)
(1.156337643755938 -1.500983737552525e-07 0.00017899812557433)
(1.156338614666755 -1.62182434370597e-07 0.0001789933913587267)
(1.156337718073053 -3.300572939585848e-07 0.0001789849166745432)
(1.156338665701509 -9.813942230210973e-08 0.0001789824464403126)
(1.156337270313988 2.810557686239995e-07 0.0001789756776520289)
(1.156338071635463 -1.076611435402251e-07 0.0001789759664733885)
(1.156336885092143 3.625828206536734e-07 0.0001789711487803785)
(1.156338003822908 -6.437055898049988e-09 0.0001789743830242391)
(1.156336514355959 -1.513096338268883e-07 0.0001789715455403667)
(1.156337957120845 -2.127502039171164e-07 0.0001789778016150634)
(1.156336640529269 -2.7805570393428e-07 0.0001789767622581019)
(1.156338406335775 -8.214377789044901e-09 0.0001789857374765238)
(1.15633728095775 -5.786472908183792e-08 0.0001789865000622611)
(1.15633706962961 -1.91465665350227e-08 0.0001789978366657175)
(1.15633763782123 -1.665809097201952e-07 0.0001789995610458416)
(1.156337356785115 -1.038051910832493e-07 0.0001790128937344072)
(1.156338083661838 -8.125250996251465e-09 0.0001790149465544001)
(1.156337463153811 3.121295918501865e-08 0.0001790297034867252)
(1.156338251819248 9.425528633327359e-08 0.0001790312560044189)
(1.156337695724678 3.512876907050432e-07 0.0001790469763218019)
(1.156338161151732 -4.760458536293015e-08 0.0001790471335930698)
(1.156337960825796 -3.096237141043655e-07 0.0001790631565090057)
(1.156337777708443 -1.724674334739643e-07 0.000179061176193287)
(1.156337724524452 -2.596017708097886e-07 0.0001790769739093341)
(1.156337489172397 -1.445370883422558e-07 0.0001790721587026446)
(1.15633741900231 -3.265715114931236e-07 0.0001790873539360658)
(1.156337472353934 -1.140661580238864e-07 0.0001790790201727674)
(1.1563374227598 -4.554791979644391e-07 0.0001790934518007018)
(1.156337706521582 -1.197287180192592e-07 0.0001790811502634932)
(1.156336451649524 1.396115459747566e-07 0.0001790948459446744)
(1.156337255246924 1.271936743590655e-08 0.0001790781014349316)
(1.156336243488361 2.17585146700729e-07 0.0001790914496844454)
(1.156337460547609 1.645279200632917e-07 0.0001790699151353057)
(1.156336189620169 2.079920461084703e-07 0.0001790832106670172)
(1.156337912405484 1.265137149005688e-07 0.0001790547747851435)
(1.144879906142398 6.593383615092811e-07 0.0001769371881786006)
(1.144880953755785 2.664378325785773e-07 0.0001769472846682811)
(1.144880628816568 1.094114994865562e-07 0.0001769399132636119)
(1.144881494117759 3.417946610719762e-07 0.0001769301487152788)
(1.144880473708459 1.236478341420197e-07 0.0001769223795996422)
(1.1448810039334 -4.732161386434906e-08 0.0001769118680717951)
(1.144881992042598 1.590931219990237e-07 0.0001769045452409626)
(1.144881204693017 2.286211870112285e-07 0.000176894169089977)
(1.14488186965372 3.535960005890174e-07 0.0001768878579406402)
(1.144881136145871 -1.851575158603201e-07 0.0001768782955822339)
(1.144882090382347 -1.748076277473981e-07 0.0001768736360198374)
(1.144881292818792 -3.8218545995896e-07 0.0001768653876488266)
(1.144882290777303 5.152851297153771e-08 0.0001768629757890891)
(1.144880772839966 3.166417837099735e-07 0.0001768564157861189)
(1.144881615742513 -9.986117780857889e-08 0.0001768567389649006)
(1.144880438774653 4.407114171300147e-07 0.000176852115391062)
(1.144881443915348 5.301408565737481e-08 0.000176855330756645)
(1.144880013138931 -9.706077332635038e-08 0.0001768526709057441)
(1.144881465781851 -2.679925657264925e-07 0.0001768588525047721)
(1.144880201691398 -3.093587005187637e-07 0.0001768579566223674)
(1.14488198712891 -3.846412350509889e-08 0.0001768668036450052)
(1.144880793225938 -5.765594349320895e-08 0.0001768676815471935)
(1.144880565208865 -2.584399973308234e-08 0.0001768788275791581)
(1.144881135721615 -2.354899780302463e-07 0.0001768806490868722)
(1.144880900107799 -1.359686323146219e-07 0.000176893730153478)
(1.1448815983802 -5.276719807843736e-08 0.0001768958580655113)
(1.144881023359063 -5.164830485914685e-08 0.0001769103240125614)
(1.144881788930602 1.200744121981682e-07 0.0001769119284077948)
(1.1448811978857 3.7441170898662e-07 0.0001769273223743896)
(1.144881582991992 -2.313413106621839e-08 0.0001769275391477757)
(1.144881423728547 -3.070673587902211e-07 0.0001769431918630979)
(1.144881319122588 -1.536908845988454e-07 0.000176941288241011)
(1.144881207186757 -1.871815840065723e-07 0.0001769567028680622)
(1.144880967613715 -1.082962126957682e-07 0.0001769519743255173)
(1.144880896189242 -2.671636018261301e-07 0.0001769668006724486)
(1.144880920882665 -1.333854354848818e-07 0.0001769585710070727)
(1.144880897549982 -4.86714598458765e-07 0.0001769726571006134)
(1.14488127588785 -2.85942723627939e-09 0.0001769604834238403)
(1.144879957820378 2.441178943794983e-07 0.000176973890019239)
(1.144880717586262 2.182516017251712e-08 0.0001769572797275968)
(1.144879783474597 2.095404962769122e-07 0.0001769704223491766)
(1.144880922188654 1.523034897502648e-07 0.0001769490162400835)
(1.144879690586973 7.420254816301618e-08 0.0001769622307564093)
(1.144881471749839 8.984119361419311e-08 0.0001769339865886088)
(1.127968599703959 7.30627628911712e-07 0.0001738351239519581)
(1.127969573697274 1.917446974957938e-07 0.0001738447550717977)
(1.127969346014609 5.055522951842833e-08 0.0001738374935500423)
(1.1279701931994 3.477725385165081e-07 0.0001738279045320591)
(1.127969139482367 7.099739639911661e-08 0.0001738202970187935)
(1.127969710399716 -1.408763884803834e-07 0.0001738099957512601)
(1.12797078809395 8.481304413454582e-08 0.0001738028605378637)
(1.127969964443615 2.904010691281495e-07 0.0001737927270638808)
(1.127970518572058 3.591417021241387e-07 0.0001737866045590115)
(1.127969808477324 -2.19949022377527e-07 0.00017377731391811)
(1.127970759506724 -2.055279862333814e-07 0.000173772813604648)
(1.127970073504188 -4.612221904238893e-07 0.0001737648352417893)
(1.127971133508582 2.310207600403607e-07 0.0001737625609927425)
(1.127969450868832 3.319560475321564e-07 0.0001737562454145138)
(1.127970350156011 -9.519942484647465e-08 0.0001737566618553206)
(1.127969198876793 5.580955895631267e-07 0.0001737522570628611)
(1.127970064594046 1.179503224104185e-07 0.0001737554975496983)
(1.127968665112231 -4.534497874751773e-08 0.0001737530180382033)
(1.127970156461911 -3.425160882640528e-07 0.0001737591556326927)
(1.127968934257788 -3.514256388033606e-07 0.0001737583805223463)
(1.127970762672297 -6.384740276943722e-08 0.0001737671124714428)
(1.127969484866818 -3.966793687354757e-08 0.0001737680675232352)
(1.127969226399081 -3.606519788196144e-08 0.0001737790142105851)
(1.127969817699031 -3.151835014516515e-07 0.0001737808840294243)
(1.127969626267577 -1.610417363613631e-07 0.0001737936828305789)
(1.127970291021726 -1.092248300635072e-07 0.0001737958243933071)
(1.127969781502405 -1.381080942895585e-07 0.0001738099573709793)
(1.127970524728238 1.60072248800036e-07 0.0001738115406265453)
(1.127969888355392 4.130612359936886e-07 0.0001738265570719313)
(1.127970194660695 4.825093855004809e-09 0.0001738267628312414)
(1.12797007264759 -3.194609406957789e-07 0.0001738419818837987)
(1.127970063104959 -1.344113605217975e-07 0.0001738400915766114)
(1.127969886007237 -1.036784519093844e-07 0.0001738550578539457)
(1.127969632058245 -7.629671139352804e-08 0.0001738503650683224)
(1.127969564892278 -1.990800255723394e-07 0.0001738647586576535)
(1.127969544847332 -1.650445188993994e-07 0.0001738566032218968)
(1.127969574980369 -5.485246701615215e-07 0.0001738702729611593)
(1.127970053117466 1.368771356969682e-07 0.0001738582294659222)
(1.127968632659035 3.636238097574909e-07 0.0001738712796953756)
(1.127969337932918 1.49627823935538e-08 0.0001738548414611158)
(1.127968510187883 2.11777163106506e-07 0.0001738677046467934)
(1.127969541737414 1.359411490598388e-07 0.0001738465145595124)
(1.127968370984848 -8.662674513999059e-08 0.0001738595469797567)
(1.12797024498221 6.531219454797956e-08 0.0001738316410664614)
(1.10543188660588 8.252472435097429e-07 0.0001697474151137026)
(1.105432769340691 9.745458638146717e-08 0.0001697566775835461)
(1.105432658464262 -1.343062538298358e-08 0.0001697496171509025)
(1.10543346746711 3.660615583758536e-07 0.0001697402400834299)
(1.105432379765365 1.249784623174308e-08 0.0001697328971939083)
(1.105432998740559 -2.524674880630955e-07 0.0001697228416744236)
(1.10543419351728 -2.470537565187642e-10 0.0001697159917628327)
(1.105433330695976 3.799876850383774e-07 0.0001697061316224693)
(1.105433754433537 3.759312125096706e-07 0.0001697002954067543)
(1.105433053415225 -2.534130023739925e-07 0.0001696912883114489)
(1.105434020777291 -2.650094170456101e-07 0.0001696870393436899)
(1.10543346474044 -5.645390954406872e-07 0.0001696793218824901)
(1.10543460156757 4.509758512159821e-07 0.0001696772699401719)
(1.105432713589302 3.206464476926037e-07 0.0001696711749908211)
(1.105433691416061 -9.181190983637626e-08 0.0001696717441202192)
(1.105432573989397 7.170456119744468e-07 0.0001696675154209153)
(1.105433263625475 1.913613164013416e-07 0.0001696708289725459)
(1.105431868038343 1.253333285704402e-09 0.0001696684606306217)
(1.105433432635521 -4.402363982913127e-07 0.0001696745947397733)
(1.105432250890089 -4.036726082209017e-07 0.0001696738425631877)
(1.105434147001653 -8.288194738219273e-08 0.0001696824902096326)
(1.105432767692957 1.293329488092439e-09 0.0001696834106627064)
(1.105432456631087 -5.282156291965943e-08 0.0001696941736531812)
(1.105433099194561 -4.085128626840046e-07 0.0001696959759549534)
(1.105432944837542 -1.734345349774253e-07 0.0001697084968492005)
(1.105433567139818 -1.859020273854023e-07 0.0001697105266481752)
(1.10543315358321 -2.283192138182257e-07 0.0001697243341468228)
(1.105433869860482 2.212322873868923e-07 0.0001697257670159184)
(1.105433175655498 4.638776524726516e-07 0.0001697404122608698)
(1.105433407943522 3.728232274697062e-08 0.0001697404937578982)
(1.105433308828347 -3.525973658425547e-07 0.0001697552780299031)
(1.105433410153648 -1.133699129023217e-07 0.0001697533032431508)
(1.105433160197106 -5.743647128425585e-09 0.0001697678264843948)
(1.105432880972547 -4.606414969934337e-08 0.0001697630970755754)
(1.105432824997664 -1.178692502970479e-07 0.0001697770658079636)
(1.105432739145483 -2.198454140246379e-07 0.000169768946708307)
(1.105432862491336 -6.436668991604785e-07 0.0001697821941862173)
(1.105433433202602 3.104737833126391e-07 0.0001697702867432086)
(1.105431870351113 5.02058986586486e-07 0.000169782970877787)
(1.105432507185742 -1.299361325765046e-08 0.0001697667621444509)
(1.10543183203503 2.310623850328109e-07 0.0001697793119793631)
(1.105432711856124 1.128892892409583e-07 0.0001697584611375097)
(1.105431646750657 -2.854695343777096e-07 0.0001697712232801983)
(1.105433641474542 6.264348410284568e-08 0.0001697438404150979)
(1.076671312067923 9.428005834094453e-07 0.0001646076689601563)
(1.076672067175516 -2.196347487430857e-08 0.0001646166974880808)
(1.076672113409234 -7.973512150839101e-08 0.0001646099559552853)
(1.076672840240578 3.9906200462424e-07 0.0001646008171565319)
(1.076671725929763 -5.475617934169595e-08 0.0001645938668519743)
(1.076672391191464 -3.850337164032753e-07 0.0001645840816121478)
(1.076673740165966 -1.006964020851193e-07 0.000164577635114253)
(1.076672835870533 5.000445531223677e-07 0.0001645680634583066)
(1.07667311174756 4.079174240484089e-07 0.0001645626337121635)
(1.076672384101512 -2.845268961833792e-07 0.0001645538969494389)
(1.076673395087041 -3.684928697362461e-07 0.0001645500112478451)
(1.076673001450456 -6.860370988448396e-07 0.0001645425158720115)
(1.076674217195933 7.244082240563054e-07 0.0001645407904170236)
(1.076672090872645 2.738514789423211e-07 0.0001645348597746549)
(1.076673177570463 -8.682383958557587e-08 0.0001645356577052284)
(1.076672098109997 9.177626329525684e-07 0.0001645315231579782)
(1.076672570236587 2.747422490594195e-07 0.0001645349800486835)
(1.076671156824296 4.120420352119515e-08 0.0001645326089257423)
(1.076672830048063 -5.636713017575845e-07 0.0001645388043909491)
(1.076671697682352 -4.659807842059353e-07 0.0001645379253801784)
(1.07667368822717 -9.269587535110794e-08 0.0001645465491295765)
(1.076672186111144 6.9951784074212e-08 0.0001645472698338987)
(1.076671792150367 -8.193127476834116e-08 0.0001645578957251568)
(1.076672524782652 -5.19316438527878e-07 0.0001645594621294522)
(1.076672401285835 -1.646150596588274e-07 0.0001645717477899981)
(1.076672954068203 -2.946939719602937e-07 0.0001645734797477644)
(1.076672693941214 -3.220669795006388e-07 0.000164587019949195)
(1.076673363885129 3.142820483933685e-07 0.0001645881137621683)
(1.076672582749887 5.221190428743759e-07 0.0001646024414687193)
(1.076672756798189 7.75593662719153e-08 0.0001646022361179036)
(1.07667265627023 -4.10368599314817e-07 0.000164616635580175)
(1.076672880339193 -8.99231559795313e-08 0.0001646144259583454)
(1.076672547070886 1.094610860255816e-07 0.0001646285680191675)
(1.076672229476635 -1.285032258428422e-08 0.0001646236841349821)
(1.076672190411664 -1.602579366301669e-08 0.0001646372938878877)
(1.076672011061588 -3.123436295745469e-07 0.0001646291345397565)
(1.07667229072863 -7.740648514824314e-07 0.0001646420068067625)
(1.076672925718518 5.294014400427644e-07 0.0001646302082520766)
(1.076671189879143 6.595034823899331e-07 0.0001646425679089675)
(1.076671732517814 -6.873662183457532e-08 0.0001646266255995778)
(1.076671286252107 2.779241016832631e-07 0.000164638866709384)
(1.076671942816858 7.790841851225121e-08 0.0001646184746654199)
(1.076671073279939 -5.368531282450814e-07 0.0001646308941402431)
(1.076673196800706 9.554221944414159e-08 0.000164604227402495)
(1.040464084280374 1.076680623514389e-06 0.0001582600127328044)
(1.040464677209057 -1.736423437207423e-07 0.0001582689455648434)
(1.040464975998748 -1.401081373139386e-07 0.0001582626675753261)
(1.040465541574105 4.516636478246772e-07 0.0001582537818743937)
(1.040464436844971 -1.358113910601505e-07 0.0001582473845155379)
(1.040465119285552 -5.380853317082189e-07 0.0001582378887686689)
(1.040466663719397 -2.202952161387619e-07 0.0001582319867550033)
(1.040465674058398 6.538600949027661e-07 0.0001582227110898331)
(1.040465818045684 4.636787158976962e-07 0.0001582178508750292)
(1.040464980909952 -3.10108571081839e-07 0.0001582093607087561)
(1.040466074573928 -5.395220819153074e-07 0.0001582059857403406)
(1.040465889040555 -8.159863331451924e-07 0.0001581986691021215)
(1.040467145115439 1.064576694862578e-06 0.0001581974118390444)
(1.040464766712287 1.772452098068588e-07 0.0001581915858884279)
(1.040466000816528 -7.511467257703989e-08 0.0001581927271383082)
(1.040464995334484 1.157093224800137e-06 0.0001581886007768431)
(1.04046522919496 3.671306070626579e-07 0.0001581923222659896)
(1.040463806853728 7.173951430338109e-08 0.0001581898212281765)
(1.040465626197497 -7.171971094230393e-07 0.0001581961884543855)
(1.040464554156471 -5.420967968873341e-07 0.0001581950031264907)
(1.040466652487619 -8.701498295081331e-08 0.0001582037084436039)
(1.040464984286519 1.74896811249017e-07 0.0001582040276736915)
(1.040464460471777 -1.293519189316699e-07 0.0001582146056311063)
(1.04046532024678 -6.506595184302665e-07 0.0001582157249952267)
(1.04046522888414 -1.211576025906932e-07 0.0001582278659486662)
(1.040465640570538 -4.509229441889903e-07 0.0001582290468902019)
(1.040465620485849 -4.172204622274998e-07 0.0001582424356654797)
(1.040466180672016 4.560623598861163e-07 0.0001582429245970016)
(1.040465245123905 5.800026489585817e-07 0.0001582570305791243)
(1.040465406421358 1.309155359120386e-07 0.0001582563097553105)
(1.040465293687864 -4.933092717367231e-07 0.0001582704258423766)
(1.040465652752921 -6.569220221268454e-08 0.0001582677439693321)
(1.040465245179668 2.414723749440575e-07 0.0001582816222032603)
(1.04046487502449 2.720589644932859e-08 0.0001582763777616454)
(1.040464870951517 1.130276211559409e-07 0.0001582897540681122)
(1.040464570997239 -4.60467078030561e-07 0.0001582813846675353)
(1.040465098580147 -9.351641568528605e-07 0.0001582939829098017)
(1.040465752893895 8.071300452562028e-07 0.0001582821732424377)
(1.040463842499608 8.294997681615466e-07 0.0001582943144018603)
(1.040464245054608 -1.622094983685912e-07 0.000158278589218689)
(1.040464129188356 3.669801006798271e-07 0.0001582905773666516)
(1.040464445019137 2.09456415384219e-08 0.0001582706954402549)
(1.04046390242736 -8.580747210857969e-07 0.0001582827299562172)
(1.040466116439827 1.841183422611957e-07 0.0001582569332021689)
(0.9948651908182273 1.213456852053221e-06 0.0001504554455133147)
(0.994865614369509 -3.660156738569987e-07 0.0001504643066059137)
(0.9948662212422801 -1.772784867212212e-07 0.0001504586300585141)
(0.9948664488481351 5.220208539126618e-07 0.0001504499880501376)
(0.9948654905568448 -2.37611636838692e-07 0.0001504443512791296)
(0.9948661210847223 -6.974052054386527e-07 0.0001504351594813674)
(0.9948678941835237 -3.538010205046254e-07 0.0001504299498439603)
(0.9948666841851027 8.409751535909059e-07 0.0001504209838474572)
(0.9948668850235625 5.581594479295646e-07 0.0001504169319211722)
(0.9948657010401935 -3.146299163107915e-07 0.0001504086526243874)
(0.9948669897359125 -8.103185232012251e-07 0.0001504059849471267)
(0.9948670000249736 -9.441436586655878e-07 0.0001503988209330927)
(0.9948682792122086 1.474176378134958e-06 0.0001503982381238093)
(0.9948657467756018 1.165467225447573e-08 0.0001503925017944001)
(0.9948670931780456 -4.931738823201516e-08 0.0001503941452109255)
(0.9948662958928657 1.422278560561629e-06 0.0001503899854984748)
(0.9948662161002846 4.607438373676876e-07 0.0001503941511701051)
(0.994864826635702 8.43440335078089e-08 0.0001503914154222872)
(0.9948668468525128 -9.077467651353979e-07 0.0001503981251399492)
(0.9948658391423785 -6.314950062906653e-07 0.0001503964593219163)
(0.9948680306520927 -5.555576463918349e-08 0.0001504054050572574)
(0.9948661139912818 3.275464817444844e-07 0.000150405113283266)
(0.994865403427069 -1.986136747693572e-07 0.0001504157847115019)
(0.9948664007299165 -8.006170112514114e-07 0.0001504162189254447)
(0.9948663714107303 -2.260107481798682e-08 0.0001504283576501091)
(0.994866503860158 -6.69813360544223e-07 0.000150428670825362)
(0.9948668128858402 -5.062573200794448e-07 0.0001504420777223968)
(0.9948672027796653 6.715885342437007e-07 0.0001504416174717632)
(0.994866013458941 6.271036458157035e-07 0.0001504556328827112)
(0.994866273681325 1.993404978225131e-07 0.0001504540981410611)
(0.9948661769897581 -5.956993825555796e-07 0.0001504680755698272)
(0.9948666202163303 -4.625584483152562e-08 0.0001504645547781608)
(0.9948662155372732 3.800969750791521e-07 0.000150478341418318)
(0.9948657603742057 7.070184643236139e-08 0.0001504723982092544)
(0.9948658496560632 2.652828086030846e-07 0.0001504857318194599)
(0.9948654196907298 -6.793574222348502e-07 0.0001504768256726637)
(0.9948662811809403 -1.109639816598103e-06 0.0001504893094557466)
(0.9948668369684252 1.152769546459341e-06 0.0001504771893773694)
(0.9948647640941851 9.922775004152881e-07 0.000150489311975018)
(0.9948650047279221 -3.047941576538927e-07 0.0001504735766585932)
(0.9948653449350462 5.186305848330138e-07 0.0001504854722442919)
(0.9948652066195144 -7.29423409306588e-08 0.0001504659724495645)
(0.9948651197811169 -1.262833012419734e-06 0.0001504776880604726)
(0.9948673894140481 3.557940898096631e-07 0.0001504527852158549)
(0.9378538127115282 1.323419137318312e-06 0.0001409716691575179)
(0.9378542155640162 -5.897195600862192e-07 0.0001409801655639142)
(0.9378551313621775 -1.493973096546377e-07 0.0001409751419475954)
(0.9378548356329492 5.976157503967096e-07 0.0001409667144809981)
(0.9378542874406079 -3.712657051919448e-07 0.0001409620752418511)
(0.9378547550503891 -8.24536530197994e-07 0.0001409531802265166)
(0.9378565617681982 -4.753539539944296e-07 0.0001409487165005339)
(0.9378548353701898 1.034266330911912e-06 0.000140940113933609)
(0.9378558374448421 7.082852945599182e-07 0.0001409372160655814)
(0.9378537477381841 -2.602834716242597e-07 0.0001409290801300436)
(0.9378555341985324 -1.187798259977336e-06 0.0001409273423751735)
(0.9378553328924154 -1.061395316241437e-06 0.0001409203241253702)
(0.9378569448913842 1.891243779468988e-06 0.0001409207012945166)
(0.937854361804966 -2.237922160622587e-07 0.0001409151160529184)
(0.9378556722268372 -1.254035334946209e-08 0.0001409174346353121)
(0.9378555784731927 1.663188631058123e-06 0.0001409133393857384)
(0.9378549697371096 5.407758165882515e-07 0.0001409181355702025)
(0.9378538919982631 6.322031966597627e-08 0.0001409151677492993)
(0.9378559429290824 -1.125658568284662e-06 0.0001409223673409356)
(0.9378548636431566 -7.173577684448426e-07 0.0001409201105707923)
(0.9378569707434519 3.526367752945111e-08 0.0001409294420999697)
(0.9378547277138114 5.372905335163637e-07 0.0001409284015956736)
(0.9378538563604126 -2.813580518929391e-07 0.0001409393327756509)
(0.9378549076109315 -9.57710013954461e-07 0.0001409388699279109)
(0.9378550078734849 1.474456436676058e-07 0.0001409511429329419)
(0.9378546873343161 -9.393762616115877e-07 0.000140950294925729)
(0.9378552537773327 -5.788626648773431e-07 0.0001409638581092978)
(0.9378555625645386 9.748279418511931e-07 0.0001409621069485053)
(0.937853887053034 6.308363975246777e-07 0.0001409761278971537)
(0.9378546487948176 2.530097675589263e-07 0.0001409735196259629)
(0.9378547249004874 -6.924616947571712e-07 0.0001409874786427773)
(0.937854955679532 -4.074962201535911e-08 0.0001409826541373106)
(0.9378549198235612 5.002159427378415e-07 0.00014099655484803)
(0.9378541950677396 9.785398915681551e-08 0.0001409894719962464)
(0.9378545848904897 4.075805016531877e-07 0.0001410029798000989)
(0.9378540270407996 -9.491079732383367e-07 0.0001409930674125834)
(0.9378551259262234 -1.245600661909956e-06 0.0001410055966922398)
(0.9378555099944783 1.550813677049166e-06 0.0001409927022880462)
(0.9378535026924737 1.101607642855937e-06 0.0001410051348289173)
(0.9378534883469035 -5.046343543502463e-07 0.0001409889086915066)
(0.9378542927772413 7.387380324903179e-07 0.0001410010252829445)
(0.9378537689962385 -2.061198142284527e-07 0.0001409814840137736)
(0.9378539288873514 -1.731729683864368e-06 0.0001409931937749552)
(0.9378563040145832 6.234407234528501e-07 0.0001409689095028422)
(0.8689963596757129 1.379111921107537e-06 0.0001298585020859566)
(0.8689966246548994 -8.044218136401525e-07 0.0001298656764094458)
(0.8689973034447654 -2.564897747591056e-08 0.000129861069847704)
(0.8689966044158527 6.377962106093265e-07 0.0001298528600336322)
(0.8689970376860187 -5.204429659095339e-07 0.000129849396699703)
(0.8689974134831165 -8.464326123667646e-07 0.0001298407683967811)
(0.8689985140853218 -5.323522313831071e-07 0.0001298368700068668)
(0.8689965135686381 1.085189180038938e-06 0.0001298289047348276)
(0.868999668754152 8.906474342407111e-07 0.0001298275214776831)
(0.8689959928340267 -1.045288940860832e-07 0.000129819462752716)
(0.868998543278384 -1.573753582537255e-06 0.0001298187570526227)
(0.8689967020038838 -1.139298991363109e-06 0.0001298118522974556)
(0.8690007752239931 2.135157279746575e-06 0.0001298135995988385)
(0.8689972724072598 -4.717862686321178e-07 0.0001298082408178715)
(0.8689983165048021 4.883887097590201e-08 0.0001298113394112345)
(0.8689996792057836 1.825963783984387e-06 0.0001298075944954962)
(0.8689974211815956 5.871719544948686e-07 0.0001298129585715196)
(0.8689973300407065 1.009136826752088e-08 0.0001298099222131831)
(0.8689988091245356 -1.316622805152569e-06 0.0001298175058066786)
(0.8689973452755835 -7.679359234883351e-07 0.0001298147157214882)
(0.868999256653765 1.84827520733523e-07 0.000129824422909029)
(0.8689970835451909 7.794786953932822e-07 0.0001298227635693462)
(0.8689961878086383 -3.573512261146713e-07 0.0001298339938248351)
(0.8689969139973805 -1.073325846299477e-06 0.0001298325499622394)
(0.8689973159091269 3.444659184578919e-07 0.0001298449043643732)
(0.8689963553552756 -1.200600867519346e-06 0.0001298428546037644)
(0.8689967146513408 -6.264167241532678e-07 0.0001298564268007655)
(0.8689983799571451 1.311700786621878e-06 0.0001298534155182736)
(0.8689956125856543 5.945296399685112e-07 0.0001298673468953718)
(0.868997221633845 2.231925022970156e-07 0.0001298636690903418)
(0.8689976259483609 -7.276300539127937e-07 0.0001298774640288585)
(0.8689963837386994 -6.903269176909773e-08 0.0001298709525335998)
(0.868997771708188 5.588523984670429e-07 0.0001298851054875465)
(0.8689961192055647 8.904962653058381e-08 0.0001298765798775369)
(0.8689974412452387 4.524245196337635e-07 0.0001298903178854889)
(0.8689966574623362 -1.174880377656067e-06 0.0001298790902397004)
(0.8689974169719128 -1.267628833886499e-06 0.0001298916035383647)
(0.8689976139009231 1.911170367336233e-06 0.0001298776560625687)
(0.8689964279862811 1.112899047826486e-06 0.0001298906482607662)
(0.8689959747162594 -6.998379787053415e-07 0.0001298734500064619)
(0.8689975128345927 9.680000082312717e-07 0.0001298861358129291)
(0.8689969108447037 -3.455382157290413e-07 0.0001298660303002811)
(0.8689960890294184 -2.159394930356733e-06 0.0001298782096452027)
(0.8690000165809324 9.350464424925425e-07 0.0001298541097781923)
(0.7906782171879622 1.469405960898406e-06 0.0001175474865517222)
(0.7906779609350759 -1.016795356763485e-06 0.0001175516146703672)
(0.7906782338560437 1.280313612809108e-07 0.0001175472575657373)
(0.7906775441886083 6.487878682926088e-07 0.0001175399084394184)
(0.7906799120390464 -5.805282058490176e-07 0.0001175377167758484)
(0.7906800512799149 -6.243599116549331e-07 0.0001175292864829874)
(0.7906803206499255 -5.381827214457729e-07 0.0001175258419366926)
(0.7906782645567696 8.124023582166627e-07 0.0001175188621487772)
(0.7906841129739842 1.053660830525032e-06 0.0001175189540942845)
(0.7906801318152997 1.374114985355557e-07 0.0001175112902578861)
(0.7906819112198147 -1.804223413512325e-06 0.0001175112681912006)
(0.7906776841197167 -1.326471352805022e-06 0.000117504655257657)
(0.7906876261578528 2.087348161328662e-06 0.0001175079253276669)
(0.7906794753262131 -6.974262684764291e-07 0.0001175021378453968)
(0.7906823421191889 -1.087590869570477e-07 0.0001175061401659756)
(0.7906845275573374 2.007816942709716e-06 0.000117502848909889)
(0.7906785619523976 7.186609384282036e-07 0.0001175084194302747)
(0.7906805796406737 1.429001959528422e-07 0.0001175060734043778)
(0.790679669797304 -1.115115078018175e-06 0.0001175134984778397)
(0.7906785019300095 -7.448171270359084e-07 0.0001175105310736093)
(0.7906809694070814 1.637854739946029e-07 0.0001175203750556061)
(0.7906798355056254 8.803108181736114e-07 0.0001175185256478761)
(0.7906780164532344 -3.65266617476217e-07 0.0001175296721859008)
(0.7906778962757343 -1.080175088037607e-06 0.0001175273982705818)
(0.7906790298421854 5.580116308129811e-07 0.0001175394978151029)
(0.7906767409510803 -1.348466296166492e-06 0.0001175365281033275)
(0.7906777892411692 -8.10065870867185e-07 0.0001175498141771168)
(0.7906835162316943 1.391146392630106e-06 0.0001175460608968101)
(0.7906778916179333 4.232539045010735e-07 0.0001175589735756259)
(0.7906798093483685 8.390505754355473e-08 0.000117554474638901)
(0.7906810269985299 -5.575417008087405e-07 0.0001175676816955049)
(0.7906756331686757 -9.978204149603688e-08 0.0001175593954439602)
(0.7906802706784571 5.508718125976219e-07 0.0001175737826426538)
(0.7906764881740249 2.919613740542324e-08 0.0001175639660915308)
(0.7906797843286533 3.018347760447465e-07 0.0001175776216444658)
(0.7906780538863316 -1.191649995724078e-06 0.0001175653096128833)
(0.790678204862762 -1.175274613752271e-06 0.000117577358922254)
(0.790679118867923 2.086261299120634e-06 0.0001175630142482932)
(0.7906795548726704 1.097671484928823e-06 0.0001175767454147827)
(0.790677937147653 -7.546767136462976e-07 0.0001175587648317416)
(0.7906815869783349 1.14784176314808e-06 0.0001175719563787687)
(0.7906794184732351 -3.188733312056148e-07 0.0001175512292036902)
(0.7906771804116007 -2.513372988467275e-06 0.0001175641182680471)
(0.7906860953769731 1.080368158654579e-06 0.000117540361103939)
(0.7063392076832252 1.440426369587258e-06 0.0001045329381425904)
(0.7063406836033843 -1.342235167284349e-06 0.0001045333930759665)
(0.706340055582526 2.543385404125253e-07 0.0001045285174596869)
(0.7063262429330572 8.538098053932439e-07 0.0001045208900650648)
(0.7063280313853815 -6.012197286762626e-07 0.000104519883043298)
(0.7063283360659101 -2.953830535362698e-07 0.0001045119252997461)
(0.706329491440994 -6.427643312399946e-07 0.0001045091622889943)
(0.7063265266671738 1.450843028072884e-07 0.0001045031804412749)
(0.706334056557791 1.218098616737268e-06 0.0001045042664081293)
(0.7063303138870825 4.778865380092307e-07 0.0001044973052073986)
(0.706333309358318 -1.776901641026623e-06 0.0001044980121248297)
(0.7063245782965412 -1.475082207655645e-06 0.0001044914643329686)
(0.7063391641716229 1.976988878457967e-06 0.000104496365971034)
(0.7063370143031429 -7.355832883187996e-07 0.0001044915093536631)
(0.7063448481615264 -3.573891860170491e-07 0.0001044959478019329)
(0.7063478938421524 1.892347064332151e-06 0.0001044929600764703)
(0.7063407615386011 7.960135175040026e-07 0.0001044980429447932)
(0.7063299662413581 4.811296698962049e-07 0.0001044948106702613)
(0.7063277333703593 -9.494959850574434e-07 0.0001045023862447909)
(0.7063295460130791 -6.19526017754632e-07 0.0001044999826284844)
(0.7063305047308248 1.3387638091121e-07 0.0001045091437985739)
(0.7063311603211746 8.86244921938913e-07 0.0001045074969467576)
(0.706324327775445 -3.203442561429325e-07 0.0001045174703167942)
(0.7063259458277119 -1.121432103784774e-06 0.0001045150735477739)
(0.7063267555575327 7.090244225514214e-07 0.0001045263077009708)
(0.706325002160665 -1.400710051895421e-06 0.0001045232088411931)
(0.7063265386917718 -1.013726919483592e-06 0.0001045356390953716)
(0.706335568554824 1.452541478625824e-06 0.0001045322617780098)
(0.7063368509487193 3.368858742237053e-07 0.000104544744488894)
(0.7063411667923303 -2.956781344488231e-07 0.0001045396888383277)
(0.70634466339588 -2.053930125511927e-07 0.0001045519781554146)
(0.7063335072628319 -3.015316785441267e-08 0.0001045423029523184)
(0.7063416525255203 3.024467108680493e-07 0.0001045564704738106)
(0.7063371484014022 -9.329525050292539e-08 0.000104546315759181)
(0.7063413972747615 4.910126196000812e-08 0.0001045591569064412)
(0.7063376623183759 -9.675412785719267e-07 0.0001045465016683771)
(0.7063392973735747 -1.128636955674793e-06 0.0001045577529878482)
(0.706341909255543 2.116106913569048e-06 0.0001045433294328622)
(0.7063295988776783 1.328491712553278e-06 0.0001045555638615685)
(0.7063250660064786 -7.963379226835781e-07 0.000104537971643508)
(0.7063328544653222 1.24875440507495e-06 0.0001045513997693083)
(0.7063259393445986 -1.463165270188146e-07 0.0001045305467172678)
(0.706324134569568 -2.774068516257802e-06 0.0001045438312549677)
(0.7063359784011844 1.075184579290603e-06 0.0001045217054685231)
(0.6098613814793901 3.095722598427662e-06 8.983261940753046e-05)
(0.6098748958332387 -1.279861442724587e-06 8.983341226513627e-05)
(0.6098814152211151 -3.714792649006445e-07 8.982863179088767e-05)
(0.6097926709792355 -3.047523096872793e-07 8.980971278880128e-05)
(0.609779109612784 -1.097686567818406e-06 8.980716591101593e-05)
(0.609779205626356 -2.508187337326048e-07 8.979994548408562e-05)
(0.6097863028074149 -8.930402095683592e-07 8.979867356523891e-05)
(0.6097715706984698 -3.526884214374938e-07 8.979188986683816e-05)
(0.6097834012128959 1.141671913880517e-06 8.979405608026049e-05)
(0.6097817901236051 1.102401289774974e-06 8.978835237236343e-05)
(0.6097874505240107 -1.611254602387976e-06 8.97898464939952e-05)
(0.6097752076015108 -2.333870518599307e-06 8.97831453454233e-05)
(0.6097824850260788 2.852729581584937e-06 8.978806284174335e-05)
(0.6098527776610767 3.317028260059547e-07 8.97961906654345e-05)
(0.6098827204090292 -1.2783824843832e-07 8.980350460521155e-05)
(0.6098828221259686 2.726898267730747e-06 8.980059478940583e-05)
(0.6098828394694996 1.538542576792877e-07 8.980544176748147e-05)
(0.6097954056986165 -3.223130512809618e-07 8.978979697211722e-05)
(0.609781611711423 -1.313249541673527e-06 8.979526284064434e-05)
(0.6097874578712883 -7.461156044879937e-07 8.97936926329763e-05)
(0.6097852997205488 1.646786913029907e-07 8.980153049970652e-05)
(0.6097864505125706 1.035768460950833e-06 8.980020147070729e-05)
(0.6097697180949417 -2.837539197145649e-07 8.980765097081637e-05)
(0.6097765108750514 -1.540328979484551e-06 8.980584138176794e-05)
(0.6097768749288695 9.407556867747583e-07 8.981573672156555e-05)
(0.6097772045830621 -1.578301483260496e-06 8.981306025064773e-05)
(0.6097801999269862 -1.926698740616269e-06 8.982394913577644e-05)
(0.6097817208838983 2.329873969401274e-06 8.982050507549413e-05)
(0.6098542859349625 1.903074309164441e-06 8.984374916599378e-05)
(0.6098735346240544 -3.263507419742356e-07 8.984070584578985e-05)
(0.6098793143225765 5.85152168171472e-07 8.985166149658084e-05)
(0.6098652528016806 2.218194547309426e-07 8.984181075766666e-05)
(0.609874750060883 -1.430529081303349e-07 8.985483705781846e-05)
(0.6098707939809979 -1.046589741292583e-07 8.984529006720976e-05)
(0.6098744506550451 -1.849443703512993e-07 8.985662814676263e-05)
(0.6098686545052349 -7.407472862895959e-07 8.984449191540545e-05)
(0.6098761937929326 -1.090708197105929e-06 8.985535939709711e-05)
(0.6098856111998697 1.371924971575993e-06 8.984210160372858e-05)
(0.6097965542560444 3.396650615597472e-07 8.984069679501889e-05)
(0.609776326822546 -1.327461526192382e-06 8.982223843129327e-05)
(0.6097872265404605 1.481696929838655e-06 8.983515795876022e-05)
(0.6097721406005923 -4.966395343562092e-08 8.981481902633245e-05)
(0.6097746025337175 -3.662443459861623e-06 8.982761131924285e-05)
(0.6097744329572446 2.19866588225502e-06 8.98063823321297e-05)
(0.4798113398837366 1.134196626640716e-05 7.024607316770439e-05)
(0.4798187182638755 1.037606612634255e-06 7.024784558782085e-05)
(0.4798197932907363 -6.001599460563626e-06 7.024411180691373e-05)
(0.479696226870476 -8.548810212584547e-06 7.022148120469835e-05)
(0.4796756651214302 -2.832814052126872e-06 7.021728968874146e-05)
(0.4796759538953582 -1.23068879968928e-07 7.02109781932861e-05)
(0.4796813106392153 -1.585300040154318e-06 7.021026279256421e-05)
(0.4796673173515252 -1.180065162668181e-06 7.020479562625487e-05)
(0.4796795015992034 1.376351723368728e-06 7.020703994605574e-05)
(0.479677992869276 1.870500275343365e-06 7.020256576711049e-05)
(0.4796817521693962 -8.480797403246878e-07 7.020387362679947e-05)
(0.4796653036896028 -3.474218382293883e-06 7.019689647072562e-05)
(0.4796727819808499 8.274655056508403e-06 7.02002398497045e-05)
(0.4798024023519153 9.228454966373292e-06 7.021821528059658e-05)
(0.4798128260830357 1.652036389823765e-06 7.022262169559933e-05)
(0.4798251802420856 3.206918524547229e-06 7.022305090070898e-05)
(0.4798229637952163 -5.825893230115838e-06 7.022826533718181e-05)
(0.4796987822168481 -8.261960161150353e-06 7.020738461620873e-05)
(0.4796801876570025 -2.767801301912501e-06 7.020983541597666e-05)
(0.4796798373664257 -7.686741990835741e-07 7.020730970744476e-05)
(0.4796825618317617 8.416689538234369e-08 7.021442144029208e-05)
(0.4796789071914196 5.049776448910983e-07 7.021307736302479e-05)
(0.4796792251235337 -3.978541431494738e-07 7.022122521264968e-05)
(0.479669836444699 -1.540351474441682e-06 7.021697950289414e-05)
(0.4796809166362791 8.738274589927464e-07 7.022657016904153e-05)
(0.4796784862795677 -1.087193159971267e-06 7.022393433944138e-05)
(0.4796661301653403 -2.892891883499691e-06 7.022959828912745e-05)
(0.4796731318184959 7.836901176482408e-06 7.022637702835214e-05)
(0.4798003860989756 1.043973629169845e-05 7.025587730849852e-05)
(0.4798171781684033 1.132892903809695e-06 7.02539063545666e-05)
(0.4798224339664657 1.327097309477297e-06 7.026271021964022e-05)
(0.4798136182958748 5.895246736879633e-07 7.025489512777969e-05)
(0.4798157520885973 -6.504240696205674e-07 7.026467792999872e-05)
(0.479815709110115 -7.903823625003788e-08 7.025710531808246e-05)
(0.4798157441329106 -3.629280181597665e-07 7.026584184214243e-05)
(0.4798196522602575 -2.709323314191935e-07 7.025700063403148e-05)
(0.4798100251791213 -1.169196511437062e-07 7.026340893236453e-05)
(0.4798186809101334 -5.070202617625725e-06 7.025417144532211e-05)
(0.4796987717151687 -7.977123578716691e-06 7.024630190872806e-05)
(0.4796735009705129 -3.046799010965496e-06 7.022868121433367e-05)
(0.4796794289654648 9.187078543999498e-07 7.023862812368355e-05)
(0.4796833459938071 3.659882735197626e-08 7.022468106872886e-05)
(0.4796704094719388 -4.063881091938053e-06 7.023213426034033e-05)
(0.4796607701206229 8.109242932246737e-06 7.021126337603106e-05)
(0.3044398275480159 1.323024715731101e-05 4.420499186410115e-05)
(0.3043966269214605 2.203969069227648e-06 4.419777870145732e-05)
(0.304365473695709 -8.392293812871794e-06 4.419083005038416e-05)
(0.3045232587097914 -1.164843537177711e-05 4.421192134505573e-05)
(0.3045459903085566 -2.814266707400374e-06 4.421343181038902e-05)
(0.3045482288715852 -3.079822432761216e-07 4.420906650371325e-05)
(0.3045341422829632 -1.016410976548305e-06 4.420627043064288e-05)
(0.3045549521673174 -6.52134694546642e-07 4.420740382598629e-05)
(0.3045576586801221 5.6187223666604e-07 4.420826355761869e-05)
(0.3045502862727528 1.259388702098908e-06 4.420454683557898e-05)
(0.3045530826123025 -7.078348973696626e-08 4.420534668042124e-05)
(0.3045204528619801 -2.636003998900253e-06 4.419772437778725e-05)
(0.3045489207325104 9.809393378917409e-06 4.420396660493031e-05)
(0.3044446462051641 1.172382761245913e-05 4.418814483651717e-05)
(0.3043432870745175 2.08535930269271e-06 4.41753957132173e-05)
(0.3043905045359492 2.994798281041082e-06 4.418162653869915e-05)
(0.3043726690465129 -8.425543464955304e-06 4.418296911090171e-05)
(0.3045272634653078 -1.13596110932557e-05 4.42039418770133e-05)
(0.3045556476471493 -2.90787506121446e-06 4.421043622938151e-05)
(0.3045369878726066 -5.793205379850683e-07 4.420557669035386e-05)
(0.3045462402623306 8.007129387887254e-08 4.42115130637692e-05)
(0.3045387517601089 5.434082940308321e-07 4.421036477740295e-05)
(0.304584076377894 -3.162114939028152e-07 4.422203971521892e-05)
(0.3045451218306441 -9.609969361552574e-07 4.42139291600784e-05)
(0.3045610092374029 5.805718079431351e-07 4.422154753038179e-05)
(0.3045605859159128 -1.169211071541613e-06 4.422009801013304e-05)
(0.3045165861898112 -2.434169526865251e-06 4.421828069579018e-05)
(0.3045476564911175 9.863974347477905e-06 4.422039781201652e-05)
(0.304435114331931 1.29947704074008e-05 4.421102463916448e-05)
(0.3043898526684685 1.667677607595976e-06 4.420183153935894e-05)
(0.3043910666940424 1.428277041516016e-06 4.420712616731978e-05)
(0.3043935531554182 6.044920043261518e-07 4.420343643927857e-05)
(0.3043835105887666 -8.42788578480838e-07 4.420807340447563e-05)
(0.3043913935052749 -5.359739957485486e-08 4.420423902776224e-05)
(0.3043852378811574 -1.695813497870524e-07 4.420896864726817e-05)
(0.3044065484719842 -3.68867726776462e-07 4.420576862041284e-05)
(0.3043642952895658 1.819907720052075e-07 4.420364295340427e-05)
(0.3043494306080211 -7.826618157918869e-06 4.419531541959653e-05)
(0.3045219514398534 -1.119422005663177e-05 4.42274919041864e-05)
(0.3045454723206464 -3.037021077681941e-06 4.42205120601487e-05)
(0.3045399711035142 6.843900464310676e-07 4.42254344770854e-05)
(0.3045882621383222 -4.630556377683344e-08 4.422344912458196e-05)
(0.3045422680510296 -3.149347167494714e-06 4.422251395089454e-05)
(0.3045414240614666 9.879854372865149e-06 4.421000715982218e-05)
(0.1043654934846146 1.759281996584348e-06 1.497870130107159e-05)
(0.1043313981522346 4.970907041662008e-07 1.497236074350989e-05)
(0.1043141704322963 -8.485122991389251e-07 1.496935890642739e-05)
(0.1045386764853422 -1.552560965303035e-06 1.49998143883512e-05)
(0.1045655617251061 -5.572687703308267e-07 1.500263313906075e-05)
(0.1045659718106757 -4.328398132907774e-08 1.500095887529825e-05)
(0.1045583373325195 -2.497360732117987e-07 1.499978777185557e-05)
(0.1045689569640206 -2.105302671737435e-07 1.500071818469702e-05)
(0.1045703574022101 1.98504171601075e-07 1.500120418892623e-05)
(0.1045700253201665 4.044668780042103e-07 1.500017463386123e-05)
(0.1045714303517331 6.778055951473489e-08 1.500036362584482e-05)
(0.1045528128793262 -5.848903628230838e-07 1.499666282014282e-05)
(0.1045671280921848 1.115128478216114e-06 1.499971177922509e-05)
(0.1043744568022252 1.518786397476776e-06 1.497325273230732e-05)
(0.1043076655042514 3.820013003615434e-07 1.496412469242358e-05)
(0.1043258801907194 5.884805755179734e-07 1.496688607002208e-05)
(0.104316864630139 -8.944678996046841e-07 1.496718665730169e-05)
(0.1045415868005873 -1.444493889636931e-06 1.499724677361619e-05)
(0.1045700589086937 -5.571550990671244e-07 1.500188240230515e-05)
(0.1045608068517394 -1.170794674303295e-07 1.499969856468523e-05)
(0.1045621553710281 2.866835120587044e-08 1.500179854668867e-05)
(0.1045594299484673 8.870190779958116e-08 1.500162924566167e-05)
(0.1045837955559529 -9.181301102064323e-08 1.500658215316613e-05)
(0.1045673593978148 -1.880333242756466e-07 1.500318505403159e-05)
(0.1045670416553323 4.466000041994586e-08 1.500512836274138e-05)
(0.1045726793772769 -2.389233130502782e-07 1.500538206343165e-05)
(0.1045546003770191 -4.595802561403163e-07 1.500414311175744e-05)
(0.1045672118121269 1.248098665856537e-06 1.500535759731635e-05)
(0.1043702193688491 1.756672326444216e-06 1.498104320302546e-05)
(0.1043289358732892 1.821889112490392e-07 1.497397811581945e-05)
(0.1043291200330709 5.076625445307559e-07 1.497570199022853e-05)
(0.1043300840161566 2.106939334956462e-07 1.497471368698129e-05)
(0.1043248605167557 -4.127832895310922e-07 1.497598000582173e-05)
(0.1043291286380295 -3.938396775766804e-08 1.497487801505396e-05)
(0.1043261042074626 -9.541534660342383e-08 1.497636571319119e-05)
(0.1043365413560281 3.173336075994263e-08 1.4975462704106e-05)
(0.1043188484094253 1.621546772732807e-07 1.497413383472343e-05)
(0.1043036537620784 -7.95326305433265e-07 1.497054612248446e-05)
(0.1045380068181902 -1.454994929887441e-06 1.500516504808866e-05)
(0.1045653878827649 -6.152955155759565e-07 1.500501557065418e-05)
(0.1045606357028278 7.158662762099539e-08 1.500648898201462e-05)
(0.1045849933482704 -5.015785685656873e-08 1.500693373653947e-05)
(0.1045677993608944 -5.231190721348189e-07 1.500595372872069e-05)
(0.1045655465471115 1.162875016278141e-06 1.500160483014725e-05)
)
;

boundaryField
{
    inlet
    {
        type            cyclic;
    }
    outlet
    {
        type            cyclic;
    }
    bottomWall
    {
        type            fixedValue;
        value           uniform (0 0 0);
    }
    topWall
    {
        type            fixedValue;
        value           uniform (0 0 0);
    }
    left
    {
        type            cyclic;
    }
    right
    {
        type            cyclic;
    }
}


// ************************************************************************* //
