/*--------------------------------*- C++ -*----------------------------------*\
| =========                 |                                                 |
| \\      /  F ield         | OpenFOAM: The Open Source CFD Toolbox           |
|  \\    /   O peration     | Version:  v1812                                 |
|   \\  /    A nd           | Web:      www.OpenFOAM.com                      |
|    \\/     M anipulation  |                                                 |
\*---------------------------------------------------------------------------*/
FoamFile
{
    version     2.0;
    format      ascii;
    class       volScalarField;
    location    "10000";
    object      nuTilda;
}
// * * * * * * * * * * * * * * * * * * * * * * * * * * * * * * * * * * * * * //

dimensions      [0 2 -1 0 0 0 0];


internalField   nonuniform List<scalar> 
2838
(
0.0004840338370775387
0.000484033837077539
0.0004840338370775391
0.0004840338370775394
0.0004840338370775394
0.0004840338370775393
0.0004840338370775395
0.0004840338370775391
0.0004840338370775392
0.0004840338370775396
0.0004840338370775393
0.0004840338370775394
0.0004840338370775389
0.0004840338370775392
0.0004840338370775393
0.0004840338370775387
0.0004840338370775394
0.0004840338370775389
0.0004840338370775393
0.0004840338370775386
0.0004840338370775392
0.0004840338370775394
0.0004840338370775397
0.0004840338370775389
0.0004840338370775385
0.0004840338370775392
0.0004840338370775388
0.0004840338370775392
0.0004840338370775382
0.0004840338370775395
0.0004840338370775387
0.0004840338370775387
0.0004840338370775392
0.0004840338370775386
0.0004840338370775381
0.000484033837077539
0.0004840338370775397
0.0004840338370775387
0.0004840338370775382
0.0004840338370775384
0.0004840338370775389
0.0004840338370775387
0.000484033837077539
0.0004840338370775386
0.0004840338370775388
0.0004840338370775384
0.0004840338370775389
0.0004840338370775393
0.0004840338370775382
0.0004840338370775384
0.0004840338370775389
0.000484033837077539
0.0004840338370775389
0.0004840338370775383
0.0004840338370775383
0.0004840338370775388
0.0004840338370775383
0.0004840338370775373
0.0004840338370775399
0.0004840338370775381
0.0004840338370775394
0.0004840338370775382
0.0004840338370775394
0.0004840338370775379
0.0004840338370775393
0.0004840338370775389
0.0003631426205532109
0.0003631426205532032
0.0003631426205531963
0.0003631426205532007
0.000363142620553201
0.0003631426205531977
0.0003631426205532012
0.0003631426205532012
0.000363142620553201
0.0003631426205532004
0.0003631426205532012
0.0003631426205531993
0.000363142620553198
0.0003631426205531985
0.0003631426205532007
0.0003631426205531967
0.0003631426205531974
0.0003631426205531999
0.0003631426205531964
0.0003631426205531967
0.0003631426205532003
0.0003631426205531983
0.0003631426205531991
0.000363142620553195
0.0003631426205531973
0.0003631426205531944
0.0003631426205531972
0.0003631426205531952
0.0003631426205531968
0.0003631426205531964
0.0003631426205531974
0.0003631426205531994
0.0003631426205532004
0.0003631426205531954
0.0003631426205531912
0.0003631426205531935
0.0003631426205531996
0.0003631426205531977
0.0003631426205531987
0.000363142620553195
0.0003631426205531978
0.0003631426205531954
0.0003631426205531983
0.0003631426205531966
0.0003631426205531985
0.0003631426205531945
0.0003631426205532001
0.0003631426205531938
0.0003631426205531999
0.0003631426205531963
0.0003631426205531946
0.000363142620553192
0.0003631426205531967
0.0003631426205531903
0.000363142620553196
0.0003631426205531919
0.0003631426205531968
0.0003631426205531904
0.0003631426205531979
0.0003631426205531871
0.0003631426205531928
0.0003631426205531872
0.0003631426205531961
0.0003631426205531872
0.0003631426205531994
0.0003631426205531848
0.0006303744997616311
0.0006303744997616121
0.0006303744997616001
0.000630374499761609
0.0006303744997616063
0.0006303744997616057
0.0006303744997616143
0.0006303744997616087
0.0006303744997616091
0.0006303744997616079
0.0006303744997616014
0.0006303744997616108
0.0006303744997616057
0.0006303744997616026
0.0006303744997616092
0.0006303744997616028
0.0006303744997616002
0.000630374499761607
0.0006303744997616014
0.0006303744997616011
0.0006303744997616077
0.0006303744997616024
0.0006303744997616028
0.0006303744997616099
0.0006303744997616087
0.0006303744997616028
0.000630374499761608
0.0006303744997616062
0.000630374499761606
0.0006303744997616128
0.0006303744997616116
0.0006303744997616158
0.0006303744997616125
0.0006303744997616051
0.0006303744997616022
0.0006303744997616038
0.0006303744997616074
0.000630374499761613
0.000630374499761608
0.0006303744997616034
0.0006303744997616064
0.0006303744997616093
0.0006303744997616047
0.0006303744997616152
0.0006303744997616106
0.0006303744997616066
0.0006303744997616164
0.0006303744997616133
0.0006303744997616198
0.0006303744997616171
0.0006303744997615995
0.0006303744997616031
0.0006303744997616052
0.0006303744997616005
0.0006303744997615975
0.0006303744997616013
0.0006303744997616057
0.0006303744997616027
0.0006303744997616047
0.0006303744997615896
0.0006303744997615891
0.0006303744997615918
0.0006303744997615975
0.0006303744997615965
0.0006303744997615994
0.0006303744997615904
0.0008680848410908576
0.0008680848410908476
0.0008680848410908338
0.000868084841090846
0.0008680848410908438
0.0008680848410908361
0.0008680848410908447
0.0008680848410908432
0.0008680848410908476
0.0008680848410908371
0.0008680848410908352
0.0008680848410908439
0.0008680848410908376
0.0008680848410908285
0.0008680848410908378
0.0008680848410908287
0.0008680848410908258
0.0008680848410908347
0.0008680848410908265
0.0008680848410908257
0.0008680848410908348
0.0008680848410908287
0.0008680848410908283
0.0008680848410908403
0.0008680848410908354
0.00086808484109083
0.0008680848410908384
0.0008680848410908392
0.0008680848410908384
0.0008680848410908482
0.0008680848410908439
0.0008680848410908514
0.0008680848410908474
0.0008680848410908447
0.000868084841090849
0.0008680848410908422
0.0008680848410908491
0.0008680848410908498
0.0008680848410908439
0.0008680848410908529
0.0008680848410908456
0.0008680848410908525
0.0008680848410908495
0.0008680848410908583
0.0008680848410908584
0.0008680848410908432
0.0008680848410908506
0.0008680848410908497
0.0008680848410908605
0.0008680848410908593
0.0008680848410908357
0.0008680848410908412
0.0008680848410908356
0.0008680848410908279
0.0008680848410908253
0.0008680848410908357
0.0008680848410908344
0.0008680848410908419
0.000868084841090834
0.0008680848410908205
0.0008680848410908073
0.0008680848410908268
0.0008680848410908246
0.0008680848410908362
0.0008680848410908237
0.000868084841090806
0.00113575347259849
0.001135753472598497
0.001135753472598484
0.001135753472598495
0.001135753472598512
0.001135753472598474
0.001135753472598485
0.001135753472598484
0.001135753472598497
0.001135753472598498
0.001135753472598462
0.001135753472598493
0.001135753472598483
0.001135753472598465
0.001135753472598479
0.001135753472598471
0.001135753472598449
0.001135753472598471
0.001135753472598466
0.001135753472598447
0.001135753472598472
0.001135753472598483
0.001135753472598451
0.001135753472598487
0.001135753472598478
0.001135753472598467
0.001135753472598492
0.001135753472598484
0.001135753472598479
0.001135753472598496
0.001135753472598488
0.001135753472598504
0.001135753472598515
0.001135753472598486
0.001135753472598501
0.001135753472598498
0.00113575347259851
0.001135753472598511
0.001135753472598485
0.001135753472598515
0.001135753472598498
0.00113575347259851
0.001135753472598505
0.001135753472598523
0.001135753472598516
0.001135753472598502
0.001135753472598514
0.001135753472598492
0.001135753472598522
0.001135753472598516
0.001135753472598491
0.001135753472598487
0.001135753472598475
0.001135753472598478
0.001135753472598473
0.001135753472598482
0.001135753472598474
0.001135753472598491
0.001135753472598478
0.001135753472598478
0.001135753472598439
0.00113575347259847
0.001135753472598459
0.001135753472598479
0.001135753472598476
0.001135753472598437
0.001498364213086308
0.001498364213086319
0.001498364213086305
0.001498364213086339
0.001498364213086324
0.00149836421308629
0.00149836421308629
0.001498364213086285
0.001498364213086309
0.001498364213086343
0.001498364213086254
0.001498364213086293
0.001498364213086332
0.001498364213086248
0.001498364213086276
0.00149836421308631
0.001498364213086225
0.001498364213086266
0.001498364213086306
0.001498364213086229
0.001498364213086269
0.00149836421308631
0.001498364213086236
0.001498364213086284
0.001498364213086325
0.001498364213086256
0.001498364213086299
0.001498364213086334
0.00149836421308627
0.001498364213086309
0.0014983642130863
0.001498364213086351
0.00149836421308633
0.00149836421308631
0.001498364213086321
0.001498364213086324
0.001498364213086365
0.001498364213086338
0.001498364213086306
0.001498364213086352
0.001498364213086324
0.001498364213086344
0.001498364213086329
0.001498364213086385
0.001498364213086353
0.001498364213086329
0.001498364213086341
0.001498364213086325
0.001498364213086349
0.00149836421308638
0.001498364213086355
0.001498364213086317
0.00149836421308626
0.001498364213086282
0.001498364213086276
0.001498364213086286
0.001498364213086276
0.001498364213086336
0.001498364213086285
0.001498364213086307
0.001498364213086239
0.001498364213086276
0.001498364213086247
0.001498364213086306
0.001498364213086264
0.001498364213086238
0.002007619111229818
0.002007619111229744
0.002007619111229724
0.002007619111229786
0.002007619111229746
0.002007619111229699
0.002007619111229667
0.002007619111229655
0.002007619111229751
0.002007619111229723
0.002007619111229652
0.002007619111229736
0.0020076191112297
0.002007619111229633
0.002007619111229705
0.002007619111229656
0.002007619111229596
0.0020076191112297
0.00200761911122966
0.002007619111229605
0.002007619111229706
0.002007619111229663
0.002007619111229617
0.002007619111229721
0.002007619111229701
0.002007619111229655
0.002007619111229757
0.002007619111229693
0.002007619111229677
0.002007619111229718
0.002007619111229712
0.002007619111229826
0.002007619111229756
0.002007619111229726
0.002007619111229739
0.002007619111229748
0.002007619111229769
0.002007619111229845
0.0020076191112297
0.00200761911122979
0.002007619111229776
0.002007619111229812
0.002007619111229758
0.002007619111229821
0.002007619111229892
0.002007619111229732
0.002007619111229784
0.002007619111229739
0.002007619111229828
0.002007619111229784
0.002007619111229872
0.002007619111229809
0.002007619111229656
0.002007619111229676
0.002007619111229652
0.002007619111229667
0.002007619111229663
0.002007619111229725
0.002007619111229767
0.002007619111229612
0.002007619111229658
0.002007619111229754
0.002007619111229569
0.00200761911122971
0.002007619111229648
0.002007619111229604
0.002613801128609983
0.002613801128609978
0.002613801128609757
0.00261380112860979
0.002613801128609808
0.002613801128609907
0.002613801128609633
0.002613801128609621
0.002613801128609802
0.002613801128609767
0.002613801128609661
0.002613801128609809
0.002613801128609726
0.002613801128609626
0.002613801128609712
0.002613801128609657
0.002613801128609577
0.002613801128609667
0.002613801128609826
0.002613801128609554
0.002613801128609673
0.002613801128609824
0.002613801128609577
0.002613801128609793
0.002613801128609759
0.00261380112860969
0.002613801128609878
0.002613801128609796
0.002613801128609732
0.002613801128609798
0.002613801128609811
0.002613801128609887
0.002613801128609983
0.002613801128609759
0.002613801128609817
0.002613801128609962
0.002613801128609739
0.002613801128609813
0.0026138011286098
0.002613801128609876
0.002613801128609895
0.002613801128609905
0.002613801128609861
0.002613801128609948
0.002613801128610097
0.002613801128609817
0.00261380112860985
0.002613801128609826
0.002613801128609849
0.002613801128609854
0.002613801128610007
0.002613801128609791
0.002613801128609912
0.002613801128609896
0.002613801128609627
0.002613801128609678
0.002613801128609687
0.002613801128609747
0.002613801128609844
0.002613801128609565
0.002613801128609665
0.002613801128609838
0.002613801128609531
0.002613801128609742
0.002613801128609672
0.002613801128609591
0.003203346226522984
0.003203346226523137
0.003203346226522742
0.003203346226523044
0.003203346226522868
0.003203346226522755
0.003203346226522724
0.003203346226522673
0.003203346226522883
0.003203346226522803
0.003203346226522639
0.003203346226522861
0.003203346226522701
0.003203346226522576
0.003203346226522809
0.003203346226522697
0.003203346226522558
0.003203346226522664
0.003203346226522921
0.003203346226522521
0.003203346226522683
0.003203346226522947
0.003203346226522572
0.003203346226522886
0.003203346226522836
0.00320334622652274
0.003203346226522888
0.003203346226523101
0.003203346226522748
0.003203346226523162
0.003203346226522998
0.003203346226522972
0.003203346226522916
0.003203346226522887
0.003203346226522963
0.00320334622652291
0.003203346226522848
0.003203346226522854
0.003203346226522887
0.003203346226523302
0.003203346226523107
0.003203346226523279
0.003203346226522925
0.003203346226523227
0.003203346226523105
0.003203346226522987
0.003203346226522941
0.003203346226523129
0.003203346226522748
0.003203346226522929
0.003203346226523121
0.003203346226522751
0.003203346226522902
0.003203346226522894
0.003203346226522672
0.003203346226522923
0.003203346226522712
0.003203346226522712
0.003203346226522831
0.003203346226522477
0.003203346226522789
0.003203346226522662
0.003203346226522492
0.003203346226522739
0.003203346226522645
0.003203346226522528
0.003703984110635085
0.003703984110635015
0.003703984110634945
0.003703984110635345
0.003703984110634927
0.003703984110634896
0.003703984110635017
0.003703984110634851
0.003703984110635124
0.003703984110634992
0.003703984110634768
0.003703984110634847
0.003703984110634746
0.003703984110634646
0.003703984110634986
0.003703984110634907
0.003703984110634712
0.003703984110635038
0.003703984110634936
0.003703984110634761
0.003703984110634923
0.003703984110635152
0.003703984110634809
0.003703984110635215
0.003703984110635135
0.00370398411063501
0.003703984110635196
0.003703984110635548
0.003703984110635061
0.003703984110635539
0.003703984110635361
0.003703984110635496
0.00370398411063534
0.003703984110635544
0.003703984110635183
0.003703984110635218
0.00370398411063517
0.003703984110635208
0.003703984110635214
0.003703984110635533
0.003703984110635514
0.003703984110635616
0.00370398411063542
0.003703984110635718
0.003703984110635379
0.003703984110635508
0.003703984110635129
0.003703984110635273
0.003703984110635122
0.003703984110635162
0.003703984110635069
0.003703984110635018
0.003703984110635123
0.003703984110635107
0.003703984110634888
0.003703984110635178
0.003703984110634774
0.003703984110634795
0.003703984110634799
0.003703984110634679
0.00370398411063481
0.003703984110635019
0.003703984110634471
0.003703984110634881
0.003703984110634764
0.003703984110634597
0.004102418744966279
0.004102418744966242
0.004102418744966387
0.004102418744966798
0.004102418744966574
0.004102418744966043
0.004102418744966131
0.004102418744966094
0.004102418744966279
0.004102418744966329
0.004102418744965971
0.004102418744966343
0.004102418744965895
0.004102418744965834
0.004102418744966091
0.00410241874496653
0.004102418744965872
0.004102418744966151
0.004102418744966534
0.004102418744965979
0.00410241874496627
0.004102418744966739
0.004102418744966136
0.004102418744966704
0.004102418744966579
0.004102418744966428
0.004102418744966902
0.004102418744966741
0.004102418744966621
0.004102418744967131
0.004102418744966857
0.004102418744967295
0.004102418744966969
0.004102418744966755
0.004102418744967096
0.004102418744966915
0.004102418744966715
0.004102418744966672
0.004102418744966647
0.004102418744967337
0.004102418744967029
0.00410241874496699
0.004102418744967076
0.004102418744967286
0.004102418744966633
0.004102418744966971
0.004102418744966533
0.004102418744966601
0.004102418744966675
0.004102418744966911
0.00410241874496623
0.004102418744966644
0.00410241874496622
0.004102418744966189
0.004102418744966189
0.004102418744966217
0.004102418744966162
0.004102418744966425
0.004102418744966101
0.004102418744965718
0.004102418744966195
0.004102418744966024
0.004102418744965738
0.004102418744965915
0.0041024187449663
0.004102418744965636
0.004409482995957393
0.004409482995957312
0.004409482995957819
0.004409482995957644
0.00440948299595734
0.004409482995957705
0.004409482995957306
0.004409482995957098
0.004409482995957645
0.004409482995957346
0.004409482995957029
0.004409482995957272
0.004409482995957682
0.004409482995956914
0.004409482995957544
0.004409482995957436
0.004409482995957173
0.004409482995957415
0.004409482995957911
0.004409482995957257
0.004409482995957638
0.004409482995958208
0.004409482995957524
0.004409482995957964
0.004409482995958433
0.004409482995957783
0.004409482995958481
0.004409482995958354
0.004409482995958149
0.004409482995958714
0.00440948299595843
0.004409482995958542
0.004409482995958561
0.004409482995958214
0.0044094829959587
0.004409482995958512
0.004409482995958312
0.004409482995958206
0.004409482995958064
0.00440948299595841
0.004409482995958389
0.004409482995958486
0.004409482995958464
0.004409482995958531
0.004409482995958058
0.004409482995958199
0.004409482995958064
0.00440948299595818
0.004409482995957879
0.004409482995957816
0.00440948299595765
0.004409482995957851
0.004409482995958166
0.004409482995957297
0.004409482995957502
0.004409482995957857
0.004409482995957628
0.004409482995957602
0.004409482995956939
0.004409482995956751
0.004409482995957312
0.004409482995957103
0.004409482995956769
0.004409482995957232
0.004409482995957043
0.004409482995956719
0.004638598751501489
0.0046385987515014
0.004638598751502026
0.004638598751501773
0.00463859875150139
0.004638598751501888
0.00463859875150125
0.004638598751501162
0.004638598751501554
0.004638598751502131
0.004638598751501165
0.004638598751501556
0.004638598751502195
0.004638598751501268
0.004638598751502061
0.004638598751501824
0.004638598751501575
0.004638598751502246
0.004638598751502057
0.004638598751501864
0.004638598751502626
0.004638598751502348
0.004638598751502281
0.004638598751502719
0.004638598751503392
0.004638598751502558
0.004638598751503046
0.004638598751503638
0.004638598751502816
0.004638598751503209
0.004638598751503594
0.004638598751502853
0.004638598751502938
0.004638598751502816
0.004638598751503441
0.004638598751503196
0.004638598751503787
0.004638598751503557
0.004638598751502418
0.004638598751502719
0.004638598751502774
0.004638598751503438
0.004638598751502927
0.004638598751503249
0.004638598751502446
0.004638598751502559
0.0046385987515025
0.00463859875150261
0.004638598751502247
0.00463859875150216
0.004638598751502085
0.004638598751502474
0.004638598751502127
0.004638598751501722
0.004638598751501671
0.004638598751501529
0.004638598751501366
0.004638598751501502
0.004638598751501806
0.00463859875150079
0.004638598751501169
0.004638598751501677
0.004638598751500729
0.004638598751501027
0.004638598751501554
0.004638598751500598
0.004801107080028834
0.004801107080028698
0.004801107080029432
0.0048011070800291
0.004801107080028686
0.004801107080029361
0.004801107080028968
0.00480110708002867
0.004801107080029082
0.004801107080029859
0.004801107080028801
0.004801107080029323
0.004801107080030119
0.004801107080029103
0.004801107080029668
0.00480110708003023
0.00480110708002936
0.00480110708003034
0.004801107080029779
0.004801107080029852
0.004801107080030464
0.004801107080030974
0.004801107080030425
0.004801107080030984
0.004801107080031741
0.004801107080030867
0.004801107080031881
0.004801107080031428
0.004801107080031219
0.004801107080031409
0.004801107080031084
0.004801107080031157
0.004801107080031172
0.004801107080030832
0.004801107080031461
0.004801107080031095
0.004801107080031238
0.004801107080031416
0.00480110708003032
0.00480110708003071
0.004801107080030435
0.004801107080031225
0.004801107080030781
0.004801107080030583
0.00480110708003045
0.004801107080030025
0.004801107080030121
0.004801107080030734
0.004801107080029726
0.0048011070800297
0.004801107080029902
0.004801107080030223
0.004801107080029337
0.004801107080029451
0.004801107080028986
0.004801107080029027
0.004801107080028891
0.00480110708002857
0.004801107080028521
0.004801107080028258
0.004801107080028921
0.004801107080028655
0.004801107080028097
0.004801107080028685
0.004801107080028062
0.004801107080027898
0.004906495992926979
0.004906495992926835
0.00490649599292773
0.004906495992927302
0.004906495992926917
0.00490649599292785
0.0049064959929275
0.004906495992927245
0.004906495992927803
0.00490649599292874
0.004906495992927671
0.004906495992928381
0.004906495992929282
0.004906495992928249
0.004906495992928926
0.004906495992929844
0.004906495992928732
0.004906495992930176
0.004906495992929503
0.00490649599292935
0.004906495992930455
0.004906495992930086
0.004906495992929998
0.004906495992930586
0.004906495992930605
0.004906495992930707
0.004906495992930463
0.004906495992930674
0.004906495992931256
0.004906495992931069
0.004906495992930974
0.004906495992929956
0.004906495992929976
0.004906495992930141
0.004906495992929832
0.004906495992929851
0.004906495992929889
0.004906495992930345
0.004906495992930291
0.004906495992929785
0.004906495992929149
0.004906495992929502
0.00490649599292918
0.0049064959929294
0.004906495992928994
0.004906495992928817
0.004906495992928701
0.004906495992929027
0.004906495992928341
0.004906495992927967
0.004906495992927985
0.004906495992927982
0.004906495992927946
0.00490649599292849
0.004906495992927101
0.004906495992927156
0.004906495992927805
0.00490649599292666
0.004906495992926673
0.004906495992926337
0.00490649599292668
0.004906495992927408
0.004906495992925947
0.004906495992926706
0.004906495992926259
0.004906495992925908
0.004963085035225915
0.004963085035225778
0.00496308503522634
0.004963085035226997
0.004963085035226073
0.00496308503522703
0.004963085035227201
0.004963085035227157
0.004963085035227962
0.004963085035229118
0.004963085035228054
0.004963085035229507
0.004963085035229005
0.004963085035229011
0.004963085035229722
0.00496308503523083
0.004963085035229508
0.00496308503523089
0.004963085035229991
0.00496308503523024
0.00496308503523095
0.004963085035231833
0.004963085035230689
0.004963085035231211
0.004963085035231114
0.004963085035230589
0.004963085035231384
0.004963085035230261
0.004963085035230924
0.004963085035230761
0.004963085035231567
0.004963085035230404
0.004963085035231
0.004963085035229822
0.004963085035230151
0.004963085035229724
0.004963085035229994
0.004963085035229749
0.004963085035230015
0.004963085035230853
0.00496308503522935
0.004963085035228636
0.004963085035228639
0.00496308503522864
0.004963085035228522
0.004963085035228362
0.004963085035228576
0.004963085035228373
0.004963085035228425
0.004963085035227964
0.004963085035226748
0.004963085035226855
0.004963085035227165
0.004963085035227215
0.004963085035226418
0.0049630850352268
0.00496308503522648
0.004963085035226344
0.004963085035226461
0.004963085035224773
0.004963085035225833
0.004963085035225384
0.004963085035224793
0.004963085035225674
0.004963085035225178
0.004963085035224662
0.004978595609858284
0.004978595609858197
0.004978595609859502
0.004978595609858573
0.004978595609860686
0.00497859560986114
0.004978595609862613
0.004978595609861702
0.004978595609863404
0.004978595609862981
0.004978595609863084
0.004978595609864016
0.004978595609865189
0.00497859560986383
0.004978595609864694
0.0049785956098659
0.004978595609864414
0.004978595609864756
0.00497859560986481
0.004978595609866332
0.004978595609865482
0.004978595609865546
0.004978595609865799
0.00497859560986583
0.004978595609865966
0.004978595609864292
0.004978595609864724
0.004978595609864314
0.004978595609864528
0.004978595609864443
0.004978595609865485
0.004978595609864417
0.004978595609864055
0.004978595609863819
0.004978595609864449
0.004978595609864305
0.004978595609862776
0.004978595609863208
0.004978595609863284
0.004978595609863659
0.004978595609863896
0.004978595609861552
0.004978595609862642
0.00497859560986184
0.004978595609861363
0.004978595609861232
0.004978595609862121
0.004978595609860745
0.004978595609860799
0.004978595609859863
0.004978595609859434
0.004978595609859224
0.004978595609860251
0.004978595609858934
0.00497859560985888
0.004978595609859179
0.004978595609858892
0.004978595609859262
0.004978595609859981
0.004978595609857129
0.004978595609857168
0.004978595609856823
0.004978595609856491
0.004978595609857584
0.004978595609857334
0.00497859560985672
0.00496066208793572
0.00496066208793589
0.004960662087937254
0.004960662087937723
0.004960662087940952
0.004960662087942849
0.004960662087943043
0.004960662087943281
0.004960662087945034
0.004960662087944744
0.004960662087944631
0.004960662087946033
0.004960662087945848
0.004960662087945052
0.004960662087946301
0.004960662087945627
0.004960662087946219
0.004960662087944459
0.004960662087945827
0.004960662087946001
0.004960662087945155
0.004960662087945314
0.004960662087945339
0.004960662087945229
0.004960662087945646
0.004960662087944987
0.004960662087942838
0.004960662087943443
0.004960662087944465
0.004960662087944126
0.004960662087942574
0.004960662087943174
0.00496066208794252
0.004960662087943483
0.004960662087942357
0.00496066208794335
0.00496066208794067
0.004960662087942042
0.004960662087940455
0.004960662087942184
0.004960662087941024
0.004960662087939859
0.004960662087940099
0.004960662087940843
0.004960662087940401
0.004960662087938602
0.004960662087939422
0.004960662087940018
0.004960662087937982
0.004960662087938054
0.004960662087936071
0.004960662087936368
0.004960662087937494
0.004960662087936002
0.00496066208793647
0.004960662087935777
0.004960662087936844
0.004960662087936106
0.004960662087936524
0.004960662087935499
0.004960662087935428
0.004960662087933443
0.004960662087933285
0.004960662087934055
0.004960662087935274
0.004960662087933343
0.004917383962714622
0.004917383962715786
0.004917383962719685
0.004917383962722955
0.004917383962726696
0.004917383962728287
0.004917383962726769
0.004917383962729034
0.004917383962729827
0.004917383962728978
0.004917383962729104
0.004917383962729136
0.00491738396272979
0.004917383962728224
0.004917383962728384
0.004917383962727614
0.004917383962727939
0.004917383962726747
0.004917383962726807
0.004917383962728051
0.004917383962726378
0.00491738396272685
0.004917383962726015
0.004917383962726986
0.004917383962725798
0.00491738396272664
0.004917383962722455
0.004917383962723813
0.00491738396272304
0.004917383962723837
0.004917383962721625
0.004917383962721932
0.004917383962721784
0.004917383962722077
0.004917383962722781
0.004917383962722578
0.004917383962719581
0.004917383962719873
0.004917383962719699
0.004917383962721436
0.004917383962719866
0.004917383962718538
0.004917383962718861
0.004917383962718583
0.004917383962718572
0.004917383962717419
0.004917383962717825
0.004917383962718761
0.00491738396271749
0.004917383962716877
0.004917383962714633
0.004917383962714772
0.004917383962714782
0.00491738396271607
0.00491738396271452
0.004917383962713527
0.004917383962714728
0.004917383962713765
0.004917383962715147
0.004917383962712289
0.004917383962713658
0.004917383962712205
0.004917383962711286
0.004917383962711782
0.004917383962713091
0.004917383962711043
0.004858097007238072
0.004858097007245042
0.004858097007251814
0.00485809700725669
0.004858097007257395
0.004858097007257868
0.004858097007257393
0.004858097007259652
0.004858097007258346
0.004858097007259707
0.004858097007257371
0.004858097007257402
0.004858097007257666
0.004858097007255466
0.004858097007254335
0.004858097007253163
0.004858097007252733
0.004858097007251829
0.004858097007252263
0.004858097007251919
0.004858097007253584
0.004858097007251298
0.004858097007249648
0.004858097007250247
0.004858097007249164
0.004858097007249273
0.004858097007245705
0.00485809700724527
0.004858097007244789
0.004858097007245241
0.004858097007244196
0.004858097007244455
0.004858097007243941
0.00485809700724561
0.00485809700724388
0.004858097007245142
0.004858097007241328
0.004858097007241486
0.00485809700724146
0.004858097007243413
0.004858097007241388
0.004858097007240208
0.004858097007240541
0.004858097007241277
0.004858097007239873
0.004858097007240297
0.004858097007238174
0.004858097007238463
0.004858097007237659
0.004858097007237096
0.004858097007237088
0.004858097007236268
0.004858097007236195
0.004858097007236499
0.004858097007236516
0.004858097007236029
0.004858097007234183
0.004858097007234378
0.004858097007234168
0.004858097007234215
0.004858097007233926
0.004858097007234045
0.004858097007232529
0.004858097007232991
0.004858097007234215
0.004858097007232042
0.004795064804545444
0.004795064804564053
0.004795064804569717
0.004795064804569533
0.004795064804569199
0.004795064804568859
0.004795064804564641
0.004795064804564941
0.004795064804561783
0.004795064804563876
0.00479506480456226
0.004795064804563929
0.0047950648045631
0.004795064804561438
0.004795064804557985
0.004795064804553464
0.004795064804551699
0.004795064804551179
0.004795064804551017
0.004795064804551292
0.004795064804551517
0.004795064804552102
0.004795064804551157
0.004795064804549774
0.004795064804548481
0.004795064804545478
0.004795064804545283
0.004795064804544295
0.004795064804541324
0.004795064804541694
0.004795064804543083
0.004795064804540597
0.004795064804541184
0.00479506480454316
0.004795064804540891
0.00479506480454172
0.004795064804539456
0.004795064804541183
0.004795064804539161
0.004795064804540991
0.00479506480453815
0.004795064804538076
0.004795064804537463
0.004795064804538192
0.004795064804537456
0.004795064804536201
0.004795064804535395
0.004795064804536636
0.004795064804534031
0.004795064804533684
0.004795064804534503
0.004795064804533875
0.00479506480453419
0.0047950648045349
0.004795064804531663
0.00479506480453237
0.004795064804533536
0.004795064804532887
0.004795064804532685
0.004795064804530419
0.004795064804532588
0.004795064804531253
0.004795064804529895
0.004795064804529958
0.004795064804529813
0.004795064804530592
0.004757564917251414
0.004757564917264482
0.004757564917252501
0.004757564917237978
0.004757564917230079
0.004757564917225115
0.004757564917221646
0.004757564917219357
0.004757564917216741
0.004757564917216009
0.004757564917215213
0.004757564917214551
0.004757564917213367
0.004757564917211955
0.004757564917208985
0.004757564917204322
0.00475756491720208
0.004757564917198033
0.004757564917200504
0.004757564917198078
0.004757564917201113
0.004757564917199583
0.00475756491720069
0.004757564917199101
0.004757564917192474
0.004757564917191801
0.004757564917192668
0.004757564917191632
0.004757564917188869
0.004757564917187635
0.004757564917188037
0.004757564917187649
0.004757564917187969
0.004757564917188008
0.00475756491718993
0.004757564917187374
0.004757564917185941
0.004757564917186054
0.004757564917185718
0.004757564917187666
0.004757564917186223
0.004757564917187472
0.0047575649171834
0.004757564917184297
0.00475756491718567
0.004757564917184579
0.004757564917181476
0.004757564917183441
0.004757564917183025
0.004757564917179975
0.004757564917181274
0.004757564917182769
0.004757564917181763
0.004757564917181842
0.00475756491717835
0.004757564917178313
0.004757564917179171
0.004757564917178585
0.004757564917178582
0.004757564917178195
0.004757564917178375
0.004757564917178214
0.004757564917177108
0.004757564917179082
0.004757564917177779
0.004757564917186413
0.00479506480454898
0.004795064804567572
0.004795064804574646
0.004795064804573991
0.00479506480457433
0.004795064804570813
0.004795064804570866
0.004795064804570737
0.004795064804568067
0.004795064804567276
0.004795064804566814
0.004795064804564094
0.004795064804564048
0.004795064804564699
0.004795064804565236
0.004795064804563055
0.004795064804556562
0.004795064804556067
0.004795064804556048
0.004795064804556323
0.004795064804556136
0.004795064804556914
0.004795064804557607
0.004795064804556068
0.004795064804549268
0.004795064804550544
0.004795064804548398
0.004795064804546846
0.004795064804545996
0.004795064804545274
0.004795064804545675
0.00479506480454481
0.004795064804544765
0.004795064804544644
0.004795064804546708
0.004795064804544369
0.004795064804543018
0.004795064804542884
0.004795064804542502
0.004795064804543419
0.004795064804542985
0.00479506480454302
0.004795064804541171
0.004795064804540707
0.004795064804542169
0.004795064804539606
0.004795064804539545
0.004795064804540635
0.004795064804540233
0.004795064804537168
0.004795064804537676
0.004795064804537662
0.004795064804536977
0.004795064804537581
0.004795064804536645
0.004795064804536179
0.004795064804535575
0.004795064804537768
0.004795064804535706
0.004795064804535347
0.00479506480453609
0.004795064804537206
0.004795064804533516
0.004795064804533504
0.004795064804533368
0.004795064804534313
0.004858097007242104
0.00485809700725003
0.004858097007256591
0.004858097007261112
0.004858097007263014
0.0048580970072643
0.004858097007263448
0.004858097007264822
0.004858097007261752
0.004858097007263292
0.004858097007261366
0.004858097007261639
0.00485809700726151
0.004858097007262486
0.004858097007263822
0.004858097007262529
0.004858097007257731
0.004858097007257056
0.004858097007256638
0.004858097007257426
0.004858097007256894
0.004858097007257649
0.004858097007258212
0.004858097007256488
0.004858097007252297
0.004858097007252425
0.004858097007251843
0.004858097007251423
0.004858097007248393
0.004858097007249888
0.004858097007247601
0.004858097007249748
0.00485809700724839
0.004858097007247867
0.004858097007249592
0.004858097007247609
0.004858097007246339
0.00485809700724609
0.004858097007245769
0.004858097007246386
0.004858097007247502
0.004858097007247099
0.004858097007243991
0.004858097007243949
0.004858097007243745
0.004858097007243951
0.004858097007244539
0.004858097007244129
0.004858097007241887
0.00485809700724112
0.004858097007242494
0.00485809700724171
0.004858097007240853
0.004858097007240938
0.004858097007242051
0.004858097007239443
0.00485809700723884
0.004858097007239403
0.004858097007238875
0.00485809700723885
0.00485809700723872
0.004858097007238967
0.004858097007239465
0.004858097007236893
0.004858097007237139
0.004858097007236478
0.004917383962720143
0.004917383962723254
0.004917383962726161
0.004917383962730753
0.004917383962731553
0.004917383962732054
0.004917383962734227
0.004917383962734011
0.004917383962733542
0.004917383962735639
0.004917383962734828
0.004917383962736093
0.004917383962734047
0.00491738396273461
0.004917383962734884
0.004917383962735345
0.004917383962735083
0.00491738396273425
0.00491738396273201
0.004917383962732593
0.004917383962732453
0.004917383962732434
0.004917383962732281
0.004917383962731285
0.004917383962730763
0.004917383962731191
0.004917383962730148
0.004917383962729616
0.004917383962728694
0.004917383962726727
0.004917383962726615
0.004917383962727224
0.004917383962726877
0.004917383962727184
0.004917383962728013
0.004917383962725527
0.004917383962725277
0.004917383962725522
0.004917383962724702
0.004917383962725793
0.004917383962726163
0.004917383962724666
0.004917383962723404
0.004917383962722897
0.004917383962722709
0.004917383962722702
0.004917383962722493
0.004917383962721969
0.004917383962721979
0.004917383962720908
0.004917383962720996
0.004917383962720863
0.004917383962720823
0.004917383962721151
0.004917383962721428
0.004917383962719467
0.00491738396271813
0.00491738396271894
0.004917383962719841
0.00491738396271959
0.004917383962717791
0.00491738396271956
0.004917383962718517
0.004917383962718233
0.004917383962715916
0.004917383962715422
0.004960662087940915
0.004960662087941382
0.00496066208794388
0.004960662087946123
0.004960662087947101
0.0049606620879478
0.004960662087949887
0.00496066208794891
0.004960662087950963
0.004960662087952138
0.004960662087952601
0.004960662087951822
0.00496066208795126
0.004960662087951599
0.004960662087951494
0.004960662087952581
0.004960662087953156
0.004960662087952069
0.004960662087951459
0.00496066208795259
0.004960662087951425
0.004960662087951028
0.004960662087950958
0.004960662087950401
0.00496066208795139
0.004960662087950192
0.00496066208794928
0.004960662087949063
0.004960662087948757
0.00496066208794887
0.004960662087948404
0.004960662087948912
0.004960662087948006
0.004960662087949201
0.004960662087948239
0.004960662087947124
0.004960662087946969
0.004960662087946768
0.004960662087946553
0.004960662087946145
0.004960662087946197
0.004960662087946871
0.004960662087946448
0.004960662087944558
0.00496066208794546
0.004960662087944723
0.004960662087945341
0.004960662087943638
0.004960662087943597
0.004960662087943145
0.004960662087943383
0.004960662087943045
0.00496066208794465
0.004960662087943439
0.004960662087944348
0.004960662087943124
0.004960662087940534
0.00496066208794138
0.004960662087942281
0.004960662087940546
0.004960662087941777
0.004960662087941234
0.004960662087942256
0.004960662087941613
0.004960662087939501
0.004960662087938082
0.004978595609863444
0.004978595609863624
0.004978595609865744
0.004978595609866319
0.004978595609866773
0.004978595609866961
0.004978595609867738
0.004978595609867824
0.004978595609869825
0.004978595609869745
0.004978595609869695
0.004978595609871101
0.004978595609870584
0.004978595609870436
0.004978595609871572
0.00497859560987041
0.004978595609871419
0.004978595609871367
0.004978595609871913
0.004978595609872811
0.004978595609871204
0.0049785956098716
0.004978595609871051
0.004978595609870798
0.004978595609871159
0.004978595609871642
0.004978595609870007
0.004978595609870662
0.00497859560987147
0.004978595609869863
0.004978595609869855
0.00497859560987054
0.004978595609869731
0.004978595609870134
0.004978595609870156
0.004978595609868951
0.004978595609870042
0.004978595609869182
0.004978595609869135
0.004978595609868196
0.004978595609868145
0.004978595609868044
0.00497859560986804
0.004978595609868634
0.004978595609867149
0.004978595609867191
0.004978595609866865
0.00497859560986782
0.004978595609866485
0.00497859560986593
0.004978595609866771
0.00497859560986672
0.004978595609867092
0.00497859560986607
0.00497859560986547
0.004978595609865067
0.004978595609864255
0.004978595609864695
0.004978595609865597
0.004978595609863628
0.004978595609864083
0.004978595609863887
0.004978595609864135
0.004978595609864743
0.004978595609864027
0.004978595609861636
0.004963085035231416
0.004963085035231404
0.004963085035232209
0.004963085035232509
0.00496308503523271
0.004963085035232686
0.004963085035233822
0.004963085035232888
0.004963085035234861
0.004963085035234299
0.004963085035234446
0.004963085035235381
0.004963085035235406
0.004963085035235367
0.004963085035236021
0.004963085035236021
0.004963085035236145
0.004963085035236712
0.004963085035237798
0.004963085035236803
0.004963085035236676
0.004963085035237113
0.004963085035236704
0.004963085035236976
0.004963085035236666
0.004963085035236664
0.004963085035236417
0.004963085035236989
0.004963085035237899
0.004963085035236265
0.004963085035237133
0.004963085035236871
0.004963085035236253
0.004963085035237068
0.004963085035236097
0.004963085035235762
0.004963085035236264
0.004963085035236895
0.004963085035236658
0.004963085035236289
0.00496308503523606
0.004963085035234875
0.004963085035235458
0.004963085035235356
0.004963085035235138
0.004963085035235455
0.004963085035233626
0.004963085035234242
0.004963085035233803
0.004963085035233328
0.004963085035233466
0.004963085035233422
0.00496308503523451
0.004963085035233828
0.004963085035233693
0.004963085035232849
0.004963085035231748
0.004963085035232416
0.004963085035233345
0.004963085035231469
0.004963085035231799
0.004963085035231662
0.004963085035231643
0.004963085035231085
0.004963085035230748
0.00496308503523016
0.004906495992933222
0.004906495992932723
0.004906495992932547
0.004906495992933447
0.004906495992933116
0.004906495992932795
0.004906495992933098
0.004906495992933048
0.004906495992933627
0.004906495992934475
0.004906495992933615
0.004906495992935059
0.004906495992934684
0.004906495992934531
0.004906495992935501
0.004906495992935295
0.004906495992935201
0.004906495992936188
0.004906495992936155
0.004906495992935951
0.004906495992936054
0.00490649599293609
0.004906495992936164
0.004906495992936146
0.004906495992936377
0.004906495992937029
0.0049064959929359
0.00490649599293701
0.004906495992936746
0.004906495992936281
0.004906495992937064
0.004906495992936556
0.004906495992936025
0.004906495992936825
0.004906495992936181
0.004906495992935831
0.004906495992935917
0.004906495992936
0.004906495992936079
0.004906495992936737
0.004906495992935521
0.004906495992935407
0.00490649599293569
0.004906495992936439
0.004906495992935118
0.004906495992935739
0.004906495992934253
0.00490649599293463
0.004906495992934904
0.00490649599293366
0.004906495992934193
0.004906495992933792
0.004906495992934875
0.004906495992934366
0.004906495992934841
0.004906495992933348
0.004906495992932805
0.004906495992933374
0.004906495992934159
0.00490649599293247
0.004906495992932809
0.00490649599293339
0.004906495992932003
0.004906495992932212
0.004906495992932414
0.004906495992931106
0.004801107080034524
0.004801107080035169
0.004801107080034011
0.004801107080034485
0.004801107080035176
0.004801107080034046
0.004801107080034475
0.004801107080034991
0.004801107080034163
0.004801107080035079
0.0048011070800352
0.004801107080034664
0.004801107080035606
0.004801107080035316
0.004801107080035308
0.004801107080035612
0.004801107080035713
0.00480110708003579
0.00480110708003643
0.004801107080036448
0.004801107080036783
0.00480110708003643
0.00480110708003707
0.004801107080036373
0.004801107080036487
0.004801107080036778
0.004801107080036686
0.004801107080037623
0.004801107080037129
0.00480110708003697
0.004801107080037012
0.004801107080037282
0.00480110708003672
0.004801107080037267
0.004801107080037184
0.004801107080037382
0.004801107080036606
0.004801107080036659
0.004801107080036855
0.004801107080037498
0.004801107080036383
0.004801107080036442
0.004801107080036749
0.00480110708003696
0.004801107080036482
0.004801107080036502
0.004801107080035734
0.004801107080035881
0.004801107080035749
0.004801107080035101
0.004801107080035837
0.004801107080034843
0.004801107080035565
0.004801107080036082
0.004801107080035052
0.004801107080034968
0.004801107080034749
0.004801107080035038
0.004801107080035592
0.00480110708003413
0.004801107080034398
0.004801107080034854
0.004801107080033555
0.004801107080033892
0.004801107080034149
0.004801107080032957
0.004638598751507215
0.004638598751507037
0.004638598751506599
0.004638598751507179
0.004638598751506972
0.00463859875150653
0.004638598751507126
0.004638598751506792
0.00463859875150641
0.004638598751506736
0.004638598751507306
0.004638598751506448
0.00463859875150697
0.00463859875150755
0.0046385987515068
0.004638598751507282
0.00463859875150791
0.004638598751507186
0.004638598751507849
0.004638598751507905
0.004638598751508204
0.004638598751507856
0.004638598751508518
0.004638598751508182
0.004638598751507991
0.004638598751508677
0.004638598751508374
0.004638598751508308
0.004638598751508466
0.004638598751508484
0.004638598751509099
0.004638598751508752
0.004638598751508346
0.004638598751508799
0.004638598751507963
0.004638598751508861
0.004638598751508939
0.004638598751508315
0.004638598751508947
0.004638598751508666
0.004638598751508172
0.004638598751508796
0.004638598751508098
0.00463859875150842
0.004638598751508951
0.004638598751508819
0.004638598751507658
0.004638598751507906
0.004638598751508054
0.004638598751507106
0.00463859875150755
0.004638598751507482
0.004638598751507913
0.00463859875150808
0.00463859875150723
0.004638598751507638
0.004638598751507669
0.004638598751507006
0.004638598751507193
0.004638598751506701
0.004638598751506673
0.0046385987515067
0.004638598751506112
0.004638598751506307
0.004638598751506569
0.004638598751505552
0.004409482995962377
0.00440948299596286
0.004409482995961988
0.004409482995962308
0.004409482995962798
0.004409482995961903
0.004409482995962502
0.004409482995962127
0.004409482995961812
0.004409482995962326
0.004409482995962162
0.004409482995961884
0.00440948299596244
0.004409482995962314
0.004409482995962058
0.004409482995962642
0.004409482995962531
0.004409482995962309
0.004409482995963118
0.00440948299596277
0.004409482995963158
0.004409482995962498
0.004409482995962944
0.004409482995963493
0.00440948299596275
0.004409482995963428
0.004409482995963261
0.00440948299596306
0.004409482995963382
0.004409482995963712
0.004409482995963227
0.00440948299596352
0.004409482995963796
0.004409482995963633
0.004409482995962874
0.004409482995963224
0.004409482995963322
0.004409482995963567
0.004409482995963517
0.004409482995963628
0.004409482995963271
0.00440948299596378
0.004409482995962939
0.004409482995963328
0.004409482995963428
0.004409482995963636
0.004409482995963042
0.004409482995962967
0.00440948299596332
0.004409482995962549
0.004409482995962642
0.004409482995963195
0.004409482995963033
0.004409482995962813
0.004409482995962681
0.004409482995962653
0.004409482995962687
0.004409482995962543
0.004409482995962511
0.004409482995962292
0.0044094829959622
0.004409482995962203
0.004409482995961721
0.004409482995961776
0.004409482995962217
0.004409482995961301
0.004102418744970991
0.004102418744970842
0.004102418744970541
0.004102418744970929
0.004102418744970742
0.004102418744970429
0.004102418744970819
0.00410241874497052
0.004102418744970276
0.00410241874497043
0.004102418744970489
0.004102418744970243
0.004102418744970472
0.004102418744970894
0.004102418744970276
0.004102418744970558
0.00410241874497099
0.004102418744970416
0.004102418744971113
0.004102418744970797
0.004102418744970713
0.004102418744970547
0.004102418744970845
0.004102418744971379
0.004102418744970732
0.004102418744971311
0.004102418744971179
0.004102418744970998
0.004102418744971125
0.004102418744971149
0.004102418744971292
0.004102418744971678
0.004102418744971606
0.004102418744971568
0.004102418744970943
0.004102418744971177
0.004102418744971271
0.004102418744971542
0.004102418744971379
0.004102418744971495
0.004102418744971307
0.004102418744971695
0.00410241874497158
0.004102418744971748
0.004102418744971301
0.004102418744971409
0.004102418744971133
0.004102418744971246
0.004102418744971194
0.004102418744971294
0.004102418744971121
0.004102418744971549
0.004102418744971184
0.004102418744970921
0.004102418744971259
0.004102418744971277
0.004102418744971384
0.004102418744970967
0.004102418744970764
0.004102418744970708
0.004102418744970963
0.004102418744970457
0.004102418744970111
0.004102418744970335
0.004102418744970359
0.004102418744970034
0.003703984110639101
0.003703984110638928
0.00370398411063872
0.003703984110638835
0.003703984110638795
0.003703984110638576
0.003703984110638541
0.003703984110638904
0.003703984110638605
0.003703984110638499
0.003703984110638656
0.003703984110638865
0.003703984110638428
0.003703984110638686
0.003703984110638882
0.003703984110638467
0.003703984110638933
0.003703984110638677
0.003703984110638648
0.003703984110638809
0.003703984110639028
0.003703984110638505
0.003703984110638766
0.003703984110639188
0.003703984110638673
0.00370398411063896
0.00370398411063925
0.003703984110638801
0.003703984110638901
0.003703984110638923
0.003703984110639303
0.003703984110639208
0.003703984110639094
0.00370398411063911
0.003703984110638995
0.00370398411063946
0.003703984110639289
0.003703984110639619
0.003703984110639116
0.003703984110639281
0.003703984110639271
0.003703984110639218
0.003703984110639525
0.003703984110639377
0.003703984110639394
0.003703984110639555
0.003703984110638982
0.003703984110639204
0.003703984110639476
0.003703984110639093
0.003703984110639238
0.003703984110639204
0.003703984110639204
0.003703984110639013
0.00370398411063918
0.003703984110639161
0.003703984110639311
0.003703984110639101
0.003703984110638945
0.003703984110638966
0.003703984110639046
0.003703984110638874
0.003703984110638288
0.003703984110638594
0.003703984110638538
0.003703984110638342
0.003203346226526144
0.003203346226526181
0.003203346226525823
0.003203346226525836
0.003203346226525987
0.003203346226525924
0.003203346226525588
0.003203346226525936
0.003203346226525784
0.00320334622652565
0.003203346226525909
0.003203346226525788
0.003203346226525641
0.003203346226525917
0.003203346226525797
0.003203346226525652
0.003203346226525804
0.003203346226526035
0.003203346226525631
0.003203346226525816
0.003203346226526063
0.003203346226525619
0.003203346226525954
0.0032033462265259
0.003203346226525766
0.003203346226525911
0.003203346226525867
0.003203346226526123
0.003203346226525856
0.003203346226525875
0.003203346226526178
0.003203346226526096
0.003203346226525983
0.003203346226526205
0.003203346226525902
0.003203346226525999
0.003203346226526168
0.00320334622652626
0.003203346226526048
0.00320334622652602
0.003203346226526232
0.003203346226526411
0.003203346226526112
0.003203346226526282
0.003203346226526477
0.003203346226526134
0.003203346226526203
0.003203346226526405
0.003203346226526087
0.003203346226526346
0.003203346226526104
0.003203346226526095
0.003203346226526353
0.003203346226526096
0.00320334622652606
0.0032033462265262
0.003203346226526192
0.003203346226526249
0.003203346226526192
0.003203346226526363
0.003203346226526102
0.003203346226526002
0.003203346226525542
0.00320334622652579
0.003203346226525739
0.003203346226525576
0.002613801128612161
0.002613801128612294
0.002613801128612016
0.002613801128612053
0.002613801128612042
0.002613801128612038
0.002613801128611948
0.002613801128612103
0.002613801128611998
0.002613801128611914
0.002613801128612095
0.00261380112861201
0.002613801128611907
0.002613801128612097
0.00261380112861201
0.002613801128611906
0.002613801128611996
0.00261380112861218
0.002613801128611884
0.002613801128612014
0.002613801128612201
0.002613801128611887
0.002613801128612122
0.002613801128612066
0.002613801128611977
0.002613801128612148
0.00261380112861195
0.002613801128612191
0.002613801128612103
0.002613801128612047
0.002613801128612248
0.0026138011286122
0.002613801128612106
0.002613801128612295
0.002613801128612158
0.0026138011286121
0.002613801128612166
0.002613801128612182
0.002613801128612263
0.002613801128612227
0.002613801128612424
0.002613801128612243
0.002613801128612202
0.002613801128612263
0.002613801128612276
0.002613801128612467
0.002613801128612285
0.002613801128612419
0.002613801128612123
0.00261380112861235
0.00261380112861224
0.002613801128612171
0.002613801128612268
0.002613801128612186
0.002613801128612253
0.00261380112861244
0.002613801128612202
0.002613801128612246
0.002613801128612265
0.002613801128612273
0.002613801128612054
0.002613801128612011
0.002613801128611927
0.002613801128612083
0.00261380112861201
0.002613801128611884
0.002007619111231309
0.0020076191112314
0.002007619111231239
0.002007619111231299
0.002007619111231269
0.002007619111231305
0.002007619111231222
0.002007619111231317
0.002007619111231254
0.002007619111231203
0.002007619111231263
0.002007619111231308
0.002007619111231184
0.002007619111231253
0.002007619111231324
0.002007619111231165
0.002007619111231297
0.002007619111231273
0.0020076191112312
0.002007619111231269
0.002007619111231373
0.00200761911123119
0.00200761911123129
0.002007619111231394
0.00200761911123122
0.002007619111231255
0.002007619111231242
0.002007619111231368
0.002007619111231328
0.002007619111231278
0.002007619111231396
0.002007619111231366
0.002007619111231315
0.002007619111231434
0.002007619111231373
0.002007619111231318
0.002007619111231336
0.002007619111231346
0.002007619111231507
0.00200761911123153
0.002007619111231449
0.002007619111231524
0.002007619111231346
0.002007619111231391
0.00200761911123139
0.002007619111231518
0.00200761911123139
0.002007619111231557
0.002007619111231385
0.002007619111231412
0.002007619111231458
0.00200761911123137
0.002007619111231408
0.002007619111231344
0.002007619111231456
0.002007619111231451
0.002007619111231385
0.002007619111231488
0.002007619111231398
0.002007619111231485
0.002007619111231234
0.002007619111231239
0.002007619111231217
0.002007619111231294
0.002007619111231351
0.002007619111231171
0.001498364213087305
0.001498364213087364
0.001498364213087287
0.00149836421308731
0.001498364213087318
0.001498364213087367
0.001498364213087274
0.001498364213087321
0.001498364213087296
0.001498364213087296
0.001498364213087322
0.001498364213087343
0.001498364213087271
0.00149836421308734
0.001498364213087315
0.001498364213087277
0.001498364213087336
0.001498364213087314
0.001498364213087281
0.001498364213087311
0.001498364213087339
0.001498364213087296
0.001498364213087337
0.001498364213087357
0.001498364213087362
0.001498364213087302
0.00149836421308732
0.001498364213087385
0.001498364213087342
0.001498364213087347
0.001498364213087397
0.001498364213087364
0.001498364213087353
0.001498364213087387
0.001498364213087428
0.001498364213087335
0.001498364213087363
0.001498364213087363
0.001498364213087434
0.001498364213087454
0.001498364213087448
0.001498364213087474
0.001498364213087363
0.001498364213087385
0.001498364213087388
0.001498364213087415
0.001498364213087394
0.001498364213087443
0.001498364213087419
0.001498364213087415
0.001498364213087431
0.001498364213087366
0.001498364213087391
0.001498364213087361
0.001498364213087415
0.001498364213087423
0.001498364213087377
0.001498364213087407
0.001498364213087372
0.001498364213087397
0.001498364213087328
0.001498364213087321
0.001498364213087298
0.001498364213087331
0.00149836421308733
0.001498364213087268
0.001135753472599102
0.001135753472599129
0.001135753472599096
0.0011357534725991
0.00113575347259911
0.001135753472599113
0.001135753472599114
0.001135753472599086
0.001135753472599107
0.001135753472599097
0.001135753472599117
0.001135753472599116
0.001135753472599085
0.0011357534725991
0.001135753472599107
0.00113575347259909
0.0011357534725991
0.001135753472599103
0.001135753472599086
0.001135753472599111
0.00113575347259911
0.001135753472599089
0.001135753472599126
0.001135753472599125
0.001135753472599122
0.001135753472599108
0.001135753472599116
0.001135753472599149
0.001135753472599118
0.001135753472599112
0.001135753472599148
0.001135753472599135
0.001135753472599134
0.001135753472599116
0.001135753472599146
0.001135753472599129
0.001135753472599141
0.001135753472599142
0.001135753472599165
0.00113575347259918
0.001135753472599184
0.001135753472599177
0.00113575347259914
0.001135753472599161
0.001135753472599159
0.001135753472599167
0.001135753472599151
0.001135753472599179
0.001135753472599185
0.001135753472599156
0.001135753472599168
0.00113575347259914
0.00113575347259916
0.001135753472599126
0.001135753472599166
0.001135753472599159
0.001135753472599147
0.001135753472599166
0.001135753472599128
0.001135753472599139
0.001135753472599106
0.001135753472599112
0.001135753472599098
0.001135753472599122
0.001135753472599123
0.001135753472599075
0.0008680848410911719
0.0008680848410911726
0.0008680848410911639
0.0008680848410911412
0.000868084841091167
0.0008680848410911567
0.000868084841091152
0.0008680848410911541
0.0008680848410911776
0.0008680848410911736
0.0008680848410911756
0.0008680848410911562
0.0008680848410911594
0.0008680848410911721
0.0008680848410911625
0.0008680848410911744
0.0008680848410911673
0.0008680848410911839
0.0008680848410911692
0.0008680848410911716
0.000868084841091161
0.0008680848410911522
0.0008680848410911743
0.000868084841091175
0.0008680848410911765
0.0008680848410911574
0.0008680848410911653
0.0008680848410911751
0.0008680848410911713
0.0008680848410911712
0.0008680848410911857
0.0008680848410911787
0.0008680848410911854
0.0008680848410911727
0.0008680848410911991
0.0008680848410911793
0.0008680848410911976
0.0008680848410911881
0.0008680848410912115
0.0008680848410912053
0.0008680848410911997
0.000868084841091191
0.0008680848410911896
0.0008680848410912053
0.0008680848410911928
0.0008680848410911902
0.0008680848410911782
0.0008680848410911998
0.0008680848410911995
0.0008680848410911845
0.0008680848410911787
0.000868084841091179
0.0008680848410911829
0.0008680848410911812
0.0008680848410911876
0.0008680848410911969
0.0008680848410911812
0.0008680848410911917
0.0008680848410911494
0.0008680848410911821
0.0008680848410911653
0.0008680848410911672
0.0008680848410911541
0.0008680848410911772
0.0008680848410911663
0.0008680848410911392
0.0006303744997617545
0.0006303744997617348
0.0006303744997617352
0.0006303744997617121
0.0006303744997617123
0.000630374499761724
0.0006303744997617211
0.0006303744997617253
0.0006303744997617453
0.0006303744997617369
0.0006303744997617453
0.0006303744997617288
0.0006303744997617104
0.000630374499761709
0.0006303744997617409
0.0006303744997617318
0.0006303744997617171
0.0006303744997617299
0.0006303744997617211
0.0006303744997617171
0.0006303744997617199
0.0006303744997617273
0.0006303744997617196
0.0006303744997617356
0.0006303744997617151
0.0006303744997617026
0.0006303744997617215
0.00063037449976174
0.0006303744997617329
0.0006303744997617339
0.0006303744997617361
0.0006303744997617288
0.0006303744997617201
0.0006303744997617309
0.0006303744997617519
0.0006303744997617402
0.0006303744997617499
0.0006303744997617465
0.0006303744997617527
0.0006303744997617424
0.000630374499761756
0.0006303744997617404
0.0006303744997617276
0.0006303744997617504
0.0006303744997617479
0.0006303744997617354
0.0006303744997617528
0.0006303744997617475
0.0006303744997617314
0.0006303744997617485
0.0006303744997617355
0.0006303744997617147
0.0006303744997617344
0.0006303744997617389
0.0006303744997617498
0.0006303744997617468
0.0006303744997617402
0.0006303744997617322
0.0006303744997617175
0.0006303744997617408
0.0006303744997617258
0.0006303744997617354
0.000630374499761728
0.0006303744997617349
0.0006303744997617341
0.0006303744997617122
0.0003631426205530989
0.0003631426205530892
0.0003631426205530826
0.0003631426205530743
0.0003631426205530681
0.0003631426205530759
0.0003631426205530698
0.0003631426205530773
0.0003631426205530933
0.0003631426205530736
0.0003631426205530749
0.0003631426205530862
0.0003631426205530543
0.0003631426205530679
0.0003631426205530751
0.000363142620553079
0.0003631426205530736
0.0003631426205530891
0.0003631426205530635
0.000363142620553057
0.0003631426205530765
0.000363142620553054
0.0003631426205530832
0.0003631426205530754
0.0003631426205530853
0.0003631426205530634
0.0003631426205530772
0.0003631426205530797
0.0003631426205530779
0.0003631426205530887
0.0003631426205530847
0.0003631426205530668
0.0003631426205530509
0.0003631426205530682
0.0003631426205530847
0.0003631426205530729
0.0003631426205530831
0.0003631426205530802
0.0003631426205530836
0.0003631426205530777
0.0003631426205530715
0.0003631426205530822
0.0003631426205530721
0.0003631426205530616
0.0003631426205530932
0.000363142620553075
0.0003631426205530581
0.0003631426205530818
0.0003631426205530889
0.0003631426205530822
0.0003631426205530837
0.0003631426205530661
0.0003631426205530733
0.0003631426205530677
0.0003631426205530889
0.0003631426205530779
0.0003631426205530719
0.0003631426205530686
0.0003631426205530685
0.0003631426205530862
0.0003631426205530544
0.0003631426205530692
0.0003631426205530641
0.0003631426205530656
0.000363142620553084
0.000363142620553061
0.0004840338370775234
0.0004840338370775147
0.0004840338370775235
0.0004840338370775151
0.0004840338370775068
0.0004840338370775405
0.0004840338370775537
0.0004840338370774975
0.000484033837077555
0.0004840338370775537
0.0004840338370775292
0.0004840338370775236
0.0004840338370775469
0.0004840338370775472
0.000484033837077515
0.0004840338370775526
0.000484033837077527
0.0004840338370775466
0.0004840338370775561
0.0004840338370775563
0.0004840338370775148
0.0004840338370775154
0.0004840338370775154
0.0004840338370775233
0.0004840338370775344
0.0004840338370775444
0.0004840338370775218
0.0004840338370775623
0.0004840338370775239
0.0004840338370775518
0.0004840338370775414
0.0004840338370775626
0.0004840338370775272
0.0004840338370775351
0.0004840338370775142
0.0004840338370775262
0.0004840338370775347
0.0004840338370775232
0.0004840338370775232
0.0004840338370775231
0.000484033837077507
0.0004840338370775235
0.0004840338370775345
0.0004840338370775118
0.0004840338370775124
0.000484033837077522
0.0004840338370775226
0.0004840338370774993
0.0004840338370775142
0.0004840338370775135
0.0004840338370775187
0.0004840338370775683
0.0004840338370775147
0.0004840338370775229
0.0004840338370775232
0.000484033837077531
0.0004840338370775452
0.0004840338370775452
0.0004840338370775145
0.0004840338370775142
0.0004840338370775545
0.0004840338370775258
0.0004840338370775427
0.0004840338370775302
0.0004840338370775155
0.0004840338370775239
)
;

boundaryField
{
    inlet
    {
        type            cyclic;
    }
    outlet
    {
        type            cyclic;
    }
    bottomWall
    {
        type            fixedValue;
        value           uniform 0.0015;
    }
    topWall
    {
        type            fixedValue;
        value           uniform 0.0015;
    }
    left
    {
        type            cyclic;
    }
    right
    {
        type            cyclic;
    }
}


// ************************************************************************* //
