/*--------------------------------*- C++ -*----------------------------------*\
| =========                 |                                                 |
| \\      /  F ield         | OpenFOAM: The Open Source CFD Toolbox           |
|  \\    /   O peration     | Version:  v1812                                 |
|   \\  /    A nd           | Web:      www.OpenFOAM.com                      |
|    \\/     M anipulation  |                                                 |
\*---------------------------------------------------------------------------*/
FoamFile
{
    version     2.0;
    format      ascii;
    class       volScalarField;
    location    "10000";
    object      p;
}
// * * * * * * * * * * * * * * * * * * * * * * * * * * * * * * * * * * * * * //

dimensions      [0 2 -2 0 0 0 0];


internalField   nonuniform List<scalar> 
2838
(
6.952968751663959e-17
7.070341332891833e-15
6.215027470393138e-15
4.538327115470392e-15
4.360895636897174e-15
4.031554139494018e-15
3.830770107595891e-15
3.896606522326119e-15
3.865107921220122e-15
4.095357918987597e-15
4.238766320929388e-15
4.293033978514754e-15
4.480550758501052e-15
4.369466242750448e-15
4.195467943704009e-15
4.315583649505726e-15
4.370971339886002e-15
4.162736037443033e-15
4.208889896116519e-15
4.180066748314833e-15
4.0101489554696e-15
4.151382330640666e-15
4.394104578184532e-15
4.260654832555151e-15
4.280484744069008e-15
4.316258627874168e-15
4.223831141159876e-15
4.257353440155024e-15
4.317460786972782e-15
4.19732516010322e-15
4.302659773958071e-15
4.431823193290671e-15
4.684771604230478e-15
4.740464644860202e-15
4.601752988626697e-15
4.550105310487418e-15
4.476928609881987e-15
4.544516106739051e-15
4.674188634951518e-15
4.658666380191215e-15
4.776388091087688e-15
4.868060947530816e-15
4.922369333274363e-15
4.706162208056062e-15
4.892915284308267e-15
4.846458674512807e-15
4.673191285508003e-15
4.709102768606438e-15
4.692608330641813e-15
4.693489428278979e-15
4.679308187293287e-15
4.50249613489786e-15
4.568822419680735e-15
4.567871849993708e-15
4.61663652304237e-15
4.367335175300085e-15
4.531840747255763e-15
4.262663374856915e-15
4.488343771841379e-15
4.179836375579756e-15
4.143626842952898e-15
3.710880002865676e-15
4.28379184099344e-15
3.193933857078916e-15
3.584826769832233e-15
1.243712510368565e-15
1.211067667748407e-16
7.049480968336793e-15
6.198856816560439e-15
4.5348921517318e-15
4.362857981283504e-15
4.033414592521708e-15
3.833474118077012e-15
3.896430998324155e-15
3.868170301146657e-15
4.095983583742315e-15
4.237980521869768e-15
4.291637320386241e-15
4.480948308726741e-15
4.372076205707442e-15
4.192138558220299e-15
4.315821850393968e-15
4.374271694396526e-15
4.163826088430546e-15
4.208291733727321e-15
4.177570345089974e-15
4.010937471421538e-15
4.156751929405678e-15
4.395583654716994e-15
4.256933387992802e-15
4.284012947026859e-15
4.315289435946318e-15
4.223752663460579e-15
4.256211857233595e-15
4.320391176918104e-15
4.199558753586715e-15
4.29889430716197e-15
4.436045239406993e-15
4.685802345824223e-15
4.734755812227661e-15
4.602113140030079e-15
4.557242671080161e-15
4.475458138287821e-15
4.538227752002215e-15
4.67267819766943e-15
4.664121071195384e-15
4.778067443793211e-15
4.868515663101656e-15
4.92283888917627e-15
4.705916961909759e-15
4.893657666276286e-15
4.84651658206021e-15
4.674523724746594e-15
4.707090895885173e-15
4.691711711876243e-15
4.695499517256728e-15
4.684337622986076e-15
4.502212199020373e-15
4.564917805378374e-15
4.563719642691674e-15
4.619717636246581e-15
4.36932503375192e-15
4.525399789227994e-15
4.267670936576831e-15
4.493996756958883e-15
4.175950887119489e-15
4.141800903076176e-15
3.711848694822337e-15
4.28362515866719e-15
3.196323491505935e-15
3.580958551990713e-15
1.260832722453416e-15
1.89103508273982e-16
7.009180008516177e-15
6.173614135192514e-15
4.531610378046775e-15
4.368108159619058e-15
4.035690622852548e-15
3.836594017267766e-15
3.896238811837665e-15
3.87112849029357e-15
4.098236183457383e-15
4.235495071741921e-15
4.287722436509293e-15
4.482637549559302e-15
4.375618824613667e-15
4.187979688008225e-15
4.31398222211965e-15
4.37539294701798e-15
4.166922540013748e-15
4.207548875844871e-15
4.177174853059489e-15
4.012481221053702e-15
4.161135855375826e-15
4.397029510813108e-15
4.256306971452309e-15
4.286347763570468e-15
4.314768685025444e-15
4.223531962035997e-15
4.257004819999846e-15
4.323595248495168e-15
4.200489056969405e-15
4.297518262731399e-15
4.439844966504438e-15
4.687426147198273e-15
4.733411635480973e-15
4.600540840613896e-15
4.558545226228298e-15
4.476225147476023e-15
4.536875296738922e-15
4.671745283016125e-15
4.665989783235396e-15
4.780209485871749e-15
4.868455804116857e-15
4.925437898652051e-15
4.705785714115304e-15
4.894218345677859e-15
4.847601934309164e-15
4.672794460275352e-15
4.703259928043637e-15
4.695800976291487e-15
4.697680882216598e-15
4.683997750550409e-15
4.501139418310906e-15
4.564186383963573e-15
4.560732877759694e-15
4.621299350008813e-15
4.370919890272223e-15
4.524645458617276e-15
4.269583817363204e-15
4.494931590849223e-15
4.169491807681454e-15
4.139468014086795e-15
3.714047390269376e-15
4.285933988229581e-15
3.200184667324639e-15
3.572057826198164e-15
1.301650870677938e-15
2.558646086873667e-16
6.952979897229215e-15
6.141863612672781e-15
4.527319124424519e-15
4.376328381920095e-15
4.039594979632631e-15
3.843181038540134e-15
3.89656954243817e-15
3.873512601231146e-15
4.102185469024434e-15
4.233066631101833e-15
4.282879135733428e-15
4.482541944140691e-15
4.379555914141274e-15
4.182461282839204e-15
4.312199259140283e-15
4.376437568886533e-15
4.170192763847146e-15
4.208570510326865e-15
4.177563115772966e-15
4.015106606521767e-15
4.165908170590537e-15
4.398575451439329e-15
4.256692051441538e-15
4.289775147766015e-15
4.31648350241043e-15
4.222612330506232e-15
4.257996619554537e-15
4.328642321066413e-15
4.19988861175035e-15
4.298377325870626e-15
4.444441988186995e-15
4.686984569364177e-15
4.733918644271578e-15
4.598485842228788e-15
4.560230902600765e-15
4.479134184272833e-15
4.535646942006562e-15
4.668881866667835e-15
4.667881375051319e-15
4.78301856329944e-15
4.870563348753818e-15
4.929780620628977e-15
4.706311682354163e-15
4.892550371655911e-15
4.849394448722462e-15
4.673531552263104e-15
4.699882320228813e-15
4.70008589912475e-15
4.700339964432668e-15
4.683771126158479e-15
4.498593351828203e-15
4.56090888724973e-15
4.560038478825889e-15
4.623168579645461e-15
4.373131147924467e-15
4.526518039963086e-15
4.269657225345253e-15
4.493704474634284e-15
4.160466154134415e-15
4.138444809805355e-15
3.719927762786433e-15
4.287416239382804e-15
3.202071209777154e-15
3.56697417706371e-15
1.361495651911393e-15
3.358295501072506e-16
6.879426402885296e-15
6.110203334115817e-15
4.517921686337356e-15
4.383027198381181e-15
4.039891537963158e-15
3.851461099021135e-15
3.899375430248018e-15
3.879314132096129e-15
4.103657660246878e-15
4.23059989880102e-15
4.276062883534561e-15
4.482752723435528e-15
4.38126212550704e-15
4.178107488266283e-15
4.307401223834913e-15
4.374823320871383e-15
4.175522360363918e-15
4.210813146377402e-15
4.173373459690466e-15
4.017518155376225e-15
4.173265440668508e-15
4.401928956912344e-15
4.259063485470216e-15
4.292690789514514e-15
4.319345286823726e-15
4.223452302630477e-15
4.259954365114383e-15
4.335162583622032e-15
4.198014350983635e-15
4.300599480752569e-15
4.451330367248183e-15
4.683127629512205e-15
4.736237627359083e-15
4.595736339457816e-15
4.563912787735716e-15
4.482346859293048e-15
4.531014353618004e-15
4.666230008482715e-15
4.670817107531247e-15
4.785164974051148e-15
4.873958705843237e-15
4.934709162706223e-15
4.7096616027387e-15
4.888943266827345e-15
4.847808335640884e-15
4.674942970353798e-15
4.698175856532541e-15
4.708373961104634e-15
4.700412253284806e-15
4.682564856287153e-15
4.496480989091057e-15
4.557220440240887e-15
4.558858377819993e-15
4.625748278703805e-15
4.375894196476833e-15
4.529170427631677e-15
4.268752841288802e-15
4.491505710169329e-15
4.148614091235814e-15
4.141134908872936e-15
3.727098226467618e-15
4.28599920841088e-15
3.208501791191811e-15
3.566502448035876e-15
1.436456591387415e-15
4.366432935333319e-16
6.779385599505685e-15
6.078060916884015e-15
4.487146894130372e-15
4.379699423456343e-15
4.033692562620839e-15
3.862944198603934e-15
3.90580876612152e-15
3.880277864896905e-15
4.106251130991489e-15
4.23019462020671e-15
4.27277075167491e-15
4.478505380403539e-15
4.383528001171613e-15
4.170016531725605e-15
4.299968362979388e-15
4.374367443528385e-15
4.180468093619539e-15
4.211033993893284e-15
4.169469733633296e-15
4.019311126537897e-15
4.184169284726238e-15
4.403245797772343e-15
4.265770507525839e-15
4.297180841005191e-15
4.322777648802106e-15
4.230764369166172e-15
4.260492490089538e-15
4.341178490356555e-15
4.197544725935733e-15
4.303642564377002e-15
4.464344208331825e-15
4.67618320305413e-15
4.734638181812242e-15
4.593422554694936e-15
4.567190172787382e-15
4.493333686146348e-15
4.526145179450595e-15
4.656274777383293e-15
4.67558917806144e-15
4.791642290913609e-15
4.876147369095194e-15
4.941950305059357e-15
4.720502054605837e-15
4.879228409342005e-15
4.842410694652386e-15
4.673386650008277e-15
4.70061627632143e-15
4.727127325769414e-15
4.693879436862605e-15
4.679777878036622e-15
4.490081717432306e-15
4.553567170156795e-15
4.55641277136978e-15
4.628584018893047e-15
4.381578093801478e-15
4.534557941016667e-15
4.271902531195589e-15
4.483647301398974e-15
4.13056572306161e-15
4.14574100516187e-15
3.741176376068648e-15
4.281760373505926e-15
3.228554360957862e-15
3.57572699752332e-15
1.550082955153264e-15
5.98569884413861e-16
6.635724221592334e-15
6.043220343569713e-15
4.41624534007573e-15
4.337009772474905e-15
4.017546105493497e-15
3.866756976485157e-15
3.918651458832927e-15
3.896163706340229e-15
4.098797720156002e-15
4.228089312479795e-15
4.27403753683282e-15
4.469089723394346e-15
4.379363925808228e-15
4.163304106878173e-15
4.288203859025114e-15
4.364885938502787e-15
4.192038754834687e-15
4.208999684625242e-15
4.162681406812389e-15
4.031167206814062e-15
4.191875262692205e-15
4.410080208839926e-15
4.275126996538031e-15
4.30100085435505e-15
4.32725407942657e-15
4.250096531680031e-15
4.258009745755662e-15
4.34684355155594e-15
4.202981677499849e-15
4.310108662190269e-15
4.484621852138485e-15
4.665686323748683e-15
4.732455316118968e-15
4.584768204042406e-15
4.573408078309692e-15
4.521225718617757e-15
4.513908524433979e-15
4.633807545930354e-15
4.666145061965904e-15
4.798135104015289e-15
4.889120429869774e-15
4.951812294103379e-15
4.737745871533362e-15
4.87164295915039e-15
4.831265721271126e-15
4.671577995721114e-15
4.703272224844019e-15
4.760488123940276e-15
4.692369244858548e-15
4.655388846948701e-15
4.483047213575086e-15
4.549102128266482e-15
4.551448583391743e-15
4.627039318435995e-15
4.391648028331976e-15
4.547035371382954e-15
4.284177122173586e-15
4.464874816871434e-15
4.106778432145926e-15
4.149347761625434e-15
3.757283607427546e-15
4.283023711158221e-15
3.283248598792029e-15
3.5892313685086e-15
1.734140395563198e-15
9.01759692560049e-16
6.467921884693272e-15
5.978085743523977e-15
4.316103047755411e-15
4.237896172688479e-15
3.943077100535274e-15
3.858066318876121e-15
3.94147521394286e-15
3.947884497168414e-15
4.082996071390517e-15
4.199292897834203e-15
4.276085020289953e-15
4.450288430172243e-15
4.370684012742294e-15
4.176936496666003e-15
4.258956042425317e-15
4.357181718518556e-15
4.212836994998466e-15
4.18778135316594e-15
4.153992031655903e-15
4.059112622244244e-15
4.178298169429129e-15
4.421131244411452e-15
4.290811103558959e-15
4.320775381380209e-15
4.330604945954869e-15
4.280270440800603e-15
4.248266884235767e-15
4.341706897856711e-15
4.218132393788215e-15
4.330511542886976e-15
4.527456151126027e-15
4.654777695569608e-15
4.704068075187556e-15
4.578410012679841e-15
4.569876954330073e-15
4.550783300346168e-15
4.49841135060423e-15
4.633117429923108e-15
4.64664687358907e-15
4.813562660062134e-15
4.897495550039174e-15
4.961283393992731e-15
4.779421414379473e-15
4.849758006711418e-15
4.815893089205781e-15
4.664534272574998e-15
4.700561610887017e-15
4.811124994837782e-15
4.692520710200002e-15
4.624041906185068e-15
4.466464008909579e-15
4.524048860109638e-15
4.545413045832654e-15
4.620603962713503e-15
4.4030306451514e-15
4.560345999364541e-15
4.30004752701228e-15
4.455553771831288e-15
4.084834837814909e-15
4.170542750218713e-15
3.780500834490491e-15
4.254356069042037e-15
3.385022554294386e-15
3.604214514071789e-15
2.00734317021964e-15
1.423040012649958e-15
6.289761288274273e-15
5.811328062550962e-15
4.182260237087556e-15
4.088907835689192e-15
3.839427155208049e-15
3.822726131389944e-15
3.950398694414037e-15
4.001343821954449e-15
4.085900066941606e-15
4.179226731070374e-15
4.267275332918223e-15
4.429088611745082e-15
4.350619475215901e-15
4.179634495050144e-15
4.245869993999266e-15
4.34794858870477e-15
4.23296972262668e-15
4.167219428282946e-15
4.148211312133397e-15
4.078725938692621e-15
4.184236162916756e-15
4.425633620195867e-15
4.322310844695028e-15
4.327318075680534e-15
4.331662094400341e-15
4.307394962242782e-15
4.264858900305434e-15
4.355349283546881e-15
4.27284368932913e-15
4.342088266424041e-15
4.525030371986883e-15
4.657927649764817e-15
4.708450127647339e-15
4.557605285029258e-15
4.543039503950521e-15
4.54633019429763e-15
4.522342618474149e-15
4.641375144478109e-15
4.644282634602477e-15
4.820085365022833e-15
4.910658475494503e-15
4.93338012340876e-15
4.837195935089512e-15
4.846380060737189e-15
4.778165495848613e-15
4.67385931582753e-15
4.67069269396305e-15
4.824567702199361e-15
4.730328608926245e-15
4.624213830255993e-15
4.44401607324846e-15
4.49989983398342e-15
4.504051920134569e-15
4.611328734621364e-15
4.469766726503753e-15
4.561020568803568e-15
4.251513132558419e-15
4.426668534673388e-15
4.111984777292846e-15
4.182643148872427e-15
3.792119448718129e-15
4.21827755586989e-15
3.521395908046608e-15
3.638268383389029e-15
2.380665535227004e-15
2.200451970007682e-15
6.037703922344302e-15
5.468233256786482e-15
4.053023193171745e-15
3.947374558241814e-15
3.695462222835924e-15
3.827947080587129e-15
3.949654586622731e-15
4.003305619072281e-15
4.077850295158741e-15
4.176629002386032e-15
4.269335052480116e-15
4.392054626931386e-15
4.32765483330425e-15
4.176909854993826e-15
4.238117936635202e-15
4.348670608845547e-15
4.25322799261301e-15
4.165913500227836e-15
4.140939390480085e-15
4.108692956743381e-15
4.218267776678721e-15
4.425504794680024e-15
4.325295659744584e-15
4.350427223924991e-15
4.353229490481688e-15
4.31682015786985e-15
4.266448700477705e-15
4.373617390782478e-15
4.340215878911036e-15
4.380861274882634e-15
4.47964979187422e-15
4.678224456556909e-15
4.727939603191078e-15
4.502105938951116e-15
4.523220461202028e-15
4.545519465684059e-15
4.562525620290424e-15
4.617793853385866e-15
4.656285913769505e-15
4.851391130063169e-15
4.916158206274088e-15
4.907127934984509e-15
4.885963323725944e-15
4.848627475529153e-15
4.719425505886076e-15
4.644534687867689e-15
4.666428509142735e-15
4.835915855334162e-15
4.737702673243548e-15
4.635294117282795e-15
4.44301880276477e-15
4.477827002623795e-15
4.445704631352183e-15
4.595522591127741e-15
4.519941361172254e-15
4.534463218553998e-15
4.239020461113312e-15
4.409211361650035e-15
4.113486605111851e-15
4.16389799225451e-15
3.82335189303928e-15
4.178757681238328e-15
3.687644380467874e-15
3.697420587951049e-15
2.858443832930511e-15
3.115456790617638e-15
5.75921763989077e-15
5.073152162817799e-15
3.91607822859284e-15
3.783812420320195e-15
3.586055842632284e-15
3.811936483735258e-15
3.920957683573883e-15
3.937053535133413e-15
4.073509410644649e-15
4.188603388728766e-15
4.252233292864988e-15
4.34853884850367e-15
4.336299931754625e-15
4.184986096586108e-15
4.225300648143865e-15
4.361766096539027e-15
4.262848222625023e-15
4.143205473120335e-15
4.135234876956765e-15
4.1540672565511e-15
4.245227000577408e-15
4.395292067222923e-15
4.363157846671639e-15
4.364903103767338e-15
4.361150968729678e-15
4.377886203624938e-15
4.257714928650304e-15
4.367374874221209e-15
4.413908895051395e-15
4.446732956236376e-15
4.478693888618197e-15
4.66166127328655e-15
4.687456654751713e-15
4.457091757905465e-15
4.509870539474955e-15
4.520399684969103e-15
4.601611890683631e-15
4.617184169358157e-15
4.680283240309975e-15
4.894707515413087e-15
4.907520311068644e-15
4.852727727684823e-15
4.899082020572956e-15
4.844176126479967e-15
4.693329066752303e-15
4.612375401474601e-15
4.673656957046919e-15
4.862569729075439e-15
4.704319802824259e-15
4.611895790704876e-15
4.440219476940128e-15
4.47489571505729e-15
4.443690502214162e-15
4.567956828045038e-15
4.521458566778996e-15
4.496770077933873e-15
4.252750567138564e-15
4.385383325146232e-15
4.120709519590165e-15
4.145223071015798e-15
3.840058774208039e-15
4.16765231808996e-15
3.842647655822264e-15
3.736931681037185e-15
3.412476899909776e-15
4.16870801076253e-15
5.502435167564879e-15
4.653329837630129e-15
3.700910887978468e-15
3.623220153774571e-15
3.509613497330919e-15
3.733609832447257e-15
3.853928970722172e-15
3.879857254729976e-15
4.032014851122468e-15
4.18477984021868e-15
4.275121783814737e-15
4.334558527884573e-15
4.340130836751018e-15
4.203892366796909e-15
4.203260948202979e-15
4.36013126408531e-15
4.290160633549969e-15
4.149876328505086e-15
4.116107717567507e-15
4.196970817869097e-15
4.290379811627191e-15
4.414001301052694e-15
4.35883037665552e-15
4.393960328162632e-15
4.38102094775846e-15
4.430466123790643e-15
4.264194698135621e-15
4.355469238397219e-15
4.459473376197171e-15
4.472379928422851e-15
4.528882039226832e-15
4.646010577518263e-15
4.645833731791849e-15
4.482721147842861e-15
4.462431108149642e-15
4.468468634980428e-15
4.624513280747357e-15
4.62644205681319e-15
4.730338175878621e-15
4.934618396885002e-15
4.902009403366645e-15
4.819571658027266e-15
4.833785482833602e-15
4.803573921165709e-15
4.74519963569051e-15
4.63207794039444e-15
4.626990865069864e-15
4.855417313781354e-15
4.661088550628683e-15
4.574630994823661e-15
4.45714545257307e-15
4.456482748328886e-15
4.441535921010572e-15
4.554866092381088e-15
4.521916972561658e-15
4.430777545409925e-15
4.251050515864742e-15
4.321744276008572e-15
4.163687197685689e-15
4.156740457706723e-15
3.869794461748045e-15
4.129003996801216e-15
4.00262951748158e-15
3.750342838732399e-15
4.014923402888004e-15
5.303776772395004e-15
5.262136012333946e-15
4.168753123328947e-15
3.509459607179258e-15
3.451258296590265e-15
3.396614497331832e-15
3.61234365849067e-15
3.795335049060871e-15
3.86354309811589e-15
3.990767037274934e-15
4.176042630801004e-15
4.330124099424412e-15
4.319973995320374e-15
4.302634115344355e-15
4.236307076838944e-15
4.203164161415628e-15
4.351231563942099e-15
4.368737131163993e-15
4.153824463303609e-15
4.107008580517868e-15
4.241037261523744e-15
4.302671026371725e-15
4.397994984198701e-15
4.409687209309427e-15
4.444161921270029e-15
4.409707507056646e-15
4.533119267553853e-15
4.231948631857611e-15
4.320077617069635e-15
4.492545591759953e-15
4.471282282286115e-15
4.541481913557905e-15
4.644448725968032e-15
4.626710295170524e-15
4.497087278572004e-15
4.427983058646532e-15
4.44701689763111e-15
4.624673356637951e-15
4.646239506572524e-15
4.782178294236969e-15
4.970954896148641e-15
4.884569087368768e-15
4.780715512738239e-15
4.785357941960381e-15
4.759655223330861e-15
4.779512441941625e-15
4.66813810324795e-15
4.584385027161778e-15
4.796330355530011e-15
4.636641167808539e-15
4.516462813468066e-15
4.507075889105215e-15
4.433771941704773e-15
4.401902691719145e-15
4.560513133727105e-15
4.472695500335108e-15
4.3605148169845e-15
4.292345389110015e-15
4.263942713127369e-15
4.183466926963326e-15
4.121154723877708e-15
3.930894051585316e-15
4.099252599790531e-15
4.139249506201803e-15
3.796464254225347e-15
4.613944447819146e-15
6.45169047407576e-15
4.998910107751633e-15
3.651026477764728e-15
3.290140815695768e-15
3.271025379050118e-15
3.267565506962315e-15
3.517644214834518e-15
3.764832035194952e-15
3.876852099572187e-15
3.966363808188112e-15
4.189271609759666e-15
4.351515570466938e-15
4.317122781900526e-15
4.266840709713683e-15
4.203500164379688e-15
4.214392301372764e-15
4.391429433419339e-15
4.424754948037533e-15
4.204047075887589e-15
4.140665283038754e-15
4.263992706200374e-15
4.314719157928172e-15
4.381160926609119e-15
4.479354677711532e-15
4.504431475058039e-15
4.425741193810219e-15
4.579945443745917e-15
4.220545830998807e-15
4.279444455504441e-15
4.474233359639464e-15
4.44067346155737e-15
4.567618613969104e-15
4.638713587267383e-15
4.627911777689831e-15
4.502694586152246e-15
4.410947279032325e-15
4.450729416754079e-15
4.589261934185571e-15
4.633338220402256e-15
4.836523667062387e-15
4.975974700877404e-15
4.880639118646036e-15
4.760734436858623e-15
4.738058894059889e-15
4.749521582506727e-15
4.757762607261341e-15
4.651723479204648e-15
4.569586999459129e-15
4.803777866678776e-15
4.63103953058106e-15
4.452796566764894e-15
4.462900354761886e-15
4.384198007579422e-15
4.376852850182137e-15
4.559666918036578e-15
4.44544300962204e-15
4.315380085572459e-15
4.280203040094696e-15
4.194315180488231e-15
4.227422381368687e-15
4.127796517391579e-15
3.942068383332108e-15
4.059420409922866e-15
4.261789295542785e-15
3.908193938135748e-15
5.258705005419669e-15
7.601954430040011e-15
4.749152883758213e-15
3.107203164540463e-15
3.114544194506615e-15
3.075978978377314e-15
3.179295852659666e-15
3.446160854003938e-15
3.733482527905459e-15
3.883333144627431e-15
3.988364677867788e-15
4.195671741932852e-15
4.374238626182249e-15
4.325226333981308e-15
4.236932463804077e-15
4.153156788877841e-15
4.22474197773436e-15
4.43209480367441e-15
4.466441818276861e-15
4.222815079516366e-15
4.18421771274781e-15
4.327046017116713e-15
4.356773608286193e-15
4.366642911874568e-15
4.51813357859138e-15
4.582042302168899e-15
4.428469786419349e-15
4.547158934013658e-15
4.25324827218993e-15
4.234880064459271e-15
4.39076250665758e-15
4.461205363579697e-15
4.614013514682994e-15
4.622539670278137e-15
4.587348139241985e-15
4.481501474302218e-15
4.43540217434822e-15
4.479362999541285e-15
4.546975562154353e-15
4.611811727046375e-15
4.794631250111076e-15
4.982375800307663e-15
4.886642354110617e-15
4.753852928940831e-15
4.750975703956767e-15
4.761080395822022e-15
4.762744528694668e-15
4.561137509584379e-15
4.542612868413938e-15
4.787883745018058e-15
4.642355165173995e-15
4.454349275400175e-15
4.438221558202017e-15
4.289722523826444e-15
4.31368313088543e-15
4.546554351902352e-15
4.44016626608503e-15
4.267740772260787e-15
4.261714427740259e-15
4.117777149680284e-15
4.284464158208278e-15
4.111757880008716e-15
3.989069366781428e-15
4.009346357241999e-15
4.392726178603487e-15
3.989168557274043e-15
5.902699238763149e-15
8.71057175887166e-15
4.53530259176529e-15
2.548251776186425e-15
2.924073652617285e-15
2.965096330198972e-15
3.121293366009887e-15
3.381101373295642e-15
3.699824075549313e-15
3.957118845318918e-15
4.034366334409673e-15
4.21321141128433e-15
4.359184190481032e-15
4.305939517440685e-15
4.278300403883307e-15
4.203604641167473e-15
4.231822493544678e-15
4.428575576452752e-15
4.487888275199867e-15
4.256984631184601e-15
4.236301157866137e-15
4.404484549362266e-15
4.359128362089733e-15
4.315390703601234e-15
4.514419840187731e-15
4.648826861049415e-15
4.43003283732786e-15
4.504351117777435e-15
4.305334412028791e-15
4.236162414292783e-15
4.321043310391854e-15
4.478522071318382e-15
4.605020832132314e-15
4.574707305822108e-15
4.555783093617675e-15
4.440859261501735e-15
4.457915145525623e-15
4.511791647632403e-15
4.5545693755196e-15
4.588617627266193e-15
4.70126184286538e-15
4.946894654200346e-15
4.873632102878106e-15
4.755062972655575e-15
4.77847575212803e-15
4.750260014278615e-15
4.737157516412383e-15
4.542387639358361e-15
4.469745143031843e-15
4.739557238203995e-15
4.642813305042172e-15
4.471694981133637e-15
4.436943172391934e-15
4.294697125704884e-15
4.259767304125136e-15
4.463496758243372e-15
4.451360690126961e-15
4.171095629322814e-15
4.257474249188814e-15
4.07010734087715e-15
4.287951245319929e-15
4.093976219783716e-15
4.031399551884569e-15
3.993010256240443e-15
4.524812483516653e-15
4.057599213637837e-15
6.520458015723847e-15
9.799502919593062e-15
4.313065123854702e-15
2.029347491429088e-15
2.809894727755559e-15
2.91439714129617e-15
3.075185480621172e-15
3.366044533767444e-15
3.695175912982489e-15
4.003410681663691e-15
4.078632555291013e-15
4.287478994005217e-15
4.351304589686793e-15
4.320345336500499e-15
4.31410983138185e-15
4.256819187375291e-15
4.256614785905062e-15
4.420375564989122e-15
4.46985715760689e-15
4.26319334463455e-15
4.320628374041608e-15
4.465966421288552e-15
4.326458425519869e-15
4.25370851263721e-15
4.495076483840679e-15
4.642648106318655e-15
4.475574396949392e-15
4.478800236170481e-15
4.294321070344452e-15
4.259606553232781e-15
4.321792862339512e-15
4.469348969913877e-15
4.549501468473352e-15
4.530650984202498e-15
4.58293623660221e-15
4.379473431490898e-15
4.443395059278829e-15
4.549368847639161e-15
4.576344719740313e-15
4.594222595526897e-15
4.613368211263628e-15
4.884645721821332e-15
4.830870912759941e-15
4.729333867176478e-15
4.754367309463667e-15
4.753186546703312e-15
4.693335345848697e-15
4.494022303190758e-15
4.396613102418722e-15
4.691950476149789e-15
4.63319844435281e-15
4.500364214693022e-15
4.426186357854559e-15
4.350050567266664e-15
4.259762846357383e-15
4.407654004817435e-15
4.436876410847452e-15
4.070300076871126e-15
4.243600812636305e-15
4.022378182565183e-15
4.288613745895413e-15
4.057200048044575e-15
4.071545569373833e-15
3.9542148940503e-15
4.632113698230442e-15
4.139153790501986e-15
7.110600330827461e-15
1.085321279385829e-14
4.117339857660406e-15
1.527104875156922e-15
2.805383039697462e-15
2.996923386336109e-15
3.120396615062254e-15
3.386965139245563e-15
3.684482073322441e-15
4.052732364564914e-15
4.110419779319758e-15
4.306677381102443e-15
4.411649741965953e-15
4.323201594257917e-15
4.291695816198999e-15
4.311901535513707e-15
4.241477120504668e-15
4.405171278626838e-15
4.460499528308572e-15
4.298690876795732e-15
4.377885873152987e-15
4.485946073060701e-15
4.303215480481651e-15
4.222477475845806e-15
4.419363599421881e-15
4.59745500605138e-15
4.490695676782398e-15
4.445480813381476e-15
4.265911213711107e-15
4.269389461846496e-15
4.309111698662092e-15
4.496106955435223e-15
4.491511506526455e-15
4.466726373368385e-15
4.568306692048524e-15
4.331758395583564e-15
4.415845183779226e-15
4.557868439435088e-15
4.586315876191503e-15
4.64519094416912e-15
4.591123665614875e-15
4.762086659744097e-15
4.77599945627104e-15
4.706247234773251e-15
4.738243100624782e-15
4.771796537911467e-15
4.633051143141163e-15
4.476594485487815e-15
4.334432475449783e-15
4.611284724561319e-15
4.577352301208281e-15
4.500314723383536e-15
4.45768909280527e-15
4.339067164760218e-15
4.257116295621533e-15
4.376627549654688e-15
4.447979382890049e-15
4.073192504151045e-15
4.194301248547598e-15
3.950941282989833e-15
4.299524266271997e-15
3.969971273982756e-15
4.059117931666987e-15
3.941792013826789e-15
4.759504550290217e-15
4.177227572186899e-15
7.668143047594894e-15
1.180129701287485e-14
3.987535243905396e-15
1.231559478014403e-15
2.942581390227271e-15
3.139654069388155e-15
3.139724883249257e-15
3.418612545102161e-15
3.714433714751446e-15
4.040423077356925e-15
4.148769638174496e-15
4.319400175982273e-15
4.398247379107549e-15
4.290497951453706e-15
4.26898626878081e-15
4.268543798897396e-15
4.266825304249101e-15
4.356009845804324e-15
4.481492813587431e-15
4.304989518964754e-15
4.38750198368484e-15
4.462785510667941e-15
4.314455383825644e-15
4.201926493492633e-15
4.342399110432797e-15
4.549439017733219e-15
4.471323362756844e-15
4.40340501459433e-15
4.258345573565171e-15
4.255573766362832e-15
4.297672045194534e-15
4.495717169590864e-15
4.464623636014327e-15
4.431205673544248e-15
4.548203173745754e-15
4.272604554727141e-15
4.358916763961738e-15
4.583999533117454e-15
4.586113642241881e-15
4.661807939271928e-15
4.612777648388601e-15
4.664381935782228e-15
4.667481966474296e-15
4.727017915513846e-15
4.751249344008739e-15
4.726667128564977e-15
4.590352587467969e-15
4.480313401261223e-15
4.296309078523846e-15
4.504350700203857e-15
4.514379086300192e-15
4.502584794278346e-15
4.515774931089607e-15
4.319543189245612e-15
4.252583964998778e-15
4.283511321955366e-15
4.429323958672936e-15
4.070184269312592e-15
4.162495409360711e-15
3.9442211048374e-15
4.288647010645107e-15
3.907846988562926e-15
4.05454459049602e-15
3.881582801265502e-15
4.86643474386588e-15
4.233026465983813e-15
8.163719307586434e-15
1.267830131810699e-14
4.051949292435065e-15
1.174632176772588e-15
3.129049715164035e-15
3.25626756697073e-15
3.053635457286565e-15
3.40454162480587e-15
3.766591947647703e-15
4.072443517224884e-15
4.187037654343401e-15
4.205881699713447e-15
4.354594597611288e-15
4.23030531666583e-15
4.224608553502086e-15
4.255767538849789e-15
4.267582140775143e-15
4.356972182616053e-15
4.410067641622034e-15
4.321188812622366e-15
4.383318722378168e-15
4.407082062397872e-15
4.329554495400891e-15
4.150947553923049e-15
4.290963787667558e-15
4.522850765201793e-15
4.423301205430129e-15
4.279347522988453e-15
4.241777260459165e-15
4.275176528318923e-15
4.267746774947715e-15
4.467255134162703e-15
4.442504372349636e-15
4.439171179360212e-15
4.560816578018279e-15
4.23862334957291e-15
4.299521030870293e-15
4.559981263856543e-15
4.592685980443935e-15
4.676290771984264e-15
4.636633120663012e-15
4.586574929807276e-15
4.614260238528154e-15
4.751657216253224e-15
4.705598272796744e-15
4.643813226702323e-15
4.579269422132654e-15
4.498495047802548e-15
4.289656527466487e-15
4.415809074103129e-15
4.492781777948074e-15
4.517847352519811e-15
4.52340940787129e-15
4.326820459480837e-15
4.222589816698842e-15
4.164452459094876e-15
4.379134268241472e-15
4.107595979812396e-15
4.176121836685836e-15
3.900668453994362e-15
4.327838206788828e-15
3.841905090077414e-15
4.046956069000264e-15
3.850237647418407e-15
4.959175870379333e-15
4.233464122373555e-15
8.614156143307401e-15
1.347827252693955e-14
4.345026746479699e-15
1.190871682125432e-15
3.191568104375882e-15
3.243408973280188e-15
2.989336875974929e-15
3.365009598285522e-15
3.749752809970109e-15
4.077871721407878e-15
4.198790076411686e-15
4.137103033472399e-15
4.304721209357594e-15
4.192501401395732e-15
4.111371293273972e-15
4.209343812226645e-15
4.286876119780666e-15
4.331186217321665e-15
4.390868132000777e-15
4.348883584028204e-15
4.361053921712809e-15
4.37468981498941e-15
4.286322400048836e-15
4.124688598875565e-15
4.260377877491963e-15
4.475179038210432e-15
4.376198098557797e-15
4.138133045378e-15
4.207493379117782e-15
4.310191763351915e-15
4.286899397927179e-15
4.484383913229098e-15
4.448595628772001e-15
4.442438049259826e-15
4.529055931334523e-15
4.232559557835847e-15
4.313306193839784e-15
4.511179051799818e-15
4.579314229044099e-15
4.700573193807895e-15
4.637461428510729e-15
4.507925710701377e-15
4.63840717142481e-15
4.796511710637457e-15
4.645819042165278e-15
4.568584868566466e-15
4.535648692147614e-15
4.497395687723518e-15
4.301734452336372e-15
4.362265190553354e-15
4.505091930564972e-15
4.587697633319812e-15
4.512782094926077e-15
4.303280577788475e-15
4.171503674645442e-15
4.099128475336957e-15
4.356420786440076e-15
4.121998812056163e-15
4.177248766973284e-15
3.904009226369961e-15
4.364250285768828e-15
3.849053884585702e-15
4.039143025919821e-15
3.819382692177101e-15
4.955614726883893e-15
4.259649459286353e-15
8.993989984292949e-15
1.406876529925928e-14
4.525877493935461e-15
1.141514096989325e-15
3.183110219931418e-15
3.156022570009146e-15
2.997085805469815e-15
3.330705636474742e-15
3.673452196656704e-15
4.10445357825548e-15
4.208646694750652e-15
4.163458992400875e-15
4.247201627047261e-15
4.165601935655247e-15
4.045377035097499e-15
4.128065401800307e-15
4.30137728275446e-15
4.356808799548312e-15
4.403879084488725e-15
4.401809999837525e-15
4.379810726251975e-15
4.33249299231908e-15
4.234443774828676e-15
4.125691473297532e-15
4.254316664856583e-15
4.440630415281766e-15
4.295790769124399e-15
4.090750979055763e-15
4.211224328737844e-15
4.349475064706066e-15
4.308085384976793e-15
4.486324809837789e-15
4.432430121329626e-15
4.414740618820785e-15
4.512855292706697e-15
4.227470881512285e-15
4.341483812478915e-15
4.500478252562051e-15
4.577299097321209e-15
4.706315504418594e-15
4.683142318303676e-15
4.464190820702725e-15
4.652411482799214e-15
4.770562580581291e-15
4.594182782192773e-15
4.534644781164621e-15
4.55417045164245e-15
4.42212015977321e-15
4.343598008974085e-15
4.391683228069338e-15
4.475005256363864e-15
4.618747747471497e-15
4.543851750069572e-15
4.296139983354245e-15
4.18057524995595e-15
4.071234947549843e-15
4.301121641175238e-15
4.145907392022299e-15
4.209657156109857e-15
3.895616997106057e-15
4.352195999647848e-15
3.877068135305464e-15
4.02811290428391e-15
3.806528026024973e-15
4.965043745447311e-15
4.252642073018661e-15
9.322916036991285e-15
1.364092441407871e-14
4.410399650713057e-15
1.288220937844459e-15
3.327126719335869e-15
3.234748854853422e-15
3.079996999304939e-15
3.418061218816487e-15
3.717871848777428e-15
4.186119484553629e-15
4.264095301656493e-15
4.197742668019452e-15
4.258220449789306e-15
4.14779400324124e-15
4.084475659294237e-15
4.188494257133264e-15
4.315214332127989e-15
4.350261954242833e-15
4.429683264535514e-15
4.424837100697874e-15
4.393294805483242e-15
4.293250946676878e-15
4.245046025108235e-15
4.198879941385133e-15
4.278602039603015e-15
4.417912397553193e-15
4.301100349459564e-15
4.142914443274462e-15
4.229404213629972e-15
4.340842628605273e-15
4.329264495097796e-15
4.468987809350019e-15
4.407643857714496e-15
4.40053588127246e-15
4.514829482821599e-15
4.280435729432145e-15
4.363240390057848e-15
4.553063769420696e-15
4.543203774265604e-15
4.678433648540926e-15
4.718420239902602e-15
4.473959675263198e-15
4.648208566052995e-15
4.75903772892732e-15
4.539728709154591e-15
4.511900185198577e-15
4.579020666837602e-15
4.423755282272631e-15
4.369960272385424e-15
4.389808371605299e-15
4.497236512155983e-15
4.621670855565705e-15
4.556238473925142e-15
4.340659455710509e-15
4.175437100981493e-15
4.06138038020448e-15
4.285355607221005e-15
4.148495556768482e-15
4.275615865081794e-15
3.897048469776486e-15
4.29479490994315e-15
3.934063362061578e-15
4.046595975589459e-15
3.780511497359866e-15
4.889456930802345e-15
4.318388930236728e-15
9.154442880147873e-15
1.29886031842294e-14
4.209560138262139e-15
1.386796302847742e-15
3.388116510483975e-15
3.248049336489467e-15
3.165579473130066e-15
3.478991533846426e-15
3.803157534934071e-15
4.281883865711702e-15
4.300921593408069e-15
4.244878022650555e-15
4.22890708189879e-15
4.126771666941164e-15
4.145318573269802e-15
4.27176233723305e-15
4.382732784208063e-15
4.379844210256827e-15
4.422511456462026e-15
4.430394155969583e-15
4.357972956017217e-15
4.32603643885017e-15
4.291567796047018e-15
4.265313330193091e-15
4.31834937001257e-15
4.45150642570194e-15
4.358911297513016e-15
4.185745024116104e-15
4.281351875610853e-15
4.379457427664419e-15
4.36166063637835e-15
4.455388530644125e-15
4.375551737326328e-15
4.390917733590204e-15
4.566025626993427e-15
4.309875278956715e-15
4.379474153656088e-15
4.594103526637175e-15
4.52160635987459e-15
4.6630169450464e-15
4.716448823414958e-15
4.511410240929416e-15
4.686750318125727e-15
4.729553582701498e-15
4.491052556533384e-15
4.501325956979716e-15
4.576722627310387e-15
4.468864545387258e-15
4.439750355116159e-15
4.399739029254324e-15
4.49941215697058e-15
4.667123289272334e-15
4.555136672992948e-15
4.390479414040626e-15
4.145558920966454e-15
4.056300308560902e-15
4.296791460892686e-15
4.201840586522559e-15
4.320676303930823e-15
3.874370175302445e-15
4.251784024710201e-15
3.978598936596798e-15
4.086444468122066e-15
3.778414909006029e-15
4.832523560249853e-15
4.346639154995119e-15
8.905710563001094e-15
1.223067873407108e-14
4.181093939533873e-15
1.532868651886301e-15
3.350146142584267e-15
3.245711587578901e-15
3.234491447760398e-15
3.539502645786713e-15
3.850721641781797e-15
4.328798993732397e-15
4.293336014185442e-15
4.246458563997424e-15
4.210658928414341e-15
4.123833024508058e-15
4.178517165279768e-15
4.278292865449785e-15
4.429026373300625e-15
4.465188903473719e-15
4.473963491232633e-15
4.42558285196966e-15
4.297357487804554e-15
4.316274263474179e-15
4.318349738654695e-15
4.350694052567919e-15
4.406900178700164e-15
4.495764520340295e-15
4.411521451962162e-15
4.246398451914743e-15
4.333965866367122e-15
4.406422431288512e-15
4.36474069620707e-15
4.466523921209734e-15
4.355576094596673e-15
4.433812472547736e-15
4.606359876984335e-15
4.350126522828395e-15
4.389969943914388e-15
4.613222635791983e-15
4.547850614684369e-15
4.660863869864631e-15
4.685103081908317e-15
4.53836201965542e-15
4.753480068176576e-15
4.728003965511574e-15
4.504514220789171e-15
4.465050628425106e-15
4.543431578830777e-15
4.507021616006652e-15
4.506788654334983e-15
4.450384168271283e-15
4.503327989918118e-15
4.682605484008832e-15
4.537056945013305e-15
4.476100224437949e-15
4.15621948768492e-15
4.063393476741086e-15
4.340770498400002e-15
4.253268223710948e-15
4.32798330251499e-15
3.849409885092503e-15
4.219188729369025e-15
4.016870338575782e-15
4.071840955372199e-15
3.839771446497817e-15
4.81796167869539e-15
4.388599314380614e-15
8.585669455935771e-15
1.135762453574608e-14
4.307926389732662e-15
1.811919946940347e-15
3.337431330823944e-15
3.286331021449274e-15
3.30923179324512e-15
3.589453823939257e-15
3.899465750941518e-15
4.362983228538888e-15
4.24944629894555e-15
4.198510066598216e-15
4.195068039364054e-15
4.155613745368131e-15
4.196219774794349e-15
4.260181213959359e-15
4.387596398472064e-15
4.483965916216296e-15
4.509193820842847e-15
4.435095025198249e-15
4.256089766017583e-15
4.323655595300619e-15
4.392331988257715e-15
4.421568720401851e-15
4.418689006552295e-15
4.491045945157339e-15
4.506008201853694e-15
4.26471957855212e-15
4.392151499691886e-15
4.42990612914569e-15
4.357105575115427e-15
4.521419410093075e-15
4.367247369495962e-15
4.417956253196263e-15
4.603164936533812e-15
4.383412178374231e-15
4.479983487856722e-15
4.65436343227502e-15
4.58505492257652e-15
4.673272581056907e-15
4.652131837458394e-15
4.563272497428482e-15
4.794105752876055e-15
4.745167947237154e-15
4.507466338127165e-15
4.42895103061029e-15
4.534977228692124e-15
4.550664956942688e-15
4.554492055293127e-15
4.495240828477921e-15
4.531957285952431e-15
4.686388811650822e-15
4.521602640552817e-15
4.516376163580755e-15
4.227492359194165e-15
4.106418613106132e-15
4.367929434898153e-15
4.304128379873485e-15
4.296214236582324e-15
3.848511542201356e-15
4.167563098873655e-15
4.044421033664392e-15
4.086196312053294e-15
3.941343058406372e-15
4.817077910624605e-15
4.44063936975482e-15
8.132701982023375e-15
1.044328195875278e-14
4.578240418831076e-15
2.205111624275677e-15
3.386744980759233e-15
3.395193785471579e-15
3.389814160916335e-15
3.637788712912977e-15
3.943915988472222e-15
4.333289432852438e-15
4.242230972914368e-15
4.133165748059057e-15
4.131141953634059e-15
4.22043453207932e-15
4.240571871825261e-15
4.249874176570922e-15
4.284613451008373e-15
4.396513034765667e-15
4.481038886881381e-15
4.418439541605893e-15
4.300567170387448e-15
4.350601512655078e-15
4.451853543562272e-15
4.487444935172952e-15
4.336090512872996e-15
4.526190994981136e-15
4.594866100112056e-15
4.286863597222555e-15
4.381778904951715e-15
4.442609390802209e-15
4.356321681056797e-15
4.500708176462454e-15
4.420991817539171e-15
4.463108291245147e-15
4.583252590241266e-15
4.429582434854895e-15
4.527155771837232e-15
4.703322262399392e-15
4.611198586525827e-15
4.690597053991139e-15
4.68301785279979e-15
4.60879078704657e-15
4.783832274402188e-15
4.776475940295193e-15
4.531251596056737e-15
4.35825804293439e-15
4.551905442438308e-15
4.620486338406098e-15
4.568630907258288e-15
4.535644745108106e-15
4.546484325620092e-15
4.701195720224639e-15
4.547117788880565e-15
4.559150664025219e-15
4.269828049500032e-15
4.157963496847794e-15
4.453112401127342e-15
4.338465419497352e-15
4.234379030868756e-15
3.858348452545397e-15
4.16298807541856e-15
4.08357387092232e-15
4.073831895792551e-15
4.015743651177531e-15
4.811151654504215e-15
4.490190236479951e-15
7.629825264747672e-15
9.505892894401732e-15
4.835747303359125e-15
2.701250495660399e-15
3.576641896023673e-15
3.509522350752162e-15
3.457105509587338e-15
3.752383020092397e-15
3.997053075911813e-15
4.253647952183658e-15
4.252933685894886e-15
4.10666450361308e-15
4.042011447757567e-15
4.29689344272938e-15
4.276148420953034e-15
4.184467396788638e-15
4.202975197279591e-15
4.334366602770921e-15
4.38547070494274e-15
4.361889918629444e-15
4.37957964757629e-15
4.358196243445628e-15
4.481889886451823e-15
4.551783742351027e-15
4.269500239153888e-15
4.538991431368829e-15
4.647428842442624e-15
4.313430873840343e-15
4.302281988629449e-15
4.484700277743702e-15
4.396588519279142e-15
4.460802089730471e-15
4.456445454692817e-15
4.519988554802874e-15
4.58611143861716e-15
4.45136559957106e-15
4.557218555719803e-15
4.696397950119307e-15
4.657298643359096e-15
4.758802798658512e-15
4.731464952480388e-15
4.595936582885301e-15
4.722404734521341e-15
4.804056072039468e-15
4.597432618123392e-15
4.360050013953264e-15
4.569701391695316e-15
4.679629016216088e-15
4.584575423836556e-15
4.541493056968127e-15
4.551729109873292e-15
4.698010044292735e-15
4.556067732009871e-15
4.594955376691951e-15
4.330702198246267e-15
4.254619326574302e-15
4.494299827655535e-15
4.379908149971081e-15
4.197962735967114e-15
3.928107621823587e-15
4.166998088653829e-15
4.105396710308155e-15
4.027991843998581e-15
4.073109746886273e-15
4.787153017719652e-15
4.494085297581043e-15
7.150830834551453e-15
8.508098837292148e-15
5.167127298346619e-15
3.283438884537688e-15
3.796869009526972e-15
3.666997553387273e-15
3.556592152493702e-15
3.872937770704063e-15
4.084779083268574e-15
4.183840009185067e-15
4.275455102678021e-15
4.063521246880225e-15
3.942955095781365e-15
4.315268688498558e-15
4.311737019063657e-15
4.125773043635999e-15
4.154035116432423e-15
4.274815300942859e-15
4.251404624828808e-15
4.393376374557462e-15
4.440049562903938e-15
4.335583143672848e-15
4.438966811873108e-15
4.58035074278865e-15
4.259591868061891e-15
4.50713189865882e-15
4.670793794150624e-15
4.320149143850593e-15
4.244911574904751e-15
4.496919114714923e-15
4.431449990414317e-15
4.42026835315728e-15
4.542837073252001e-15
4.576938184614268e-15
4.537959109401843e-15
4.491929084962265e-15
4.573645296475336e-15
4.669764310158378e-15
4.697404074488754e-15
4.797942881956581e-15
4.718700358108411e-15
4.62311223370318e-15
4.683811773038648e-15
4.79225755889966e-15
4.650610898607944e-15
4.420889223490544e-15
4.623734371278725e-15
4.727116222211415e-15
4.617666372874514e-15
4.56282257355354e-15
4.521910738133404e-15
4.651786912343808e-15
4.571130180338964e-15
4.583033705315006e-15
4.405138418153546e-15
4.36813934218782e-15
4.520035287991298e-15
4.397503787267981e-15
4.145095120461887e-15
4.04361539070172e-15
4.204254252299657e-15
4.098563483684755e-15
4.004584361839235e-15
4.120507855221987e-15
4.75019421742808e-15
4.491991798339003e-15
6.609559803993294e-15
7.432197073840727e-15
5.542254488376429e-15
3.961945746219617e-15
3.949579138945632e-15
3.843028935070003e-15
3.742373116236394e-15
3.987579034980969e-15
4.186643841240879e-15
4.17865351003179e-15
4.272216620638228e-15
4.078988248075112e-15
3.896996729533255e-15
4.276041493528509e-15
4.303309984780107e-15
4.068947592621021e-15
4.126082968293944e-15
4.244317737702181e-15
4.181177925998996e-15
4.35425460672873e-15
4.443339989650688e-15
4.316376157901794e-15
4.410970066154432e-15
4.581100052418551e-15
4.303683907497424e-15
4.488268999846331e-15
4.640273837726732e-15
4.330139742533897e-15
4.20051486691261e-15
4.448786416818579e-15
4.445530778622858e-15
4.447301503537243e-15
4.61631829740474e-15
4.611231479414123e-15
4.510235233572631e-15
4.518522676213509e-15
4.607071274600544e-15
4.643310624437004e-15
4.710114232206318e-15
4.79989616781847e-15
4.726483846627491e-15
4.643433147698462e-15
4.669470725441132e-15
4.7811529616729e-15
4.639981251970916e-15
4.493759788142748e-15
4.644209097556244e-15
4.740594018804269e-15
4.683496968667759e-15
4.59121431486714e-15
4.490151830639346e-15
4.646923667381249e-15
4.574347363204097e-15
4.564778414002091e-15
4.471524447481218e-15
4.428329869296579e-15
4.489149054722615e-15
4.44266090076797e-15
4.171272981416131e-15
4.142254219632058e-15
4.185009875091821e-15
4.103942896494096e-15
4.013214424238367e-15
4.161632169981602e-15
4.654039437366914e-15
4.503299476747996e-15
6.050582261219406e-15
6.35144912076462e-15
5.89777390923428e-15
4.611737739689359e-15
4.148050756629825e-15
4.040329135815646e-15
3.921368583457253e-15
4.101455965886331e-15
4.331227299785676e-15
4.235055571891838e-15
4.250044817603105e-15
4.127760921353042e-15
3.909831427531052e-15
4.207723332103849e-15
4.297444849326116e-15
4.026997264982066e-15
4.05179704260194e-15
4.273111805638931e-15
4.143388190559881e-15
4.250477857817899e-15
4.39457551062629e-15
4.341300140110705e-15
4.417776044933359e-15
4.543201167457444e-15
4.315301426934114e-15
4.511527624948766e-15
4.594121358252807e-15
4.330524099098876e-15
4.181300124067089e-15
4.374389791754347e-15
4.46187654372953e-15
4.462161780410114e-15
4.677143128924448e-15
4.671002122058452e-15
4.531510900975433e-15
4.510887163458976e-15
4.563233726920321e-15
4.631643388701753e-15
4.757764873070838e-15
4.820243975206902e-15
4.736890353816397e-15
4.642758518174176e-15
4.631492670140902e-15
4.761264866915439e-15
4.606334702857008e-15
4.570745231828239e-15
4.67379890075451e-15
4.756317807852443e-15
4.758552919013428e-15
4.620910934660567e-15
4.478806460851068e-15
4.596423584166823e-15
4.547722548251323e-15
4.575017287682983e-15
4.499304788502498e-15
4.527060846889033e-15
4.452841580613476e-15
4.43025113678319e-15
4.178663374141083e-15
4.294259745778819e-15
4.190685507868601e-15
4.110226925321103e-15
3.994438440122317e-15
4.240520858454894e-15
4.523630629113294e-15
4.480987156072e-15
5.497013545589386e-15
5.269731328590297e-15
6.284851338961622e-15
5.213772527752016e-15
4.365643168271969e-15
4.275065972595225e-15
4.107520791998212e-15
4.244517265128986e-15
4.45586835610059e-15
4.243447091741673e-15
4.229286116690143e-15
4.181140521962088e-15
3.96733584953941e-15
4.130746385755752e-15
4.298716901515842e-15
3.992598959412783e-15
3.99148699333757e-15
4.299629984824228e-15
4.118212464451036e-15
4.145977159478509e-15
4.369575206053147e-15
4.327363640897447e-15
4.394961277899419e-15
4.549409417666389e-15
4.338045382042614e-15
4.513379407002764e-15
4.499733842767462e-15
4.331935181229262e-15
4.231017411214561e-15
4.342685676118071e-15
4.448937915265135e-15
4.478711410763454e-15
4.687231111423748e-15
4.715764282508891e-15
4.530086785671407e-15
4.515563858579832e-15
4.550420400231652e-15
4.603824357486959e-15
4.739767801153133e-15
4.845399346524271e-15
4.788078769858227e-15
4.697166297546432e-15
4.583043203994892e-15
4.734913440841309e-15
4.560276042856286e-15
4.610288358717624e-15
4.70741287135004e-15
4.785332966232546e-15
4.783817710367766e-15
4.660716065813439e-15
4.478494900860614e-15
4.562688158313973e-15
4.520455254745141e-15
4.588862165731755e-15
4.500125862204478e-15
4.560854315037e-15
4.441600662421432e-15
4.457151971782045e-15
4.242002019006414e-15
4.398998331499504e-15
4.146300385771834e-15
4.155998245252463e-15
4.00701646167872e-15
4.290738379735015e-15
4.385366853494241e-15
4.474423587418263e-15
4.921066262810974e-15
4.249706162203168e-15
6.633282782879546e-15
5.759110142826372e-15
4.565613946261523e-15
4.527836127641589e-15
4.311330174191662e-15
4.397567375754564e-15
4.580191125938115e-15
4.169379739930572e-15
4.211669087334903e-15
4.222762310696237e-15
3.996020446092905e-15
4.075086220629378e-15
4.34412353425954e-15
3.984371503877614e-15
3.957479687874923e-15
4.323115382003672e-15
4.084425391176979e-15
4.102677128259235e-15
4.391011815199623e-15
4.322817374710837e-15
4.333946370423271e-15
4.507711413455491e-15
4.3833895494951e-15
4.513323286283202e-15
4.401193234033847e-15
4.254781239193625e-15
4.30475637838918e-15
4.356149599783703e-15
4.451611937648317e-15
4.486278011454963e-15
4.699677858744923e-15
4.705529656150623e-15
4.567767504697089e-15
4.461919720097587e-15
4.55812345727642e-15
4.602308584111504e-15
4.681320371833194e-15
4.837675333967496e-15
4.830852746148829e-15
4.750368721861896e-15
4.592792785006583e-15
4.712372649749597e-15
4.534591615422912e-15
4.611954994949598e-15
4.732171739436377e-15
4.78095733959604e-15
4.773912815860217e-15
4.683249446514021e-15
4.4969640698178e-15
4.613287674200389e-15
4.520352388434504e-15
4.589407159556279e-15
4.50036194089382e-15
4.517731766887229e-15
4.413521665950876e-15
4.533848032593955e-15
4.29382841682515e-15
4.491838659881873e-15
4.095841075643567e-15
4.178922870706006e-15
3.998116672107965e-15
4.331372336875709e-15
4.265591999704103e-15
4.507174835698301e-15
4.397823395280559e-15
3.347600532348505e-15
6.958103777607872e-15
6.244111285612255e-15
4.804983121812382e-15
4.78354389981259e-15
4.489057072861876e-15
4.557668418178664e-15
4.564985060430609e-15
4.134901760437071e-15
4.239301075707525e-15
4.231539347762044e-15
4.006770592137644e-15
4.089152296237127e-15
4.348239322733214e-15
3.999321496527902e-15
3.958793786689546e-15
4.324308343252424e-15
4.031700762437016e-15
4.107722919495456e-15
4.39920172004555e-15
4.334229240726238e-15
4.328726672574607e-15
4.454209751879495e-15
4.382357541064027e-15
4.54865648103163e-15
4.285551021834723e-15
4.202892601361035e-15
4.34819405203971e-15
4.378761885726846e-15
4.411479976577429e-15
4.461233974821418e-15
4.765049393221473e-15
4.758510158569546e-15
4.546724623105865e-15
4.426862719806596e-15
4.557038655109722e-15
4.577783717166069e-15
4.696918446661226e-15
4.847099736420159e-15
4.784089224587981e-15
4.777011537399764e-15
4.614014231989391e-15
4.714626672318026e-15
4.50332810411237e-15
4.643281633669789e-15
4.735307594619272e-15
4.775762341624635e-15
4.719886360856891e-15
4.71667953062988e-15
4.531264409474775e-15
4.668211394750165e-15
4.55182387447033e-15
4.574235851605909e-15
4.456960991342467e-15
4.465946922259967e-15
4.37681979315023e-15
4.596935725139513e-15
4.333193284783977e-15
4.59218310293448e-15
4.064699111382102e-15
4.229114145356143e-15
3.963541172367576e-15
4.368595939927921e-15
4.173919983571562e-15
4.503931505182039e-15
3.920850623981658e-15
2.622451146741662e-15
7.261988694839949e-15
6.598616324872521e-15
5.054887988625986e-15
5.086528363792973e-15
4.621412279399061e-15
4.683187632100066e-15
4.499042025761778e-15
4.102147560511001e-15
4.328040967095879e-15
4.151051030775576e-15
4.008856750326854e-15
4.167948655037796e-15
4.279738181319789e-15
4.040278950461712e-15
4.021067479367016e-15
4.265590915582462e-15
4.019253878504148e-15
4.135737389270069e-15
4.355765263461753e-15
4.378692366262033e-15
4.312687517046909e-15
4.380397974699018e-15
4.43743514945469e-15
4.600658678616153e-15
4.216316200742065e-15
4.180177809492637e-15
4.292520727697813e-15
4.392932722864119e-15
4.389129971568922e-15
4.468222794536509e-15
4.831872090273439e-15
4.769689876890612e-15
4.492901476028367e-15
4.462568806552488e-15
4.555898866798727e-15
4.531295182839335e-15
4.679073121658926e-15
4.834705206854472e-15
4.731994232361252e-15
4.816429500300731e-15
4.626455937953882e-15
4.703015181649033e-15
4.49483578827404e-15
4.637620042780783e-15
4.772726143371448e-15
4.733355281020676e-15
4.690343053538529e-15
4.768637448369517e-15
4.570455119562907e-15
4.70551464418935e-15
4.570458527293456e-15
4.520809297703775e-15
4.405252487989485e-15
4.455393819097177e-15
4.370216958907611e-15
4.675539155931641e-15
4.339457851227023e-15
4.656988489327066e-15
4.048941664251502e-15
4.282970247066906e-15
3.914139667445753e-15
4.385232647216111e-15
4.050176355612889e-15
4.559072869016423e-15
3.478869980942062e-15
2.115526731330812e-15
7.540520278887472e-15
6.806472164951378e-15
5.294348168763699e-15
5.303316340545276e-15
4.746219245803703e-15
4.805591245854834e-15
4.463021527542374e-15
4.032791046046353e-15
4.382996190554411e-15
4.062857573639521e-15
4.039456796919382e-15
4.242460455913759e-15
4.225845205233853e-15
4.09518159671632e-15
4.074113540106123e-15
4.204096954085847e-15
3.982699230737986e-15
4.1451764672328e-15
4.316037057311824e-15
4.389873949091931e-15
4.327876513024559e-15
4.32371553969138e-15
4.502083784562288e-15
4.669369223682124e-15
4.215134283761535e-15
4.058859161294096e-15
4.229676376257093e-15
4.403765053120853e-15
4.403573139313651e-15
4.425850894678097e-15
4.916502693481672e-15
4.805631926965463e-15
4.414780931917533e-15
4.511814924871778e-15
4.606939112638735e-15
4.508489098379331e-15
4.674762509304015e-15
4.737739239713171e-15
4.737537619826358e-15
4.82063310148482e-15
4.627376232528182e-15
4.740563051303921e-15
4.45754674452971e-15
4.652747710329269e-15
4.750797656633035e-15
4.687247757018074e-15
4.692472896448319e-15
4.776979702658841e-15
4.580693300241354e-15
4.805218531172134e-15
4.618829177939729e-15
4.387613126073415e-15
4.343156630186709e-15
4.436854593100669e-15
4.399263914749367e-15
4.737119250086844e-15
4.341628275478894e-15
4.724610440982202e-15
4.082452475046527e-15
4.312088773050205e-15
3.820405092747658e-15
4.383247067985241e-15
3.97777556018182e-15
4.603957601888354e-15
3.116241210847855e-15
1.837890306555876e-15
7.832902245681308e-15
6.856613131850934e-15
5.466742030243146e-15
5.43166609187491e-15
4.836377813199374e-15
4.932232563367698e-15
4.404629246667437e-15
3.975178521726299e-15
4.415329562705916e-15
4.004140046244059e-15
4.03533285465557e-15
4.319367311683279e-15
4.223327136784214e-15
4.11297127790306e-15
4.118240509648886e-15
4.170481389153994e-15
3.953377404761875e-15
4.12396244627556e-15
4.302261885779714e-15
4.406659189149043e-15
4.310106401894674e-15
4.289788988518527e-15
4.523924764636381e-15
4.738593577015352e-15
4.240574346068396e-15
3.957427631962346e-15
4.171700566689276e-15
4.425958377098824e-15
4.411956001896954e-15
4.425118086915914e-15
4.97819280767282e-15
4.80268484034603e-15
4.320706819872169e-15
4.55290126124882e-15
4.649832559782616e-15
4.452006868974744e-15
4.683855594005918e-15
4.666814598657979e-15
4.744095710586083e-15
4.82334724995375e-15
4.650140694676422e-15
4.784621230546865e-15
4.437151122024711e-15
4.664542499631334e-15
4.706663786774743e-15
4.673800992014857e-15
4.654576052508092e-15
4.789638639366854e-15
4.614389385373017e-15
4.884911629114278e-15
4.660885995773534e-15
4.297861178273199e-15
4.286447647476785e-15
4.377621621649471e-15
4.43530731150334e-15
4.801089461491466e-15
4.337620278051627e-15
4.772920341060745e-15
4.086524904890643e-15
4.320366157563336e-15
3.763931292792607e-15
4.35791026314947e-15
3.95101407443961e-15
4.628375259307099e-15
2.82993814472219e-15
1.751151117533777e-15
8.042662593140966e-15
6.862554929682087e-15
5.578226971308744e-15
5.495212299237067e-15
4.891276909941356e-15
5.000079075840489e-15
4.3761676518071e-15
3.91033834006041e-15
4.432695589790791e-15
3.971176556032956e-15
4.024514543999028e-15
4.37202528191131e-15
4.217582622791035e-15
4.124746908489313e-15
4.141934253516595e-15
4.169850067033069e-15
3.920376834908546e-15
4.118781933994024e-15
4.290052987722218e-15
4.413370601713198e-15
4.292932617168716e-15
4.279270207019468e-15
4.547909898136637e-15
4.771095609313352e-15
4.237052187205556e-15
3.881259691232298e-15
4.155767064918028e-15
4.441297786451658e-15
4.39016326226287e-15
4.450925733042276e-15
5.045970143601373e-15
4.786204178414414e-15
4.247536503594252e-15
4.591316431662835e-15
4.67758253594851e-15
4.417375177748874e-15
4.671412920007343e-15
4.611069740270441e-15
4.756845983639141e-15
4.839840462441362e-15
4.667696539500742e-15
4.824444080073375e-15
4.422704605653307e-15
4.660748116073633e-15
4.692216402527496e-15
4.631766596519149e-15
4.614235876855465e-15
4.814415988565926e-15
4.626793346916008e-15
4.964586366177139e-15
4.682077338109689e-15
4.221673679257567e-15
4.257439708782853e-15
4.343058945894537e-15
4.452413170132007e-15
4.868379166413228e-15
4.345256984693266e-15
4.806373385782179e-15
4.06794932867691e-15
4.296205810383261e-15
3.70929863282127e-15
4.387944345918492e-15
3.939543920110909e-15
4.623378393835842e-15
2.62563073753167e-15
1.739484491271003e-15
8.16333535193756e-15
6.860021255032823e-15
5.649123388995058e-15
5.511195687898565e-15
4.922102990700331e-15
5.021413300926387e-15
4.36008505506747e-15
3.879720714126879e-15
4.445652227690925e-15
3.946296941521876e-15
4.02024888925414e-15
4.417386367087845e-15
4.220115335234784e-15
4.12420769789506e-15
4.148608490880569e-15
4.167077200048369e-15
3.895212368970015e-15
4.126499653442502e-15
4.277214945560818e-15
4.429041600779403e-15
4.278717809879677e-15
4.267984664484798e-15
4.56969176523988e-15
4.786135361796897e-15
4.229139274164484e-15
3.838734495073351e-15
4.14525060812844e-15
4.460866530297248e-15
4.374920973486063e-15
4.456356947616292e-15
5.088380652367682e-15
4.783542316096393e-15
4.221808677496872e-15
4.606632196096205e-15
4.673307316723727e-15
4.398883476439041e-15
4.667925200061065e-15
4.581911102493497e-15
4.768902893704091e-15
4.842858282901405e-15
4.666890371968149e-15
4.840237924786623e-15
4.41625592190054e-15
4.6599651439584e-15
4.676149159805122e-15
4.610522499091442e-15
4.598432619971729e-15
4.828244189912575e-15
4.634878201904117e-15
4.99700750100727e-15
4.691580844685975e-15
4.189683706463311e-15
4.237318302072207e-15
4.336082297590153e-15
4.469739579083025e-15
4.882338442717631e-15
4.342167271494972e-15
4.847491678970702e-15
4.06529488385491e-15
4.282593526656718e-15
3.663840785694523e-15
4.398294190359129e-15
3.940196327798814e-15
4.605052142747049e-15
2.517638443623766e-15
1.763890189858478e-15
8.216325530490772e-15
6.868378611064397e-15
5.690728036863657e-15
5.500406820125523e-15
4.962098808905074e-15
5.027168817267949e-15
4.338121127043011e-15
3.853657358127121e-15
4.453280055192949e-15
3.944443713767075e-15
4.020220702823752e-15
4.430954143166794e-15
4.214718448196111e-15
4.119956207654053e-15
4.15215526464569e-15
4.180640473727262e-15
3.871775715288601e-15
4.135253444906539e-15
4.276633121303144e-15
4.435265475213676e-15
4.272300855124837e-15
4.266887656633792e-15
4.576823214905882e-15
4.79491128438858e-15
4.225297049464664e-15
3.812275179077292e-15
4.142606782560429e-15
4.463095949299114e-15
4.363648269030818e-15
4.467078757917691e-15
5.107549165844557e-15
4.779982373848125e-15
4.196528492079421e-15
4.619799573080494e-15
4.681554168618763e-15
4.379596451154267e-15
4.662563981969489e-15
4.564953882227194e-15
4.786962381710996e-15
4.847699965011582e-15
4.662456328524367e-15
4.847636615481625e-15
4.417709511981812e-15
4.665095352365763e-15
4.659291361254586e-15
4.60290615152484e-15
4.592499234641598e-15
4.832803508470947e-15
4.646086611102854e-15
5.015742506822662e-15
4.698082935381677e-15
4.166096259201668e-15
4.219061116208975e-15
4.333137903904972e-15
4.47937649194345e-15
4.900047468897617e-15
4.352301304231078e-15
4.849292767537628e-15
4.054743096001419e-15
4.283924708919984e-15
3.629329637913983e-15
4.409082200412695e-15
3.955776384884963e-15
4.579135966469332e-15
2.452327653804442e-15
1.81035224592398e-15
8.231816815656637e-15
6.890631720635184e-15
5.7167976504388e-15
5.49594245734405e-15
4.966803233267472e-15
5.039869180279477e-15
4.326220747489462e-15
3.831651960972324e-15
4.472625217956186e-15
3.917664716321985e-15
4.039085404176019e-15
4.451810707652316e-15
4.201415205781175e-15
4.116023041511701e-15
4.158153657418845e-15
4.199770514127562e-15
3.843659237540503e-15
4.142947025148597e-15
4.267590517046543e-15
4.424900541970304e-15
4.272894093468976e-15
4.272904922495715e-15
4.596415804525992e-15
4.801674033467662e-15
4.209546756478193e-15
3.776145051587981e-15
4.156089322974321e-15
4.468557671948907e-15
4.353907993948944e-15
4.483281263042348e-15
5.121586694034721e-15
4.780719775757755e-15
4.168983308076199e-15
4.61227500003945e-15
4.70145677492278e-15
4.351149071842587e-15
4.667830053327369e-15
4.546364494354255e-15
4.798689743830335e-15
4.849349138860936e-15
4.67407749880343e-15
4.863390213584208e-15
4.387837248055935e-15
4.666493992824099e-15
4.645800578347963e-15
4.599769133372527e-15
4.610774455430416e-15
4.824648094371711e-15
4.645526392484805e-15
5.049319964459598e-15
4.69664890600985e-15
4.147626049258229e-15
4.193361078696916e-15
4.340729272072114e-15
4.491141439126749e-15
4.918084910096858e-15
4.357830551522412e-15
4.826566602662491e-15
4.068796324676164e-15
4.281691576568868e-15
3.592379047211381e-15
4.429754828462043e-15
3.971237232008584e-15
4.54608335483828e-15
2.408116161223743e-15
1.822134823804605e-15
8.249950526319849e-15
6.907340099668542e-15
5.742867419849497e-15
5.473954968517799e-15
4.957409006498749e-15
5.060015674994936e-15
4.3049156068926e-15
3.81888054169636e-15
4.498003095465337e-15
3.906588000321846e-15
4.04175103270345e-15
4.469771780713741e-15
4.197958359027681e-15
4.107739737362955e-15
4.15860504910528e-15
4.190169521169377e-15
3.831541121710835e-15
4.160303814356292e-15
4.267874434664305e-15
4.43958651239974e-15
4.267737981919625e-15
4.252625938818076e-15
4.59673377468269e-15
4.81374416374574e-15
4.20596349567433e-15
3.753659359796494e-15
4.157257313791051e-15
4.467245172718861e-15
4.341558481180643e-15
4.496599438047694e-15
5.16074744975082e-15
4.793883619733815e-15
4.139277269473238e-15
4.611470036215001e-15
4.698533878318191e-15
4.335732231252312e-15
4.658359285356382e-15
4.54449206480993e-15
4.827525659065471e-15
4.845088134666689e-15
4.664519403869421e-15
4.882099511425735e-15
4.378314780369405e-15
4.650681850985434e-15
4.656125976249132e-15
4.600475908937092e-15
4.592978885667563e-15
4.823194474630096e-15
4.650622874612443e-15
5.057807658655717e-15
4.709158691800056e-15
4.142630913684272e-15
4.17286471577243e-15
4.332455873075872e-15
4.512967432592924e-15
4.929476127219652e-15
4.361783378316666e-15
4.814207358695859e-15
4.062247064598028e-15
4.295351070070873e-15
3.578037303834422e-15
4.432998325874309e-15
3.980793307353553e-15
4.525735584814495e-15
2.386901702097046e-15
1.844616708088845e-15
8.271877200272669e-15
6.910985991044643e-15
5.785669088857678e-15
5.41519130606362e-15
4.867103249292878e-15
5.143271626734528e-15
4.299795444231452e-15
3.721453014109403e-15
4.525932331992496e-15
3.962182226530932e-15
4.016941493302254e-15
4.422962919401173e-15
4.249795720042929e-15
4.110447449803938e-15
4.148108164595926e-15
4.184356216026508e-15
3.776986533987703e-15
4.127365248246221e-15
4.341961004910477e-15
4.528188877382389e-15
4.269002954475098e-15
4.238203609516309e-15
4.581949571980645e-15
4.775365296198873e-15
4.206627416177581e-15
3.727120843990516e-15
4.14816564886756e-15
4.497449835536887e-15
4.309771282725702e-15
4.477802289745872e-15
5.198518894784236e-15
4.831838686039773e-15
4.149232766789212e-15
4.645080107005077e-15
4.652584823546679e-15
4.331374377875033e-15
4.666522402662658e-15
4.559398461900966e-15
4.862679025102584e-15
4.838606326458933e-15
4.625874091876664e-15
4.900578202831577e-15
4.421441630730787e-15
4.630608864460126e-15
4.630188557499875e-15
4.629814699079289e-15
4.614879343313787e-15
4.803916457577097e-15
4.665293406034237e-15
4.963440629481998e-15
4.675648352423164e-15
4.215309450195876e-15
4.172659803559209e-15
4.320590663733321e-15
4.497238311243976e-15
4.889977084500203e-15
4.394985867368746e-15
4.883881491058917e-15
3.988561420901974e-15
4.267414049423171e-15
3.598126192347194e-15
4.410941723236316e-15
4.031524755916826e-15
4.539899416671314e-15
2.370114682191782e-15
)
;

boundaryField
{
    inlet
    {
        type            cyclic;
    }
    outlet
    {
        type            cyclic;
    }
    bottomWall
    {
        type            zeroGradient;
    }
    topWall
    {
        type            zeroGradient;
    }
    left
    {
        type            cyclic;
    }
    right
    {
        type            cyclic;
    }
}


// ************************************************************************* //
