/*--------------------------------*- C++ -*----------------------------------*\
| =========                 |                                                 |
| \\      /  F ield         | OpenFOAM: The Open Source CFD Toolbox           |
|  \\    /   O peration     | Version:  v1812                                 |
|   \\  /    A nd           | Web:      www.OpenFOAM.com                      |
|    \\/     M anipulation  |                                                 |
\*---------------------------------------------------------------------------*/
FoamFile
{
    version     2.0;
    format      ascii;
    class       volScalarField;
    location    "20000";
    object      nut;
}
// * * * * * * * * * * * * * * * * * * * * * * * * * * * * * * * * * * * * * //

dimensions      [0 2 -1 0 0 0 0];


internalField   nonuniform List<scalar> 
3770
(
0.0001428336055435529
0.0001428336055416803
0.0001428336055417811
0.0001428336055441735
0.0001428336055423983
0.0001428336055425004
0.0001428336055427701
0.0001428336055437488
0.0001428336055424697
0.0001428336055390397
0.0001428336055435535
0.0001428336055414523
0.0001428336055415924
0.0001428336055434938
0.000142833605541879
0.0001428336055415801
0.0001428336055421667
0.0001428336055392997
0.000142833605545651
0.0001428336055434818
0.0001428336055416183
0.0001428336055412345
0.0001428336055431517
0.0001428336055381768
0.0001428336055447299
0.0001428336055435371
0.0001428336055416089
0.0001428336055422679
0.0001428336055432713
0.0001428336055413899
0.0001428336055420753
0.0001428336055432094
0.00014283360554181
0.0001428336055408704
0.0001428336055434853
0.0001428336055414436
0.0001428336055421348
0.0001428336055432609
0.0001428336055416908
0.0001428336055411672
0.0001428336055433259
0.0001428336055413165
0.0001428336055419834
0.0001428336055430236
0.0001428336055414232
0.0001428336055422357
0.0001428336055429896
0.0001428336055382926
0.0001428336055442705
0.0001428336055435581
0.0001428336055410669
0.0001428336055406916
0.0001428336055423035
0.0001428336055387515
0.0001428336055420044
0.0001428336055395227
0.0001428336055377295
0.0001428336055385508
2.355497184382018e-05
2.355497189022723e-05
2.355497181768694e-05
2.355497181920642e-05
2.355497191200707e-05
2.355497189175248e-05
2.35549718709589e-05
2.355497183420358e-05
2.355497182468634e-05
2.355497185321688e-05
2.355497184573096e-05
2.355497189009004e-05
2.355497180745728e-05
2.355497180926929e-05
2.3554971881955e-05
2.355497184337634e-05
2.355497182309166e-05
2.355497187258406e-05
2.355497182901277e-05
2.355497181560457e-05
2.355497188082591e-05
2.355497179765285e-05
2.355497182436092e-05
2.355497187824327e-05
2.355497182427279e-05
2.355497181212114e-05
2.355497187404667e-05
2.3554971821962e-05
2.355497183878547e-05
2.355497188708267e-05
2.355497180269361e-05
2.35549718170139e-05
2.355497189553098e-05
2.355497180173703e-05
2.355497182213348e-05
2.355497188153649e-05
2.355497179801392e-05
2.355497181448174e-05
2.355497188078663e-05
2.355497179721867e-05
2.35549718229642e-05
2.355497188323074e-05
2.355497180353725e-05
2.355497181590117e-05
2.355497187465128e-05
2.355497181626704e-05
2.355497183524516e-05
2.355497188233519e-05
2.355497182922042e-05
2.355497182091459e-05
2.355497188709546e-05
2.355497181980589e-05
2.355497183700221e-05
2.355497189367488e-05
2.355497186101541e-05
2.35549718656956e-05
2.35549719354346e-05
2.355497184007683e-05
8.872868598818593e-05
8.872868649383902e-05
8.87286857117784e-05
8.872868578693167e-05
8.872868678571511e-05
8.872868634543592e-05
8.872868617798891e-05
8.872868592005011e-05
8.872868581601038e-05
8.872868624304363e-05
8.872868618260742e-05
8.872868650922415e-05
8.872868561763554e-05
8.872868571644684e-05
8.872868650823121e-05
8.872868596740745e-05
8.872868572382361e-05
8.872868640709183e-05
8.87286858992219e-05
8.872868566807221e-05
8.872868659466423e-05
8.872868558158369e-05
8.872868585279939e-05
8.87286864460873e-05
8.872868583339363e-05
8.872868564211785e-05
8.872868652109177e-05
8.872868574594185e-05
8.872868587357234e-05
8.872868651939562e-05
8.872868558799589e-05
8.87286857785295e-05
8.872868658929866e-05
8.872868555684643e-05
8.872868583474015e-05
8.872868649808571e-05
8.872868555046195e-05
8.872868577169192e-05
8.872868655367586e-05
8.87286855444766e-05
8.872868583743224e-05
8.872868649085866e-05
8.872868561575888e-05
8.872868578556069e-05
8.872868652818464e-05
8.872868567295332e-05
8.872868583871296e-05
8.872868648233319e-05
8.872868587015881e-05
8.872868569705027e-05
8.872868657842102e-05
8.872868579991682e-05
8.872868596111462e-05
8.87286866302317e-05
8.87286861484327e-05
8.872868604922419e-05
8.872868692744553e-05
8.872868595886029e-05
0.00022392333459276
0.0002239233363221959
0.0002239233338721332
0.0002239233344249219
0.0002239233372136792
0.0002239233360118927
0.0002239233348149298
0.0002239233343957367
0.0002239233345527085
0.0002239233356594379
0.0002239233353626156
0.0002239233363063992
0.0002239233335311902
0.0002239233340729021
0.0002239233361956449
0.0002239233344391792
0.0002239233339660905
0.0002239233360980766
0.000223923334227548
0.0002239233339398595
0.0002239233363183007
0.0002239233337702964
0.0002239233342731468
0.0002239233361962365
0.0002239233340098308
0.0002239233339001174
0.0002239233362106508
0.0002239233339511431
0.0002239233343150244
0.0002239233363014733
0.0002239233335442823
0.0002239233341902354
0.0002239233363554015
0.0002239233335780932
0.0002239233342325062
0.0002239233362406056
0.0002239233334428701
0.0002239233341615463
0.0002239233362683568
0.0002239233335526746
0.0002239233342435402
0.0002239233361666659
0.0002239233338154031
0.0002239233342085646
0.0002239233361979762
0.0002239233340720545
0.0002239233342946661
0.0002239233363289184
0.0002239233341807716
0.0002239233340494715
0.0002239233363121141
0.0002239233347136082
0.0002239233345982241
0.0002239233366733183
0.0002239233348992885
0.0002239233348363469
0.000223923337022449
0.0002239233349174026
0.0003820203035083308
0.0003820203061643639
0.0003820203023788213
0.000382020303315172
0.0003820203076648516
0.0003820203051166183
0.0003820203032445689
0.000382020302715141
0.0003820203025979264
0.0003820203050870467
0.0003820203046559709
0.0003820203060001681
0.0003820203017262505
0.0003820203025917542
0.0003820203058261469
0.0003820203027371554
0.0003820203025102237
0.0003820203057782537
0.0003820203025775467
0.0003820203024869029
0.0003820203057825831
0.0003820203026267257
0.0003820203027599536
0.0003820203058740696
0.0003820203023204001
0.000382020302487562
0.0003820203058656773
0.0003820203021955324
0.0003820203028356478
0.000382020305965418
0.0003820203018913493
0.0003820203027105365
0.0003820203059665865
0.0003820203019169324
0.000382020302718348
0.0003820203058819971
0.000382020301714218
0.0003820203026451556
0.0003820203058112469
0.0003820203020006137
0.0003820203027352064
0.0003820203056723604
0.0003820203026439355
0.0003820203027425626
0.0003820203057572307
0.0003820203028197477
0.0003820203028764146
0.000382020306161178
0.0003820203025077498
0.0003820203027440293
0.0003820203060698931
0.0003820203031922881
0.00038202030319113
0.0003820203065887025
0.0003820203035170165
0.0003820203037588424
0.0003820203069810117
0.0003820203036254696
0.0005409091171960672
0.0005409091205142728
0.0005409091158115961
0.0005409091168374729
0.0005409091221609412
0.0005409091186714344
0.0005409091169604779
0.0005409091154631598
0.0005409091155409985
0.0005409091191999627
0.0005409091181713817
0.0005409091200933331
0.0005409091149007481
0.000540909115839852
0.0005409091199388797
0.0005409091155315897
0.0005409091159263201
0.0005409091199660614
0.000540909115542548
0.0005409091159195405
0.0005409091198478508
0.0005409091158510394
0.0005409091160028879
0.0005409091199702439
0.0005409091155440943
0.000540909115939769
0.0005409091200327249
0.0005409091151889883
0.0005409091160282975
0.0005409091200221668
0.0005409091152557603
0.0005409091159013419
0.0005409091199544108
0.0005409091152202371
0.0005409091158851089
0.0005409091199559222
0.0005409091150249627
0.0005409091157986898
0.0005409091196714535
0.0005409091158302207
0.0005409091159468951
0.0005409091197144649
0.000540909116104735
0.0005409091159737924
0.0005409091197810157
0.0005409091163693382
0.0005409091161487266
0.0005409091204305111
0.0005409091155277778
0.0005409091162518973
0.0005409091203017541
0.0005409091162565731
0.0005409091166866044
0.0005409091208322359
0.0005409091166034979
0.0005409091173261268
0.0005409091212309809
0.000540909117017402
0.0006929701828189855
0.0006929701866545381
0.0006929701813842274
0.0006929701821627967
0.0006929701878806285
0.0006929701845666993
0.0006929701836114738
0.0006929701800562915
0.0006929701806249095
0.0006929701850609952
0.0006929701837772842
0.0006929701858825032
0.0006929701802480814
0.0006929701810233091
0.0006929701858324662
0.0006929701802110119
0.0006929701813591108
0.0006929701859190442
0.000692970180423824
0.0006929701813713521
0.0006929701858329302
0.000692970180653282
0.0006929701814022247
0.000692970185826067
0.0006929701807832214
0.0006929701813916983
0.000692970185879758
0.0006929701805307565
0.0006929701811392203
0.0006929701858011633
0.000692970180668472
0.0006929701810312151
0.0006929701856597705
0.0006929701806089226
0.0006929701809967046
0.0006929701857607548
0.0006929701804857998
0.0006929701808806048
0.00069297018532926
0.0006929701817677321
0.0006929701811215373
0.0006929701856387882
0.0006929701811644861
0.0006929701811207949
0.0006929701855879062
0.0006929701818505425
0.0006929701813221753
0.0006929701863780175
0.0006929701805555621
0.0006929701816886866
0.0006929701861463814
0.0006929701814675494
0.000692970182098909
0.000692970186636719
0.0006929701817992175
0.0006929701827467113
0.0006929701870766032
0.0006929701824636137
0.0008382010456432287
0.0008382010500073029
0.0008382010445144945
0.0008382010447524657
0.00083820105072155
0.0008382010473683921
0.0008382010466325161
0.0008382010424068985
0.0008382010431901476
0.0008382010481330795
0.0008382010468564515
0.0008382010488009187
0.0008382010430451642
0.0008382010434855447
0.0008382010488369282
0.0008382010425171611
0.0008382010441085646
0.0008382010489718527
0.0008382010427387244
0.0008382010440977544
0.0008382010488005
0.0008382010433603742
0.0008382010440529382
0.0008382010488830268
0.0008382010433227538
0.0008382010441831459
0.0008382010489024507
0.0008382010432473074
0.0008382010435803794
0.0008382010489533373
0.0008382010429826458
0.0008382010438890939
0.000838201048690634
0.0008382010431255046
0.0008382010438113461
0.0008382010487546577
0.000838201043211784
0.0008382010433380026
0.0008382010482854899
0.0008382010447221429
0.0008382010435972617
0.0008382010488022856
0.000838201043436174
0.0008382010435230507
0.0008382010486083715
0.0008382010446676526
0.0008382010437570204
0.0008382010494470487
0.0008382010429023768
0.0008382010443865281
0.0008382010489917836
0.0008382010443516686
0.0008382010446851865
0.0008382010495436551
0.0008382010444350614
0.0008382010453831319
0.0008382010499293135
0.0008382010455245506
0.0009803324260938128
0.0009803324314745991
0.0009803324262292745
0.0009803324255025227
0.0009803324314025456
0.0009803324283524679
0.0009803324277996414
0.0009803324231477809
0.0009803324241073553
0.0009803324294338914
0.0009803324283914647
0.0009803324298692602
0.0009803324239641012
0.0009803324241251777
0.0009803324299456481
0.0009803324232913568
0.0009803324250417089
0.0009803324298985111
0.0009803324240716951
0.000980332424909204
0.000980332429555942
0.0009803324255285492
0.0009803324243368051
0.0009803324301302597
0.0009803324239911597
0.0009803324252378822
0.0009803324300772041
0.0009803324241569897
0.0009803324242921689
0.0009803324304525783
0.0009803324230749943
0.0009803324250560062
0.0009803324302114194
0.0009803324230321668
0.0009803324249059526
0.0009803324302215947
0.0009803324233084254
0.0009803324246332834
0.0009803324294503934
0.000980332425669116
0.0009803324242344232
0.0009803324299629851
0.0009803324244009219
0.0009803324241158748
0.0009803324297681499
0.0009803324257515675
0.0009803324243912626
0.0009803324306467806
0.0009803324234017184
0.00098033242532449
0.0009803324300604696
0.0009803324249980912
0.000980332424857159
0.0009803324306613735
0.0009803324249913743
0.0009803324262104888
0.0009803324309193995
0.0009803324266037172
0.001125248867777836
0.00112524887376551
0.001125248869090676
0.001125248867080802
0.001125248872332423
0.001125248871292247
0.001125248871224014
0.001125248865364912
0.001125248866015067
0.001125248871802782
0.001125248871017452
0.001125248871841264
0.001125248865735726
0.00112524886566928
0.001125248871809861
0.001125248865717797
0.001125248866832989
0.001125248871986424
0.001125248865883853
0.001125248865897125
0.001125248871660477
0.001125248867258745
0.00112524886584774
0.001125248872393995
0.001125248865385978
0.001125248867328114
0.001125248872192453
0.001125248866053193
0.001125248865981644
0.001125248872795004
0.001125248864254794
0.001125248867195019
0.001125248872485392
0.001125248864264119
0.001125248867004265
0.001125248872620775
0.001125248864345078
0.001125248866790922
0.001125248871601769
0.001125248867376645
0.001125248865758485
0.001125248871865823
0.001125248866782951
0.001125248865815326
0.001125248871897038
0.001125248867497261
0.001125248866147926
0.001125248872820053
0.001125248864660227
0.001125248867305008
0.001125248872175394
0.00112524886624537
0.00112524886626464
0.001125248872794679
0.001125248866054227
0.001125248868045944
0.001125248872921631
0.001125248868246919
0.001280441095644367
0.001280441103023788
0.001280441094116794
0.001280441095158175
0.001280441099516662
0.001280441099065349
0.001280441099601776
0.001280441093703986
0.001280441092903924
0.001280441100325441
0.00128044109907138
0.001280441099562571
0.001280441093649871
0.001280441093162604
0.001280441099630838
0.001280441094644322
0.001280441093461609
0.001280441100130355
0.001280441093802279
0.001280441093330876
0.001280441099823495
0.001280441094765345
0.001280441093426021
0.001280441100669975
0.001280441092547224
0.001280441095496681
0.001280441100291128
0.001280441094113145
0.001280441093567367
0.001280441100976425
0.001280441091587953
0.001280441095280085
0.001280441100548507
0.001280441091794668
0.001280441094934594
0.001280441100903589
0.001280441091287111
0.001280441094964457
0.001280441099798782
0.001280441094906215
0.001280441093264831
0.00128044110012277
0.001280441093608026
0.001280441094953226
0.001280441100690493
0.001280441092486097
0.001280441095213747
0.001280441100966246
0.001280441091712738
0.001280441095334063
0.001280441100141127
0.001280441093973403
0.001280441093672176
0.00128044110090063
0.00128044109278956
0.00128044109591139
0.00128044110077666
0.001280441096359024
0.001454897778806819
0.001454897786279455
0.001454897779018262
0.001454897777350501
0.001454897782295589
0.001454897781846917
0.001454897783137314
0.001454897777619829
0.001454897776474673
0.001454897784333258
0.001454897781897292
0.001454897782194153
0.001454897777564602
0.001454897776297624
0.001454897783317084
0.001454897777728379
0.001454897776448844
0.001454897783679146
0.001454897777532774
0.001454897776528133
0.001454897783450211
0.001454897777850399
0.001454897776588565
0.001454897784474926
0.001454897775225277
0.001454897779331345
0.001454897783950753
0.001454897778076683
0.001454897776632736
0.001454897784369298
0.001454897775303273
0.001454897778721599
0.001454897783583262
0.001454897777277098
0.001454897776696067
0.001454897784597989
0.001454897773883489
0.001454897778863602
0.001454897783455776
0.001454897778023401
0.001454897776327952
0.001454897783768341
0.001454897776774269
0.00145489777871575
0.001454897784458623
0.001454897774417856
0.001454897779188301
0.001454897784576737
0.001454897774384137
0.00145489777901986
0.001454897783626549
0.001454897777702099
0.001454897776589568
0.001454897784432171
0.001454897775253896
0.001454897779460852
0.001454897784271893
0.001454897779706785
0.00165993371173013
0.00165993371916277
0.001659933712361161
0.00165993371399429
0.001659933715421697
0.001659933714335869
0.00165993371736235
0.001659933708320108
0.001659933712550524
0.001659933718048744
0.001659933713117452
0.001659933713713634
0.001659933711689271
0.001659933709191812
0.00165993371651989
0.001659933711158783
0.00165993370979718
0.001659933716904169
0.001659933711412036
0.00165993370998166
0.001659933716658159
0.001659933711311779
0.001659933709978407
0.001659933717713146
0.001659933709198692
0.001659933713034598
0.00165993371735202
0.001659933712416903
0.001659933709818739
0.001659933717154638
0.001659933711279557
0.001659933710320535
0.001659933716918256
0.001659933711899242
0.001659933709651953
0.00165993371784248
0.001659933707401082
0.001659933712555325
0.001659933716624606
0.001659933711491754
0.001659933709726677
0.00165993371676339
0.00165993371220557
0.001659933709925108
0.00165993371756021
0.00165993370756826
0.001659933712605176
0.001659933717483841
0.001659933708635649
0.001659933712625755
0.001659933716882299
0.001659933711831609
0.001659933709597719
0.001659933717272702
0.001659933709491587
0.001659933712942702
0.001659933717477785
0.001659933713021967
0.001913904431465434
0.0019139044378038
0.001913904432540967
0.001913904435022793
0.001913904435296204
0.001913904435050233
0.001913904437096147
0.001913904428729954
0.001913904433469513
0.001913904437260652
0.001913904432841984
0.001913904434417418
0.001913904432147857
0.001913904428449736
0.001913904436527467
0.001913904428653475
0.001913904432490992
0.001913904436589919
0.001913904430379174
0.001913904432923471
0.00191390443664874
0.001913904428823686
0.001913904432638732
0.001913904436525516
0.001913904432796029
0.001913904430990368
0.001913904436638997
0.00191390443348498
0.001913904430112696
0.001913904436534084
0.001913904432552385
0.001913904430750506
0.00191390443620225
0.001913904432990411
0.001913904429933154
0.001913904436303503
0.001913904432116682
0.001913904430638727
0.001913904436696406
0.001913904428384922
0.001913904432598396
0.001913904436165136
0.00191390443249674
0.001913904429862212
0.001913904435759465
0.001913904431889342
0.001913904430264565
0.001913904436113646
0.00191390443223171
0.00191390443066519
0.001913904436128942
0.001913904432819951
0.001913904429871056
0.001913904436106649
0.001913904432350124
0.001913904430837991
0.001913904436516221
0.001913904433315071
0.002267259205481359
0.002267259207409082
0.002267259205991745
0.002267259205530051
0.002267259206763449
0.002267259206910529
0.002267259207609507
0.002267259202974226
0.002267259205836738
0.002267259207313618
0.002267259204925825
0.00226725920530886
0.002267259205037365
0.002267259203146238
0.002267259206436684
0.002267259204746168
0.002267259203838575
0.002267259206595235
0.002267259204752973
0.002267259203880821
0.002267259206460608
0.00226725920471604
0.002267259204009235
0.00226725920685734
0.002267259205293243
0.0022672592040181
0.00226725920695766
0.002267259205521544
0.002267259203832381
0.002267259206653929
0.002267259204932852
0.002267259203847962
0.002267259206461684
0.002267259204865721
0.002267259204489085
0.002267259206581642
0.002267259206056181
0.002267259203677886
0.002267259206767113
0.00226725920228921
0.002267259205021562
0.002267259206365904
0.002267259203517902
0.002267259204414003
0.002267259206163981
0.002267259204583712
0.002267259204759885
0.002267259206344274
0.002267259204850539
0.002267259204481294
0.002267259206487672
0.002267259204959742
0.002267259204433809
0.002267259206520372
0.00226725920528564
0.002267259204489913
0.002267259207002788
0.002267259205529457
0.002778661230738273
0.002778661231349519
0.002778661230964646
0.002778661230719284
0.002778661231344156
0.002778661231222765
0.002778661231547162
0.002778661230222591
0.002778661230881852
0.002778661231368528
0.00277866123056351
0.002778661230455767
0.002778661230356899
0.002778661229941618
0.002778661230379378
0.002778661230655912
0.002778661230123824
0.00277866123049162
0.002778661230549749
0.002778661230418733
0.002778661230503948
0.002778661230275904
0.002778661230057033
0.002778661230535747
0.002778661230583362
0.002778661230403082
0.002778661230540166
0.00277866123068115
0.00277866123030791
0.002778661230034032
0.002778661229989962
0.002778661230064509
0.002778661230242962
0.0027786612304321
0.002778661229622901
0.002778661230070416
0.002778661230483652
0.002778661229900849
0.002778661230088222
0.002778661229427203
0.00277866122985966
0.002778661229927657
0.002778661229743095
0.002778661229895785
0.002778661229882503
0.002778661229816101
0.002778661230211215
0.002778661229643959
0.002778661230335298
0.002778661230379197
0.002778661229988479
0.002778661230368352
0.00277866123037407
0.002778661229971485
0.002778661230410761
0.002778661230603935
0.002778661230704678
0.002778661230525507
0.003437713726036325
0.003437713726691095
0.003437713726687354
0.003437713726862185
0.003437713726822397
0.003437713726148148
0.003437713727209195
0.003437713726788339
0.003437713726090157
0.003437713726764463
0.003437713727120903
0.003437713725327716
0.003437713727519354
0.003437713726346973
0.003437713725648836
0.003437713726362917
0.003437713726971693
0.003437713725601215
0.003437713726197518
0.003437713726747037
0.003437713725147601
0.003437713727320722
0.003437713725907597
0.003437713725034795
0.003437713726946699
0.003437713726039368
0.003437713725137692
0.003437713726969539
0.003437713725809366
0.003437713725085906
0.003437713726019421
0.003437713726416139
0.003437713724860366
0.003437713726688073
0.003437713725512967
0.003437713724966227
0.003437713725877276
0.003437713726138288
0.003437713724424039
0.003437713726503926
0.003437713725266101
0.003437713724371194
0.003437713726545773
0.003437713725352723
0.003437713724494552
0.003437713726663105
0.00343771372554369
0.003437713724510661
0.003437713726971093
0.003437713725731561
0.003437713724984561
0.003437713726029486
0.003437713726312043
0.003437713724949099
0.003437713726036676
0.003437713726719813
0.003437713725358375
0.003437713726395036
0.004236971795417478
0.004236971798721464
0.004236971798328155
0.004236971799366332
0.004236971797076142
0.00423697179631976
0.004236971797485997
0.004236971798802808
0.004236971796162428
0.00423697179766703
0.004236971798400064
0.004236971795091045
0.004236971799285937
0.004236971796945087
0.004236971795679177
0.004236971797274179
0.004236971798219664
0.004236971795518824
0.004236971797006841
0.004236971797627775
0.004236971794904311
0.004236971798879949
0.004236971796514795
0.004236971795032889
0.004236971796412783
0.004236971797552555
0.004236971794597187
0.004236971798571867
0.004236971796041902
0.004236971794892348
0.004236971796723749
0.00423697179737633
0.004236971794524935
0.004236971797568259
0.004236971795763696
0.004236971794647166
0.004236971796216428
0.004236971797051623
0.004236971793838079
0.004236971797690434
0.004236971795638981
0.004236971793981162
0.004236971797260065
0.004236971795643502
0.004236971794350918
0.004236971796150875
0.004236971796978631
0.004236971793904715
0.004236971798319998
0.004236971795696659
0.004236971794083009
0.004236971798100848
0.004236971796068431
0.004236971794603688
0.004236971796424198
0.004236971797758031
0.004236971794952274
0.004236971796345508
0.005150874157048793
0.005150874157807002
0.005150874157202429
0.005150874161644
0.005150874159025681
0.005150874157082953
0.005150874160120119
0.005150874158803206
0.005150874156389268
0.005150874161671421
0.005150874158338436
0.005150874155935225
0.005150874161543261
0.005150874157948966
0.005150874155879639
0.005150874161180075
0.005150874158223326
0.00515087415623859
0.005150874158209594
0.005150874159603984
0.005150874156163237
0.005150874158235775
0.005150874159117565
0.005150874155073197
0.005150874160276609
0.005150874157174522
0.005150874154913819
0.0051508741604779
0.005150874156980526
0.005150874155001445
0.00515087415982379
0.005150874156896535
0.005150874154631322
0.005150874160122227
0.005150874156806779
0.005150874154952088
0.00515087415841582
0.005150874156891233
0.00515087415478755
0.005150874156518601
0.005150874158117135
0.005150874154683687
0.005150874156741888
0.005150874157986846
0.005150874154693334
0.005150874156776295
0.005150874158085819
0.005150874154363907
0.005150874158990864
0.005150874156569953
0.005150874154861112
0.005150874157229469
0.005150874158352496
0.005150874155098932
0.005150874157434828
0.005150874159161879
0.005150874155432834
0.005150874156671142
0.006158548508074054
0.006158548506168624
0.006158548505947924
0.006158548508413474
0.006158548509718279
0.006158548506099038
0.006158548508065105
0.006158548509455904
0.006158548504998707
0.006158548511038517
0.006158548507141901
0.006158548504710568
0.006158548510786779
0.006158548506750611
0.006158548504453742
0.006158548510482063
0.006158548506893256
0.00615854850483629
0.006158548506999094
0.006158548508621363
0.006158548504744523
0.006158548506566066
0.006158548508262796
0.006158548503575051
0.006158548509396995
0.006158548505818203
0.006158548503338438
0.006158548509337209
0.006158548505583893
0.006158548503140267
0.006158548509240256
0.006158548505297681
0.006158548502979768
0.006158548509018465
0.006158548505429743
0.006158548503541961
0.006158548506099419
0.00615854850675225
0.006158548502445716
0.006158548508029162
0.006158548505090968
0.006158548502810412
0.006158548504956811
0.006158548506691135
0.006158548502789454
0.006158548504900842
0.006158548506866729
0.006158548502838973
0.006158548505168652
0.00615854850656901
0.006158548502868233
0.006158548505081855
0.006158548507045967
0.00615854850322141
0.00615854850601574
0.006158548507297782
0.006158548502833812
0.006158548507128324
0.007241395988704257
0.007241395987469754
0.007241395985752302
0.007241395991298439
0.007241395988604162
0.007241395987047879
0.007241395988192153
0.007241395990291449
0.007241395985872494
0.007241395991546881
0.007241395987856485
0.007241395985707885
0.00724139599118843
0.007241395987444118
0.007241395985362443
0.007241395990727219
0.007241395987437415
0.007241395985516946
0.007241395987620151
0.007241395988919385
0.007241395985513301
0.007241395986706962
0.007241395988958154
0.007241395984771159
0.007241395987118259
0.007241395988002583
0.007241395984101968
0.007241395989357955
0.007241395986115307
0.007241395983679367
0.007241395989519018
0.007241395985646941
0.007241395983639318
0.00724139598888868
0.007241395985659387
0.007241395983388764
0.007241395988604375
0.007241395985269842
0.007241395982879969
0.007241395987992185
0.007241395985166678
0.007241395983008788
0.007241395984920724
0.007241395986814136
0.007241395982991456
0.007241395984624637
0.00724139598692639
0.007241395982806987
0.007241395984753065
0.007241395986659247
0.007241395982877676
0.007241395984632449
0.007241395986950754
0.007241395982488042
0.007241395988194693
0.007241395985049472
0.007241395982605775
0.00724139598784116
0.008330497495206556
0.008330497497183998
0.008330497494627928
0.008330497498672783
0.008330497496460648
0.008330497495717345
0.008330497496485645
0.00833049749657601
0.008330497495069969
0.008330497498303431
0.008330497496016111
0.008330497495273781
0.008330497496785353
0.008330497496498557
0.008330497494453717
0.008330497497464754
0.008330497495283347
0.008330497494102144
0.008330497496867741
0.008330497495381993
0.008330497494315206
0.008330497494958291
0.008330497495796245
0.008330497493397109
0.008330497494671794
0.008330497494582343
0.008330497493236722
0.008330497496025335
0.008330497494333029
0.00833049749301432
0.008330497496193396
0.008330497493979898
0.008330497492862292
0.008330497495544237
0.008330497493803714
0.008330497492660136
0.008330497495726383
0.008330497493410341
0.00833049749223418
0.008330497493293162
0.008330497494186411
0.008330497491820058
0.008330497493096823
0.008330497494145286
0.008330497491786533
0.008330497492872858
0.008330497494156767
0.00833049749169683
0.008330497492995841
0.008330497494060937
0.008330497491746056
0.008330497492984956
0.008330497494362522
0.008330497491663574
0.008330497495403207
0.008330497493210317
0.008330497492042234
0.008330497495539917
0.009349035508256687
0.009349035508703711
0.009349035508391491
0.009349035509839272
0.009349035508495702
0.009349035508835349
0.009349035509289862
0.009349035508495866
0.009349035508834863
0.009349035509531476
0.009349035508676284
0.009349035508602395
0.009349035509139366
0.0093490355081275
0.009349035508056987
0.009349035508834891
0.009349035507790109
0.009349035507766482
0.009349035508799506
0.009349035507532926
0.009349035507656533
0.009349035507986214
0.009349035507081729
0.009349035506712775
0.009349035507356919
0.009349035507382681
0.009349035507212951
0.009349035506969335
0.009349035507128022
0.009349035507223279
0.009349035507216691
0.009349035506885933
0.009349035506947949
0.009349035506692966
0.009349035506547183
0.009349035507045527
0.009349035507140694
0.009349035506359226
0.009349035505450508
0.009349035506084536
0.009349035506296807
0.009349035505120989
0.009349035505957722
0.009349035506308584
0.009349035505130457
0.009349035505781852
0.009349035506205005
0.00934903550536975
0.009349035505887119
0.009349035506273829
0.009349035505282918
0.0093490355059807
0.009349035506651433
0.009349035505484972
0.009349035506981912
0.009349035506771649
0.009349035506235712
0.009349035507656383
0.01028200561896765
0.01028200561791973
0.01028200561847239
0.01028200562039991
0.01028200561733814
0.0102820056188732
0.01028200562036049
0.01028200561730104
0.01028200561876155
0.01028200561997247
0.01028200561891199
0.01028200561782157
0.01028200561984063
0.01028200561770661
0.01028200561805032
0.01028200561922392
0.01028200561766108
0.01028200561792041
0.01028200561977382
0.01028200561640688
0.01028200561783043
0.01028200561893377
0.01028200561651819
0.01028200561713405
0.01028200561764335
0.01028200561792342
0.01028200561852168
0.01028200561562414
0.01028200561731817
0.01028200561877054
0.01028200561606859
0.01028200561718813
0.01028200561816161
0.01028200561647349
0.01028200561585129
0.01028200561844788
0.0102820056165634
0.01028200561679287
0.01028200561489584
0.01028200561618521
0.01028200561749219
0.01028200561448282
0.01028200561619991
0.01028200561758745
0.01028200561451203
0.01028200561587457
0.01028200561697654
0.01028200561633188
0.01028200561533252
0.01028200561717557
0.01028200561582373
0.01028200561557555
0.01028200561793789
0.01028200561512336
0.01028200561684826
0.0102820056180135
0.01028200561677507
0.01028200561685977
0.01113117129462316
0.01113117129303732
0.0111311712921957
0.0111311712964131
0.01113117129084092
0.01113117129387428
0.01113117129647554
0.01113117129103581
0.01113117129373581
0.01113117129578179
0.01113117129382335
0.01113117129226424
0.01113117129554901
0.01113117129329353
0.01113117129184145
0.01113117129492561
0.01113117129283723
0.01113117129171905
0.01113117129594449
0.01113117129022463
0.01113117129281499
0.01113117129441772
0.01113117129318221
0.011131171293266
0.01113117129242417
0.01113117129321816
0.01113117129465602
0.0111311712897275
0.01113117129251214
0.01113117129516185
0.0111311712902163
0.0111311712925709
0.01113117129453141
0.01113117129170937
0.01113117129009192
0.01113117129459215
0.0111311712911662
0.01113117129386031
0.01113117128915721
0.01113117129114697
0.0111311712936757
0.01113117128883921
0.01113117129144847
0.01113117129393847
0.0111311712885609
0.01113117129100671
0.0111311712930274
0.01113117129171126
0.01113117128972706
0.01113117129325183
0.01113117129108475
0.01113117129008332
0.01113117129432995
0.01113117128918773
0.0111311712920834
0.01113117129471979
0.01113117128981643
0.01113117129233677
0.01190130669689575
0.01190130669440304
0.01190130669303082
0.01190130669887919
0.01190130669122319
0.0119013066953427
0.01190130669896818
0.01190130669173062
0.01190130669536575
0.01190130669874266
0.01190130669267209
0.01190130669502715
0.01190130669800166
0.01190130669511857
0.01190130669291239
0.01190130669729552
0.01190130669428191
0.01190130669257513
0.01190130669852129
0.01190130669110927
0.01190130669452196
0.01190130669671099
0.01190130669602948
0.01190130669674021
0.01190130669128354
0.01190130669414955
0.01190130669722003
0.01190130669054204
0.01190130669411349
0.01190130669776435
0.0119013066914033
0.01190130669432747
0.01190130669763516
0.011901306693885
0.01190130669076706
0.0119013066957764
0.01190130669222457
0.01190130669601648
0.01190130669245281
0.01190130669107532
0.01190130669626584
0.01190130668996494
0.01190130669312137
0.01190130669651656
0.01190130668958196
0.01190130669244446
0.01190130669550282
0.01190130669349457
0.01190130669072575
0.01190130669571844
0.01190130669264856
0.01190130669143154
0.01190130669707508
0.01190130668973179
0.01190130669378841
0.01190130669745215
0.01190130669013501
0.01190130669391173
0.01259673202844813
0.01259673202511587
0.01259673202335957
0.01259673203059853
0.0125967320211557
0.01259673202600572
0.01259673203045168
0.01259673202266338
0.01259673202598899
0.01259673203068764
0.01259673202220034
0.0125967320261948
0.01259673202981567
0.01259673202639298
0.01259673202360395
0.01259673202900931
0.01259673202486446
0.0125967320227026
0.01259673203006414
0.0125967320225974
0.01259673202628459
0.01259673202807092
0.01259673202703285
0.01259673202852856
0.01259673202143645
0.01259673202454487
0.01259673202893116
0.01259673202110491
0.0125967320249383
0.01259673202874431
0.01259673202468657
0.01259673202367019
0.01259673203025136
0.01259673202584684
0.01259673202072313
0.01259673202363369
0.01259673202238891
0.01259673202769112
0.01259673202350022
0.01259673202173355
0.01259673202812179
0.01259673202056683
0.01259673202400083
0.01259673202748702
0.0125967320228198
0.0125967320213806
0.01259673202718238
0.01259673202470974
0.01259673202120826
0.01259673202786392
0.01259673202193961
0.01259673202412558
0.01259673202898444
0.01259673201971743
0.01259673202474768
0.01259673202925774
0.01259673202004807
0.01259673202474807
0.01322061794159509
0.01322061793750949
0.01322061793544766
0.01322061794390413
0.0132206179329629
0.01322061793819236
0.01322061794251923
0.01322061793864421
0.01322061793607189
0.01322061794401851
0.01322061793421145
0.01322061793890102
0.0132206179433446
0.01322061793945998
0.0132206179361244
0.01322061794244263
0.01322061793687606
0.01322061793428628
0.01322061794200308
0.01322061793947122
0.01322061794110444
0.01322061794101708
0.01322061793617172
0.01322061794123556
0.01322061793618145
0.01322061793469504
0.01322061794217216
0.0132206179335936
0.01322061793751666
0.01322061794200179
0.01322061793786859
0.01322061793628374
0.01322061794482565
0.01322061793978018
0.01322061793214786
0.01322061793709961
0.01322061793416343
0.01322061794132758
0.01322061793469073
0.01322061793645224
0.01322061794158399
0.0132206179330445
0.01322061793664028
0.01322061794079776
0.01322061793587688
0.01322061793338856
0.01322061794045277
0.01322061793759046
0.01322061793351652
0.01322061794175228
0.01322061793221621
0.01322061793701934
0.01322061794238346
0.01322061793151554
0.01322061793730574
0.01322061794248096
0.01322061793211672
0.01322061793724544
0.01377500898047113
0.01377500897571301
0.01377500897340282
0.01377500898293238
0.01377500897075903
0.01377500897637986
0.0137750089812919
0.01377500897722061
0.01377500897376174
0.01377500898305863
0.01377500897221146
0.01377500897742196
0.01377500898268006
0.01377500897838398
0.01377500897448979
0.01377500898165378
0.0137750089751284
0.01377500897205263
0.01377500898068935
0.01377500897919321
0.0137750089809013
0.01377500897725888
0.01377500897340961
0.01377500898041323
0.01377500897475115
0.01377500897284409
0.01377500898116878
0.01377500897199242
0.01377500897594139
0.0137750089813487
0.01377500897602657
0.01377500897690626
0.01377500898516473
0.0137750089765953
0.01377500897116337
0.01377500897590773
0.01377500897205694
0.0137750089807328
0.01377500897137131
0.01377500897515412
0.01377500898031638
0.0137750089730691
0.0137750089747973
0.01377500897990258
0.0137750089744289
0.01377500897144518
0.01377500897944812
0.01377500897625863
0.01377500897166373
0.01377500898116444
0.01377500896915188
0.01377500897542444
0.01377500898139861
0.01377500896935431
0.01377500897561905
0.01377500898123672
0.01377500897082488
0.01377500897555138
0.01426098127951194
0.01426098127416572
0.01426098127161155
0.01426098128208424
0.01426098126886215
0.0142609812748403
0.01426098128035619
0.01426098127569192
0.01426098127198028
0.01426098128227713
0.01426098127036524
0.014260981276206
0.01426098128227328
0.01426098127683777
0.01426098127330617
0.01426098128091608
0.01426098127435886
0.01426098127118197
0.01426098128028788
0.0142609812750101
0.01426098128068362
0.01426098127319496
0.01426098127386355
0.01426098128048008
0.01426098127111363
0.01426098127406978
0.01426098128031458
0.01426098127095895
0.01426098127454334
0.01426098128019924
0.01426098127598826
0.01426098127339136
0.01426098128466556
0.01426098127648896
0.01426098127204792
0.01426098127504997
0.01426098127033019
0.01426098128005399
0.01426098126939112
0.01426098127380014
0.01426098127908392
0.01426098127301131
0.01426098127074674
0.01426098127912565
0.01426098127312421
0.01426098126978028
0.01426098127857462
0.01426098127516742
0.01426098127001534
0.01426098128037594
0.01426098126731537
0.01426098127395598
0.01426098128027021
0.01426098126833433
0.01426098127412463
0.01426098128034107
0.01426098126938275
0.01426098127401189
0.01467877555184609
0.01467877554602886
0.01467877554325677
0.01467877555451203
0.01467877554035792
0.01467877554670623
0.01467877555278081
0.0146787755476708
0.01467877554367473
0.01467877555481553
0.01467877554189593
0.01467877554851329
0.01467877555636987
0.01467877554446791
0.01467877554788808
0.01467877555322514
0.01467877554688774
0.01467877554706616
0.01467877555035177
0.01467877554959062
0.01467877555236185
0.01467877554845749
0.01467877554314848
0.01467877555349723
0.01467877554167783
0.01467877554665783
0.01467877555293622
0.01467877554288605
0.01467877554654312
0.01467877555299488
0.01467877554742779
0.01467877554746544
0.0146787755567646
0.0146787755544807
0.01467877554470577
0.01467877554738842
0.01467877554210933
0.01467877555269169
0.01467877554102533
0.01467877554581477
0.01467877555154348
0.01467877554501565
0.01467877554227593
0.01467877555165015
0.01467877554515663
0.01467877554152582
0.01467877555099202
0.01467877554738789
0.01467877554168658
0.01467877555245518
0.01467877554027381
0.01467877554584653
0.01467877555263873
0.01467877554028899
0.01467877554585557
0.01467877555243749
0.01467877554256914
0.01467877554544299
0.01502787209776919
0.01502787209148172
0.01502787208900387
0.01502787210054546
0.01502787208559182
0.01502787209231856
0.01502787209890711
0.01502787209282988
0.01502787208942265
0.01502787210074824
0.01502787208794311
0.01502787209422124
0.01502787210276929
0.01502787208941309
0.01502787209409599
0.01502787210048574
0.01502787209041341
0.01502787209323135
0.01502787209456683
0.0150278720941736
0.0150278720982811
0.01502787209468798
0.01502787208828373
0.01502787209974193
0.01502787208741189
0.0150278720926344
0.01502787209931102
0.01502787208811896
0.01502787209213894
0.01502787209879953
0.01502787209309748
0.01502787209064242
0.01502787210353648
0.01502787210072832
0.01502787209044551
0.01502787209315244
0.01502787208767213
0.01502787209898711
0.01502787208641744
0.01502787209149452
0.01502787209760903
0.01502787209059758
0.01502787208782933
0.01502787209778641
0.01502787209085629
0.01502787208699936
0.01502787209703036
0.01502787209310444
0.01502787208701728
0.01502787209777205
0.01502787208867717
0.01502787209102265
0.01502787209870374
0.01502787208568967
0.0150278720911537
0.01502787209739637
0.01502787209233199
0.01502787208783675
0.01530700749698914
0.01530700748844268
0.0153070074904023
0.01530700749935896
0.01530700748379163
0.01530700749096606
0.01530700749922946
0.0153070074854525
0.01530700749063343
0.01530700749907774
0.01530700748850689
0.01530700749204256
0.01530700750120451
0.01530700748861832
0.01530700749220918
0.01530700749685974
0.01530700749329422
0.0153070074945329
0.01530700749172669
0.01530700748759262
0.01530700749695623
0.01530700749355157
0.01530700748664165
0.01530700749886091
0.01530700748575031
0.01530700749140113
0.01530700749875181
0.01530700748510277
0.01530700749047342
0.0153070074975133
0.01530700749132272
0.01530700748903857
0.0153070075038847
0.01530700749418491
0.01530700748822509
0.0153070074915864
0.01530700748612843
0.01530700749821101
0.01530700748425366
0.01530700748997309
0.01530700749641669
0.01530700748919458
0.01530700748624438
0.01530700749667182
0.01530700748937096
0.01530700748533396
0.01530700749584111
0.01530700749153518
0.0153070074852998
0.01530700749594486
0.01530700748872081
0.01530700748620993
0.01530700749737739
0.01530700748430719
0.01530700748948563
0.01530700749614751
0.0153070074907316
0.0153070074855909
0.01551413642342466
0.015514136410301
0.01551413641621769
0.01551413642506832
0.01551413640911794
0.01551413641633034
0.01551413642499882
0.01551413640980253
0.01551413641626142
0.01551413642382291
0.01551413641786552
0.0155141364138365
0.01551413642488363
0.01551413641934343
0.0155141364161259
0.01551413642003371
0.01551413641930409
0.01551413642170191
0.01551413641603179
0.01551413641168724
0.01551413642260273
0.01551413641941425
0.01551413641208854
0.01551413642498557
0.01551413641078337
0.01551413641708763
0.01551413642520364
0.01551413640888659
0.01551413641572469
0.01551413642306915
0.01551413641652377
0.01551413641469977
0.01551413643053864
0.01551413641824481
0.01551413641109965
0.01551413641705447
0.01551413641164365
0.01551413642456224
0.01551413640854841
0.01551413641542895
0.01551413642216771
0.01551413641487193
0.01551413641164031
0.01551413642246315
0.01551413641486185
0.01551413641067141
0.01551413642157124
0.01551413641710203
0.01551413641066578
0.01551413642161331
0.01551413641410816
0.01551413641097208
0.01551413642291114
0.01551413641004199
0.01551413641485217
0.01551413642186095
0.0155141364158817
0.0155141364108876
0.01565083190343004
0.01565083188782885
0.01565083189562016
0.01565083190473737
0.01565083188845424
0.01565083189539543
0.01565083190384163
0.01565083189147794
0.01565083189526568
0.01565083190358274
0.01565083189685507
0.01565083189318663
0.01565083190316405
0.01565083189981021
0.015650831902425
0.0156508318936448
0.01565083189647795
0.01565083190209842
0.01565083189486773
0.01565083189107526
0.01565083190222752
0.01565083189919318
0.01565083189158508
0.01565083190510828
0.01565083188951666
0.0156508318966469
0.01565083190515106
0.01565083188801102
0.01565083189499539
0.01565083190255094
0.01565083189571341
0.01565083189422331
0.01565083191064751
0.01565083189523054
0.01565083189031099
0.01565083189670207
0.01565083189146763
0.01565083190443774
0.01565083188823424
0.01565083189488881
0.01565083190191319
0.01565083189440826
0.01565083189105559
0.01565083190219728
0.01565083189436307
0.01565083189003872
0.01565083190126236
0.01565083189678662
0.01565083189004373
0.01565083190122429
0.01565083189358323
0.01565083189015538
0.01565083190240479
0.01565083188968133
0.01565083189424345
0.01565083190149521
0.01565083189502424
0.0156508318906369
0.01571765560812747
0.01571765559202617
0.01571765560015902
0.01571765560950098
0.01571765559288718
0.01571765559951277
0.0157176556071104
0.01571765560082468
0.01571765559653702
0.01571765560900695
0.01571765559849963
0.01571765560258223
0.01571765560790519
0.01571765559993104
0.01571765560763878
0.01571765560030177
0.01571765559706754
0.01571765560813851
0.01571765559651077
0.01571765559865441
0.01571765560695242
0.01571765560389317
0.01571765559615057
0.01571765561002206
0.01571765559404314
0.01571765560123685
0.01571765561006569
0.01571765559249305
0.0157176555994564
0.01571765560719764
0.01571765560011602
0.01571765559854805
0.01571765561498816
0.01571765559941179
0.01571765559864299
0.01571765560133716
0.0157176555992737
0.015717655608943
0.01571765559420181
0.01571765559912642
0.01571765560676242
0.01571765559896772
0.01571765559563544
0.01571765560702069
0.01571765559901898
0.01571765559458227
0.01571765560606003
0.01571765560161825
0.01571765559460651
0.01571765560599174
0.01571765559805051
0.01571765559456793
0.01571765560700215
0.01571765559450924
0.01571765559895153
0.01571765560737511
0.01571765559486462
0.01571765559836491
0.01571432247086534
0.01571432245602048
0.01571432246314979
0.01571432247263613
0.01571432245598471
0.01571432246233249
0.01571432246985653
0.01571432246410415
0.01571432245938486
0.0157143224694589
0.01571432246626742
0.0157143224688544
0.01571432246709766
0.01571432246091066
0.01571432247105977
0.01571432246247565
0.01571432245981805
0.01571432247251386
0.01571432245585979
0.01571432246206269
0.01571432247003436
0.01571432246671153
0.01571432245898207
0.01571432247229331
0.01571432245998501
0.0157143224638395
0.01571432247329736
0.01571432245550282
0.01571432246245019
0.01571432247034432
0.01571432246306514
0.01571432246127021
0.01571432247797301
0.01571432246154987
0.01571432246383156
0.01571432246391753
0.01571432246258502
0.01571432247036315
0.0157143224625907
0.01571432245912748
0.01571432247001543
0.01571432246191512
0.01571432245868058
0.01571432247024679
0.01571432246214076
0.01571432245761602
0.01571432246927195
0.01571432246484674
0.01571432245767128
0.01571432246921846
0.01571432246077062
0.01571432245748553
0.0157143224700454
0.0157143224577682
0.01571432246200427
0.01571432247075579
0.01571432245611498
0.01571432246180112
0.01563979901814027
0.01563979900410703
0.01563979901037049
0.01563979901986665
0.01563979900469043
0.01563979900957888
0.0156397990170824
0.0156397990091843
0.01563979901128683
0.01563979901517023
0.0156397990134269
0.01563979901754333
0.01563979901192387
0.01563979900729503
0.01563979901974063
0.015639799005603
0.01563979901026788
0.0156397990203562
0.01563979900248064
0.01563979900948147
0.0156397990174514
0.01563979901364095
0.01563979900621848
0.01563979901855764
0.01563979901047736
0.01563979900798015
0.01563979902072385
0.0156397990032884
0.01563979900990681
0.01563979901797296
0.01563979901025083
0.01563979900863094
0.01563979902476002
0.01563979901187693
0.01563979901159358
0.01563979900711786
0.01563979901000643
0.01563979901776073
0.01563979901066538
0.01563979900622882
0.01563979901770801
0.0156397990093062
0.01563979900614118
0.0156397990178382
0.01563979900968879
0.01563979900510388
0.01563979901685647
0.01563979901241724
0.01563979900516716
0.01563979901678911
0.01563979900801421
0.01563979900487998
0.0156397990175764
0.01563979900511556
0.01563979900936818
0.01563979901807486
0.0156397990035281
0.01563979900918479
0.01549235580182929
0.01549235579000833
0.01549235579363055
0.01549235580230436
0.01549235579534574
0.01549235579215341
0.01549235579739908
0.0154923557959888
0.01549235579919563
0.01549235579742702
0.01549235579238603
0.01549235580190475
0.01549235579469743
0.01549235579085513
0.01549235580421458
0.01549235578758109
0.01549235579483819
0.01549235580460257
0.0154923557865079
0.0154923557935769
0.01549235580153444
0.01549235579718888
0.01549235579030483
0.01549235580248939
0.01549235579454474
0.01549235579147272
0.01549235580447321
0.01549235578890289
0.01549235579383573
0.01549235580308164
0.01549235579247995
0.01549235579566661
0.01549235580859424
0.01549235579739057
0.01549235579660147
0.01549235579032869
0.01549235579414333
0.01549235580204294
0.0154923557951003
0.01549235579054077
0.01549235580210841
0.01549235579365413
0.01549235579036831
0.01549235580210824
0.01549235579397206
0.0154923557893611
0.01549235580112689
0.01549235579664705
0.01549235578939551
0.01549235580100944
0.01549235579214787
0.01549235578908924
0.01549235580197345
0.0154923557886266
0.01549235579345459
0.0154923558021877
0.01549235578759185
0.01549235579312503
0.01526959078582767
0.01526959077988684
0.01526959077537348
0.0152695907868258
0.01526959078367569
0.01526959078495218
0.01526959077612178
0.01526959078019983
0.01526959078591301
0.01526959078053115
0.01526959077614353
0.01526959078711813
0.01526959077944077
0.01526959077575597
0.01526959078926823
0.01526959077238155
0.0152695907801377
0.01526959078986144
0.01526959077187711
0.0152695907788548
0.01526959078678474
0.01526959078173735
0.01526959077555937
0.01526959078757721
0.01526959077952002
0.01526959077646561
0.01526959078791745
0.01526959078004422
0.01526959077635371
0.01526959078951602
0.0152695907737831
0.0152695907812666
0.01526959079368661
0.01526959078329968
0.01526959078236843
0.0152695907753102
0.0152695907794505
0.01526959078743254
0.01526959078123938
0.01526959077626845
0.01526959078769046
0.01526959077916381
0.01526959077617652
0.01526959078750875
0.01526959077943361
0.01526959077483919
0.01526959078653389
0.01526959078199973
0.01526959077481098
0.01526959078634621
0.01526959077761177
0.01526959077457151
0.01526959078774118
0.01526959077259168
0.01526959077874544
0.01526959078762665
0.01526959077245957
0.01526959077816617
0.01496844819456175
0.01496844818843304
0.01496844818364056
0.01496844819526104
0.01496844819415175
0.01496844819609835
0.01496844818211304
0.01496844818801325
0.01496844819483792
0.01496844818792131
0.01496844818424894
0.0149684481956255
0.0149684481879407
0.01496844818412005
0.01496844819737673
0.01496844818167481
0.01496844818872073
0.01496844819835874
0.0149684481806336
0.01496844818752491
0.01496844819539975
0.01496844818960566
0.01496844818420491
0.01496844819598795
0.01496844818803304
0.01496844818514774
0.01496844819638559
0.01496844818915444
0.01496844818483442
0.01496844819830175
0.01496844818155157
0.01496844818983262
0.01496844820205958
0.01496844819221874
0.01496844819122575
0.01496844818364574
0.01496844818819428
0.01496844819610602
0.01496844819069108
0.01496844818597157
0.01496844819734367
0.01496844818622443
0.01496844818803158
0.01496844819624434
0.01496844818826077
0.01496844818373231
0.01496844819527155
0.01496844819068628
0.01496844818361292
0.0149684481950002
0.01496844818670327
0.01496844818347341
0.01496844819681866
0.01496844818012577
0.01496844818742463
0.0149684481961753
0.01496844818174004
0.01496844818685349
0.01458528298670498
0.01458528298053789
0.01458528297623649
0.01458528298656181
0.01458528298619397
0.01458528298844804
0.01458528297384146
0.01458528297952161
0.01458528298669243
0.01458528297956494
0.01458528297597404
0.01458528298740315
0.01458528297986271
0.01458528297599847
0.01458528298901728
0.0145852829738709
0.01458528298057754
0.01458528299004463
0.01458528297270118
0.01458528297953549
0.01458528298731103
0.0145852829810251
0.01458528297654503
0.01458528298768821
0.01458528298004755
0.01458528297722591
0.0145852829882765
0.01458528298079257
0.01458528297697774
0.01458528298994422
0.01458528297381612
0.01458528298154034
0.01458528299345951
0.01458528298434172
0.01458528298342561
0.01458528297523246
0.01458528298066964
0.0145852829901169
0.01458528297717727
0.01458528298097528
0.01458528298986288
0.01458528297649573
0.0145852829806323
0.01458528298822682
0.0145852829804117
0.0145852829759849
0.01458528298728963
0.01458528298267387
0.01458528297576492
0.01458528298692408
0.01458528297951441
0.01458528297568835
0.01458528298882176
0.0145852829721497
0.01458528297951169
0.0145852829882358
0.0145852829736275
0.01458528297889445
0.01411607259282046
0.01411607258806028
0.01411607258450366
0.01411607259067423
0.01411607259106306
0.01411607259418858
0.0141160725809887
0.01411607258547918
0.01411607259270139
0.01411607258574755
0.01411607258207569
0.01411607259334856
0.01411607258570399
0.01411607258260898
0.01411607259517464
0.0141160725794891
0.01411607258658892
0.01411607259579257
0.01411607257901643
0.01411607258586973
0.01411607259415461
0.01411607258470374
0.01411607258562064
0.01411607259357191
0.01411607258648105
0.01411607258352557
0.01411607259434007
0.01411607258657571
0.01411607258325608
0.01411607259522976
0.01411607258186098
0.01411607258685758
0.01411607259840666
0.01411607259101138
0.01411607259055212
0.01411607258090263
0.0141160725871744
0.01411607259666959
0.01411607258231629
0.01411607258751956
0.01411607259584547
0.01411607258313918
0.01411607258701675
0.01411607259436209
0.01411607258677367
0.01411607258247429
0.01411607259346802
0.01411607258884972
0.01411607258218553
0.0141160725930475
0.0141160725867223
0.01411607258212063
0.01411607259476685
0.01411607257914027
0.01411607258586584
0.01411607259458864
0.01411607257903882
0.01411607258500207
0.0135569518539107
0.01355695185157192
0.01355695185346936
0.01355695184660608
0.01355695185003252
0.01355695185536837
0.01355695184342577
0.01355695184714094
0.0135569518543308
0.01355695184714162
0.01355695184423285
0.01355695185549449
0.01355695184531406
0.01355695184721977
0.01355695185662952
0.01355695184163209
0.01355695184810559
0.01355695185690821
0.01355695184109856
0.01355695184776945
0.01355695185622459
0.01355695184370463
0.01355695184766909
0.01355695185497565
0.01355695184860573
0.0135569518453978
0.01355695185585201
0.01355695184824322
0.01355695184502801
0.01355695185516831
0.01355695184758767
0.01355695184508493
0.01355695185715979
0.0135569518552045
0.01355695185646414
0.01355695184235368
0.01355695184905426
0.01355695185824906
0.01355695184399436
0.01355695184924765
0.01355695185724611
0.01355695184548655
0.01355695184886228
0.0135569518559706
0.01355695184864882
0.01355695184457885
0.01355695185514758
0.01355695185054017
0.01355695184423881
0.01355695185473045
0.01355695184936798
0.01355695184416283
0.01355695185622977
0.01355695184173619
0.01355695184775494
0.01355695185629155
0.01355695184021716
0.01355695184648344
0.01290531024234967
0.01290531024135595
0.01290531024401139
0.01290531023233834
0.01290531023699954
0.01290531024344563
0.01290531023209318
0.01290531023579589
0.01290531024402177
0.01290531023131084
0.01290531023546785
0.01290531024410151
0.01290531023151894
0.01290531023612566
0.01290531024473112
0.01290531023077672
0.01290531023635998
0.01290531024447307
0.01290531023094032
0.01290531023638975
0.01290531024462084
0.01290531023104132
0.01290531023608785
0.01290531024310849
0.01290531023761107
0.01290531023420651
0.01290531024405967
0.01290531023689124
0.01290531023379403
0.01290531024322692
0.01290531023622836
0.01290531023286277
0.01290531024435182
0.01290531024313112
0.01290531024559205
0.01290531023135323
0.01290531023760073
0.01290531024636911
0.01290531023272225
0.01290531023772397
0.01290531024541037
0.01290531023423352
0.01290531023745513
0.01290531024431502
0.01290531023701941
0.01290531023382156
0.01290531024358557
0.01290531023900508
0.01290531023316919
0.01290531024319769
0.0129053102384904
0.01290531023308386
0.01290531024451817
0.01290531023094695
0.01290531023638984
0.01290531024446512
0.01290531022903684
0.0129053102350012
0.01216165961719781
0.01216165961557648
0.0121616596188446
0.01216165960585012
0.012161659611015
0.01216165961772099
0.01216165960708909
0.01216165961057663
0.01216165961849776
0.01216165960530391
0.01216165961059186
0.01216165961834839
0.01216165960605065
0.01216165961085965
0.01216165961894553
0.0121616596061559
0.01216165961086582
0.01216165961826712
0.01216165960718906
0.01216165961117426
0.01216165961907175
0.01216165960521306
0.01216165961065129
0.01216165961722128
0.01216165961327582
0.01216165960965662
0.01216165961838489
0.01216165961180675
0.01216165960886279
0.0121616596176299
0.01216165961065008
0.01216165960741997
0.01216165961796663
0.01216165961673133
0.01216165962000652
0.01216165960648751
0.01216165961228292
0.01216165962054274
0.01216165960779732
0.012161659612398
0.0121616596197356
0.01216165960896609
0.01216165961229793
0.0121616596195151
0.01216165960982894
0.01216165961133181
0.01216165961820853
0.0121616596137801
0.01216165960843671
0.01216165961784383
0.01216165961362313
0.01216165960832382
0.01216165961899521
0.01216165960651391
0.0121616596112576
0.01216165961864623
0.01216165960488599
0.01216165960993118
0.0113322406284217
0.01133224062807533
0.01133224063024747
0.01133224061787041
0.0113322406227297
0.01133224062926304
0.01133224061949733
0.01133224062259656
0.01133224062989699
0.01133224061752068
0.0113322406226654
0.01133224062987772
0.01133224061819347
0.011332240622832
0.01133224063035074
0.01133224061883972
0.01133224062275034
0.01133224062953732
0.01133224062030555
0.01133224062318587
0.0113322406305406
0.01133224061767398
0.01133224062270314
0.0113322406297313
0.01133224062224781
0.01133224062353038
0.01133224062987275
0.01133224062399848
0.01133224062126308
0.0113322406293472
0.01133224062253946
0.01133224061944669
0.01133224062878953
0.01133224062766749
0.01133224063137462
0.01133224061899185
0.01133224062419756
0.01133224063186812
0.01133224062028816
0.01133224062432031
0.01133224063115886
0.01133224062138021
0.01133224062437291
0.0113322406314133
0.01133224062048164
0.01133224062393641
0.011332240630108
0.01133224062546957
0.01133224062132846
0.01133224062971397
0.01133224062588513
0.01133224062095178
0.01133224063071124
0.01133224061963119
0.0113322406235126
0.01133224063032013
0.01133224061755408
0.01133224062197312
0.01043182051851456
0.01043182051866821
0.0104318205201147
0.01043182051028957
0.01043182051355132
0.01043182051966619
0.01043182051098219
0.01043182051351591
0.01043182052002087
0.01043182050941471
0.01043182051362215
0.01043182052037381
0.01043182050931416
0.01043182051371843
0.01043182052057073
0.01043182051047521
0.0104318205136313
0.01043182051986308
0.01043182051187263
0.01043182051407378
0.01043182052080189
0.01043182050940264
0.01043182051349672
0.01043182051895661
0.01043182051583065
0.01043182051287577
0.01043182052010886
0.01043182051507483
0.01043182051257442
0.01043182051990135
0.01043182051389666
0.01043182051058904
0.01043182051840887
0.01043182051758528
0.01043182052145433
0.01043182051064044
0.01043182051497987
0.01043182052196497
0.01043182051181665
0.01043182051512635
0.01043182052135532
0.01043182051289911
0.01043182051522437
0.01043182052153087
0.01043182051225018
0.01043182051517711
0.01043182052179935
0.01043182051264795
0.01043182051462675
0.01043182052039345
0.01043182051694883
0.01043182051256328
0.01043182052138286
0.01043182051143438
0.01043182051474646
0.01043182052101137
0.01043182050908528
0.01043182051298033
0.009485469507661486
0.009485469507910233
0.009485469509149934
0.009485469501780214
0.009485469503536414
0.009485469509086221
0.009485469501710178
0.009485469503548869
0.009485469509256014
0.009485469500467161
0.009485469503638818
0.009485469509736812
0.009485469500335028
0.009485469503711701
0.009485469509785637
0.009485469501222633
0.009485469503648503
0.009485469509330368
0.009485469502199672
0.009485469504023278
0.009485469510049553
0.009485469500437944
0.009485469503604323
0.009485469508498936
0.009485469505171913
0.009485469502569958
0.009485469509261105
0.009485469505250694
0.009485469502957949
0.009485469509289681
0.009485469504931114
0.009485469501266455
0.009485469507132135
0.009485469506644964
0.009485469510496928
0.009485469501557665
0.009485469504801612
0.009485469510984662
0.00948546950253455
0.009485469505030019
0.009485469510538705
0.009485469503522746
0.009485469505086294
0.009485469510605625
0.009485469503428883
0.009485469505243945
0.009485469511304533
0.009485469502305657
0.009485469505086596
0.009485469509999138
0.009485469507000435
0.009485469503256721
0.009485469511050469
0.009485469502261461
0.009485469505063989
0.009485469510665975
0.009485469500253762
0.00948546950318698
0.008527707208196471
0.008527707208448965
0.00852770720970774
0.008527707204235461
0.00852770720492687
0.008527707209821751
0.008527707203872239
0.008527707204988471
0.008527707209924802
0.008527707202658224
0.008527707205021247
0.008527707210355819
0.008527707202873224
0.008527707205121218
0.008527707210307687
0.008527707203326329
0.008527707205058405
0.008527707210167572
0.0085277072036985
0.008527707205332191
0.008527707210569602
0.008527707202958472
0.008527707205127624
0.008527707209339099
0.008527707205904695
0.008527707203956333
0.008527707209647982
0.008527707206775691
0.008527707204784333
0.008527707209598129
0.008527707207169435
0.008527707204123925
0.008527707207499119
0.008527707207015721
0.008527707210889718
0.00852770720376343
0.008527707205957115
0.008527707211178005
0.008527707204795542
0.008527707206411489
0.00852770721103265
0.008527707205430841
0.008527707206292211
0.008527707211078204
0.008527707205594993
0.008527707206528264
0.008527707211810348
0.008527707204160451
0.008527707206532077
0.00852770721081195
0.008527707208286139
0.008527707205266143
0.008527707211896036
0.008527707204513908
0.008527707206702127
0.008527707211592775
0.008527707202976579
0.008527707204926885
0.007597885096814716
0.007597885096995241
0.007597885098287833
0.007597885094316417
0.007597885094305592
0.007597885098487775
0.007597885093920842
0.007597885094399785
0.007597885098484429
0.00759788509288877
0.007597885094375984
0.007597885098818351
0.007597885093340388
0.007597885094577178
0.007597885098764895
0.007597885093330984
0.00759788509442956
0.007597885098907336
0.007597885093156597
0.007597885094608915
0.007597885098961358
0.007597885093439164
0.00759788509460859
0.007597885098036689
0.007597885095026843
0.007597885093596515
0.007597885098841045
0.007597885094552431
0.007597885094874118
0.007597885097779044
0.007597885096162779
0.00759788509579049
0.007597885096395322
0.007597885094795408
0.007597885099271058
0.007597885093665925
0.007597885095077776
0.007597885098991842
0.007597885095672636
0.007597885095983526
0.007597885099466491
0.007597885095134747
0.007597885095454615
0.007597885099538829
0.007597885095267371
0.007597885095692763
0.007597885100115934
0.007597885094234257
0.00759788509581754
0.007597885099458932
0.007597885097305891
0.007597885095217367
0.007597885100507608
0.007597885094657933
0.007597885096191709
0.00759788510030938
0.007597885093745889
0.007597885094860291
0.006732324445779681
0.006732324445748604
0.006732324446976008
0.00673232444407589
0.006732324443845182
0.006732324447268886
0.006732324443929405
0.006732324443935461
0.006732324447044426
0.006732324443405767
0.006732324443889764
0.006732324447212245
0.006732324444124747
0.006732324444285803
0.006732324447358689
0.006732324443378979
0.006732324443917525
0.006732324447613527
0.006732324443139814
0.006732324444043936
0.006732324447461966
0.006732324443706149
0.006732324444158557
0.006732324446808818
0.006732324444509431
0.006732324443388666
0.006732324447592896
0.006732324443818507
0.006732324444239059
0.006732324446353838
0.006732324445486791
0.006732324445881673
0.006732324445242687
0.006732324444071372
0.006732324447695312
0.006732324443816359
0.00673232444443853
0.006732324447392135
0.006732324445185582
0.0067323244453151
0.00673232444803046
0.006732324444785885
0.006732324444750056
0.006732324448142949
0.006732324444723564
0.006732324444961694
0.006732324448476333
0.006732324444397955
0.006732324445194731
0.006732324448225653
0.006732324446037003
0.006732324445506099
0.006732324449107869
0.00673232444472254
0.006732324445676301
0.006732324448881937
0.00673232444465876
0.006732324445210906
0.005955920915076481
0.005955920914605601
0.005955920915660279
0.005955920913428393
0.005955920913447823
0.005955920916065795
0.005955920913784911
0.005955920913493815
0.005955920915597461
0.005955920913424059
0.005955920913488383
0.005955920915830625
0.005955920913758665
0.005955920913789979
0.005955920916019133
0.005955920913294898
0.00595592091342774
0.005955920916288255
0.005955920913171359
0.005955920913534991
0.005955920916062085
0.005955920913637354
0.005955920913660642
0.00595592091557955
0.005955920913985948
0.005955920913151692
0.005955920916217996
0.005955920913507219
0.005955920913630962
0.005955920915166953
0.00595592091471464
0.005955920915339889
0.005955920914189247
0.005955920913849539
0.005955920916062557
0.005955920913773563
0.005955920913922524
0.005955920916146272
0.005955920914446793
0.005955920914468097
0.005955920916632289
0.00595592091434699
0.005955920914075548
0.005955920916770802
0.005955920914071824
0.005955920914262294
0.005955920916795499
0.005955920914529325
0.00595592091460076
0.005955920916927584
0.005955920915155898
0.005955920914934225
0.005955920917634592
0.005955920914704974
0.005955920915087745
0.005955920917178077
0.005955920915125861
0.005955920915916426
0.005276988650742729
0.005276988649827323
0.005276988650880772
0.005276988649090757
0.005276988649196117
0.005276988651147516
0.005276988649586085
0.005276988649318668
0.005276988650801519
0.005276988649293109
0.00527698864923033
0.005276988650897317
0.005276988649397846
0.005276988649443176
0.005276988651051071
0.005276988649286087
0.005276988649193815
0.005276988651213426
0.005276988649344246
0.005276988649305652
0.005276988651043964
0.005276988649646767
0.005276988649382199
0.005276988650733999
0.005276988649537299
0.005276988649051705
0.005276988651082758
0.005276988649570545
0.005276988649398701
0.005276988650404894
0.005276988650141688
0.005276988650827875
0.005276988649723697
0.005276988649535579
0.005276988651038538
0.005276988649499053
0.005276988649577566
0.005276988651273777
0.005276988649912074
0.005276988649863633
0.005276988651543783
0.005276988649993555
0.005276988649671114
0.005276988651625738
0.00527698864993037
0.005276988649838223
0.005276988651655043
0.005276988650200306
0.005276988650142818
0.005276988651820367
0.005276988650513424
0.00527698865042689
0.005276988652470001
0.00527698865069062
0.005276988650730657
0.005276988652192007
0.005276988651157561
0.005276988652404683
0.004687694864802113
0.004687694863419915
0.00468769486451473
0.004687694863054428
0.004687694863150569
0.004687694864580138
0.004687694863483439
0.00468769486337974
0.004687694864471219
0.004687694863320258
0.004687694863168581
0.004687694864400249
0.004687694863315963
0.004687694863367383
0.004687694864477631
0.004687694863387646
0.004687694863217405
0.004687694864656391
0.004687694863411743
0.004687694863290359
0.00468769486444843
0.004687694863483831
0.004687694863300517
0.004687694864303921
0.004687694863218298
0.004687694863081213
0.004687694864425268
0.004687694863626557
0.004687694863480309
0.004687694864044459
0.004687694863842924
0.004687694864510567
0.004687694863564597
0.004687694863407496
0.004687694864496421
0.0046876948634167
0.004687694863467753
0.004687694864731228
0.004687694863647858
0.004687694863585572
0.00468769486482775
0.004687694863711815
0.004687694863532422
0.004687694864840157
0.004687694863746307
0.00468769486366879
0.00468769486495548
0.004687694863966869
0.004687694863914391
0.004687694865148461
0.004687694864241388
0.004687694864181124
0.004687694865696689
0.004687694864725108
0.004687694864613274
0.004687694865653387
0.004687694865163397
0.004687694866693221
0.004169314204513507
0.00416931420260242
0.004169314203718077
0.004169314202525487
0.004169314202590643
0.004169314203661516
0.004169314202906873
0.004169314202892593
0.004169314203732945
0.004169314202803534
0.004169314202584741
0.004169314203530507
0.004169314202838404
0.004169314202867889
0.004169314203487757
0.004169314202846235
0.004169314202708584
0.004169314203706267
0.004169314202852366
0.004169314202741236
0.00416931420356445
0.0041693142028056
0.004169314202691553
0.004169314203499413
0.004169314202584573
0.004169314202517151
0.004169314203381277
0.004169314203047438
0.004169314203109287
0.004169314203294398
0.004169314203079855
0.004169314203696487
0.004169314202918627
0.004169314202772488
0.004169314203590933
0.004169314202891984
0.004169314202912206
0.004169314203765228
0.004169314202917045
0.00416931420287143
0.004169314203810404
0.004169314202975343
0.004169314202884745
0.004169314203789691
0.004169314203007981
0.004169314202985047
0.004169314203907082
0.004169314203225496
0.004169314203196858
0.004169314204089436
0.004169314203478282
0.004169314203467008
0.004169314204551245
0.004169314204106253
0.004169314203962175
0.004169314204718409
0.004169314204526406
0.004169314206159315
0.003699209729849796
0.003699209727565006
0.00369920972866199
0.003699209727702528
0.003699209727741029
0.00369920972853593
0.003699209728049023
0.003699209728075183
0.003699209728740942
0.003699209727969019
0.003699209727705818
0.003699209728440209
0.003699209727982893
0.003699209728000397
0.003699209728333087
0.003699209727906461
0.003699209727842806
0.003699209728537793
0.003699209727952834
0.003699209727881869
0.003699209728513395
0.003699209727877032
0.003699209727789225
0.003699209728483688
0.003699209727726413
0.003699209727644663
0.003699209728229253
0.003699209728002503
0.003699209728285755
0.003699209728344166
0.003699209728063605
0.003699209728621173
0.003699209727994869
0.003699209727853411
0.003699209728475533
0.003699209727970511
0.003699209727980542
0.003699209728582449
0.003699209727929779
0.003699209727907396
0.003699209728619868
0.003699209727991639
0.00369920972794282
0.003699209728590146
0.003699209728015442
0.003699209728017025
0.003699209728697196
0.003699209728225797
0.003699209728203394
0.003699209728850636
0.003699209728461327
0.003699209728482154
0.003699209729193161
0.003699209729018415
0.003699209728956956
0.003699209729572459
0.003699209729532892
0.003699209731130669
0.003256461220536194
0.003256461218021658
0.003256461219059575
0.003256461218318664
0.003256461218340904
0.003256461218933891
0.00325646121865231
0.003256461218668572
0.003256461219191706
0.003256461218547449
0.003256461218264698
0.003256461218830911
0.003256461218483182
0.003256461218496064
0.003256461218714105
0.003256461218419022
0.003256461218395393
0.003256461218877885
0.003256461218483516
0.003256461218446378
0.003256461218953576
0.003256461218412384
0.003256461218328443
0.003256461218951015
0.003256461218328185
0.003256461218207332
0.003256461218613455
0.003256461218456138
0.003256461218913206
0.003256461218880093
0.003256461218516111
0.003256461219017915
0.003256461218520857
0.003256461218377209
0.00325646121884919
0.003256461218452176
0.003256461218460944
0.003256461218902237
0.00325646121840773
0.003256461218402396
0.003256461218931417
0.003256461218468519
0.003256461218441014
0.003256461218908212
0.003256461218503187
0.003256461218509116
0.003256461219024079
0.003256461218696285
0.003256461218654755
0.003256461219125949
0.003256461218944902
0.003256461218982965
0.003256461219411826
0.003256461219343195
0.003256461219336954
0.003256461219954653
0.003256461219974264
0.003256461221388727
0.002824682304529598
0.002824682301938689
0.002824682302881759
0.002824682302373872
0.002824682302390101
0.002824682302817541
0.002824682302659083
0.002824682302621419
0.00282468230303927
0.002824682302509767
0.002824682302236381
0.002824682302666207
0.002824682302426192
0.002824682302425829
0.002824682302561806
0.002824682302372263
0.002824682302362837
0.002824682302691769
0.002824682302428203
0.002824682302405079
0.002824682302819184
0.002824682302367182
0.002824682302282959
0.002824682302848427
0.00282468230234228
0.002824682302180175
0.00282468230246585
0.00282468230236024
0.002824682302849654
0.00282468230276938
0.002824682302404603
0.002824682302856041
0.002824682302467553
0.002824682302315243
0.002824682302671653
0.002824682302311709
0.002824682302322139
0.00282468230269177
0.002824682302321228
0.002824682302320399
0.00282468230269807
0.002824682302378373
0.002824682302363201
0.002824682302686741
0.002824682302409457
0.002824682302415742
0.002824682302824784
0.002824682302596844
0.002824682302522517
0.002824682302862195
0.002824682302795217
0.002824682302859396
0.002824682303133759
0.002824682303112892
0.002824682303120945
0.002824682303673538
0.002824682303718466
0.002824682304930821
0.002392165599939307
0.002392165597460524
0.002392165598275861
0.002392165597937155
0.002392165597963941
0.002392165598197791
0.002392165598114408
0.002392165598087407
0.00239216559842336
0.002392165598002184
0.002392165597769786
0.002392165598090925
0.002392165597930411
0.002392165597909368
0.00239216559800106
0.002392165597923669
0.002392165597916769
0.002392165598123135
0.002392165597945782
0.002392165597907807
0.002392165598241262
0.002392165597878773
0.002392165597799369
0.002392165598297755
0.002392165597899347
0.002392165597711742
0.002392165597913067
0.002392165597845116
0.002392165598288366
0.002392165598195163
0.002392165597872153
0.00239216559826945
0.002392165597974679
0.002392165597815458
0.002392165598085881
0.002392165597791806
0.002392165597793091
0.002392165598092376
0.002392165597816756
0.002392165597806232
0.002392165598064834
0.002392165597891485
0.002392165597881168
0.002392165598066296
0.002392165597890782
0.002392165597893644
0.00239216559816587
0.002392165598013105
0.002392165597953594
0.002392165598202141
0.002392165598196287
0.002392165598273728
0.002392165598457463
0.002392165598477938
0.002392165598476076
0.002392165598902044
0.002392165598960546
0.002392165599913244
0.001950111567781022
0.001950111565515324
0.001950111566174165
0.001950111565948829
0.001950111565979806
0.001950111566119478
0.001950111566079827
0.001950111566010854
0.001950111566289787
0.001950111565966211
0.001950111565797355
0.001950111566038673
0.001950111565927257
0.001950111565873598
0.001950111565953497
0.001950111565925443
0.001950111565925253
0.001950111566081143
0.001950111565963062
0.001950111565892821
0.001950111566150129
0.001950111565875618
0.001950111565808877
0.001950111566209459
0.001950111565916239
0.001950111565737961
0.001950111565878125
0.001950111565834588
0.001950111566191132
0.001950111566106827
0.001950111565847532
0.001950111566167183
0.001950111565957102
0.00195011156581139
0.001950111566016609
0.001950111565792515
0.00195011156578089
0.001950111566025718
0.001950111565822994
0.001950111565792434
0.001950111565962503
0.00195011156586917
0.001950111565864522
0.001950111565977369
0.001950111565819665
0.001950111565818209
0.001950111566039833
0.001950111565932622
0.001950111565885734
0.001950111566094613
0.001950111566111687
0.001950111566148804
0.001950111566267026
0.001950111566290118
0.001950111566286444
0.001950111566604491
0.001950111566685656
0.001950111567420218
0.001489219060289352
0.001489219058378552
0.001489219058864753
0.001489219058702309
0.001489219058755692
0.001489219058791097
0.001489219058789063
0.001489219058714073
0.001489219058933048
0.001489219058691965
0.001489219058604687
0.0014892190587684
0.001489219058704731
0.001489219058625925
0.001489219058702085
0.001489219058693752
0.001489219058702456
0.001489219058799698
0.001489219058731873
0.001489219058652905
0.001489219058838248
0.001489219058647394
0.001489219058598249
0.001489219058887596
0.001489219058692123
0.001489219058541863
0.001489219058637313
0.001489219058612523
0.001489219058866328
0.001489219058800493
0.001489219058613426
0.001489219058846638
0.001489219058709733
0.001489219058590824
0.001489219058742544
0.001489219058584878
0.001489219058562702
0.001489219058759975
0.001489219058617757
0.001489219058566832
0.001489219058672941
0.001489219058622388
0.001489219058622492
0.00148921905869836
0.001489219058575354
0.001489219058562526
0.001489219058738379
0.001489219058661146
0.00148921905861581
0.001489219058763912
0.001489219058779884
0.001489219058795885
0.00148921905885885
0.001489219058872379
0.00148921905887172
0.001489219059088187
0.001489219059156712
0.001489219059671895
0.0009942900010150566
0.0009942899996155889
0.0009942899999388108
0.0009942899997874655
0.000994289999865486
0.0009942899998477627
0.0009942899998939179
0.0009942899998026142
0.0009942899999660286
0.0009942899997849852
0.0009942899997776129
0.0009942899998584948
0.0009942899998426717
0.0009942899997593404
0.0009942899998312319
0.0009942899998185548
0.0009942899998359282
0.0009942899998826729
0.0009942899998571309
0.0009942899997844711
0.0009942899999072642
0.0009942899997872317
0.0009942899997555392
0.0009942899999378391
0.0009942899998269567
0.0009942899997146138
0.0009942899997749811
0.0009942899997646105
0.0009942899999227691
0.0009942899998733067
0.0009942899997557313
0.0009942899999088352
0.000994289999827973
0.0009942899997425546
0.0009942899998470116
0.0009942899997470839
0.0009942899997217422
0.0009942899998602018
0.0009942899997709273
0.0009942899997190263
0.0009942899997814408
0.0009942899997494911
0.0009942899997508572
0.000994289999807073
0.0009942899997236337
0.000994289999702592
0.0009942899998201687
0.0009942899997698684
0.0009942899997302153
0.0009942899998149843
0.0009942899998258289
0.0009942899998297053
0.0009942899998533782
0.000994289999858126
0.0009942899998591648
0.0009942899999852725
0.0009942900000285092
0.0009942900003276152
0.000384603956386555
0.0003846039557675859
0.000384603955953323
0.0003846039557852394
0.0003846039559450177
0.0003846039558174736
0.0003846039559598485
0.0003846039558103783
0.0003846039559693861
0.000384603955808786
0.0003846039558884393
0.0003846039558491972
0.0003846039559018866
0.0003846039558209216
0.0003846039558959118
0.0003846039558462964
0.0003846039558802388
0.0003846039558729198
0.0003846039558936455
0.0003846039558426811
0.0003846039559018863
0.0003846039558456719
0.0003846039558402765
0.0003846039558999297
0.0003846039558731737
0.0003846039558142321
0.0003846039558413115
0.0003846039558446363
0.0003846039559033282
0.0003846039558646041
0.0003846039558293049
0.0003846039558934982
0.0003846039558589092
0.0003846039558209137
0.0003846039558621652
0.0003846039558213102
0.0003846039558114434
0.0003846039558646847
0.0003846039558292174
0.0003846039558002987
0.0003846039558229312
0.000384603955803182
0.0003846039558028425
0.0003846039558263186
0.0003846039557911986
0.0003846039557778933
0.0003846039558181158
0.0003846039557965316
0.0003846039557743559
0.0003846039557961069
0.0003846039557884626
0.0003846039557750107
0.0003846039557787768
0.0003846039557667245
0.0003846039557597304
0.0003846039557843163
0.0003846039557960709
0.0003846039558233508
0.0001458089388176044
0.0001458089388142715
0.0001458089388174611
0.0001458089388147111
0.0001458089388178199
0.0001458089388151691
0.0001458089388180952
0.0001458089388153837
0.0001458089388179122
0.0001458089388155827
0.0001458089388170776
0.0001458089388159382
0.000145808938817177
0.0001458089388158061
0.0001458089388168255
0.000145808938816153
0.0001458089388167451
0.0001458089388163604
0.0001458089388168374
0.0001458089388160804
0.0001458089388168314
0.0001458089388162172
0.0001458089388162818
0.0001458089388169067
0.0001458089388165639
0.0001458089388159103
0.0001458089388161975
0.0001458089388162216
0.0001458089388168416
0.000145808938816411
0.0001458089388160713
0.0001458089388166094
0.0001458089388163234
0.0001458089388159114
0.000145808938816124
0.0001458089388158719
0.0001458089388158879
0.0001458089388161535
0.0001458089388158708
0.000145808938815576
0.0001458089388156899
0.0001458089388157073
0.0001458089388156731
0.0001458089388156012
0.000145808938815479
0.0001458089388153423
0.0001458089388155243
0.000145808938815439
0.000145808938815191
0.0001458089388150616
0.0001458089388151894
0.0001458089388150253
0.0001458089388147695
0.0001458089388146299
0.0001458089388146733
0.0001458089388142201
0.0001458089388148495
0.0001458089388137751
)
;

boundaryField
{
    inlet
    {
        type            cyclic;
    }
    outlet
    {
        type            cyclic;
    }
    bottomWall
    {
        type            nutUSpaldingWallFunction;
        Cmu             0.09;
        kappa           0.41;
        E               9.800000000000001;
        value           nonuniform List<scalar> 
58
(
1.836644863248589e-07
1.836644862362525e-07
1.836644863973649e-07
1.836644863852219e-07
1.83664486378432e-07
1.836644861651288e-07
1.836644862857328e-07
1.836644860452432e-07
1.836644863524112e-07
1.83664486092555e-07
1.836644863067663e-07
1.836644860693531e-07
1.836644862874539e-07
1.836644860973797e-07
1.836644863102493e-07
1.836644860101963e-07
1.836644863931636e-07
1.836644859842161e-07
1.836644863073084e-07
1.836644860701392e-07
1.836644862842284e-07
1.836644859815056e-07
1.836644863653674e-07
1.836644859822375e-07
1.836644862751889e-07
1.836644860747199e-07
1.836644862510925e-07
1.836644859979042e-07
1.836644863285045e-07
1.836644859879837e-07
1.836644862408874e-07
1.836644860875135e-07
1.836644862256815e-07
1.836644860168506e-07
1.836644863019551e-07
1.836644859994898e-07
1.836644862217648e-07
1.836644860971629e-07
1.836644862079684e-07
1.836644860296713e-07
1.836644862935255e-07
1.836644860227324e-07
1.83664486216249e-07
1.836644861151335e-07
1.836644862012463e-07
1.83664486047127e-07
1.836644862958294e-07
1.836644860625362e-07
1.836644862154494e-07
1.836644861478493e-07
1.836644861988746e-07
1.836644860359055e-07
1.836644861894556e-07
1.836644859153828e-07
1.83664485950118e-07
1.836644857708451e-07
1.836644855985519e-07
1.836644855171689e-07
)
;
    }
    topWall
    {
        type            nutUSpaldingWallFunction;
        Cmu             0.09;
        kappa           0.41;
        E               9.800000000000001;
        value           nonuniform List<scalar> 
58
(
4.107950053439097e-06
4.1079500549236e-06
4.107950058084497e-06
4.107950055473711e-06
4.107950058809313e-06
4.107950055972878e-06
4.10795005886664e-06
4.107950056380714e-06
4.107950058663217e-06
4.107950056687191e-06
4.107950058114407e-06
4.107950056850607e-06
4.107950058110165e-06
4.1079500569495e-06
4.107950057815642e-06
4.107950057121319e-06
4.107950057717576e-06
4.107950057162695e-06
4.107950057743109e-06
4.107950057235919e-06
4.107950057668177e-06
4.107950057369276e-06
4.10795005739924e-06
4.107950057256885e-06
4.107950057492482e-06
4.107950057381446e-06
4.10795005735285e-06
4.107950057176857e-06
4.107950057600048e-06
4.107950057283515e-06
4.10795005717664e-06
4.10795005737963e-06
4.107950057284722e-06
4.107950057067054e-06
4.107950057204518e-06
4.107950057140265e-06
4.107950057025543e-06
4.107950057016002e-06
4.107950057061633e-06
4.107950056904871e-06
4.107950056882984e-06
4.107950056851393e-06
4.107950056746605e-06
4.10795005674567e-06
4.107950056723538e-06
4.10795005652784e-06
4.107950056541948e-06
4.107950056551855e-06
4.10795005637223e-06
4.107950056256898e-06
4.107950056342563e-06
4.107950056107237e-06
4.10795005597964e-06
4.107950055692462e-06
4.107950055842177e-06
4.107950054823935e-06
4.107950055887117e-06
4.107950053023888e-06
)
;
    }
    left
    {
        type            cyclic;
    }
    right
    {
        type            cyclic;
    }
}


// ************************************************************************* //
