/*--------------------------------*- C++ -*----------------------------------*\
| =========                 |                                                 |
| \\      /  F ield         | OpenFOAM: The Open Source CFD Toolbox           |
|  \\    /   O peration     | Version:  v1812                                 |
|   \\  /    A nd           | Web:      www.OpenFOAM.com                      |
|    \\/     M anipulation  |                                                 |
\*---------------------------------------------------------------------------*/
FoamFile
{
    version     2.0;
    format      ascii;
    class       volScalarField;
    location    "20000";
    object      nuTilda;
}
// * * * * * * * * * * * * * * * * * * * * * * * * * * * * * * * * * * * * * //

dimensions      [0 2 -1 0 0 0 0];


internalField   nonuniform List<scalar> 
3770
(
0.0004779508472238265
0.0004779508472163214
0.0004779508472291807
0.0004779508472268209
0.0004779508472259449
0.0004779508472200448
0.0004779508472222937
0.0004779508472185335
0.000477950847224651
0.0004779508472227139
0.0004779508472239003
0.0004779508472158767
0.0004779508472290839
0.0004779508472259341
0.0004779508472256235
0.0004779508472167128
0.0004779508472250405
0.000477950847225334
0.000477950847219525
0.0004779508472229231
0.0004779508472192912
0.0004779508472300266
0.0004779508472258103
0.0004779508472249875
0.0004779508472193535
0.0004779508472234058
0.0004779508472204602
0.0004779508472260259
0.0004779508472220587
0.0004779508472161936
0.0004779508472296211
0.0004779508472240436
0.0004779508472163374
0.0004779508472285084
0.0004779508472245865
0.0004779508472170179
0.0004779508472297967
0.0004779508472243941
0.0004779508472185262
0.00047795084722923
0.0004779508472243534
0.0004779508472169196
0.0004779508472300752
0.0004779508472243046
0.000477950847219899
0.0004779508472272603
0.0004779508472234428
0.0004779508472250507
0.000477950847218857
0.0004779508472225435
0.0004779508472189027
0.000477950847229654
0.0004779508472235609
0.000477950847222332
0.0004779508472167363
0.0004779508472190919
0.0004779508472139975
0.0004779508472272582
0.0002847888875539763
0.0002847888876395127
0.000284788887559113
0.0002847888875315704
0.0002847888879152634
0.0002847888877043245
0.0002847888876608235
0.0002847888874602623
0.0002847888875011896
0.0002847888875888436
0.0002847888875987893
0.0002847888876338881
0.0002847888875205648
0.000284788887480685
0.0002847888877783858
0.00028478888743773
0.0002847888875037277
0.0002847888877372764
0.0002847888874336298
0.0002847888874571569
0.0002847888876504331
0.000284788887520496
0.0002847888875181342
0.0002847888877461502
0.0002847888874057225
0.0002847888874527119
0.0002847888876438615
0.0002847888875499498
0.0002847888875077604
0.0002847888876362702
0.000284788887514183
0.0002847888874727287
0.0002847888876581256
0.0002847888874974379
0.0002847888874905628
0.0002847888876252616
0.0002847888874999833
0.0002847888874664809
0.0002847888876367649
0.0002847888874944408
0.0002847888874888209
0.0002847888876305467
0.0002847888875297664
0.0002847888874653781
0.0002847888876392967
0.0002847888875484906
0.0002847888875258631
0.0002847888877608813
0.0002847888874174165
0.0002847888874710263
0.0002847888876752855
0.0002847888875897845
0.0002847888875456497
0.0002847888877719604
0.0002847888875192629
0.0002847888876048493
0.0002847888878050158
0.0002847888876396581
0.0004125155389405836
0.0004125155396342733
0.000412515539271274
0.0004125155387563545
0.0004125155406562876
0.0004125155392689074
0.000412515539251709
0.0004125155386265088
0.0004125155391446377
0.0004125155395105699
0.0004125155395866303
0.0004125155396335228
0.000412515539121022
0.0004125155386023734
0.0004125155401434914
0.0004125155384708623
0.0004125155390952099
0.0004125155399811806
0.0004125155385016841
0.0004125155389145468
0.0004125155397953305
0.0004125155391360252
0.0004125155387551643
0.000412515540006646
0.0004125155383948339
0.0004125155389079312
0.0004125155397420751
0.0004125155391895808
0.0004125155387030162
0.0004125155396699637
0.0004125155391047702
0.000412515538587876
0.0004125155397528185
0.0004125155390179035
0.000412515538674368
0.0004125155396397363
0.0004125155390485258
0.0004125155385749991
0.0004125155397106905
0.0004125155390237796
0.0004125155386644591
0.0004125155396493322
0.0004125155391854939
0.0004125155385780251
0.0004125155397252103
0.0004125155392259937
0.0004125155387434628
0.0004125155400652708
0.000412515538420785
0.0004125155389736868
0.0004125155398232945
0.0004125155393848449
0.0004125155388960029
0.000412515540270586
0.0004125155388454318
0.0004125155394520046
0.0004125155403048389
0.0004125155395391586
0.0005565899919241445
0.000556589992886036
0.0005565899917395736
0.0005565899911737745
0.0005565899943983364
0.0005565899918764785
0.0005565899919512097
0.0005565899911632397
0.0005565899916422955
0.0005565899926145222
0.0005565899925598023
0.0005565899928353018
0.0005565899914172703
0.0005565899908032058
0.0005565899934141837
0.0005565899905215569
0.000556589991620306
0.0005565899933089943
0.000556589990435424
0.0005565899914736014
0.0005565899929510357
0.0005565899916661252
0.0005565899909271526
0.0005565899933274199
0.0005565899902980315
0.0005565899914616462
0.0005565899928790085
0.0005565899916580916
0.0005565899908752865
0.0005565899928611694
0.0005565899914826658
0.0005565899907728798
0.0005565899929021379
0.0005565899914530852
0.0005565899908132497
0.0005565899928081091
0.0005565899913683073
0.0005565899907506994
0.0005565899928421166
0.0005565899914708807
0.0005565899908192572
0.0005565899928097368
0.0005565899917233483
0.0005565899907668916
0.0005565899928738341
0.0005565899918708501
0.000556589990962197
0.0005565899934709439
0.0005565899903756432
0.000556589991608352
0.0005565899930920422
0.000556589992017489
0.0005565899913321427
0.0005565899937942728
0.0005565899910477559
0.0005565899923126665
0.0005565899938985531
0.0005565899917147304
0.0006856352459524371
0.0006856352472366218
0.0006856352454705024
0.0006856352449472856
0.0006856352490797766
0.0006856352457411153
0.0006856352448207416
0.0006856352450028125
0.0006856352444506776
0.0006856352468010408
0.0006856352465973039
0.0006856352470661233
0.0006856352449608901
0.000685635244341206
0.0006856352476780935
0.0006856352437958274
0.0006856352453855593
0.0006856352476372273
0.0006856352437269953
0.0006856352452655702
0.0006856352471590331
0.000685635245285408
0.0006856352445480542
0.0006856352475693993
0.0006856352437794955
0.0006856352452597316
0.0006856352470828603
0.0006856352452155743
0.0006856352443777173
0.0006856352471006345
0.0006856352451302138
0.0006856352442658956
0.0006856352470941632
0.0006856352451104524
0.0006856352442808855
0.0006856352470094423
0.0006856352449911208
0.0006856352442320655
0.0006856352469993079
0.0006856352452573374
0.0006856352443064657
0.0006856352469902646
0.000685635245548588
0.0006856352442884029
0.0006856352470621996
0.0006856352457123727
0.0006856352445160165
0.0006856352478667092
0.0006856352436979327
0.0006856352455009052
0.0006856352476123539
0.0006856352448941604
0.0006856352457424252
0.0006856352482185478
0.0006856352444902914
0.0006856352462731337
0.0006856352483461886
0.0006856352451126869
0.0008057667142134953
0.0008057667158645911
0.0008057667135415174
0.0008057667129776335
0.0008057667177767741
0.0008057667139286655
0.0008057667129964867
0.0008057667116213511
0.0008057667128522203
0.0008057667152497808
0.0008057667147777061
0.0008057667155079456
0.0008057667128301321
0.0008057667121857172
0.0008057667161367802
0.0008057667113265054
0.0008057667134305551
0.0008057667161669868
0.0008057667113333659
0.0008057667133812735
0.0008057667158691695
0.0008057667122221983
0.0008057667132730642
0.0008057667159579136
0.0008057667118136047
0.0008057667133353398
0.000805766715532612
0.0008057667130238261
0.0008057667121996498
0.0008057667155625412
0.0008057667130546475
0.0008057667120825062
0.0008057667155016521
0.000805766713034371
0.0008057667120646726
0.0008057667154674225
0.0008057667129522754
0.0008057667119985182
0.0008057667153542889
0.0008057667135159251
0.0008057667121160731
0.0008057667154121513
0.0008057667135282532
0.0008057667121257156
0.0008057667154724968
0.000805766713814181
0.0008057667123715609
0.0008057667164352798
0.000805766711384288
0.0008057667136229464
0.0008057667161791101
0.0008057667124457349
0.0008057667139652376
0.000805766716735675
0.0008057667122674857
0.0008057667144089876
0.00080576671686108
0.000805766713055666
0.0009205363884123562
0.0009205363905091133
0.0009205363877100054
0.0009205363869101563
0.0009205363921867277
0.0009205363882892912
0.0009205363875691737
0.00092053638509009
0.0009205363868056714
0.0009205363896539562
0.0009205363890110986
0.0009205363898777483
0.0009205363867473673
0.0009205363860066927
0.0009205363905238359
0.0009205363848689242
0.0009205363874655488
0.000920536390590261
0.0009205363849781818
0.0009205363874561564
0.0009205363904609931
0.0009205363853780323
0.0009205363874104157
0.0009205363903136938
0.0009205363858259845
0.0009205363873835646
0.0009205363899238111
0.0009205363869285031
0.0009205363860121431
0.0009205363900168549
0.0009205363867469834
0.0009205363860515022
0.0009205363898920798
0.000920536386778212
0.0009205363860058452
0.0009205363898896928
0.0009205363868889553
0.0009205363857685565
0.0009205363896701811
0.0009205363877885598
0.0009205363859298579
0.0009205363898238392
0.0009205363873326162
0.000920536385929578
0.000920536389840634
0.0009205363879016165
0.0009205363861783572
0.0009205363908728941
0.0009205363851818306
0.0009205363876505452
0.0009205363905282533
0.0009205363863785109
0.0009205363879794496
0.0009205363909975447
0.000920536386439165
0.0009205363884316321
0.0009205363912143726
0.0009205363872149804
0.001032993329291421
0.00103299333209028
0.001032993328895325
0.001032993327675418
0.001032993333297476
0.001032993329386053
0.001032993328713456
0.001032993325795425
0.001032993327614014
0.001032993330943116
0.001032993330238589
0.001032993331065377
0.001032993327597997
0.00103299332668071
0.001032993331646285
0.001032993325626242
0.001032993328356671
0.001032993331755405
0.001032993325710805
0.001032993328315195
0.001032993331596811
0.001032993326362099
0.001032993328104386
0.001032993331552633
0.00103299332664999
0.001032993328320464
0.001032993331165308
0.00103299332775038
0.001032993326735105
0.001032993331743887
0.001032993326072796
0.001032993327938769
0.001032993331485689
0.001032993326383481
0.001032993327851901
0.001032993331225068
0.001032993327412287
0.001032993326606869
0.001032993330863743
0.00103299332881036
0.001032993326616027
0.001032993331129238
0.001032993327977253
0.001032993326564546
0.001032993331102462
0.001032993328870303
0.001032993326826421
0.001032993332117852
0.001032993325873533
0.001032993328501307
0.00103299333152777
0.001032993327756057
0.001032993328604542
0.001032993332070109
0.001032993327581528
0.00103299332925711
0.001032993332265076
0.001032993328715093
0.001146825839760081
0.001146825844319548
0.001146825840958714
0.001146825839043626
0.001146825844768668
0.001146825841273708
0.001146825840710096
0.001146825837278038
0.001146825839147092
0.001146825842974708
0.001146825842301521
0.001146825842885954
0.001146825839109114
0.001146825837985499
0.00114682584342486
0.001146825837163672
0.001146825839869053
0.001146825843264219
0.001146825838146688
0.00114682583958348
0.001146825842880197
0.001146825839867101
0.001146825838295542
0.001146825843510599
0.001146825838010468
0.001146825839979457
0.001146825843069884
0.001146825839275583
0.00114682583814288
0.001146825843995039
0.001146825836658943
0.001146825839899709
0.001146825843759852
0.001146825836686838
0.001146825839770809
0.001146825843760041
0.001146825836999896
0.001146825839290709
0.001146825842735225
0.001146825840390273
0.001146825837946485
0.001146825843044038
0.001146825839509417
0.001146825837888157
0.001146825843037227
0.001146825840467446
0.001146825838162022
0.001146825844029826
0.00114682583714736
0.001146825840053559
0.001146825843158321
0.001146825839712776
0.001146825838738321
0.001146825843932136
0.001146825838887374
0.001146825840751823
0.001146825843896064
0.001146825841015126
0.001266977592829481
0.00126697759832698
0.001266977594473341
0.001266977592133084
0.001266977597253416
0.001266977596127133
0.001266977595980082
0.001266977591130053
0.001266977592320977
0.001266977596853546
0.001266977596163303
0.001266977596409538
0.001266977592356825
0.001266977590960991
0.001266977596771837
0.001266977591218475
0.00126697759290771
0.001266977596620113
0.0012669775922934
0.001266977591283971
0.001266977596424116
0.001266977593453276
0.001266977591129831
0.00126697759731445
0.00126697759082257
0.001266977593470446
0.001266977596733304
0.00126697759262222
0.001266977591294444
0.001266977597818736
0.001266977589348694
0.001266977593469944
0.001266977597522012
0.001266977589388735
0.001266977593310829
0.00126697759771274
0.00126697758938413
0.001266977592984947
0.001266977596383788
0.001266977593624395
0.001266977590968849
0.001266977596613496
0.00126697759289123
0.001266977591225349
0.001266977596795402
0.001266977593266494
0.001266977591531953
0.001266977597750276
0.001266977589907851
0.001266977593446968
0.001266977596734807
0.001266977592769202
0.001266977591514453
0.001266977597649077
0.001266977591382172
0.001266977594057672
0.001266977597437867
0.001266977594434282
0.001399980205267926
0.001399980212251453
0.001399980203787297
0.001399980205571322
0.001399980209224665
0.001399980208831505
0.001399980208982471
0.001399980204712842
0.001399980203034558
0.001399980209920813
0.001399980208800475
0.001399980208866583
0.001399980204862567
0.001399980202992463
0.001399980209135516
0.00139998020534757
0.001399980203388846
0.001399980209428853
0.001399980204939816
0.001399980203152565
0.001399980209244344
0.001399980205725545
0.001399980203292877
0.001399980210266865
0.001399980202521816
0.00139998020617057
0.00139998020954213
0.001399980205269643
0.001399980203443857
0.001399980210634558
0.001399980201363098
0.001399980206063091
0.001399980210198694
0.001399980201716933
0.001399980205685441
0.001399980210628659
0.001399980201001118
0.001399980205701149
0.001399980209238732
0.001399980205858647
0.001399980203087286
0.001399980209688823
0.001399980203796814
0.001399980205642636
0.001399980210397782
0.001399980202245604
0.001399980205875247
0.001399980210581028
0.001399980201574932
0.001399980206025417
0.001399980209412295
0.001399980205150085
0.001399980203533114
0.00139998021046968
0.001399980202685993
0.001399980206525694
0.001399980210078483
0.001399980207120996
0.001554174848121186
0.001554174855078912
0.001554174849203036
0.001554174847019164
0.001554174851941829
0.001554174851674555
0.001554174852465944
0.001554174848085524
0.001554174846209912
0.001554174853599818
0.001554174851434743
0.001554174851520709
0.001554174848344265
0.001554174845835579
0.001554174852551024
0.001554174848454245
0.001554174846006047
0.001554174852838626
0.001554174848299216
0.00155417484606763
0.001554174852662052
0.001554174848625681
0.001554174846180123
0.001554174853898828
0.001554174844880218
0.001554174849638511
0.001554174853076977
0.001554174848852549
0.001554174846192947
0.001554174853801553
0.00155417484498303
0.001554174849006013
0.001554174852792103
0.001554174847869121
0.001554174846456379
0.00155417485410252
0.001554174843424048
0.001554174849243736
0.001554174852691022
0.00155417484875552
0.001554174845883284
0.001554174853182592
0.001554174846673921
0.001554174849059524
0.001554174853967268
0.001554174843972352
0.001554174849590071
0.001554174854023038
0.001554174843993914
0.001554174849358242
0.001554174852783429
0.001554174848527905
0.001554174846176259
0.001554174853856416
0.001554174844890195
0.00155417484975725
0.001554174853445309
0.001554174850253982
0.001740570298201559
0.001740570305263712
0.001740570299705582
0.001740570300865461
0.001740570302260852
0.001740570301651276
0.001740570304042508
0.001740570295133869
0.001740570299833377
0.001740570304313736
0.001740570300254371
0.001740570300785685
0.001740570299329367
0.001740570295867466
0.001740570303008258
0.00174057029876802
0.001740570296527068
0.001740570303342997
0.001740570299033807
0.001740570296705152
0.001740570303141564
0.001740570298914335
0.001740570296734384
0.001740570304331288
0.001740570296014385
0.001740570300277792
0.001740570303753519
0.001740570300052678
0.001740570296446239
0.001740570303591679
0.001740570298812081
0.001740570297042763
0.001740570303354359
0.001740570299552714
0.001740570296389452
0.001740570304514429
0.00174057029416866
0.001740570299873082
0.001740570303139439
0.001740570298994763
0.001740570296457543
0.001740570303291209
0.001740570299630734
0.001740570296730123
0.001740570304249895
0.001740570294337134
0.001740570299942661
0.001740570304118981
0.001740570295468603
0.001740570299902868
0.001740570303320182
0.001740570299530223
0.001740570296295841
0.001740570303901073
0.001740570296362388
0.001740570300196857
0.001740570303900654
0.001740570300615524
0.001977321275048041
0.001977321281201415
0.001977321276831302
0.001977321278919053
0.001977321279127182
0.001977321279132591
0.00197732128082661
0.001977321272396056
0.001977321277601556
0.001977321280683729
0.001977321276935175
0.001977321278259803
0.001977321276545263
0.001977321272348606
0.001977321280268828
0.001977321272456625
0.001977321276606394
0.001977321280286232
0.001977321274267397
0.001977321277032424
0.00197732128038737
0.00197732127260276
0.001977321276739208
0.001977321280135497
0.001977321276965001
0.001977321274696488
0.00197732128020226
0.001977321277783756
0.001977321273768803
0.001977321280090816
0.001977321276877673
0.001977321274429765
0.001977321279789435
0.00197732127732569
0.001977321273637275
0.001977321279914799
0.001977321276381308
0.001977321274406346
0.001977321280429465
0.00197732127215317
0.001977321276711366
0.001977321279763401
0.001977321276817766
0.00197732127358993
0.001977321279397774
0.001977321276144055
0.001977321274046387
0.001977321279731209
0.001977321276453647
0.001977321274396451
0.001977321279720925
0.001977321277167143
0.00197732127356679
0.001977321279720425
0.001977321276605144
0.001977321274557998
0.001977321280098435
0.001977321277623048
0.002314125084716962
0.002314125086618162
0.002314125085362268
0.002314125084829359
0.00231412508606945
0.002314125086246518
0.002314125086873161
0.002314125082223718
0.002314125085223925
0.002314125086478405
0.002314125084332909
0.0023141250846871
0.002314125084500049
0.002314125082428817
0.002314125085698094
0.002314125084135758
0.002314125083136613
0.002314125085837118
0.002314125084186496
0.002314125083185866
0.002314125085719175
0.002314125084104592
0.002314125083301933
0.002314125086085906
0.002314125084746769
0.00231412508327224
0.002314125086179908
0.002314125084973769
0.002314125083081466
0.002314125085879096
0.002314125084399821
0.002314125083115237
0.002314125085701445
0.002314125084341448
0.002314125083776579
0.00231412508585688
0.002314125085411808
0.002314125082938598
0.0023141250860547
0.002314125081569724
0.002314125084438956
0.002314125085651074
0.002314125082861448
0.002314125083817162
0.0023141250854529
0.002314125083946547
0.002314125084147639
0.002314125085584515
0.002314125084314501
0.002314125083747107
0.002314125085721565
0.002314125084429526
0.002314125083704122
0.002314125085766349
0.002314125084721662
0.002314125083738107
0.002314125086227565
0.002314125084968321
0.002810716580233318
0.00281071658084211
0.002810716580481939
0.002810716580223797
0.002810716580849693
0.002810716580735855
0.002810716581044554
0.002810716579721882
0.002810716580399844
0.002810716580847613
0.002810716580091072
0.002810716579975683
0.002810716579875047
0.002810716579453419
0.002810716579891617
0.00281071658016903
0.002810716579634322
0.00281071658001661
0.002810716580066606
0.002810716579933161
0.002810716580021419
0.002810716579790653
0.002810716579568426
0.002810716580048786
0.002810716580108044
0.002810716579914745
0.002810716580058866
0.002810716580202279
0.002810716579816717
0.002810716579547381
0.002810716579509685
0.002810716579590948
0.002810716579767404
0.002810716579964227
0.002810716579144952
0.002810716579591892
0.00281071657999806
0.00281071657942882
0.002810716579614561
0.00281071657894735
0.002810716579398826
0.002810716579452729
0.002810716579283717
0.0028107165794298
0.002810716579422485
0.002810716579345905
0.002810716579733532
0.002810716579170244
0.002810716579876406
0.002810716579888413
0.002810716579503058
0.0028107165798961
0.002810716579888936
0.002810716579488647
0.002810716579941339
0.002810716580114824
0.002810716580222675
0.002810716580035994
0.003458992034560149
0.003458992035219462
0.003458992035214424
0.003458992035391202
0.003458992035331525
0.003458992034680365
0.003458992035730156
0.003458992035302433
0.003458992034624656
0.003458992035271461
0.003458992035650752
0.003458992033861353
0.003458992036058077
0.003458992034862083
0.003458992034187296
0.003458992034876951
0.003458992035507886
0.003458992034142299
0.003458992034713496
0.003458992035282182
0.003458992033685787
0.003458992035858745
0.003458992034426343
0.003458992033574035
0.003458992035485414
0.003458992034561216
0.003458992033678428
0.003458992035505429
0.003458992034332179
0.003458992033634069
0.003458992034532639
0.003458992034956325
0.003458992033404467
0.003458992035227935
0.003458992034039285
0.003458992033517625
0.003458992034391842
0.003458992034680278
0.003458992032969171
0.003458992035049625
0.003458992033794229
0.003458992032919497
0.003458992035091944
0.003458992033880503
0.003458992033042505
0.003458992035204912
0.003458992034068536
0.003458992033054696
0.003458992035516336
0.003458992034253091
0.003458992033531018
0.003458992034553119
0.003458992034852798
0.003458992033501799
0.003458992034553869
0.003458992035261218
0.003458992033908494
0.003458992034908193
0.004251099378758225
0.004251099382068075
0.004251099381670875
0.004251099382709047
0.004251099380408897
0.004251099379667209
0.004251099380809996
0.004251099382143494
0.004251099379510339
0.004251099380988484
0.004251099381740855
0.004251099378436827
0.004251099382638337
0.00425109938027048
0.004251099379030216
0.004251099380598935
0.004251099381566985
0.004251099378873969
0.004251099380325563
0.00425109938097502
0.004251099378253891
0.00425109938222752
0.004251099379844458
0.004251099378386402
0.004251099379751223
0.004251099380899534
0.004251099377948615
0.004251099381921023
0.004251099379375678
0.004251099378251224
0.00425109938004818
0.004251099380725518
0.004251099377878554
0.00425109938091655
0.004251099379100882
0.004251099378007636
0.004251099379542389
0.004251099380402639
0.004251099377192726
0.004251099381044694
0.004251099378975316
0.004251099377338995
0.004251099380610857
0.004251099378982029
0.004251099377714888
0.004251099379475484
0.004251099380330489
0.004251099377259784
0.004251099381673121
0.004251099379028589
0.004251099377437204
0.004251099381452979
0.004251099379405513
0.00425109937796669
0.004251099379747426
0.004251099381110666
0.004251099378311762
0.00425109937967164
0.005160475409280258
0.005160475410030138
0.005160475409427304
0.005160475413870958
0.005160475411239427
0.005160475409312085
0.005160475412341534
0.005160475411018058
0.005160475408617785
0.005160475413898085
0.005160475410552704
0.005160475408164958
0.005160475413773383
0.00516047541016316
0.005160475408109773
0.005160475413409859
0.005160475410441551
0.005160475408475637
0.005160475410418813
0.005160475411836429
0.005160475408400486
0.005160475410447715
0.005160475411347822
0.005160475407306779
0.005160475412509275
0.005160475409393578
0.005160475407147634
0.005160475412711554
0.005160475409199029
0.005160475407236136
0.005160475412054864
0.005160475409116629
0.005160475406866051
0.005160475412356903
0.005160475409027093
0.005160475407188873
0.005160475410645416
0.005160475409113472
0.005160475407025548
0.005160475408747751
0.005160475410352347
0.005160475406925892
0.005160475408959932
0.005160475410224253
0.005160475406936663
0.005160475408990744
0.005160475410321519
0.005160475406601522
0.005160475411224106
0.00516047540879323
0.005160475407103
0.005160475409445369
0.005160475410588203
0.005160475407340904
0.005160475409647716
0.005160475411394891
0.005160475407667477
0.0051604754089019
0.006165280381615468
0.006165280379704623
0.006165280379486355
0.006165280381942454
0.00616528038325352
0.006165280379638921
0.006165280381588472
0.006165280382991249
0.006165280378536087
0.006165280384575686
0.006165280380669011
0.006165280378248462
0.006165280384324613
0.006165280380278436
0.00616528037799213
0.006165280384021118
0.006165280380422705
0.006165280378379022
0.006165280380524147
0.006165280382161471
0.006165280378287428
0.006165280380091742
0.0061652803818023
0.00616528037711596
0.006165280382936197
0.006165280379349413
0.006165280376879396
0.006165280382878385
0.006165280379114352
0.006165280376681661
0.006165280382781244
0.006165280378828819
0.006165280376521435
0.006165280382560554
0.006165280378961699
0.006165280377087232
0.006165280379630089
0.00616528038029221
0.006165280375988605
0.006165280381571862
0.006165280378625547
0.006165280376357604
0.006165280378486298
0.006165280380235472
0.006165280376336887
0.006165280378430048
0.006165280380410386
0.006165280376385508
0.006165280378700114
0.006165280380112143
0.006165280376415464
0.006165280378610854
0.006165280380589131
0.006165280376767748
0.006165280379544419
0.006165280380837472
0.00616528037637438
0.006165280380670143
0.007246271213228947
0.007246271211990321
0.007246271210274859
0.007246271215819064
0.007246271213120685
0.007246271211571084
0.007246271212705936
0.007246271214812934
0.007246271210394537
0.007246271216069219
0.007246271212372273
0.007246271210230191
0.007246271215710662
0.007246271211960659
0.007246271209885115
0.007246271215250887
0.007246271211954406
0.00724627121004217
0.007246271212135716
0.007246271213443257
0.007246271210038457
0.007246271211222664
0.007246271213482344
0.007246271209297438
0.007246271211635282
0.007246271212525851
0.007246271208626492
0.007246271213883259
0.007246271210633259
0.007246271208204319
0.007246271214044107
0.007246271210165594
0.007246271208164333
0.00724627121341464
0.007246271210178231
0.007246271207914473
0.007246271213129068
0.007246271209790095
0.007246271207405983
0.007246271212518768
0.00724627120968732
0.007246271207537506
0.007246271209438868
0.007246271211341402
0.007246271207520237
0.007246271209143098
0.007246271211453493
0.007246271207336017
0.0072462712092716
0.007246271211186588
0.007246271207406604
0.007246271209150719
0.007246271211477166
0.007246271207014758
0.007246271212720166
0.007246271209569364
0.007246271207130869
0.007246271212367752
0.0083341838555612
0.008334183857539786
0.008334183854983856
0.008334183859028616
0.008334183856813684
0.008334183856073442
0.008334183856838385
0.008334183856931535
0.00833418385542567
0.008334183858659144
0.008334183856370095
0.008334183855630201
0.008334183857138917
0.008334183856854055
0.00833418385480995
0.008334183857821243
0.008334183855637698
0.008334183854458789
0.008334183857224137
0.00833418385573704
0.008334183854672375
0.008334183855312153
0.008334183856153535
0.008334183853754829
0.008334183855027799
0.008334183854937916
0.00833418385359418
0.008334183856383109
0.008334183854687942
0.008334183853371908
0.008334183856551046
0.008334183854335131
0.008334183853219896
0.008334183855902413
0.008334183854159261
0.008334183853018129
0.008334183856084316
0.00833418385376635
0.008334183852592856
0.008334183853650598
0.008334183854544552
0.00833418385217962
0.008334183853452276
0.008334183854504261
0.00833418385214613
0.008334183853228452
0.008334183854515708
0.008334183852056637
0.00833418385335139
0.008334183854419914
0.008334183852105707
0.008334183853340383
0.008334183854721035
0.008334183852022198
0.008334183855761363
0.008334183853566378
0.008334183852400222
0.008334183855898646
0.009351963531205426
0.009351963531652588
0.009351963531340535
0.009351963532787728
0.009351963531444237
0.009351963531784033
0.009351963532238146
0.009351963531444621
0.009351963531783589
0.009351963532479969
0.009351963531625099
0.009351963531551155
0.00935196353208771
0.009351963531076583
0.00935196353100619
0.009351963531783865
0.009351963530739315
0.009351963530715933
0.009351963531748594
0.009351963530482076
0.009351963530605857
0.009351963530935144
0.009351963530031608
0.009351963529662935
0.00935196353030656
0.009351963530332439
0.009351963530162816
0.009351963529919301
0.00935196353007761
0.009351963530173094
0.009351963530166423
0.009351963529835633
0.009351963529897591
0.009351963529643301
0.009351963529497223
0.009351963529995604
0.009351963530090653
0.009351963529309193
0.00935196352840106
0.009351963529034973
0.009351963529247236
0.009351963528071846
0.009351963528907964
0.00935196352925923
0.009351963528081278
0.009351963528732084
0.009351963529155637
0.009351963528320876
0.009351963528837187
0.009351963529224325
0.009351963528233968
0.009351963528930727
0.009351963529601827
0.009351963528435439
0.009351963529932183
0.009351963529721305
0.00935196352918591
0.009351963530606144
0.01028442694697579
0.01028442694592827
0.01028442694648127
0.01028442694840776
0.01028442694534624
0.01028442694688207
0.01028442694836841
0.01028442694530889
0.01028442694677036
0.01028442694798011
0.01028442694692092
0.01028442694582964
0.01028442694784841
0.0102844269457151
0.01028442694605928
0.010284426947232
0.01028442694566997
0.01028442694592962
0.01028442694778204
0.01028442694441511
0.0102844269458396
0.01028442694694212
0.01028442694452683
0.01028442694514377
0.01028442694565225
0.0102844269459324
0.01028442694653044
0.01028442694363297
0.0102844269453278
0.01028442694677923
0.0102844269440771
0.01028442694519764
0.01028442694616975
0.01028442694448376
0.01028442694386054
0.01028442694645686
0.01028442694457199
0.01028442694480159
0.0102844269429049
0.01028442694419531
0.01028442694550138
0.01028442694249214
0.01028442694421004
0.0102844269455967
0.01028442694252111
0.01028442694388468
0.01028442694498567
0.01028442694434182
0.01028442694334169
0.01028442694518427
0.01028442694383416
0.01028442694358484
0.01028442694594698
0.01028442694313221
0.01028442694485804
0.01028442694602207
0.01028442694478435
0.01028442694486859
0.01113323759053461
0.01113323758895094
0.01113323758810782
0.01113323759232475
0.01113323758675273
0.01113323758978737
0.0111332375923872
0.01113323758694749
0.01113323758964884
0.01113323759169317
0.01113323758973593
0.01113323758817616
0.01113323759146016
0.01113323758920693
0.01113323758775347
0.01113323759083699
0.01113323758875086
0.01113323758763135
0.01113323759185628
0.01113323758613661
0.01113323758872821
0.01113323759032957
0.01113323758909497
0.01113323758917878
0.01113323758833665
0.01113323758913092
0.01113323759056822
0.01113323758564005
0.01113323758842577
0.01113323759107397
0.01113323758612832
0.01113323758848429
0.01113323759044276
0.01113323758762361
0.01113323758600477
0.01113323759050469
0.01113323758707801
0.01113323758977254
0.01113323758506994
0.01113323758706078
0.01113323758958819
0.01113323758475214
0.01113323758736245
0.01113323758985099
0.01113323758447347
0.01113323758692066
0.01113323758893968
0.01113323758762523
0.0111332375856397
0.01113323758916376
0.01113323758699911
0.01113323758599612
0.0111332375902424
0.01113323758510008
0.01113323758799713
0.01113323759063204
0.01113323758572869
0.01113323758825012
0.01190311440750219
0.01190311440501215
0.01190311440363808
0.01190311440948602
0.01190311440183019
0.01190311440595117
0.01190311440957496
0.01190311440233752
0.01190311440597417
0.01190311440934935
0.01190311440327928
0.01190311440563529
0.01190311440860785
0.01190311440572738
0.0119031144035194
0.01190311440790185
0.01190311440489093
0.01190311440318251
0.01190311440912815
0.01190311440171639
0.0119031144051305
0.01190311440731802
0.01190311440663702
0.01190311440734777
0.01190311440189071
0.01190311440475835
0.01190311440782722
0.01190311440114968
0.01190311440472232
0.01190311440837141
0.01190311440201055
0.01190311440493586
0.01190311440824131
0.01190311440449427
0.01190311440137489
0.011903114406384
0.01190311440283142
0.01190311440662321
0.01190311440306205
0.01190311440168325
0.01190311440687322
0.01190311440057293
0.01190311440373047
0.01190311440712391
0.01190311440018971
0.01190311440305338
0.01190311440610992
0.01190311440410379
0.01190311440133344
0.01190311440632538
0.01190311440325782
0.01190311440203946
0.01190311440768247
0.01190311440033922
0.01190311440439735
0.01190311440805943
0.01190311440074232
0.01190311440452041
0.01259834576784925
0.0125983457645198
0.01259834576276162
0.01259834577000014
0.0125983457605575
0.01259834576540904
0.01259834576985321
0.0125983457620651
0.01259834576539213
0.01259834577008909
0.01259834576160221
0.01259834576559786
0.01259834576921657
0.01259834576579656
0.01259834576300562
0.01259834576841025
0.01259834576426834
0.01259834576210475
0.01259834576946571
0.01259834576199928
0.01259834576568774
0.01259834576747278
0.01259834576643482
0.01259834576793052
0.01259834576083892
0.01259834576394835
0.01259834576833298
0.01259834576050729
0.0125983457643418
0.01259834576814554
0.01259834576409024
0.01259834576307227
0.01259834576965207
0.01259834576525051
0.01259834576012551
0.01259834576303607
0.01259834576179089
0.01259834576709252
0.01259834576290423
0.01259834576113615
0.01259834576752375
0.01259834575996946
0.01259834576340454
0.01259834576688845
0.01259834576222388
0.01259834576078315
0.01259834576658408
0.01259834576411359
0.01259834576061068
0.01259834576726585
0.01259834576134246
0.01259834576352921
0.01259834576838647
0.01259834575911958
0.01259834576415136
0.0125983457686597
0.01259834575945016
0.01259834576415154
0.01322208304472658
0.01322208304064382
0.01322208303858015
0.01322208304703616
0.01322208303609508
0.01322208304132606
0.01322208304565085
0.01322208304177755
0.01322208303920441
0.01322208304715036
0.01322208303734373
0.0132220830420345
0.01322208304647586
0.01322208304259388
0.01322208303925637
0.01322208304557377
0.0132220830400106
0.01322208303741891
0.013222083045135
0.01322208304260381
0.01322208304423678
0.01322208304414976
0.0132220830393037
0.01322208304436728
0.01322208303931576
0.01322208303782786
0.01322208304530429
0.01322208303672639
0.0132220830406505
0.01322208304513337
0.01322208304100272
0.01322208303941626
0.0132220830479569
0.01322208304291336
0.01322208303528056
0.01322208304023376
0.01322208303729601
0.01322208304445973
0.01322208303782394
0.01322208303958615
0.01322208304471622
0.01322208303617743
0.01322208303977428
0.01322208304392941
0.01322208303901148
0.0132220830365213
0.01322208304358477
0.0132220830407246
0.0132220830366493
0.01322208304488461
0.01322208303534905
0.01322208304015341
0.01322208304551582
0.01322208303464808
0.01322208304043975
0.01322208304561323
0.01322208303524931
0.0132220830403793
0.01377635857919601
0.01377635857444072
0.01377635857212874
0.01377635858165782
0.0137763585694846
0.01377635857510692
0.01377635858001681
0.01377635857594788
0.01377635857248755
0.01377635858178388
0.01377635857093716
0.01377635857614884
0.01377635858140475
0.01377635857711106
0.01377635857321511
0.01377635858037824
0.01377635857385637
0.01377635857077878
0.01377635857941487
0.01377635857791877
0.0137763585796264
0.01377635857598605
0.01377635857213546
0.01377635857913828
0.01377635857347871
0.01377635857157025
0.01377635857989425
0.01377635857071866
0.01377635857466863
0.013776358580074
0.01377635857475294
0.01377635857563313
0.01377635858388985
0.01377635857532015
0.01377635856988926
0.01377635857463526
0.01377635857078297
0.01377635857945838
0.01377635857009763
0.01377635857388146
0.01377635857904185
0.01377635857179564
0.01377635857352449
0.01377635857862755
0.0137763585731568
0.01377635857017125
0.01377635857817346
0.01377635857498609
0.01377635857038989
0.01377635857989017
0.01377635856787791
0.01377635857415186
0.01377635858012431
0.01377635856808029
0.0137763585743464
0.0137763585799623
0.01377635856955101
0.01377635857427861
0.01426224050129192
0.01426224049594851
0.01426224049339259
0.01426224050386479
0.01426224049064282
0.01426224049662243
0.01426224050213618
0.01426224049747442
0.0142622404937612
0.01426224050405749
0.01426224049214606
0.014262240497988
0.01426224050405315
0.01426224049861943
0.01426224049508674
0.0142622405026957
0.01426224049614162
0.01426224049296326
0.01426224050206877
0.0142622404967905
0.01426224050246405
0.0142622404949763
0.01426224049564553
0.01426224050226059
0.01426224049289492
0.01426224049585191
0.01426224050209511
0.01426224049274034
0.01426224049632559
0.01426224050197939
0.01426224049777031
0.01426224049517257
0.01426224050644585
0.01426224049826901
0.01426224049382788
0.01426224049683238
0.01426224049211132
0.01426224050183464
0.01426224049117244
0.01426224049558248
0.01426224050086403
0.01426224049479405
0.01426224049252799
0.01426224050090567
0.01426224049490712
0.01426224049156142
0.01426224050035503
0.01426224049694984
0.01426224049179657
0.01426224050215671
0.01426224048909647
0.01426224049573844
0.01426224050205093
0.01426224049011555
0.01426224049590703
0.01426224050212171
0.01426224049116399
0.01426224049579418
0.0146799641387202
0.0146799641329057
0.01467996413013194
0.0146799641413867
0.01467996412723271
0.01467996413358246
0.01467996413965495
0.01467996413454731
0.01467996413054978
0.01467996414169001
0.01467996412877086
0.01467996413538945
0.01467996414324419
0.01467996413134227
0.01467996413476382
0.01467996414009927
0.01467996413376319
0.01467996413394163
0.01467996413722681
0.01467996413646564
0.01467996413923625
0.01467996413533335
0.01467996413002375
0.01467996414037184
0.01467996412855304
0.01467996413353411
0.01467996413981082
0.01467996412976152
0.01467996413341945
0.01467996413986928
0.01467996413430343
0.01467996413434143
0.01467996414363893
0.01467996414135527
0.01467996413157962
0.01467996413426481
0.01467996412898456
0.01467996413956643
0.01467996412790068
0.01467996413269114
0.0146799641384176
0.01467996413189263
0.01467996412915111
0.01467996413852426
0.01467996413203356
0.01467996412840106
0.01467996413786652
0.01467996413426432
0.01467996412856188
0.01467996413932994
0.01467996412714918
0.01467996413272304
0.01467996413951352
0.01467996412716435
0.01467996413273203
0.01467996413931219
0.01467996412944457
0.01467996413231925
0.01502900612319039
0.01502900611690537
0.01502900611442616
0.01502900612596713
0.01502900611101364
0.0150290061177418
0.01502900612432842
0.01502900611825276
0.01502900611484483
0.01502900612616969
0.01502900611336509
0.01502900611964438
0.01502900612819061
0.01502900611483435
0.0150290061195189
0.01502900612590711
0.01502900611583496
0.01502900611865428
0.01502900611998911
0.01502900611959595
0.01502900612370245
0.01502900612011109
0.01502900611370585
0.01502900612516349
0.01502900611283408
0.01502900611805761
0.01502900612473258
0.01502900611354136
0.0150290061175622
0.01502900612422059
0.01502900611852097
0.01502900611606461
0.01502900612895778
0.01502900612614981
0.0150290061158663
0.01502900611857579
0.01502900611309433
0.01502900612440881
0.01502900611183974
0.01502900611691783
0.01502900612303013
0.01502900611602157
0.01502900611325146
0.01502900612320748
0.01502900611628013
0.01502900611242158
0.01502900612245183
0.01502900611852783
0.01502900611243953
0.01502900612319366
0.01502900611409987
0.015029006116446
0.01502900612412549
0.01502900611111201
0.01502900611657711
0.01502900612281785
0.01502900611775496
0.01502900611325907
0.01530810055311019
0.01530810054456476
0.01530810054652492
0.0153081005554801
0.01530810053991293
0.0153081005470888
0.0153081005553505
0.01530810054157395
0.01530810054675595
0.0153081005551986
0.01530810054462853
0.01530810054816501
0.01530810055732526
0.01530810054473919
0.01530810054833143
0.01530810055298059
0.01530810054941559
0.01530810055065406
0.0153081005478496
0.01530810054371423
0.01530810055307706
0.0153081005496741
0.01530810054276321
0.01530810055498191
0.0153081005418719
0.01530810054752374
0.01530810055487285
0.01530810054122443
0.01530810054659612
0.01530810055363378
0.01530810054744574
0.01530810054516011
0.01530810056000546
0.01530810055030534
0.01530810054434549
0.01530810054770924
0.01530810054225007
0.01530810055433215
0.01530810054037533
0.01530810054609582
0.01530810055253726
0.01530810054531795
0.01530810054236595
0.01530810055279233
0.01530810054549422
0.01530810054145562
0.015308100551962
0.01530810054765806
0.01530810054142144
0.01530810055206556
0.01530810054484398
0.01530810054233185
0.01530810055349857
0.01530810054042901
0.01530810054560845
0.0153081005522683
0.0153081005468546
0.01530810054171261
0.01551520049664738
0.01551520048352426
0.01551520048944198
0.01551520049829103
0.01551520048234077
0.01551520048955462
0.01551520049822141
0.01551520048302553
0.0155152004894856
0.01551520049704511
0.01551520049108932
0.0155152004870596
0.01551520049810564
0.01551520049256709
0.0155152004893487
0.01551520049325632
0.01551520049252716
0.01551520049492421
0.01551520048925649
0.01551520048491038
0.01551520049582512
0.01551520049263824
0.01551520048531164
0.01551520049820809
0.01551520048400644
0.01551520049031178
0.01551520049842625
0.01551520048210956
0.01551520048894894
0.01551520049629119
0.01551520048974838
0.01551520048792285
0.01551520050376076
0.01551520049146638
0.01551520048432251
0.01551520049027883
0.01551520048486685
0.01551520049778493
0.01551520048177147
0.01551520048865321
0.01551520049538984
0.01551520048809673
0.01551520048486342
0.0155152004956852
0.01551520048808661
0.01551520048389462
0.01551520049479367
0.01551520049032642
0.01551520048388894
0.01551520049483547
0.01551520048733309
0.01551520048419542
0.01551520049613386
0.01551520048326541
0.01551520048807651
0.01551520049508326
0.01551520048910634
0.01551520048411089
0.01565187747602891
0.01565187746042803
0.01565187746822057
0.01565187747733618
0.01565187746105314
0.0156518774679958
0.01565187747644026
0.01565187746407725
0.01565187746786586
0.01565187747618093
0.01565187746945532
0.01565187746578582
0.01565187747576264
0.01565187747240908
0.01565187747502361
0.01565187746624367
0.01565187746907786
0.01565187747469675
0.01565187746746825
0.01565187746367461
0.01565187747482602
0.01565187747179319
0.01565187746418428
0.01565187747770687
0.01565187746211572
0.01565187746924714
0.01565187747774975
0.01565187746060999
0.01565187746759575
0.0156518774751491
0.01565187746831418
0.01565187746682248
0.01565187748324547
0.01565187746782881
0.01565187746291027
0.01565187746930243
0.01565187746406705
0.0156518774770365
0.01565187746083325
0.01565187746748915
0.01565187747451139
0.01565187746700913
0.01565187746365478
0.0156518774747954
0.0156518774669639
0.01565187746263802
0.01565187747386088
0.01565187746938704
0.01565187746264298
0.01565187747382256
0.01565187746618419
0.01565187746275479
0.0156518774750036
0.01565187746228089
0.01565187746684391
0.01565187747409376
0.01565187746762444
0.01565187746323642
0.01571869231174777
0.01571869229564678
0.01571869230378086
0.0157186923131212
0.01571869229650747
0.01571869230313457
0.01571869231073023
0.01571869230444611
0.01571869230015783
0.01571869231262695
0.01571869230211987
0.01571869230620344
0.01571869231152572
0.01571869230355092
0.01571869231125831
0.01571869230392354
0.01571869230068825
0.01571869231175852
0.01571869230013172
0.01571869230227604
0.01571869231057233
0.01571869230751457
0.01571869229977118
0.01571869231364202
0.01571869229766355
0.0157186923048585
0.01571869231368578
0.01571869229611341
0.01571869230307817
0.01571869231081722
0.01571869230373825
0.01571869230216865
0.01571869231860772
0.01571869230303074
0.0157186923022644
0.01571869230495795
0.0157186923028954
0.01571869231256311
0.01571869229782221
0.01571869230274805
0.01571869231038199
0.01571869230259
0.01571869229925605
0.0157186923106402
0.01571869230264122
0.01571869229820299
0.01571869230967994
0.01571869230524004
0.01571869229822716
0.01571869230961139
0.01571869230167289
0.01571869229818876
0.01571869231062236
0.01571869229813027
0.01571869230257344
0.01571869231099532
0.01571869229848556
0.01571869230198671
0.01571535961418864
0.01571535959934427
0.01571535960647468
0.01571535961595932
0.01571535959930811
0.01571535960565736
0.01571535961317939
0.01571535960742882
0.01571535960270864
0.01571535961278204
0.01571535960959082
0.0157153596121774
0.01571535961042232
0.01571535960423394
0.01571535961438235
0.01571535960580057
0.01571535960314186
0.01571535961583697
0.0157153595991834
0.01571535960538752
0.01571535961335729
0.01571535961003602
0.01571535960230571
0.01571535961561619
0.01571535960330876
0.0157153596071641
0.01571535961662046
0.01571535959882622
0.01571535960577502
0.01571535961366693
0.0157153596063904
0.01571535960459387
0.01571535962129549
0.01571535960487264
0.01571535960715556
0.01571535960724114
0.01571535960590985
0.01571535961368591
0.01571535960591534
0.01571535960245127
0.01571535961333798
0.0157153596052405
0.01571535960200423
0.01571535961356931
0.01571535960546604
0.01571535960093978
0.01571535961259489
0.01571535960817155
0.01571535960099497
0.01571535961254108
0.01571535960409615
0.01571535960080942
0.01571535961336866
0.01571535960109232
0.01571535960532925
0.01571535961407908
0.0157153595994389
0.0157153596051261
0.01564084606598604
0.01564084605195335
0.01564084605821788
0.01564084606771224
0.0156408460525365
0.01564084605742617
0.01564084606492814
0.01564084605703053
0.01564084605913359
0.01564084606301613
0.01564084606127305
0.01564084606538845
0.0156408460597715
0.0156408460551411
0.01564084606758616
0.01564084605344918
0.01564084605811506
0.01564084606820181
0.01564084605032665
0.01564084605732884
0.01564084606529679
0.01564084606148807
0.01564084605406458
0.01564084606640265
0.01564084605832469
0.01564084605582643
0.0156408460685694
0.0156408460511343
0.01564084605775416
0.01564084606581811
0.01564084605809845
0.01564084605647728
0.01564084607260538
0.01564084605972196
0.01564084605943898
0.01564084605496357
0.01564084605785375
0.01564084606560584
0.01564084605851302
0.01564084605407495
0.01564084606555299
0.01564084605715416
0.01564084605398732
0.01564084606568318
0.01564084605753657
0.01564084605295013
0.01564084606470188
0.01564084606026455
0.01564084605301334
0.01564084606463417
0.0156408460558623
0.01564084605272639
0.01564084606542215
0.01564084605296218
0.01564084605721568
0.01564084606592065
0.01564084605137457
0.01564084605703232
0.0154934228681793
0.01549342285635905
0.01549342285998212
0.01549342286865382
0.01549342286169717
0.01549342285850405
0.0154934228637493
0.01549342286233937
0.01549342286554547
0.01549342286377853
0.01549342285873636
0.01549342286825403
0.01549342286104955
0.01549342285720562
0.0154934228705645
0.0154934228539314
0.01549342286118984
0.01549342287095246
0.01549342285285816
0.0154934228599286
0.01549342286788405
0.01549342286354042
0.0154934228566552
0.01549342286883856
0.01549342286089678
0.01549342285782315
0.01549342287082298
0.01549342285525312
0.01549342286018731
0.01549342286943143
0.01549342285883076
0.01549342286201814
0.01549342287494397
0.01549342286373981
0.01549342286295087
0.01549342285667854
0.01549342286049495
0.01549342286839228
0.01549342286145236
0.01549342285689113
0.01549342286845763
0.01549342286000637
0.01549342285671874
0.01549342286845745
0.01549342286032415
0.01549342285571163
0.01549342286747653
0.01549342286299867
0.01549342285574597
0.01549342286735874
0.01549342285850031
0.01549342285543995
0.01549342286832349
0.01549342285497745
0.01549342285980642
0.01549342286853777
0.01549342285394263
0.01549342285947688
0.01527068920364471
0.01527068919770553
0.01527068919319156
0.01527068920464285
0.01527068920149344
0.01527068920276983
0.01527068919393921
0.01527068919801858
0.01527068920372979
0.01527068919835058
0.01527068919396124
0.01527068920493466
0.01527068919726031
0.01527068919357386
0.0152706892070855
0.01527068919019922
0.01527068919795675
0.01527068920767863
0.01527068918969467
0.01527068919667385
0.01527068920460157
0.01527068919955643
0.01527068919337708
0.01527068920539365
0.01527068919733957
0.01527068919428329
0.01527068920573412
0.01527068919786284
0.01527068919417174
0.0152706892073332
0.01527068919160078
0.01527068919908565
0.01527068921150367
0.0152706892011162
0.01527068920018504
0.01527068919312733
0.01527068919726949
0.01527068920524923
0.01527068919905861
0.01527068919408607
0.01527068920550702
0.01527068919698314
0.01527068919399438
0.01527068920532522
0.01527068919725305
0.01527068919265703
0.01527068920435079
0.01527068919981871
0.01527068919262875
0.01527068920416278
0.0152706891954316
0.01527068919238957
0.01527068920555856
0.01527068919040969
0.01527068919656465
0.01527068920544405
0.0152706891902776
0.01527068919598537
0.01496959123880033
0.01496959123267438
0.01496959122788031
0.01496959123949992
0.014969591238391
0.0149695912403376
0.0149695912263525
0.01496959123225409
0.01496959123907637
0.01496959123216289
0.01496959122848854
0.01496959123986381
0.01496959123218213
0.01496959122835981
0.0149695912416158
0.01496959122591442
0.01496959123296168
0.01496959124259773
0.01496959122487297
0.01496959123176584
0.0149695912396383
0.01496959123384682
0.01496959122844447
0.01496959124022617
0.01496959123227451
0.0149695912293872
0.01496959124062385
0.01496959123339553
0.0149695912290741
0.01496959124254071
0.01496959122579102
0.0149695912340736
0.01496959124629845
0.01496959123645702
0.01496959123546411
0.01496959122788473
0.01496959123243519
0.01496959124034488
0.01496959123493115
0.01496959123021098
0.01496959124158245
0.01496959123046428
0.01496959123227218
0.01496959124048255
0.0149695912325021
0.01496959122797195
0.01496959123951019
0.01496959123492713
0.01496959122785251
0.01496959123923855
0.01496959123094496
0.01496959122771329
0.01496959124105786
0.01496959122436544
0.01496959123166572
0.01496959124041447
0.01496959122597994
0.01496959123109452
0.01458648685459293
0.01458648684842899
0.01458648684412567
0.01458648685445022
0.01458648685408279
0.0145864868563367
0.0145864868417307
0.01458648684741214
0.01458648685458038
0.01458648684745617
0.01458648684386323
0.01458648685529095
0.01458648684775372
0.01458648684388782
0.01458648685690588
0.01458648684176011
0.01458648684846812
0.01458648685793314
0.01458648684059009
0.01458648684742605
0.01458648685519913
0.01458648684891563
0.01458648684443429
0.01458648685557592
0.01458648684793867
0.0145864868451149
0.01458648685616412
0.01458648684868349
0.01458648684486692
0.01458648685783266
0.01458648684170515
0.01458648684943096
0.01458648686134788
0.01458648685222945
0.01458648685131342
0.01458648684312109
0.01458648684856017
0.01458648685800537
0.01458648684506594
0.01458648684886539
0.01458648685775119
0.01458648684438489
0.01458648684852264
0.01458648685611445
0.01458648684830265
0.01458648684387405
0.01458648685517771
0.01458648685056434
0.01458648684365404
0.01458648685481196
0.01458648684740557
0.01458648684357776
0.01458648685671047
0.01458648684003887
0.01458648684740239
0.01458648685612446
0.01458648684151689
0.01458648684678508
0.01411735778982207
0.01411735778506475
0.01411735778150633
0.01411735778767642
0.01411735778806586
0.01411735779119084
0.01411735777799183
0.01411735778248355
0.014117357789703
0.0141173577827525
0.01411735777907864
0.01411735779035008
0.01411735778270862
0.01411735777961221
0.01411735779217695
0.01411735777649183
0.01411735778359331
0.01411735779279475
0.01411735777601907
0.01411735778287413
0.01411735779115671
0.01411735778170707
0.01411735778262469
0.01411735779057327
0.01411735778348596
0.01411735778052822
0.01411735779134119
0.01411735778358061
0.0141173577802589
0.01411735779223175
0.01411735777886389
0.01411735778386188
0.01411735779540865
0.01411735778801278
0.01411735778755358
0.01411735777790514
0.01411735778417869
0.0141173577936717
0.01411735777931841
0.01411735778452365
0.01411735779284738
0.01411735778014209
0.01411735778402084
0.01411735779136327
0.01411735778377843
0.01411735777947711
0.01411735779046965
0.01411735778585396
0.01411735777918833
0.01411735779004905
0.014117357783727
0.0141173577791237
0.01411735779176916
0.01411735777614319
0.01411735778287032
0.01411735779159097
0.01411735777604179
0.01411735778200654
0.01355834519703417
0.01355834519469629
0.01355834519659327
0.01355834518972954
0.01355834519315804
0.01355834519849203
0.01355834518655055
0.01355834519026697
0.01355834519745396
0.01355834519026756
0.01355834518735752
0.01355834519861796
0.01355834518843893
0.01355834519034563
0.01355834519975328
0.01355834518475607
0.01355834519123159
0.01355834520003182
0.01355834518422274
0.01355834519089544
0.01355834519934817
0.0135583451868291
0.0135583451907949
0.01355834519809841
0.01355834519173217
0.01355834518852189
0.01355834519897439
0.01355834519136972
0.01355834518815218
0.01355834519829113
0.01355834519071356
0.01355834518820968
0.01355834520028296
0.01355834519832774
0.01355834519958735
0.0135583451854777
0.01355834519218009
0.01355834520137254
0.0135583451871178
0.01355834519237333
0.01355834520036935
0.01355834518861096
0.0135583451919879
0.01355834519909309
0.01355834519177512
0.01355834518770308
0.01355834519827049
0.013558345193666
0.01355834518736303
0.01355834519785337
0.01355834519249402
0.01355834518728731
0.01355834519935343
0.01355834518486062
0.013558345190881
0.0135583451994153
0.01355834518334152
0.01355834518960962
0.01290684777366985
0.01290684777267667
0.01290684777533188
0.01290684776365893
0.01290684776832238
0.01290684777476606
0.01290684776341488
0.01290684776711904
0.01290684777534228
0.01290684776263189
0.01290684776679069
0.01290684777542191
0.01290684776284034
0.01290684776744873
0.01290684777605169
0.01290684776209735
0.012906847767683
0.01290684777579344
0.01290684776226156
0.01290684776771275
0.01290684777594121
0.01290684776236248
0.01290684776741071
0.01290684777442802
0.01290684776893441
0.01290684776552736
0.01290684777537866
0.01290684776821471
0.01290684776511493
0.01290684777454619
0.0129068477675519
0.01290684776418421
0.0129068477756716
0.01290684777445183
0.01290684777691212
0.01290684776267409
0.01290684776892352
0.01290684777768931
0.01290684776404241
0.0129068477690466
0.0129068477767303
0.01290684776555475
0.01290684776877771
0.01290684777563426
0.0129068477683424
0.01290684776514273
0.01290684777490509
0.01290684777032793
0.0129068477644902
0.01290684777451727
0.01290684776981328
0.01290684776440513
0.01290684777583854
0.01290684776226822
0.01290684776771288
0.01290684777578564
0.01290684776035805
0.01290684776632441
0.01216339080804523
0.01216339080642593
0.01216339080969291
0.01216339079669896
0.01216339080186611
0.01216339080856927
0.0121633907979388
0.01216339080142797
0.0121633908093462
0.01216339079615284
0.01216339080144307
0.0121633908091967
0.01216339079690001
0.01216339080171093
0.01216339080979399
0.01216339079700429
0.01216339080171701
0.01216339080911532
0.01216339079803854
0.01216339080202541
0.01216339080992
0.01216339079606202
0.01216339080150241
0.01216339080806918
0.01216339080412573
0.01216339080050527
0.01216339080923156
0.01216339080265832
0.01216339079971155
0.01216339080847674
0.01216339080150207
0.01216339079826941
0.01216339080881423
0.01216339080758038
0.01216339081085444
0.01216339079733626
0.01216339080313381
0.01216339081139075
0.01216339079864528
0.01216339080324872
0.01216339081058332
0.01216339079981521
0.01216339080314867
0.01216339081036278
0.01216339080067812
0.01216339080218224
0.01216339080905575
0.01216339080463089
0.01216339079928558
0.01216339080869107
0.01216339080447399
0.01216339079917296
0.01216339080984333
0.0121633907973631
0.01216339080210873
0.01216339080949456
0.01216339079573524
0.01216339080078248
0.01133423430778906
0.01133423430744325
0.01133423430961524
0.01133423429723904
0.01133423430210071
0.01133423430863077
0.01133423429886668
0.01133423430196774
0.01133423430926493
0.01133423429688932
0.01133423430203648
0.01133423430924552
0.01133423429756236
0.01133423430220313
0.01133423430971867
0.01133423429820752
0.01133423430212136
0.01133423430890494
0.01133423429967482
0.01133423430255685
0.01133423430990829
0.0113342342970424
0.01133423430207413
0.01133423430909888
0.01133423430161626
0.01133423430290009
0.01133423430923868
0.01133423430336982
0.01133423430063131
0.01133423430871311
0.01133423430191154
0.01133423429881584
0.0113342343081567
0.0113342343070364
0.01133423431074197
0.0113342342983601
0.01133423430356822
0.01133423431123552
0.0113342342996555
0.01133423430369078
0.01133423431052592
0.01133423430074887
0.01133423430374339
0.01133423431078046
0.01133423429984998
0.0113342343033068
0.01133423430947464
0.01133423430483914
0.011334234300697
0.01133423430908039
0.01133423430525561
0.01133423430032039
0.01133423431007862
0.01133423429899994
0.01133423430288345
0.01133423430968786
0.0113342342969229
0.01133423430134429
0.01043417286943204
0.01043417286958619
0.01043417287103248
0.01043417286120881
0.01043417286447286
0.01043417287058393
0.01043417286190181
0.0104341728644376
0.01043417287093885
0.01043417286033376
0.01043417286454377
0.01043417287129171
0.01043417286023294
0.01043417286464008
0.01043417287148874
0.01043417286139304
0.01043417286455283
0.0104341728707807
0.01043417286279224
0.01043417286499525
0.01043417287171959
0.01043417286032113
0.01043417286441817
0.01043417286987396
0.01043417286675061
0.01043417286379433
0.01043417287102465
0.01043417286599661
0.01043417286349276
0.01043417287081692
0.01043417286481907
0.01043417286150853
0.01043417286932648
0.01043417286850473
0.01043417287237166
0.01043417286155887
0.01043417286590096
0.01043417287288234
0.01043417286273392
0.01043417286604722
0.01043417287227228
0.01043417286381797
0.01043417286614521
0.0104341728724479
0.01043417286316881
0.01043417286609795
0.01043417287271641
0.01043417286356599
0.01043417286554703
0.01043417287130953
0.01043417286786955
0.01043417286348194
0.01043417287230003
0.01043417286235313
0.01043417286566761
0.01043417287192903
0.01043417286000405
0.01043417286390197
0.009488314019659229
0.009488314019908694
0.009488314021147845
0.009488314013780336
0.009488314015538714
0.009488314021084082
0.009488314013710305
0.009488314015551278
0.009488314021254158
0.009488314012466739
0.009488314015641193
0.009488314021734921
0.009488314012333748
0.009488314015714096
0.00948831402178385
0.009488314013220698
0.009488314015650758
0.009488314021328104
0.009488314014199646
0.009488314016025453
0.009488314022047398
0.009488314012436634
0.009488314015606333
0.009488314020495422
0.009488314017174431
0.009488314014569173
0.009488314021257117
0.009488314017252834
0.00948831401495661
0.009488314021285291
0.009488314016933001
0.009488314013266202
0.009488314019130698
0.00948831401864513
0.00948831402249436
0.009488314013556534
0.009488314016803341
0.009488314022982116
0.009488314014531887
0.009488314017031471
0.009488314022535665
0.009488314015522008
0.009488314017087673
0.0094883140226026
0.00948831401542808
0.009488314017245328
0.009488314023301605
0.009488314014303686
0.009488314017087586
0.009488314021994924
0.009488314019001439
0.009488314015255597
0.009488314023047447
0.009488314014260186
0.009488314017065526
0.009488314022663515
0.009488314012252629
0.009488314015189243
0.008531225356349254
0.008531225356602636
0.008531225357860417
0.008531225352391128
0.00853122535308465
0.008531225357974379
0.008531225352027621
0.008531225353146295
0.008531225358077788
0.008531225350812891
0.008531225353179085
0.008531225358508737
0.008531225351026631
0.008531225353279029
0.008531225358460777
0.008531225351479453
0.008531225353216118
0.008531225358320104
0.008531225351853345
0.008531225353489788
0.008531225358722312
0.008531225351111907
0.008531225353284872
0.00853122535748997
0.008531225354063277
0.008531225352111231
0.008531225357799902
0.008531225354931192
0.008531225352938101
0.008531225357749399
0.008531225355324648
0.008531225352277653
0.008531225355653647
0.008531225355171233
0.008531225359041893
0.008531225351917455
0.008531225354114177
0.008531225359330165
0.008531225352947928
0.008531225354567996
0.008531225359184241
0.008531225353585225
0.008531225354448828
0.008531225359229748
0.00853122535374937
0.00853122535468484
0.008531225359961998
0.008531225352313305
0.008531225354688209
0.008531225358962015
0.008531225356441893
0.008531225353419939
0.008531225360047362
0.008531225352667151
0.008531225354858573
0.008531225359744623
0.008531225351130226
0.008531225353084345
0.007602314765717501
0.00760231476589896
0.007602314767190019
0.007602314763222455
0.007602314763213643
0.00760231476738997
0.007602314762826307
0.007602314763307762
0.007602314767387049
0.007602314761793409
0.007602314763284024
0.007602314767720777
0.007602314762243718
0.007602314763484975
0.007602314767667689
0.007602314762234194
0.007602314763337537
0.007602314767809517
0.007602314762060901
0.007602314763516721
0.007602314767863963
0.007602314762341695
0.007602314763515708
0.007602314766937001
0.00760231476393562
0.007602314762501904
0.007602314767743026
0.00760231476345622
0.007602314763780162
0.007602314766680901
0.007602314765066737
0.007602314764692582
0.00760231476530214
0.007602314763700609
0.007602314768172805
0.007602314762569726
0.007602314763984905
0.007602314767893205
0.007602314764576503
0.007602314764888579
0.007602314768367507
0.007602314764039057
0.007602314764361253
0.00760231476843977
0.007602314764171557
0.007602314764599279
0.007602314769016977
0.00760231476313647
0.007602314764723507
0.007602314768358043
0.007602314766210867
0.007602314764121028
0.00760231476940798
0.007602314763560369
0.007602314765097638
0.0076023147692101
0.007602314762648884
0.007602314763767299
0.006737962061110653
0.006737962061080365
0.006737962062305591
0.006737962059410164
0.006737962059181269
0.00673796206259866
0.00673796205926285
0.006737962059271366
0.006737962062374599
0.006737962058738807
0.006737962059225681
0.006737962062541736
0.00673796205945758
0.006737962059620402
0.006737962062689299
0.006737962058710312
0.006737962059253617
0.006737962062943347
0.006737962058471736
0.006737962059379774
0.006737962062792654
0.006737962059036356
0.006737962059493441
0.006737962062136901
0.00673796205984568
0.006737962058722508
0.006737962062922688
0.006737962059150076
0.006737962059574062
0.006737962061683985
0.006737962060818157
0.006737962061210636
0.00673796206057784
0.006737962059404677
0.006737962063024539
0.006737962059148147
0.006737962059773461
0.006737962062720495
0.006737962060517713
0.006737962060647928
0.006737962063358943
0.006737962060118022
0.006737962060084592
0.00673796206347141
0.006737962060055177
0.006737962060295936
0.006737962063804679
0.006737962059727693
0.006737962060528252
0.006737962063551923
0.006737962061368652
0.006737962060838069
0.006737962064435277
0.006737962060051917
0.006737962061009357
0.006737962064209347
0.006737962059988727
0.00673796206054418
0.005963116153704266
0.005963116153233923
0.005963116154285373
0.005963116152059546
0.005963116152079409
0.005963116154691465
0.00596311615241456
0.005963116152125606
0.00596311615422337
0.005963116152054335
0.005963116152119584
0.005963116154455695
0.005963116152388384
0.00596311615242074
0.005963116154646177
0.005963116151922789
0.005963116152059928
0.005963116154913971
0.005963116151799602
0.005963116152166817
0.005963116154689149
0.005963116152264411
0.005963116152291532
0.005963116154204444
0.005963116152617729
0.005963116151782113
0.005963116154844
0.005963116152135415
0.0059631161522624
0.005963116153793657
0.005963116153342166
0.005963116153964755
0.005963116152819024
0.005963116152479403
0.005963116154687254
0.005963116152402655
0.005963116152552745
0.00596311615477015
0.005963116153075314
0.005963116153097436
0.005963116155256659
0.005963116152975271
0.00596311615270608
0.005963116155395413
0.005963116152698725
0.005963116152892231
0.005963116155419035
0.005963116153156245
0.005963116153229277
0.005963116155549605
0.005963116153782973
0.00596311615356235
0.005963116156257544
0.005963116153329272
0.005963116153715742
0.005963116155800335
0.005963116153751608
0.005963116154541062
0.005286140023752289
0.005286140022839359
0.005286140023888272
0.005286140022105115
0.005286140022210705
0.005286140024155804
0.005286140022598516
0.00528614002233272
0.005286140023809945
0.005286140022306551
0.005286140022244474
0.005286140023905239
0.005286140022411241
0.005286140022457123
0.00528614002406138
0.005286140022297565
0.005286140022208564
0.005286140024221476
0.005286140022356639
0.005286140022319678
0.005286140024053694
0.005286140022658781
0.00528614002239563
0.005286140023742228
0.005286140022552236
0.005286140022065696
0.005286140024091886
0.005286140022582803
0.00528614002241232
0.005286140023414904
0.005286140023152421
0.005286140023835442
0.005286140022736131
0.005286140022548656
0.005286140024045908
0.00528614002251166
0.0052861400225907
0.005286140024280258
0.005286140022923816
0.005286140022876355
0.005286140024551041
0.005286140023004778
0.005286140022684156
0.005286140024633189
0.005286140022940387
0.005286140022850504
0.005286140024660937
0.005286140023210318
0.005286140023153906
0.005286140024825484
0.005286140023523368
0.005286140023437521
0.005286140025475391
0.005286140023696833
0.00528614002373988
0.005286140025195911
0.005286140024164498
0.005286140025407423
0.004699266247724925
0.004699266246349322
0.004699266247437842
0.004699266245985182
0.004699266246081584
0.004699266247504136
0.004699266246412198
0.004699266246309088
0.004699266247395284
0.004699266246249951
0.004699266246099268
0.004699266247324351
0.004699266246246192
0.004699266246297793
0.004699266247404348
0.004699266246316031
0.004699266246147719
0.004699266247580248
0.004699266246340362
0.004699266246220309
0.004699266247373921
0.004699266246413124
0.004699266246230439
0.004699266247228476
0.004699266246149491
0.004699266246012153
0.004699266247351402
0.004699266246554491
0.00469926624640902
0.004699266246970858
0.004699266246770293
0.004699266247434096
0.004699266246493288
0.004699266246337068
0.004699266247419963
0.004699266246346151
0.004699266246397426
0.004699266247653906
0.004699266246576243
0.004699266246514865
0.004699266247750907
0.004699266246639956
0.004699266246461277
0.004699266247763421
0.004699266246673712
0.004699266246596937
0.004699266247877618
0.004699266246893216
0.004699266246841427
0.00469926624806964
0.004699266247166531
0.004699266247107164
0.004699266248617699
0.004699266247646479
0.00469926624753644
0.004699266248571895
0.004699266248084057
0.004699266249606449
0.004183896899410213
0.004183896897512251
0.00418389689861932
0.004183896897435236
0.004183896897500734
0.004183896898564101
0.004183896897813654
0.004183896897799786
0.004183896898634901
0.004183896897711942
0.004183896897494754
0.004183896898433419
0.004183896897747976
0.004183896897777428
0.00418389689839322
0.004183896897753904
0.004183896897616934
0.004183896898609147
0.004183896897759907
0.004183896897649819
0.004183896898468053
0.004183896897714377
0.004183896897600828
0.004183896898402641
0.004183896897494788
0.004183896897427599
0.004183896898286867
0.004183896897954769
0.004183896898015129
0.004183896898199323
0.004183896897986615
0.004183896898598649
0.004183896897826304
0.0041838968976812
0.004183896898493353
0.004183896897801287
0.004183896897821495
0.004183896898666914
0.004183896897824778
0.004183896897779885
0.004183896898712115
0.004183896897882531
0.004183896897792428
0.00418389689869151
0.004183896897914824
0.004183896897892185
0.004183896898808273
0.004183896898130608
0.004183896898102367
0.004183896898988918
0.004183896898381594
0.004183896898370707
0.00418389689945008
0.004183896899004664
0.004183896898861251
0.004183896899613676
0.00418389689942285
0.004183896901044534
0.003717652186576873
0.003717652184314361
0.003717652185399854
0.003717652184449896
0.003717652184488765
0.003717652185276114
0.003717652184792043
0.003717652184818377
0.003717652185478844
0.003717652184714499
0.003717652184453851
0.003717652185180527
0.003717652184728941
0.003717652184746501
0.003717652185075776
0.003717652184652589
0.003717652184589089
0.00371765218527851
0.003717652184697927
0.003717652184627585
0.003717652185253245
0.003717652184623544
0.003717652184536547
0.003717652185223777
0.003717652184474115
0.003717652184393194
0.003717652184972956
0.00371765218474836
0.003717652185026463
0.003717652185084987
0.00371765218480847
0.003717652185360536
0.003717652184740122
0.003717652184599885
0.0037176521852154
0.003717652184718132
0.003717652184728036
0.003717652185321886
0.003717652184675547
0.003717652184653657
0.003717652185358921
0.00371765218473651
0.003717652184688182
0.003717652185329361
0.003717652184760096
0.003717652184761883
0.003717652185435997
0.003717652184968014
0.003717652184945911
0.003717652185586905
0.003717652185201504
0.003717652185222517
0.003717652185927104
0.003717652185751158
0.003717652185690899
0.003717652186302238
0.00371765218626295
0.003717652187845158
0.003280098705126256
0.003280098702647088
0.003280098703669778
0.003280098702939608
0.003280098702962089
0.003280098703547227
0.003280098703265767
0.003280098703282257
0.003280098703800769
0.003280098703165603
0.003280098702886743
0.003280098703444586
0.003280098703101212
0.003280098703114299
0.00328009870332991
0.003280098703038925
0.003280098703015309
0.003280098703492172
0.003280098703101596
0.003280098703064774
0.003280098703565027
0.003280098703032234
0.003280098702949779
0.003280098703563199
0.003280098702948907
0.00328009870282987
0.003280098703231147
0.003280098703076119
0.003280098703525056
0.00328009870349329
0.003280098703135102
0.003280098703630167
0.00328009870313946
0.003280098702997411
0.003280098703462284
0.003280098703073934
0.003280098703082616
0.003280098703515393
0.003280098703027537
0.003280098703022488
0.003280098703543992
0.003280098703087339
0.003280098703060245
0.003280098703520965
0.003280098703120794
0.00328009870312697
0.003280098703636277
0.003280098703311247
0.003280098703270202
0.00328009870373501
0.003280098703558085
0.003280098703596111
0.003280098704017828
0.00328009870394802
0.003280098703942406
0.003280098704552892
0.003280098704572149
0.003280098705966732
0.002855751115322399
0.002855751112785836
0.002855751113708737
0.002855751113213218
0.002855751113229181
0.002855751113647357
0.002855751113487281
0.002855751113450672
0.002855751113863453
0.002855751113345055
0.002855751113077297
0.002855751113498051
0.0028557511132613
0.002855751113261208
0.002855751113395482
0.002855751113210605
0.002855751113201152
0.002855751113524151
0.00285575111326377
0.002855751113240794
0.002855751113646384
0.002855751113204892
0.002855751113123159
0.002855751113676477
0.002855751113180145
0.002855751113021534
0.00285575111330226
0.00285575111319906
0.002855751113677106
0.002855751113599552
0.002855751113242635
0.002855751113685408
0.002855751113303957
0.002855751113154075
0.002855751113502492
0.002855751113151979
0.002855751113162603
0.002855751113523275
0.00285575111315988
0.002855751113159294
0.002855751113529231
0.002855751113216609
0.002855751113201579
0.002855751113517917
0.002855751113246047
0.002855751113252482
0.002855751113655063
0.00285575111342897
0.002855751113355662
0.002855751113689129
0.00285575111362558
0.00285575111368989
0.002855751113956001
0.002855751113932252
0.002855751113941395
0.002855751114484343
0.002855751114528223
0.002855751115715161
0.002434628460112769
0.002434628457715514
0.00243462845850383
0.002434628458177229
0.002434628458203277
0.002434628458429666
0.002434628458343587
0.002434628458317709
0.002434628458646834
0.002434628458239457
0.002434628458014597
0.002434628458325824
0.002434628458168484
0.00243462845814778
0.002434628458237542
0.002434628458165976
0.002434628458158926
0.002434628458357963
0.002434628458183233
0.002434628458145722
0.002434628458468484
0.002434628458119133
0.002434628458043545
0.002434628458525678
0.0024346284581386
0.002434628457956848
0.00243462845815304
0.002434628458087832
0.00243462845851595
0.002434628458426959
0.002434628458114408
0.002434628458499925
0.002434628458213246
0.002434628458058146
0.002434628458318993
0.002434628458035863
0.002434628458037917
0.00243462845832676
0.002434628458059161
0.002434628458049275
0.002434628458299826
0.002434628458135608
0.002434628458124942
0.002434628458300846
0.002434628458134287
0.002434628458137134
0.002434628458401355
0.002434628458249675
0.002434628458190179
0.002434628458432716
0.00243462845842899
0.002434628458506852
0.002434628458684436
0.002434628458700771
0.002434628458697525
0.002434628459109772
0.002434628459166158
0.002434628460087527
0.002011490792418904
0.002011490790278024
0.002011490790900485
0.002011490790688346
0.002011490790717759
0.002011490790849664
0.002011490790808829
0.002011490790743913
0.002011490791009996
0.002011490790704135
0.002011490790544491
0.002011490790773946
0.002011490790668455
0.00201149079061642
0.002011490790691264
0.002011490790669633
0.002011490790668978
0.002011490790815236
0.002011490790699436
0.002011490790631615
0.002011490790875217
0.002011490790617165
0.002011490790555826
0.002011490790935392
0.002011490790654768
0.002011490790484599
0.002011490790619574
0.002011490790579958
0.002011490790916795
0.002011490790838348
0.00201149079059288
0.002011490790896592
0.002011490790696018
0.002011490790556923
0.002011490790749705
0.002011490790539012
0.002011490790529411
0.002011490790760578
0.002011490790567442
0.002011490790538888
0.002011490790700141
0.002011490790618712
0.00201149079061325
0.002011490790713351
0.002011490790567314
0.002011490790566709
0.002011490790778464
0.002011490790673161
0.002011490790626402
0.002011490790829669
0.002011490790847077
0.002011490790883736
0.002011490790998415
0.002011490791016154
0.002011490791008105
0.002011490791307551
0.002011490791383852
0.002011490792077937
0.00158502012390124
0.001585020122179873
0.001585020122617906
0.00158502012247319
0.001585020122521012
0.001585020122548207
0.001585020122544839
0.001585020122480827
0.001585020122679593
0.001585020122462294
0.001585020122383564
0.001585020122532176
0.001585020122475636
0.001585020122403322
0.001585020122470566
0.001585020122466124
0.001585020122473723
0.001585020122562674
0.001585020122496988
0.001585020122423758
0.001585020122591119
0.001585020122420487
0.001585020122378401
0.001585020122641797
0.00158502012245967
0.001585020122320937
0.001585020122410878
0.001585020122390862
0.001585020122619765
0.001585020122561692
0.001585020122392533
0.001585020122604551
0.001585020122478795
0.001585020122370016
0.00158502012250467
0.001585020122363725
0.001585020122346047
0.001585020122523995
0.001585020122393684
0.001585020122348045
0.001585020122443825
0.001585020122408865
0.001585020122408037
0.001585020122465435
0.001585020122357559
0.001585020122347867
0.001585020122508722
0.001585020122435696
0.001585020122393788
0.001585020122536464
0.001585020122551377
0.001585020122565588
0.00158502012262775
0.001585020122635311
0.0015850201226271
0.001585020122819787
0.001585020122880863
0.001585020123344931
0.001158219348736246
0.001158219347592188
0.001158219347856543
0.00115821934773546
0.001158219347797073
0.001158219347779069
0.001158219347817532
0.001158219347744457
0.0011582193478788
0.001158219347730932
0.001158219347724823
0.001158219347791766
0.00115821934778008
0.001158219347710515
0.001158219347767691
0.001158219347759524
0.001158219347773676
0.001158219347814202
0.001158219347789017
0.001158219347727244
0.001158219347828244
0.00115821934773121
0.001158219347707916
0.001158219347861818
0.001158219347761992
0.00115821934766585
0.001158219347721048
0.001158219347714573
0.00115821934784388
0.001158219347804634
0.001158219347707883
0.001158219347834857
0.001158219347766269
0.001158219347694758
0.001158219347777124
0.001158219347696563
0.001158219347679165
0.001158219347792723
0.001158219347717119
0.001158219347674888
0.001158219347725267
0.00115821934771248
0.001158219347713593
0.001158219347744917
0.001158219347679581
0.001158219347665331
0.001158219347763371
0.001158219347719537
0.00115821934768725
0.001158219347767151
0.001158219347777301
0.001158219347778391
0.001158219347803898
0.001158219347803338
0.001158219347794413
0.00115821934789483
0.001158219347929719
0.001158219348174142
0.0006876256225085188
0.000687625622032221
0.0006876256221751977
0.0006876256220485979
0.0006876256221687345
0.0006876256220682987
0.0006876256221798234
0.0006876256220650598
0.0006876256221873227
0.0006876256220647046
0.000687625622126145
0.0006876256220957586
0.0006876256221372756
0.0006876256220736539
0.0006876256221302147
0.0006876256220936134
0.0006876256221196693
0.000687625622115771
0.0006876256221285418
0.0006876256220873679
0.0006876256221345276
0.0006876256220914535
0.0006876256220911929
0.0006876256221424524
0.0006876256221118875
0.0006876256220660024
0.000687625622094312
0.0006876256220949535
0.000687625622136883
0.0006876256221080148
0.0006876256220807557
0.0006876256221306306
0.0006876256221022766
0.0006876256220723459
0.0006876256221015505
0.0006876256220707853
0.0006876256220662341
0.0006876256221064023
0.0006876256220769765
0.0006876256220555786
0.0006876256220732797
0.0006876256220651052
0.0006876256220645516
0.0006876256220744052
0.0006876256220496025
0.0006876256220416791
0.0006876256220735258
0.0006876256220553155
0.0006876256220375878
0.0006876256220576643
0.0006876256220551541
0.0006876256220421672
0.0006876256220443323
0.0006876256220358019
0.0006876256220268395
0.0006876256220445595
0.0006876256220540588
0.0006876256220749042
0.0004811430115798391
0.0004811430115762826
0.0004811430115796909
0.0004811430115768574
0.0004811430115801167
0.0004811430115770795
0.0004811430115802161
0.000481143011577435
0.0004811430115801716
0.000481143011577674
0.0004811430115792632
0.000481143011578082
0.0004811430115794259
0.0004811430115779378
0.0004811430115790067
0.000481143011578251
0.0004811430115788953
0.0004811430115785568
0.0004811430115789093
0.0004811430115781003
0.0004811430115788778
0.000481143011578309
0.0004811430115785185
0.0004811430115791168
0.0004811430115785846
0.0004811430115781415
0.0004811430115787091
0.0004811430115785288
0.0004811430115789808
0.000481143011578575
0.0004811430115782303
0.0004811430115787707
0.0004811430115784596
0.0004811430115780302
0.0004811430115781805
0.0004811430115779351
0.000481143011578016
0.0004811430115781902
0.0004811430115779479
0.0004811430115777221
0.0004811430115778023
0.0004811430115781143
0.0004811430115780329
0.0004811430115776482
0.0004811430115775789
0.0004811430115774713
0.0004811430115777454
0.0004811430115775524
0.0004811430115773321
0.000481143011577571
0.0004811430115776566
0.0004811430115773027
0.000481143011577271
0.0004811430115770039
0.0004811430115767248
0.0004811430115762124
0.0004811430115768968
0.0004811430115757426
)
;

boundaryField
{
    inlet
    {
        type            cyclic;
    }
    outlet
    {
        type            cyclic;
    }
    bottomWall
    {
        type            fixedValue;
        value           uniform 0.0015;
    }
    topWall
    {
        type            fixedValue;
        value           uniform 0.0015;
    }
    left
    {
        type            cyclic;
    }
    right
    {
        type            cyclic;
    }
}


// ************************************************************************* //
