/*--------------------------------*- C++ -*----------------------------------*\
| =========                 |                                                 |
| \\      /  F ield         | OpenFOAM: The Open Source CFD Toolbox           |
|  \\    /   O peration     | Version:  v1812                                 |
|   \\  /    A nd           | Web:      www.OpenFOAM.com                      |
|    \\/     M anipulation  |                                                 |
\*---------------------------------------------------------------------------*/
FoamFile
{
    version     2.0;
    format      ascii;
    class       volScalarField;
    location    "20000";
    object      nuTilda_0;
}
// * * * * * * * * * * * * * * * * * * * * * * * * * * * * * * * * * * * * * //

dimensions      [0 2 -1 0 0 0 0];


internalField   nonuniform List<scalar> 
3770
(
0.0004779508472261874
0.0004779508472267762
0.0004779508472208234
0.000477950847225751
0.0004779508472233435
0.0004779508472263109
0.0004779508472256707
0.0004779508472290153
0.0004779508472240723
0.0004779508472195366
0.0004779508472261532
0.0004779508472266251
0.0004779508472205691
0.0004779508472250913
0.0004779508472226702
0.0004779508472264308
0.0004779508472234049
0.0004779508472187046
0.0004779508472315699
0.0004779508472265037
0.0004779508472252658
0.0004779508472195517
0.0004779508472246059
0.000477950847217083
0.0004779508472301863
0.0004779508472263622
0.0004779508472246952
0.0004779508472230975
0.0004779508472265797
0.0004779508472263751
0.0004779508472210819
0.0004779508472255377
0.000477950847226975
0.0004779508472196942
0.0004779508472257184
0.0004779508472260687
0.000477950847221093
0.0004779508472254529
0.0004779508472257448
0.0004779508472198233
0.0004779508472255757
0.0004779508472259133
0.0004779508472207199
0.000477950847225118
0.0004779508472246664
0.0004779508472224594
0.0004779508472254737
0.0004779508472172373
0.0004779508472296914
0.0004779508472268056
0.0004779508472245734
0.0004779508472188651
0.0004779508472243261
0.0004779508472192596
0.0004779508472270947
0.0004779508472220269
0.0004779508472215963
0.0004779508472165985
0.0002847888859426292
0.0002847888861154366
0.0002847888858259457
0.0002847888858426303
0.0002847888861109218
0.0002847888860985858
0.0002847888860230366
0.0002847888859344332
0.0002847888858777464
0.0002847888859712434
0.0002847888859347397
0.0002847888861168777
0.0002847888857950095
0.0002847888858174625
0.0002847888860286274
0.0002847888859829219
0.0002847888858698178
0.0002847888860023947
0.0002847888859213052
0.0002847888858538465
0.0002847888860701633
0.0002847888857519585
0.0002847888858701592
0.0002847888860240339
0.0002847888859106212
0.0002847888858401573
0.0002847888860427666
0.0002847888858480581
0.0002847888859373035
0.0002847888861027992
0.0002847888857763993
0.0002847888858543798
0.000284788886131975
0.0002847888857782815
0.0002847888858703921
0.0002847888860824323
0.000284788885760999
0.0002847888858455251
0.0002847888860749576
0.0002847888857595191
0.0002847888858746748
0.0002847888860879555
0.000284788885774443
0.0002847888858521621
0.0002847888860470818
0.0002847888858235674
0.0002847888859151708
0.0002847888860366587
0.0002847888859281093
0.0002847888858721362
0.0002847888860886776
0.0002847888858241097
0.0002847888859157002
0.0002847888860824538
0.0002847888860307913
0.0002847888860202526
0.000284788886253914
0.0002847888858950469
0.000412515533429115
0.0004125155341328839
0.0004125155327429378
0.0004125155331099958
0.0004125155342751383
0.000412515533995039
0.0004125155336717347
0.000412515533427968
0.0004125155330025136
0.0004125155336902465
0.0004125155335386198
0.0004125155341635791
0.0004125155326208704
0.0004125155330362226
0.0004125155339450461
0.0004125155335875703
0.0004125155328414905
0.0004125155338142859
0.000412515533439855
0.0004125155328081383
0.0004125155342635561
0.000412515532543318
0.0004125155332405507
0.0004125155338804642
0.0004125155333552603
0.0004125155327597034
0.0004125155341409108
0.0004125155328450836
0.0004125155333037111
0.000412515534168186
0.0004125155325692516
0.0004125155331649556
0.0004125155342710163
0.0004125155325446403
0.0004125155332392069
0.0004125155341389485
0.0004125155325190302
0.000412515533156924
0.0004125155342185733
0.0004125155325177218
0.0004125155332487303
0.0004125155341206042
0.0004125155325897854
0.0004125155331830215
0.0004125155341620771
0.000412515532685511
0.0004125155332177079
0.0004125155339271315
0.0004125155334168288
0.0004125155328402373
0.0004125155342196098
0.0004125155328687276
0.0004125155333945978
0.0004125155341319502
0.0004125155337859158
0.0004125155333324399
0.0004125155347042239
0.0004125155331170126
0.0005565899835423004
0.0005565899854032752
0.0005565899826462691
0.0005565899837281205
0.0005565899857956738
0.0005565899855361537
0.0005565899838351884
0.0005565899836935379
0.0005565899836439677
0.000556589984635953
0.0005565899842550013
0.0005565899854096717
0.000556589982353388
0.000556589983446802
0.0005565899849332933
0.00055658998411163
0.0005565899828430334
0.000556589984856704
0.0005565899838662935
0.0005565899828884888
0.0005565899853616247
0.0005565899825460606
0.000556589983655265
0.0005565899849825019
0.000556589983641108
0.0005565899828400638
0.0005565899852525652
0.0005565899828012394
0.0005565899837422437
0.0005565899853884167
0.0005565899823350654
0.000556589983626368
0.0005565899854403261
0.0005565899823984329
0.0005565899836624513
0.000556589985333631
0.0005565899822582612
0.000556589983598968
0.0005565899853531349
0.0005565899823532718
0.0005565899836743968
0.0005565899852302244
0.0005565899825766761
0.0005565899836551165
0.0005565899852378809
0.000556589982850196
0.0005565899836655517
0.0005565899850863879
0.0005565899838347898
0.000556589982965287
0.0005565899852744084
0.0005565899836577671
0.0005565899838800376
0.0005565899853834892
0.0005565899844559914
0.0005565899836632912
0.0005565899858093132
0.0005565899841091268
0.0006856352352715387
0.0006856352378931746
0.0006856352341083459
0.0006856352357672053
0.0006856352385329054
0.0006856352376034073
0.0006856352357670762
0.0006856352349147658
0.0006856352351720265
0.0006856352367656009
0.0006856352363365796
0.0006856352377996881
0.0006856352336103315
0.000685635235246092
0.000685635237103927
0.000685635235853061
0.0006856352343498112
0.0006856352370699853
0.0006856352356892428
0.0006856352344086262
0.0006856352374357931
0.0006856352345825939
0.0006856352353176252
0.0006856352372504898
0.0006856352353023183
0.0006856352344139115
0.0006856352376053923
0.0006856352340526187
0.0006856352355481087
0.0006856352377267625
0.0006856352337059222
0.0006856352354632566
0.0006856352377332125
0.0006856352337553601
0.0006856352354625263
0.0006856352376827055
0.0006856352335713194
0.0006856352354003925
0.0006856352375947506
0.0006856352337578464
0.0006856352354660468
0.0006856352374139223
0.0006856352344077366
0.0006856352354895818
0.0006856352374744332
0.0006856352345219706
0.0006856352354990804
0.0006856352374145743
0.0006856352356168239
0.0006856352345788564
0.0006856352374827136
0.0006856352356411791
0.0006856352350010861
0.0006856352377273146
0.0006856352363838982
0.0006856352353685768
0.0006856352381612434
0.0006856352360619124
0.0008057667013434891
0.000805766704681743
0.0008057666999334981
0.0008057667020550552
0.0008057667052301426
0.0008057667038610788
0.0008057667022217524
0.0008057667013543541
0.0008057667002237309
0.0008057667033197668
0.0008057667022446774
0.0008057667044075251
0.0008057666992789428
0.0008057667013510832
0.0008057667035365082
0.0008057667017567264
0.00080576670021933
0.0008057667035469375
0.0008057667017663234
0.0008057667002590644
0.0008057667036703773
0.0008057667013309882
0.0008057667004947058
0.0008057667037652745
0.0008057667012816548
0.0008057667003362032
0.0008057667042909541
0.0008057666995179469
0.0008057667016216275
0.0008057667042446539
0.0008057666995875599
0.0008057667015486372
0.0008057667042040457
0.0008057666995544591
0.0008057667015421998
0.0008057667042410407
0.000805766699342722
0.0008057667014787382
0.0008057667039260387
0.0008057666999875859
0.0008057667015834118
0.0008057667039323357
0.000805766700389776
0.0008057667016142655
0.0008057667039716744
0.0008057667004995401
0.0008057667016292191
0.0008057667039764808
0.0008057667016923714
0.000805766700516058
0.0008057667040417541
0.0008057667017169174
0.00080576670082563
0.0008057667042787147
0.0008057667024217557
0.000805766701341716
0.0008057667047539026
0.0008057667022477312
0.0009205363734671985
0.0009205363775101265
0.0009205363718443285
0.000920536374317383
0.0009205363774442107
0.0009205363767636
0.0009205363760236143
0.0009205363729983995
0.0009205363717036413
0.000920536375808886
0.0009205363743763487
0.0009205363769785952
0.0009205363711072916
0.0009205363734945713
0.0009205363760177989
0.0009205363735737464
0.0009205363721289603
0.0009205363760833093
0.0009205363738076097
0.0009205363721635514
0.0009205363761033665
0.0009205363736794597
0.0009205363722805254
0.0009205363762896881
0.0009205363733081948
0.0009205363722978761
0.0009205363769115678
0.0009205363713693728
0.0009205363736948394
0.0009205363766453328
0.0009205363718608028
0.0009205363734483121
0.0009205363765603172
0.0009205363717120313
0.0009205363734480605
0.0009205363767444165
0.0009205363713421726
0.0009205363735600603
0.000920536376267518
0.0009205363724253321
0.0009205363737741178
0.0009205363766147484
0.0009205363719595966
0.000920536373773165
0.000920536376500964
0.0009205363724212167
0.0009205363737984243
0.000920536376524315
0.0009205363737689804
0.0009205363724698436
0.0009205363765741202
0.000920536373788932
0.0009205363727611364
0.000920536376819619
0.0009205363743012235
0.0009205363733117514
0.0009205363773151628
0.0009205363744451807
0.001032993312676534
0.00103299331723609
0.001032993310917779
0.001032993313592606
0.001032993316658124
0.001032993316267489
0.001032993315853337
0.001032993311806063
0.001032993310297667
0.001032993315180952
0.001032993313645222
0.00103299331641971
0.001032993310010137
0.001032993312590969
0.001032993315471293
0.00103299331234533
0.001032993310985638
0.001032993315572334
0.00103299331267852
0.001032993311035405
0.001032993315479389
0.001032993312881492
0.001032993311310417
0.001032993315737265
0.001032993312290636
0.001032993311212114
0.001032993316464248
0.001032993310181137
0.001032993312701412
0.001032993315552358
0.001032993312570014
0.001032993311246245
0.001032993315436477
0.001032993312332037
0.001032993311230427
0.001032993316036646
0.00103299331070139
0.001032993312400079
0.001032993315653283
0.001032993311520329
0.001032993312948683
0.0010329933163098
0.001032993310191539
0.001032993312878017
0.001032993315934694
0.001032993311295662
0.001032993312924803
0.001032993315966848
0.001032993312747383
0.001032993311335506
0.001032993316018141
0.001032993312576932
0.001032993311803641
0.001032993316261699
0.001032993313067114
0.001032993312170568
0.001032993316757207
0.001032993313436761
0.001146825823683083
0.001146825827667071
0.001146825821294823
0.001146825823739895
0.001146825826442341
0.001146825826274447
0.001146825826083637
0.001146825821468956
0.001146825819754939
0.00114682582527357
0.001146825824019292
0.001146825826646745
0.001146825819457359
0.001146825822469869
0.001146825825614572
0.001146825822117189
0.001146825820606947
0.001146825825856802
0.001146825821956122
0.001146825820906726
0.001146825825818396
0.001146825821919073
0.001146825822326428
0.001146825825913575
0.001146825822052571
0.001146825820880371
0.001146825826782968
0.001146825819593235
0.001146825822557053
0.001146825825667026
0.00114682582269492
0.00114682582057496
0.001146825825559276
0.001146825822515838
0.001146825820467878
0.001146825825586173
0.00114682582253907
0.001146825820837821
0.001146825825867757
0.00114682582109541
0.00114682582285288
0.001146825826535521
0.001146825819711542
0.001146825822668385
0.001146825826027837
0.001146825821139679
0.001146825822779267
0.001146825826108778
0.001146825822451071
0.001146825820942858
0.001146825826534966
0.001146825820848608
0.001146825822707452
0.001146825826372274
0.001146825822725721
0.001146825821719395
0.00114682582714815
0.001146825822171045
0.001266977575774302
0.00126697757948221
0.001266977575280654
0.001266977575510793
0.001266977577873037
0.001266977577739224
0.001266977577948481
0.001266977572742597
0.001266977571375221
0.00126697757728756
0.001266977576709469
0.001266977578739735
0.001266977570331172
0.00126697757426757
0.001266977577554787
0.001266977573663093
0.001266977572371105
0.001266977578599289
0.001266977571017154
0.001266977574069599
0.001266977578089732
0.001266977572173884
0.001266977574363216
0.00126697757789775
0.001266977573729521
0.001266977572355461
0.001266977578953258
0.001266977570605491
0.001266977574321964
0.00126697757774051
0.001266977574326131
0.001266977571910406
0.001266977577585903
0.001266977574238098
0.001266977571744534
0.001266977577471794
0.001266977574523451
0.001266977571999808
0.001266977578012924
0.001266977572059552
0.001266977574543448
0.001266977578214377
0.001266977572252326
0.001266977573969835
0.001266977577777062
0.001266977573530716
0.001266977574172129
0.001266977578028547
0.001266977574020227
0.0012669775723479
0.001266977578891545
0.00126697757081229
0.001266977574615866
0.001266977578244971
0.001266977574304073
0.001266977573014054
0.001266977579300278
0.001266977572566121
0.001399980187203044
0.001399980191437993
0.001399980186463057
0.001399980183943433
0.001399980188284661
0.001399980187893156
0.001399980189593434
0.001399980181087908
0.001399980184224752
0.001399980189019109
0.001399980188040035
0.001399980189878503
0.001399980180272429
0.0013999801854932
0.001399980189120017
0.001399980182623654
0.001399980185222029
0.001399980190106958
0.001399980180621383
0.001399980185586424
0.001399980189517482
0.00139998018166467
0.001399980185444776
0.001399980189138751
0.001399980184703908
0.001399980183048913
0.001399980190350965
0.001399980180660659
0.001399980185458678
0.001399980189011355
0.001399980185132912
0.001399980182544002
0.001399980188886418
0.001399980184633916
0.001399980182543628
0.0013999801887235
0.001399980185261937
0.001399980182609771
0.00139998018943391
0.001399980181746332
0.00139998018555936
0.001399980189059703
0.001399980184254341
0.00139998018279026
0.001399980188715252
0.001399980185521287
0.001399980182994161
0.00139998018917688
0.001399980184838561
0.001399980182921467
0.001399980190217572
0.001399980180530933
0.001399980185557587
0.001399980189331498
0.001399980185097348
0.001399980183432668
0.001399980190329524
0.001399980183019339
0.001554174829747224
0.001554174835095034
0.001554174825280468
0.00155417482737984
0.001554174829257687
0.001554174828151334
0.001554174831214798
0.001554174823316582
0.00155417482672056
0.001554174831964548
0.001554174829683558
0.001554174830889776
0.001554174821658536
0.001554174827687001
0.00155417483177293
0.001554174821997583
0.001554174827640412
0.001554174832290408
0.001554174821716194
0.001554174827761036
0.001554174831935653
0.001554174821783165
0.001554174827510887
0.00155417483119393
0.001554174826694699
0.001554174824753267
0.001554174832560662
0.001554174821860689
0.001554174827690192
0.001554174831112735
0.001554174826592972
0.001554174824654875
0.00155417483199869
0.00155417482253532
0.001554174826668555
0.001554174830817007
0.001554174826813793
0.001554174824205947
0.001554174831815498
0.001554174822069999
0.001554174827607126
0.001554174830992694
0.001554174825969279
0.001554174824343035
0.001554174830745915
0.001554174826931345
0.001554174824208662
0.001554174831113298
0.001554174826630868
0.001554174824479461
0.001554174832285247
0.001554174821466707
0.001554174827536645
0.00155417483117692
0.001554174826802164
0.001554174824855574
0.00155417483242875
0.001554174823634403
0.001740570279994157
0.001740570285257757
0.001740570273933434
0.001740570277909346
0.001740570278638622
0.001740570274832405
0.001740570280460938
0.00174057027633914
0.001740570274442613
0.001740570283688016
0.001740570275690778
0.001740570276365893
0.001740570271571173
0.001740570277637521
0.001740570281546419
0.001740570271607781
0.00174057027745889
0.001740570282037187
0.001740570271606125
0.001740570277569397
0.001740570281630462
0.001740570271709335
0.001740570277334525
0.001740570281029756
0.001740570276632329
0.001740570274897157
0.001740570282462309
0.001740570271856594
0.001740570278203126
0.001740570282137587
0.001740570272201964
0.00174057027769694
0.00174057028206172
0.001740570271548326
0.001740570277353377
0.001740570280687817
0.001740570276350212
0.001740570274193149
0.001740570281392604
0.001740570272488493
0.001740570277427214
0.001740570281347676
0.001740570273298094
0.001740570276963065
0.001740570280461538
0.001740570276399321
0.001740570274068628
0.001740570280827307
0.001740570276311339
0.001740570274510207
0.001740570282036338
0.001740570271199882
0.001740570277617742
0.001740570280802214
0.001740570276338195
0.001740570274786171
0.001740570282352505
0.001740570272371836
0.00197732125837602
0.001977321262481479
0.001977321251390809
0.001977321256341212
0.001977321257113863
0.001977321254416496
0.001977321258778408
0.001977321256566189
0.001977321253355745
0.001977321262029797
0.001977321253543449
0.001977321256692681
0.001977321250142625
0.00197732125405048
0.001977321258469296
0.001977321255115485
0.001977321253191722
0.001977321258958996
0.001977321254825586
0.00197732125340769
0.001977321258539454
0.001977321255424329
0.001977321253397727
0.001977321259834094
0.001977321252740014
0.001977321256928712
0.001977321260358717
0.001977321251628173
0.001977321257146259
0.00197732126039047
0.001977321251031471
0.001977321257125289
0.001977321259959695
0.001977321251078479
0.001977321256585405
0.001977321259743963
0.001977321251511888
0.00197732125616844
0.001977321258613767
0.001977321255385738
0.001977321253253984
0.001977321259831751
0.001977321251056603
0.00197732125631573
0.001977321259275867
0.001977321251536635
0.001977321255891971
0.001977321259613447
0.001977321251995189
0.001977321256555431
0.001977321259884577
0.001977321250895961
0.001977321256651184
0.001977321259650395
0.001977321251692122
0.001977321256731902
0.00197732126011948
0.001977321251474029
0.002314125076785184
0.002314125077877586
0.002314125074738159
0.00231412507575321
0.002314125076062692
0.002314125075619139
0.002314125077047541
0.00231412507570361
0.00231412507441114
0.002314125078574141
0.002314125073773749
0.002314125074378813
0.002314125072896568
0.00231412507521753
0.002314125076685447
0.002314125074000553
0.002314125075198642
0.00231412507706079
0.002314125073279773
0.002314125075097684
0.002314125076740378
0.002314125074007392
0.002314125075344583
0.002314125077369153
0.002314125073134336
0.002314125075982263
0.002314125077507261
0.002314125073233426
0.002314125076002277
0.002314125077355887
0.002314125072790474
0.002314125075708174
0.002314125077050286
0.002314125072623485
0.002314125075593506
0.002314125076507181
0.002314125075005262
0.002314125075758315
0.002314125076367011
0.002314125074959948
0.002314125073636615
0.002314125076270298
0.002314125074340525
0.002314125073664212
0.002314125076139888
0.002314125074385642
0.002314125074035428
0.002314125077002427
0.002314125072811949
0.002314125075947707
0.002314125077155693
0.002314125072753284
0.00231412507585747
0.002314125076967949
0.002314125073419855
0.002314125076240629
0.002314125077481003
0.002314125073456042
0.002810716579229586
0.002810716579507418
0.002810716578655675
0.002810716578946459
0.002810716579127205
0.002810716578865552
0.002810716579433718
0.002810716578931607
0.002810716578607334
0.002810716579908581
0.002810716578220251
0.002810716578407429
0.002810716578425775
0.002810716578471241
0.002810716578606035
0.002810716578673589
0.002810716578570756
0.002810716578271187
0.002810716578528525
0.002810716578555333
0.002810716578495146
0.002810716578497784
0.002810716578522071
0.002810716578635382
0.002810716578311157
0.002810716578630891
0.002810716578471422
0.002810716578447946
0.002810716578682252
0.002810716578457185
0.002810716578255998
0.002810716578084829
0.002810716578203379
0.002810716578042524
0.00281071657806416
0.002810716578231891
0.002810716578577813
0.002810716577984882
0.00281071657809577
0.002810716578053854
0.002810716577643787
0.002810716578078655
0.002810716577561938
0.002810716577806511
0.00281071657762766
0.002810716577902715
0.002810716578254767
0.002810716577947533
0.00281071657774739
0.002810716578694328
0.002810716578405846
0.00281071657814902
0.002810716578527466
0.002810716578324639
0.002810716578080617
0.002810716578721224
0.002810716578547427
0.002810716578706531
0.003458992039041878
0.003458992039015308
0.003458992039084354
0.003458992039037441
0.003458992040101824
0.003458992038624588
0.00345899203959034
0.003458992039821311
0.003458992038481474
0.003458992040197812
0.003458992039079113
0.003458992038272457
0.003458992038731997
0.003458992039618232
0.003458992038118868
0.003458992039681849
0.003458992038685358
0.003458992037960688
0.003458992039521072
0.003458992038666816
0.003458992037965591
0.003458992038703247
0.003458992039273912
0.003458992037870615
0.003458992038540313
0.00345899203914996
0.003458992037824099
0.003458992038701108
0.003458992039020492
0.003458992037404237
0.003458992039610919
0.003458992038282659
0.003458992037548721
0.003458992038391422
0.003458992038731185
0.003458992037188764
0.003458992039490215
0.003458992038091708
0.00345899203734652
0.003458992038013349
0.003458992038550313
0.003458992037156987
0.003458992038001838
0.003458992038598234
0.003458992037217317
0.003458992038277681
0.003458992038821277
0.003458992037434984
0.003458992038194741
0.003458992039063915
0.003458992037462696
0.00345899203904993
0.003458992038216881
0.003458992037112509
0.003458992039401296
0.003458992038318451
0.003458992037389657
0.003458992039740184
0.004251099388280117
0.004251099388797096
0.004251099389055791
0.00425109938940341
0.004251099389636593
0.004251099387909767
0.004251099390651915
0.004251099389418477
0.004251099387810756
0.004251099390967645
0.004251099389273205
0.004251099387666008
0.004251099388405112
0.004251099390331196
0.004251099387335391
0.004251099390505156
0.004251099388557987
0.00425109938686999
0.004251099391020862
0.004251099388367627
0.004251099387222561
0.004251099388753772
0.004251099389758858
0.004251099386871239
0.004251099388844441
0.004251099388369215
0.004251099386934564
0.004251099388491669
0.004251099389188187
0.004251099386286184
0.004251099390353584
0.004251099388088636
0.004251099386690484
0.004251099388242797
0.00425109938875315
0.004251099386044311
0.004251099390030438
0.004251099387796714
0.004251099386357688
0.004251099387685009
0.004251099388796755
0.004251099386086084
0.004251099387888963
0.004251099388578343
0.004251099385594147
0.004251099390144141
0.004251099387687906
0.004251099386337733
0.004251099388009468
0.00425109938925785
0.004251099386484953
0.004251099388035798
0.004251099388865502
0.004251099385775871
0.004251099390374125
0.004251099387870651
0.00425109938624479
0.004251099390056412
0.005160475420132263
0.005160475421877823
0.005160475421364131
0.005160475422474339
0.005160475423966963
0.005160475420561718
0.005160475422958274
0.005160475423694622
0.005160475420439993
0.005160475422536104
0.005160475423643786
0.005160475420070499
0.005160475421873778
0.00516047542352707
0.005160475419980174
0.005160475421813008
0.005160475422896435
0.005160475418861326
0.005160475424505404
0.005160475420810012
0.005160475418800121
0.005160475424026593
0.005160475421039689
0.005160475419093137
0.005160475420994791
0.005160475422397283
0.005160475418998108
0.005160475420885016
0.005160475422431672
0.005160475418870568
0.00516047542112905
0.005160475422118449
0.005160475418740095
0.005160475420583134
0.005160475422049226
0.005160475418478825
0.0051604754209237
0.005160475421732621
0.005160475418206562
0.005160475420369777
0.005160475419817572
0.005160475417418299
0.005160475422434209
0.005160475419380916
0.005160475417220074
0.005160475423089622
0.005160475419719716
0.005160475418133672
0.005160475420462332
0.005160475421439221
0.005160475417534207
0.005160475422981245
0.005160475419807622
0.005160475417598576
0.005160475423589351
0.005160475420560646
0.005160475419023041
0.005160475420132773
0.006165280392040016
0.006165280393057073
0.006165280392241155
0.006165280395949198
0.006165280394472906
0.006165280391848165
0.006165280397546185
0.006165280394353875
0.00616528039224478
0.006165280394324934
0.006165280396095749
0.006165280391992192
0.00616528039403797
0.006165280395746727
0.006165280391755778
0.00616528039356356
0.006165280395298763
0.006165280390556871
0.006165280396676086
0.006165280392621126
0.00616528039047364
0.006165280396341052
0.006165280392686033
0.006165280390692962
0.006165280393156748
0.006165280394402187
0.0061652803905988
0.006165280392534339
0.006165280394553238
0.006165280390399622
0.006165280392558978
0.006165280394250329
0.006165280390262835
0.006165280392149006
0.006165280394044743
0.006165280389350417
0.006165280394661032
0.006165280392042715
0.006165280389711375
0.006165280391632355
0.006165280393130893
0.006165280388519445
0.006165280394640905
0.006165280390686168
0.0061652803884391
0.006165280394707984
0.0061652803909523
0.006165280388729745
0.006165280394108474
0.006165280391012962
0.006165280388526781
0.006165280394831529
0.006165280391162454
0.006165280388917275
0.006165280395240664
0.006165280392306979
0.0061652803905494
0.00616528039160083
0.007246271224830215
0.007246271226461599
0.007246271224902586
0.007246271227709269
0.007246271228842778
0.007246271225013098
0.007246271230063253
0.007246271226947706
0.007246271225196996
0.007246271226943625
0.007246271228958283
0.007246271225011786
0.007246271226876591
0.007246271228447628
0.007246271224715811
0.007246271226011444
0.007246271228222481
0.007246271223502689
0.007246271228989587
0.007246271225307221
0.00724627122353533
0.007246271228617347
0.00724627122516223
0.007246271222730919
0.007246271228100092
0.007246271225300655
0.007246271223377148
0.007246271224744252
0.007246271227305136
0.007246271223024387
0.007246271224904449
0.007246271226801826
0.00724627122297932
0.007246271224262862
0.00724627122671063
0.007246271222552215
0.007246271224795418
0.007246271225882858
0.007246271222231067
0.007246271223655037
0.007246271225655898
0.007246271220934668
0.007246271226811225
0.007246271222923321
0.007246271220897606
0.007246271226555694
0.007246271223041584
0.0072462712207133
0.007246271226561598
0.007246271222834407
0.007246271220787112
0.007246271226652771
0.007246271223392145
0.007246271221752919
0.007246271224272524
0.007246271225988444
0.007246271222595834
0.007246271223600021
0.008334183864569276
0.008334183864366967
0.008334183863407854
0.008334183864828495
0.00833418386619846
0.008334183863643655
0.008334183866430743
0.008334183864362228
0.008334183863726061
0.008334183864795832
0.008334183865337146
0.008334183863253495
0.008334183865909818
0.00833418386435626
0.008334183863120098
0.008334183863932122
0.008334183864814352
0.00833418386269236
0.008334183863801499
0.008334183864323457
0.008334183862369192
0.008334183865075404
0.008334183862771245
0.00833418386164647
0.008334183863365175
0.008334183863660437
0.008334183861790839
0.008334183862483479
0.008334183864074616
0.008334183861618473
0.008334183862633801
0.008334183863716413
0.008334183861556552
0.008334183862019381
0.008334183863421418
0.008334183861196966
0.008334183862263096
0.008334183862941226
0.008334183860539605
0.008334183861827032
0.008334183861594161
0.00833418385973235
0.008334183863255299
0.008334183860951444
0.008334183859695794
0.008334183863074579
0.008334183860979824
0.008334183859506971
0.008334183863151105
0.008334183860922578
0.008334183859641625
0.008334183863238621
0.008334183861371624
0.008334183860388209
0.008334183861988431
0.008334183862835264
0.008334183860993622
0.008334183861602409
0.009351963532142899
0.009351963532147048
0.009351963531862862
0.009351963532971411
0.009351963532439526
0.009351963532395762
0.009351963532972459
0.009351963532206379
0.009351963532349948
0.009351963532830378
0.009351963532200325
0.009351963532235469
0.009351963532858807
0.009351963531733985
0.009351963531582215
0.009351963532086501
0.009351963531489397
0.009351963531222576
0.009351963531953503
0.009351963531464622
0.009351963531320491
0.009351963531849155
0.009351963530536345
0.009351963530115559
0.009351963530881982
0.009351963530767102
0.009351963530595976
0.009351963530408293
0.009351963530862931
0.009351963530653692
0.009351963530738562
0.009351963530662295
0.009351963530747296
0.009351963529922963
0.009351963530187087
0.009351963530315302
0.009351963530473014
0.009351963530202111
0.009351963529277514
0.009351963529610062
0.009351963529690728
0.009351963528841057
0.009351963529777199
0.009351963529463634
0.0093519635288851
0.009351963529729562
0.009351963529443237
0.009351963528639205
0.0093519635299379
0.009351963529611745
0.009351963528690978
0.009351963530013318
0.009351963529846014
0.009351963529378535
0.009351963530086717
0.00935196353067262
0.009351963529915248
0.009351963530853779
0.01028442694090636
0.01028442693999126
0.01028442693969205
0.01028442694179678
0.01028442694041275
0.01028442693983306
0.01028442694168446
0.01028442694075491
0.01028442693988399
0.01028442694195305
0.01028442693976106
0.0102844269406071
0.01028442694170473
0.01028442693998077
0.01028442693944129
0.01028442694106784
0.01028442693940187
0.01028442693905047
0.01028442694106414
0.01028442693991001
0.01028442693906233
0.01028442694059096
0.01028442693937018
0.01028442693804985
0.01028442693938582
0.01028442693936311
0.01028442693988686
0.01028442693881428
0.01028442693824451
0.01028442694006497
0.01028442693940536
0.01028442693837239
0.01028442694063153
0.01028442693705644
0.01028442693829682
0.01028442693953811
0.01028442693946084
0.01028442693935165
0.01028442693824938
0.01028442693719562
0.01028442693893914
0.01028442693774818
0.0102844269371731
0.01028442693888292
0.01028442693808642
0.01028442693708599
0.0102844269388356
0.01028442693747585
0.01028442693822663
0.01028442693950358
0.01028442693662395
0.01028442693814082
0.01028442693920462
0.01028442693860695
0.01028442693787323
0.01028442693997154
0.01028442693855859
0.01028442693923912
0.01113323757913028
0.01113323757470219
0.01113323757711898
0.01113323757935666
0.01113323757721162
0.01113323757592006
0.01113323757937348
0.01113323757750843
0.01113323757599476
0.01113323757963045
0.01113323757682866
0.01113323757749591
0.01113323757996852
0.0111332375751875
0.0111332375771826
0.01113323757935144
0.01113323757462284
0.01113323757662411
0.01113323757894603
0.01113323757669889
0.01113323757534906
0.01113323757834185
0.01113323757630701
0.01113323757628634
0.01113323757654409
0.0111332375763049
0.01113323757779429
0.0111332375755136
0.01113323757450742
0.01113323757809743
0.01113323757663107
0.01113323757496013
0.01113323757927301
0.01113323757313012
0.01113323757510471
0.01113323757715919
0.01113323757733204
0.0111332375774595
0.01113323757501498
0.0111332375737194
0.01113323757693374
0.01113323757454925
0.01113323757352275
0.01113323757698199
0.01113323757510114
0.0111332375734474
0.01113323757711787
0.011133237573633
0.01113323757534422
0.01113323757780849
0.01113323757271786
0.0111332375751906
0.01113323757723558
0.01113323757570275
0.01113323757417952
0.01113323757772411
0.011133237576062
0.01113323757495375
0.01190311439110301
0.01190311438442739
0.01190311438801976
0.01190311439090339
0.01190311438796779
0.01190311438612566
0.01190311439103615
0.01190311438837795
0.01190311438625508
0.01190311439118112
0.01190311438805112
0.01190311438674802
0.01190311439201726
0.01190311438529616
0.01190311438851426
0.0119031143914655
0.01190311438455666
0.01190311438760875
0.01190311439071906
0.01190311438768051
0.0119031143856992
0.011903114389754
0.01190311438840082
0.01190311438858546
0.01190311438762059
0.01190311438500537
0.01190311438956585
0.01190311438633987
0.01190311438492806
0.01190311439004218
0.01190311438750694
0.01190311438595174
0.01190311439197879
0.01190311438387905
0.0119031143859946
0.01190311438816873
0.01190311438864135
0.01190311439018382
0.01190311438348248
0.01190311438589947
0.01190311438881801
0.01190311438538306
0.01190311438401235
0.01190311438897871
0.01190311438578742
0.01190311438418042
0.01190311438918489
0.01190311438386818
0.01190311438631896
0.01190311438959864
0.01190311438350434
0.01190311438602008
0.01190311438908056
0.01190311438654298
0.01190311438458264
0.01190311438944154
0.01190311438694104
0.01190311438520932
0.01259834574692538
0.01259834573851041
0.01259834574281281
0.01259834574638457
0.01259834574274722
0.01259834574039124
0.0125983457465569
0.01259834574343688
0.01259834574084558
0.01259834574680637
0.01259834574291044
0.01259834574113526
0.01259834574797656
0.01259834573986537
0.01259834574387934
0.01259834574760161
0.01259834573853759
0.01259834574233248
0.01259834574628777
0.01259834574302271
0.01259834574093284
0.01259834574487687
0.01259834574425779
0.01259834574477604
0.01259834574107735
0.01259834573947401
0.01259834574525809
0.01259834574122387
0.01259834573957315
0.01259834574676684
0.01259834573905612
0.01259834574285063
0.01259834574859867
0.01259834573942683
0.01259834574109308
0.01259834574204931
0.01259834574267348
0.01259834574597464
0.01259834573776284
0.01259834574085034
0.01259834574463665
0.01259834574036145
0.01259834573870973
0.01259834574581384
0.01259834573735205
0.01259834574086205
0.01259834574500981
0.01259834573856014
0.01259834574116017
0.01259834574464899
0.01259834574026802
0.01259834573898488
0.01259834574474288
0.0125983457413292
0.01259834573905681
0.01259834574503681
0.01259834574161283
0.0125983457395986
0.01322208301970389
0.01322208300980696
0.01322208301464973
0.01322208301886958
0.01322208301475433
0.01322208301193422
0.01322208301962711
0.01322208301317019
0.01322208301474921
0.01322208301944199
0.01322208301486021
0.01322208301282652
0.01322208302096944
0.01322208301174302
0.01322208301643205
0.01322208302104467
0.01322208300895773
0.01322208301385083
0.01322208301852992
0.01322208301567744
0.01322208301698635
0.01322208301591565
0.01322208301642785
0.01322208301888433
0.01322208300943463
0.01322208301339443
0.01322208301796244
0.01322208301311628
0.01322208301125915
0.01322208301958343
0.01322208301053465
0.0132220830148484
0.01322208302150435
0.0132220830139935
0.0132220830129127
0.01322208301018227
0.01322208301393848
0.01322208301761562
0.01322208301222069
0.01322208301071091
0.01322208301747687
0.01322208301250532
0.01322208301049024
0.01322208301894879
0.0132220830084493
0.01322208301321362
0.01322208301778961
0.01322208301037358
0.01322208301312606
0.0132220830172175
0.01322208301250147
0.01322208301040995
0.01322208301735884
0.0132220830131828
0.01322208301068088
0.01322208301764536
0.01322208301324418
0.01322208301113695
0.01377635855046168
0.01377635853920381
0.01377635854455901
0.01377635854937246
0.01377635854487563
0.01377635854166324
0.01377635855062512
0.01377635854123796
0.01377635854502919
0.0137763585500544
0.01377635854488238
0.01377635854262946
0.01377635855185011
0.0137763585422799
0.01377635854695562
0.01377635855226394
0.01377635853816705
0.01377635854334204
0.01377635854831814
0.01377635854770315
0.01377635854984312
0.01377635854159041
0.01377635854478983
0.01377635854985962
0.01377635853942457
0.01377635854356096
0.01377635854865951
0.01377635854300875
0.01377635854093678
0.01377635854929786
0.01377635854388164
0.01377635854250066
0.01377635855119847
0.01377635854928157
0.01377635854391801
0.01377635853989487
0.01377635854371671
0.01377635854815486
0.01377635854249722
0.01377635854031162
0.01377635854840647
0.01377635854234337
0.01377635854068805
0.0137763585499325
0.01377635853813677
0.01377635854337287
0.01377635854853614
0.01377635854029218
0.01377635854315932
0.01377635854779465
0.01377635854275753
0.01377635854012205
0.01377635854797218
0.01377635854301325
0.01377635854043158
0.01377635854831965
0.01377635854296173
0.01377635854079581
0.01426224046914881
0.01426224045673193
0.01426224046252007
0.0142622404678547
0.01426224046300546
0.01426224045946277
0.01426224046938232
0.01426224045836594
0.0142622404630862
0.01426224046862802
0.01426224046291877
0.01426224046041073
0.01426224047045121
0.01426224046192856
0.01426224046484152
0.01426224047096439
0.01426224045691899
0.01426224046143609
0.01426224046597793
0.01426224046604855
0.01426224046784557
0.01426224046188363
0.0142622404597136
0.01426224046742564
0.01426224046137514
0.01426224045923255
0.01426224046735124
0.01426224046097741
0.01426224045888294
0.01426224046870865
0.01426224046015611
0.01426224046246777
0.01426224046971084
0.01426224046783908
0.01426224046669579
0.01426224045846564
0.01426224046173791
0.01426224046677141
0.01426224046071131
0.01426224045834266
0.01426224046852212
0.01426224045654603
0.01426224046141912
0.01426224046885064
0.0142622404559796
0.01426224046149376
0.0142622404671924
0.01426224045845359
0.01426224046125129
0.01426224046646241
0.01426224046084339
0.01426224045793388
0.01426224046660137
0.014262240460733
0.01426224045821991
0.01426224046694502
0.01426224046103698
0.01426224045856442
0.0146799641033976
0.01467996409024113
0.01467996409620696
0.01467996410202174
0.0146799640967831
0.01467996409298023
0.01467996410360718
0.01467996409216397
0.01467996409682037
0.01467996410291059
0.01467996409670477
0.01467996409386176
0.01467996410405043
0.01467996409992039
0.01467996409540459
0.01467996410377431
0.01467996409624102
0.01467996409623128
0.01467996409909464
0.01467996409892121
0.01467996410239849
0.01467996409507063
0.01467996409577147
0.0146799641018755
0.01467996409550571
0.01467996409279305
0.01467996410177909
0.01467996409481762
0.01467996409252325
0.0146799641025847
0.01467996409566646
0.01467996409421883
0.01467996410415548
0.01467996410239118
0.01467996410212274
0.01467996409255253
0.01467996409559875
0.01467996410113298
0.014679964094681
0.01467996409211
0.01467996410324797
0.01467996408930937
0.01467996409580555
0.01467996410339584
0.01467996408960076
0.01467996409533548
0.01467996410151002
0.0146799640923901
0.01467996409514274
0.01467996410093446
0.01467996409439645
0.01467996409153638
0.01467996410090703
0.01467996409441325
0.01467996409172502
0.01467996410122224
0.01467996409487442
0.0146799640924447
0.0150290060847285
0.01502900607179354
0.01502900607699435
0.01502900608358423
0.01502900607792655
0.01502900607387739
0.01502900608464222
0.01502900607565969
0.01502900607763245
0.01502900608461389
0.0150290060779704
0.01502900607499384
0.01502900608587437
0.01502900608164763
0.01502900607592399
0.01502900608491779
0.01502900608072481
0.01502900607560091
0.0150290060788511
0.01502900607843492
0.01502900608420918
0.01502900607525175
0.01502900607747713
0.01502900608377388
0.01502900607687814
0.01502900607415099
0.01502900608362375
0.01502900607623706
0.01502900607374347
0.01502900608568571
0.01502900607306853
0.01502900607801066
0.01502900608616587
0.01502900608443744
0.01502900608408757
0.01502900607366203
0.01502900607695887
0.01502900608294071
0.01502900607607381
0.0150290060733286
0.01502900608510652
0.01502900607001552
0.01502900607729144
0.0150290060852991
0.0150290060707125
0.0150290060766412
0.01502900608327578
0.01502900607348838
0.01502900607652509
0.01502900608288097
0.01502900607507114
0.01502900607296395
0.01502900608259896
0.01502900607567295
0.01502900607276116
0.01502900608335263
0.01502900607507209
0.01502900607645375
0.01530810050998009
0.01530810050237075
0.01530810050046404
0.01530810051035615
0.01530810050439964
0.01530810050011613
0.01530810051077558
0.01530810050429731
0.01530810050098703
0.01530810051155365
0.0153081005044106
0.01530810050180094
0.01530810051284363
0.01530810050801716
0.01530810050280757
0.01530810051086555
0.01530810050729667
0.01530810050866233
0.01530810049958378
0.015308100504256
0.01530810051100511
0.015308100501953
0.01530810050417613
0.01530810051087142
0.01530810050370945
0.01530810050081058
0.01530810051066099
0.01530810050317729
0.01530810050011119
0.01530810051282164
0.01530810049888641
0.01530810050504034
0.0153081005136524
0.01530810051194541
0.01530810051010503
0.01530810049983557
0.01530810050360845
0.01530810051000004
0.01530810050283783
0.01530810049981968
0.0153081005120317
0.01530810049658007
0.01530810050398487
0.01530810051239997
0.01530810049715572
0.01530810050324091
0.01530810051032905
0.01530810049964256
0.0153081005033275
0.01530810051129369
0.01530810049735753
0.01530810050232302
0.01530810050950624
0.01530810050219708
0.01530810049925464
0.01530810051092473
0.01530810049879519
0.01530810050313504
0.01551520045015368
0.01551520044313365
0.01551520044007411
0.01551520045075806
0.01551520044481138
0.01551520044017972
0.01551520045129829
0.01551520044422116
0.01551520044068447
0.01551520045281627
0.0155152004430213
0.01551520044511005
0.01551520045407571
0.01551520044422497
0.01551520044731879
0.01551520044956622
0.01551520044709413
0.01551520045163183
0.01551520043804644
0.01551520044419412
0.01551520045143924
0.0155152004426517
0.01551520044452193
0.01551520045162085
0.01551520044423293
0.01551520044110504
0.01551520045127796
0.01551520044406981
0.01551520044012598
0.01551520045329524
0.01551520043863977
0.01551520044549611
0.01551520045542114
0.01551520045403794
0.01551520044535791
0.01551520044001836
0.01551520044387717
0.01551520045070941
0.01551520044354447
0.01551520043999772
0.01551520045258811
0.01551520043716237
0.01551520044433063
0.01551520045310738
0.01551520043734086
0.01551520044351641
0.01551520045093209
0.01551520043993034
0.01551520044373182
0.01551520045225357
0.01551520043631419
0.01551520044299526
0.01551520044998921
0.01551520044231393
0.01551520043939406
0.01551520045159773
0.0155152004382894
0.01551520044322889
0.01565187742697736
0.01565187742021196
0.01565187741668154
0.01565187742772204
0.01565187742187238
0.0156518774167956
0.01565187742832154
0.01565187742077222
0.01565187741774643
0.01565187743047494
0.01565187741788596
0.01565187742193106
0.0156518774283236
0.01565187742580585
0.01565187742795459
0.01565187742373556
0.01565187741948671
0.01565187742921283
0.01565187741585291
0.01565187742045209
0.01565187742844236
0.01565187741988352
0.01565187742142223
0.01565187742893801
0.01565187742142023
0.01565187741792713
0.01565187742843527
0.01565187742134652
0.01565187741677469
0.01565187743026469
0.0156518774149115
0.01565187742245494
0.01565187743390825
0.01565187742722929
0.0156518774205477
0.01565187741730149
0.01565187742026383
0.01565187742791732
0.01565187742123749
0.01565187741683341
0.01565187742982677
0.0156518774140179
0.01565187742123394
0.01565187743032457
0.01565187741416144
0.01565187742037083
0.01565187742803081
0.01565187741704081
0.01565187742063504
0.01565187742927105
0.01565187741327673
0.0156518774198598
0.01565187742697236
0.01565187741894504
0.01565187741599008
0.01565187742791609
0.01565187741753637
0.01565187741949958
0.01571869226095848
0.015718692254011
0.01571869225050065
0.01571869226185921
0.01571869225587447
0.01571869225052468
0.01571869226299778
0.01571869225278452
0.015718692254526
0.01571869226273035
0.01571869225804326
0.0157186922544999
0.01571869225967194
0.01571869226029298
0.01571869226470107
0.01571869225091107
0.01571869225520059
0.01571869226241856
0.01571869225379659
0.01571869225106705
0.01571869226251254
0.01571869225394763
0.01571869225540326
0.01571869226328978
0.01571869225566305
0.01571869225184237
0.01571869226264003
0.01571869225543909
0.01571869225061299
0.01571869226432187
0.01571869224849978
0.01571869225625354
0.01571869226698272
0.01571869226484882
0.01571869225221395
0.01571869225619133
0.01571869225092217
0.01571869226216617
0.01571869225578605
0.01571869225124155
0.0157186922641683
0.01571869224783458
0.01571869225521766
0.01571869226456876
0.01571869224812769
0.01571869225432857
0.01571869226218818
0.01571869225125139
0.01571869225464078
0.01571869226352279
0.01571869224707694
0.01571869225373449
0.01571869226099793
0.0157186922526943
0.01571869224973726
0.01571869226113419
0.0157186922532602
0.01571869225011505
0.01571535956246394
0.01571535955507632
0.0157153595518604
0.01571535956358633
0.01571535955702161
0.0157153595517467
0.01571535956435073
0.01571535955328003
0.01571535955623012
0.01571535956282265
0.01571535956039323
0.01571535956330186
0.01571535955432303
0.01571535955925438
0.01571535956620572
0.01571535955149367
0.0157153595561994
0.01571535956397621
0.01571535955593218
0.0157153595518254
0.01571535956405516
0.01571535955503414
0.01571535955682842
0.01571535956504739
0.01571535955658859
0.01571535955358537
0.01571535956426758
0.01571535955683381
0.01571535955195363
0.01571535956577594
0.01571535954996592
0.01571535955743785
0.01571535956901872
0.01571535956204038
0.01571535955659027
0.01571535955856859
0.01571535955198788
0.01571535956499925
0.01571535955293413
0.01571535955605655
0.01571535956598286
0.01571535954896877
0.01571535955664366
0.01571535956619561
0.01571535954958771
0.01571535955574758
0.01571535956377049
0.01571535955283682
0.01571535955611739
0.0157153595653634
0.01571535954786098
0.01571535955503293
0.0157153595624363
0.01571535955396538
0.01571535955104613
0.01571535956248507
0.01571535955444249
0.01571535955094513
0.01564084601346632
0.01564084600603508
0.01564084600282
0.01564084601497839
0.01564084600756428
0.01564084600304998
0.01564084601328289
0.01564084600823172
0.01564084600625915
0.01564084601184974
0.0156408460100225
0.01564084601652951
0.01564084600215291
0.01564084600841361
0.01564084601519828
0.01564084600726642
0.01564084600384018
0.015640846015015
0.0156408460070618
0.01564084600262292
0.015640846015186
0.01564084600525155
0.01564084600788669
0.01564084601742437
0.01564084600316997
0.01564084600757141
0.01564084601542061
0.01564084600791401
0.01564084600287672
0.01564084601649897
0.01564084600167872
0.01564084600746311
0.01564084601774503
0.01564084601512139
0.01564084601315652
0.01564084601010702
0.01564084600304021
0.01564084601665783
0.01564084600168635
0.01564084600773238
0.01564084601730914
0.01564084599960677
0.01564084600762958
0.01564084601731594
0.01564084600064517
0.01564084600673923
0.01564084601488337
0.0156408460039052
0.01564084600712904
0.01564084601658132
0.01564084599853425
0.01564084600589644
0.01564084601340204
0.01564084600488439
0.01564084600193198
0.01564084601337544
0.01564084600510386
0.01564084600175248
0.01549342281549887
0.01549342280813086
0.0154934228051854
0.015493422818338
0.0154934228064365
0.01549342280920733
0.01549342281297621
0.01549342281083052
0.01549342281539883
0.01549342280676403
0.01549342281076664
0.01549342281904447
0.01549342280285843
0.01549342280948574
0.01549342281672028
0.0154934228093089
0.01549342280521153
0.01549342281700146
0.01549342280913892
0.01549342280457033
0.01549342281732579
0.01549342280652066
0.01549342280987281
0.01549342281977606
0.01549342280319591
0.01549342281000288
0.01549342281755869
0.01549342281008853
0.01549342280519682
0.0154934228169198
0.01549342280848236
0.01549342280603942
0.01549342281908839
0.01549342281770714
0.01549342281668701
0.01549342281242207
0.01549342280512275
0.0154934228188076
0.01549342280328018
0.01549342281002505
0.01549342281940995
0.01549342280196044
0.01549342280962528
0.01549342281941633
0.01549342280278058
0.0154934228087926
0.01549342281701104
0.01549342280595803
0.015493422809158
0.0154934228186604
0.01549342280050454
0.01549342280782817
0.0154934228153792
0.01549342280698645
0.01549342280387646
0.01549342281527497
0.01549342280700182
0.01549342280366263
0.01527068915273976
0.01527068914307913
0.01527068914444139
0.01527068915298506
0.01527068914872989
0.0152706891496093
0.01527068914768937
0.01527068914292475
0.0152706891539782
0.01527068913987946
0.01527068914636281
0.0152706891554941
0.01527068913901169
0.01527068914542989
0.01527068915283605
0.01527068914535166
0.01527068914152993
0.01527068915337986
0.01527068914565388
0.01527068914107517
0.01527068915398483
0.01527068914192893
0.0152706891462189
0.01527068915608016
0.01527068913904217
0.01527068914664557
0.01527068915513243
0.01527068914345358
0.01527068914498817
0.01527068915331258
0.01527068914572896
0.01527068914186995
0.01527068915526566
0.01527068915430501
0.01527068915355792
0.01527068914880894
0.0152706891415618
0.0152706891548612
0.0152706891410654
0.01527068914685123
0.01527068915555778
0.01527068913993774
0.01527068914571056
0.01527068915593335
0.01527068913942919
0.01527068914535316
0.01527068915359478
0.01527068914246406
0.01527068914565888
0.01527068915509057
0.01527068913707763
0.01527068914428169
0.01527068915179387
0.01527068914381794
0.01527068914033884
0.01527068915165904
0.01527068914370802
0.01527068914019249
0.01496959118888544
0.01496959117481123
0.01496959118012525
0.01496959118780841
0.01496959118583541
0.01496959118648812
0.01496959118088284
0.0149695911768412
0.01496959118953067
0.01496959117354252
0.01496959118098393
0.01496959119044587
0.01496959117423204
0.01496959118025492
0.01496959118767518
0.01496959118006255
0.01496959117661628
0.0149695911883452
0.01496959118078122
0.01496959117628401
0.01496959118928227
0.01496959117598277
0.0149695911811467
0.01496959119091688
0.01496959117406448
0.01496959118188245
0.01496959119091783
0.01496959117613645
0.01496959118079953
0.01496959118844422
0.01496959118076778
0.01496959117683574
0.01496959119013863
0.01496959118943578
0.01496959118875915
0.01496959118344563
0.01496959117656654
0.01496959118819727
0.01496959118111102
0.01496959118241834
0.0149695911889387
0.01496959118058072
0.01496959117786613
0.01496959119105305
0.01496959117477895
0.01496959118062149
0.0149695911888315
0.0149695911776533
0.01496959118083119
0.01496959119003398
0.01496959117266204
0.01496959117949057
0.01496959118689573
0.0149695911793375
0.01496959117557776
0.01496959118684816
0.01496959117883317
0.01496959117558874
0.01458648680528355
0.01458648679050153
0.01458648679682213
0.01458648680339605
0.01458648680158186
0.01458648680302178
0.01458648679579412
0.01458648679248884
0.01458648680529203
0.01458648678968498
0.01458648679672395
0.01458648680614879
0.01458648679062489
0.01458648679608002
0.01458648680344563
0.01458648679596023
0.01458648679264547
0.01458648680413705
0.01458648679672442
0.01458648679234847
0.01458648680487639
0.01458648679299031
0.01458648679661522
0.01458648680658826
0.01458648679024925
0.01458648679795363
0.01458648680712687
0.01458648679135301
0.01458648679708929
0.01458648680440772
0.01458648679662781
0.01458648679279044
0.01458648680583835
0.01458648680539257
0.01458648680476691
0.01458648679870384
0.01458648679286375
0.0145864868043169
0.01458648679924053
0.01458648679467068
0.01458648680486947
0.01458648679697715
0.01458648679363923
0.01458648680706748
0.01458648679105458
0.01458648679684128
0.01458648680496012
0.01458648679379666
0.01458648679691773
0.01458648680565575
0.01458648678995165
0.01458648679572069
0.01458648680295863
0.01458648679551435
0.01458648679180345
0.01458648680291743
0.01458648679510582
0.01458648679183159
0.0141173577410017
0.01411735772892889
0.01411735773434601
0.01411735773818741
0.01411735773603912
0.0141173577390592
0.01411735773146693
0.01411735772845379
0.01411735774095629
0.01411735772641165
0.01411735773251594
0.01411735774152631
0.01411735772755455
0.01411735773167703
0.01411735773922616
0.01411735773246565
0.01411735772874684
0.01411735773989743
0.01411735773262514
0.01411735772848341
0.01411735773965547
0.01411735773201769
0.0141173577296859
0.01411735774216876
0.01411735772682318
0.01411735773406676
0.0141173577433116
0.01411735772686754
0.01411735773337225
0.01411735774041203
0.01411735773258192
0.014117357729139
0.01411735774148078
0.01411735774116407
0.0141173577408116
0.01411735773375566
0.01411735772932046
0.01411735774045109
0.01411735773564844
0.01411735773013324
0.01411735774092572
0.01411735773301712
0.01411735772996611
0.01411735774306798
0.01411735772744844
0.01411735773315019
0.0141173577411188
0.01411735773003418
0.0141173577331008
0.01411735774130126
0.01411735772764311
0.0141173577320868
0.01411735773908052
0.01411735773164654
0.01411735772814844
0.01411735773896719
0.01411735773142551
0.01411735772790972
0.01355834514797485
0.01355834514429144
0.01355834514641342
0.01355834514560919
0.013558345140054
0.01355834514787441
0.01355834514024912
0.0135583451374408
0.01355834514913124
0.01355834513773595
0.01355834514088294
0.0135583451485241
0.0135583451405837
0.01355834513800033
0.01355834514793985
0.01355834514222229
0.01355834513784802
0.01355834514854723
0.01355834514142245
0.01355834513775914
0.01355834514840234
0.01355834514134597
0.0135583451383327
0.01355834515064625
0.01355834513660158
0.01355834514314798
0.01355834515216213
0.01355834513626787
0.01355834514276513
0.01355834515052297
0.01355834513805596
0.01355834514088708
0.01355834515003724
0.0135583451491454
0.01355834514967479
0.01355834514236017
0.01355834513872179
0.01355834514940084
0.01355834514477892
0.0135583451392758
0.01355834514985348
0.01355834514214635
0.01355834513932363
0.01355834515185838
0.01355834513704362
0.01355834514240671
0.01355834515021732
0.01355834513919432
0.01355834514232011
0.01355834515003216
0.0135583451381405
0.01355834514145622
0.0135583451481398
0.01355834514081959
0.01355834513752167
0.01355834514788163
0.01355834514055059
0.01355834513672281
0.01290684772628641
0.01290684772441299
0.01290684772593608
0.01290684772176269
0.01290684771703142
0.01290684772592991
0.01290684771857592
0.01290684771578768
0.01290684772589838
0.01290684772014997
0.01290684771655031
0.01290684772622596
0.01290684771924627
0.01290684771610313
0.01290684772596695
0.01290684772115085
0.01290684771631473
0.0129068477264455
0.01290684771949108
0.01290684771639031
0.01290684772647442
0.01290684771975671
0.0129068477166669
0.01290684772834013
0.01290684771583204
0.01290684772165745
0.0129068477301479
0.01290684771525274
0.01290684772138598
0.01290684772910726
0.0129068477148162
0.01290684771957855
0.01290684772806878
0.01290684772505174
0.01290684772767264
0.01290684772069644
0.0129068477173901
0.01290684772752966
0.01290684772311434
0.01290684771786405
0.01290684772796499
0.01290684772062623
0.01290684771790939
0.01290684772954516
0.01290684771662338
0.0129068477206311
0.01290684772854585
0.01290684771765799
0.01290684772090366
0.01290684772822422
0.01290684771743005
0.01290684772013327
0.01290684772646322
0.01290684771942423
0.01290684771627118
0.01290684772602697
0.01290684771894882
0.01290684771533181
0.01216339076379288
0.01216339075852184
0.01216339076228978
0.01216339075670222
0.01216339075310254
0.0121633907619669
0.0121633907550758
0.01216339075243799
0.01216339076185233
0.01216339075630373
0.01216339075274687
0.01216339076211775
0.01216339075556657
0.01216339075267639
0.01216339076197781
0.01216339075785232
0.01216339075288301
0.01216339076234507
0.01216339075567387
0.01216339075306345
0.0121633907624967
0.01216339075623507
0.01216339075297968
0.01216339076271278
0.01216339075668675
0.01216339075841495
0.01216339076597866
0.01216339075230583
0.01216339075791144
0.01216339076531271
0.01216339075091979
0.01216339075582626
0.01216339076366022
0.01216339075985038
0.01216339076357851
0.01216339075712967
0.01216339075405638
0.01216339076355092
0.01216339075940864
0.01216339075448926
0.01216339076396645
0.01216339075710655
0.01216339075442004
0.01216339076397888
0.01216339075723292
0.01216339075480591
0.01216339076463955
0.01216339075478044
0.01216339075749255
0.01216339076443765
0.01216339075458615
0.01216339075683111
0.01216339076278481
0.01216339075609867
0.01216339075314073
0.01216339076216686
0.01216339075541662
0.01216339075230915
0.01133423426511565
0.01133423426393964
0.01133423426494405
0.0113342342591953
0.01133423425631297
0.01133423426470518
0.01133423425837958
0.0113342342559289
0.01133423426452255
0.01133423425905799
0.011334234256139
0.01133423426476475
0.01133423425881275
0.01133423425611409
0.01133423426467132
0.01133423426109472
0.01133423425628689
0.01133423426499333
0.0113342342587762
0.01133423425651235
0.01133423426519554
0.01133423425952399
0.01133423425632839
0.01133423426514154
0.0113342342610014
0.01133423425903623
0.01133423426831389
0.01133423425608501
0.01133423426108136
0.01133423426816319
0.01133423425420467
0.0113342342587395
0.01133423426560305
0.01133423426191831
0.01133423426612695
0.01133423426027348
0.01133423425746001
0.01133423426618787
0.01133423426244262
0.01133423425785893
0.01133423426658915
0.01133423426030888
0.01133423425785745
0.01133423426649447
0.01133423426061363
0.01133423425787487
0.01133423426705274
0.0113342342599472
0.01133423426052927
0.01133423426733163
0.01133423425835018
0.01133423426026412
0.0113342342658358
0.01133423425953578
0.01133423425687265
0.01133423426505746
0.01133423425871729
0.0113342342557474
0.01043417282973405
0.01043417282903923
0.01043417282981889
0.01043417282438732
0.01043417282207063
0.01043417282974264
0.01043417282405632
0.01043417282184119
0.01043417282950329
0.0104341728243952
0.01043417282198708
0.01043417282972797
0.01043417282474796
0.01043417282196954
0.01043417282964825
0.01043417282654545
0.01043417282212549
0.01043417282998651
0.01043417282438088
0.01043417282235463
0.01043417283017283
0.01043417282519944
0.0104341728221942
0.01043417283008208
0.01043417282517216
0.0104341728262556
0.01043417283276634
0.01043417282223549
0.01043417282648009
0.01043417283301657
0.01043417282089565
0.01043417282413293
0.01043417282951724
0.01043417282652125
0.01043417283093268
0.01043417282570578
0.01043417282322031
0.01043417283105571
0.01043417282782469
0.01043417282359059
0.01043417283144878
0.01043417282582756
0.01043417282367645
0.01043417283139929
0.01043417282593876
0.01043417282364873
0.01043417283145184
0.0104341728269595
0.0104341728243067
0.01043417283242508
0.01043417282442962
0.01043417282599989
0.01043417283115906
0.01043417282549462
0.01043417282305039
0.01043417283031324
0.01043417282468549
0.01043417282174119
0.009488313983297537
0.009488313982580869
0.00948831398360467
0.009488313978691184
0.009488313976852923
0.009488313983640393
0.009488313978661327
0.009488313976735378
0.00948831398338163
0.009488313978856883
0.009488313976805012
0.009488313983581678
0.009488313979767536
0.00948831397680661
0.009488313983481964
0.009488313980790209
0.009488313976941635
0.009488313983860951
0.00948831397899399
0.009488313977153884
0.009488313983977573
0.009488313979833863
0.009488313977198392
0.00948831398497291
0.009488313977155584
0.009488313979961872
0.009488313985754462
0.009488313977601234
0.009488313980705945
0.009488313986210285
0.009488313977778665
0.00948831397893523
0.009488313982207867
0.009488313980262834
0.009488313984587507
0.009488313980009625
0.009488313977910921
0.009488313984726495
0.009488313982038307
0.009488313978295564
0.00948831398512561
0.009488313980227243
0.009488313978394631
0.009488313985132418
0.009488313980268791
0.009488313978443245
0.009488313985256817
0.009488313981191777
0.009488313978825774
0.009488313986251409
0.009488313979449575
0.009488313980567237
0.009488313985276602
0.009488313980404494
0.009488313978211642
0.009488313984523693
0.009488313979575943
0.009488313976776314
0.008531225323415192
0.008531225322782873
0.008531225324005394
0.008531225319763613
0.008531225318286264
0.00853122532408301
0.008531225319873633
0.008531225318270934
0.008531225323828205
0.008531225320046833
0.008531225318271196
0.008531225324026398
0.008531225321135868
0.008531225318325689
0.008531225323871149
0.008531225321516216
0.008531225318384853
0.008531225324275582
0.008531225320249431
0.008531225318570191
0.008531225324265299
0.00853122532114178
0.008531225318783045
0.008531225325342557
0.008531225317963402
0.008531225320292966
0.008531225324596501
0.008531225320745335
0.008531225321482552
0.008531225325105569
0.008531225321108133
0.008531225321293776
0.008531225321772407
0.008531225320815669
0.00853122532480507
0.008531225320933439
0.008531225319210665
0.008531225324913509
0.00853122532260293
0.00853122531980941
0.008531225325325799
0.008531225321198677
0.008531225319681993
0.008531225325377626
0.008531225321260327
0.008531225319793676
0.00853122532553633
0.008531225322012521
0.00853122532015348
0.008531225326484813
0.008531225321043967
0.008531225321619273
0.008531225325827762
0.008531225321816065
0.008531225319956481
0.008531225325304282
0.008531225320977566
0.008531225318545698
0.007602314736119197
0.007602314735645754
0.007602314736954156
0.007602314733426002
0.007602314732270719
0.007602314737015513
0.007602314733621534
0.007602314732344136
0.007602314736771735
0.007602314733749655
0.007602314732300433
0.007602314736993962
0.007602314734649115
0.007602314732506445
0.007602314736765171
0.007602314734714791
0.007602314732354207
0.007602314737163181
0.007602314734030805
0.007602314732511712
0.007602314736938813
0.007602314735139588
0.007602314732905772
0.007602314737942225
0.00760231473209525
0.007602314733557484
0.007602314737255864
0.007602314734791319
0.007602314733607899
0.007602314736972792
0.007602314735231257
0.007602314736174755
0.007602314733672705
0.007602314734063999
0.007602314737533354
0.00760231473448896
0.007602314733055318
0.007602314737660097
0.007602314735119947
0.007602314734545298
0.007602314738016788
0.007602314734687039
0.007602314733462226
0.007602314738083498
0.007602314734802114
0.007602314733611078
0.007602314738218016
0.007602314735586528
0.007602314733966822
0.007602314739103858
0.007602314735030267
0.007602314735086253
0.007602314738732056
0.007602314735599873
0.007602314734113408
0.007602314738466766
0.007602314734976326
0.007602314733052109
0.006737962034564372
0.006737962034239651
0.006737962035516671
0.006737962032680804
0.006737962031880635
0.006737962035538615
0.006737962032961659
0.006737962031983844
0.006737962035304589
0.006737962032948326
0.006737962031963732
0.006737962035632243
0.006737962033270871
0.006737962032620812
0.006737962035234934
0.006737962033619587
0.00673796203190297
0.006737962035635374
0.006737962033305309
0.006737962032046566
0.006737962035238798
0.00673796203417753
0.006737962032465006
0.006737962036058689
0.006737962032038354
0.006737962032623074
0.006737962035639382
0.006737962033671737
0.006737962032444529
0.006737962035084509
0.006737962034309422
0.006737962035398794
0.006737962032719478
0.00673796203306504
0.00673796203589851
0.006737962033584552
0.006737962032539622
0.006737962036142887
0.006737962033904492
0.006737962033669934
0.006737962036306899
0.006737962033768469
0.006737962032800919
0.006737962036353217
0.006737962033956642
0.006737962032988367
0.00673796203651017
0.006737962034594934
0.006737962033353986
0.006737962037253352
0.006737962034380224
0.006737962034074983
0.006737962037094487
0.006737962034847049
0.006737962033699778
0.006737962037018483
0.006737962034590822
0.006737962033457259
0.005963116129739687
0.005963116129434274
0.005963116130678113
0.005963116128259012
0.005963116128146141
0.00596311613065387
0.005963116128793708
0.005963116128104985
0.005963116130431602
0.005963116128499989
0.005963116128265785
0.005963116130741296
0.005963116128765563
0.005963116128487912
0.005963116130259044
0.005963116129115907
0.005963116127973098
0.005963116130715845
0.005963116128977342
0.005963116128108723
0.005963116130267819
0.005963116129460477
0.005963116128409352
0.005963116130706402
0.005963116128271649
0.005963116128369081
0.005963116130612707
0.005963116129102232
0.005963116128248132
0.005963116130068421
0.005963116129690444
0.005963116130633869
0.005963116128893283
0.005963116128755898
0.005963116130921433
0.005963116128943661
0.005963116128681656
0.005963116131175947
0.005963116129326448
0.005963116129107301
0.005963116131202222
0.005963116129359567
0.005963116128646475
0.005963116131182182
0.005963116129648608
0.005963116128873521
0.005963116131486893
0.005963116129796065
0.005963116129378844
0.005963116131950077
0.005963116129962509
0.005963116129598324
0.005963116131928606
0.00596311613057887
0.005963116129685006
0.005963116131967747
0.005963116130319259
0.005963116130889833
0.005286140002435023
0.005286140001652606
0.005286140002877597
0.005286140000959312
0.005286140000950424
0.005286140002815005
0.005286140001495891
0.005286140001094482
0.005286140002672867
0.005286140001203361
0.005286140001047196
0.005286140002801968
0.005286140001247417
0.005286140001156261
0.005286140002393546
0.005286140001579205
0.005286140000918541
0.005286140002882824
0.005286140001422398
0.005286140001094919
0.005286140002502893
0.005286140001596438
0.005286140001235067
0.005286140002688423
0.005286140000997039
0.00528614000101712
0.005286140002631628
0.005286140001524
0.005286140001204552
0.005286140002235577
0.005286140002008307
0.005286140002847053
0.005286140001541436
0.005286140001354653
0.005286140002955467
0.005286140001433007
0.005286140001357687
0.005286140003205096
0.005286140001737452
0.005286140001532469
0.005286140003145743
0.005286140001864704
0.005286140001406849
0.005286140003135759
0.005286140002075528
0.005286140001609105
0.005286140003445336
0.005286140002166645
0.005286140001940462
0.005286140003650111
0.005286140002284384
0.005286140002123265
0.005286140003814609
0.005286140003062069
0.005286140002495728
0.005286140004007698
0.005286140003078526
0.005286140004303058
0.004699266228764207
0.004699266227409721
0.004699266228627692
0.004699266227105295
0.004699266227101948
0.004699266228529616
0.004699266227518662
0.004699266227404214
0.004699266228484103
0.004699266227337627
0.004699266227152327
0.004699266228455455
0.004699266227263731
0.0046992662272562
0.004699266228127179
0.004699266227537282
0.004699266227219116
0.004699266228574178
0.004699266227513657
0.004699266227292821
0.004699266228283357
0.00469926622744649
0.004699266227300149
0.004699266228361856
0.004699266227100559
0.004699266227088923
0.004699266228188675
0.004699266227678133
0.004699266227523934
0.004699266228025504
0.004699266227826942
0.004699266228569785
0.004699266227554963
0.004699266227383106
0.004699266228563352
0.0046992662274026
0.00469926622738953
0.004699266228758752
0.004699266227624204
0.004699266227480418
0.004699266228726203
0.004699266227678411
0.004699266227521983
0.004699266228715878
0.004699266227789726
0.004699266227663349
0.004699266228906747
0.004699266228006808
0.004699266227895732
0.004699266229100997
0.004699266228261415
0.004699266228119757
0.004699266229307134
0.00469926622893376
0.0046992662286533
0.004699266229631463
0.004699266229176186
0.004699266230693526
0.004183896882441228
0.004183896880546724
0.004183896881741313
0.004183896880528887
0.004183896880517877
0.004183896881593928
0.00418389688094027
0.004183896880896009
0.004183896881677999
0.004183896880750157
0.004183896880523429
0.00418389688151882
0.004183896880650352
0.00418389688066341
0.004183896881260626
0.004183896880835075
0.004183896880723812
0.004183896881580726
0.004183896880849439
0.004183896880712585
0.004183896881464103
0.004183896880715466
0.004183896880629721
0.004183896881478242
0.004183896880503993
0.004183896880459246
0.004183896881212858
0.004183896880934681
0.00418389688109779
0.004183896881247431
0.00418389688100011
0.004183896881646125
0.004183896880858422
0.004183896880710634
0.004183896881586092
0.004183896880694057
0.004183896880702205
0.004183896881714676
0.004183896880852606
0.004183896880768283
0.004183896881727435
0.004183896880924292
0.004183896880846568
0.004183896881710091
0.004183896880968177
0.004183896880932172
0.004183896881809427
0.004183896881206358
0.004183896881158947
0.004183896882033808
0.004183896881463155
0.004183896881422355
0.004183896882250304
0.004183896882141849
0.004183896882030054
0.004183896882647455
0.004183896882470529
0.004183896884090255
0.003717652171407534
0.003717652169145152
0.003717652170284785
0.003717652169324713
0.003717652169312911
0.003717652170086595
0.003717652169732975
0.003717652169730051
0.003717652170308716
0.003717652169540883
0.003717652169281126
0.003717652170045552
0.003717652169507401
0.003717652169509444
0.003717652169850335
0.003717652169476354
0.003717652169444651
0.003717652170051527
0.003717652169561487
0.003717652169495818
0.003717652170101543
0.003717652169440731
0.003717652169356883
0.003717652170075553
0.003717652169310307
0.003717652169227172
0.003717652169747476
0.003717652169526786
0.003717652169967623
0.003717652169979638
0.003717652169613935
0.00371765217017033
0.003717652169564813
0.003717652169435327
0.003717652170087704
0.003717652169397578
0.003717652169409412
0.003717652170152427
0.003717652169508413
0.00371765216946776
0.003717652170190766
0.003717652169589318
0.003717652169540001
0.003717652170169907
0.003717652169611905
0.003717652169598768
0.003717652170233576
0.003717652169846165
0.00371765216981857
0.003717652170455089
0.003717652170062107
0.003717652170056618
0.003717652170726202
0.003717652170748222
0.003717652170647056
0.003717652171133073
0.003717652171101017
0.003717652172682425
0.003280098691659942
0.003280098689179695
0.003280098690232475
0.003280098689486962
0.003280098689483263
0.003280098690045382
0.003280098689945245
0.003280098689940156
0.003280098690329564
0.003280098689692751
0.003280098689417842
0.003280098689995112
0.003280098689676952
0.003280098689671783
0.003280098689857389
0.003280098689568778
0.003280098689560237
0.003280098689982585
0.003280098689674729
0.003280098689647612
0.003280098690139182
0.003280098689568975
0.00328009868947206
0.003280098690104431
0.003280098689500384
0.003280098689375782
0.003280098689736259
0.003280098689577604
0.003280098690107145
0.003280098690033764
0.003280098689643576
0.003280098690123737
0.003280098689663076
0.003280098689540917
0.003280098690028154
0.003280098689494061
0.003280098689500963
0.003280098690043105
0.003280098689569387
0.003280098689554425
0.003280098690079771
0.003280098689635476
0.003280098689607182
0.003280098690063752
0.003280098689703193
0.003280098689693788
0.003280098690128314
0.00328009868989039
0.003280098689853982
0.003280098690307607
0.003280098690056118
0.003280098690070633
0.00328009869054507
0.00328009869057649
0.003280098690545377
0.00328009869108646
0.003280098691109388
0.003280098692503848
0.002855751103527988
0.00285575110098973
0.00285575110192553
0.002855751101375411
0.002855751101389026
0.002855751101816928
0.002855751101813085
0.002855751101768062
0.002855751102064216
0.002855751101545533
0.002855751101280975
0.002855751101703769
0.002855751101522894
0.002855751101514428
0.002855751101612466
0.002855751101405633
0.002855751101403262
0.002855751101695894
0.002855751101509491
0.002855751101497191
0.002855751101897636
0.002855751101423287
0.002855751101318608
0.002855751101881432
0.002855751101410146
0.002855751101248458
0.002855751101496377
0.002855751101386936
0.002855751101900145
0.002855751101789769
0.002855751101426049
0.002855751101843663
0.002855751101497133
0.002855751101371396
0.002855751101736394
0.002855751101326165
0.00285575110132371
0.002855751101722773
0.002855751101378946
0.002855751101371216
0.002855751101735455
0.002855751101410934
0.002855751101401483
0.002855751101731151
0.002855751101471835
0.00285575110146936
0.002855751101805173
0.002855751101671754
0.002855751101615489
0.002855751101920276
0.002855751101792642
0.002855751101810248
0.002855751102155518
0.002855751102236801
0.002855751102206129
0.002855751102687863
0.002855751102735128
0.00285575110392242
0.002434628450003348
0.002434628447604279
0.002434628448397307
0.002434628448051058
0.002434628448074248
0.002434628448296173
0.00243462844831941
0.00243462844828878
0.002434628448533249
0.00243462844812664
0.002434628447903732
0.002434628448202108
0.002434628448087008
0.002434628448073384
0.002434628448141374
0.002434628448003798
0.002434628448004325
0.002434628448214396
0.002434628448104117
0.002434628448082359
0.002434628448399863
0.002434628448025783
0.002434628447925915
0.002434628448405604
0.002434628448053925
0.00243462844787842
0.002434628448044807
0.002434628447969329
0.002434628448408898
0.002434628448296798
0.002434628447987312
0.002434628448347232
0.002434628448092581
0.002434628447959805
0.00243462844823457
0.002434628447925621
0.002434628447911346
0.002434628448212459
0.002434628447965645
0.002434628447949895
0.002434628448191496
0.002434628447958167
0.002434628447961338
0.002434628448200445
0.002434628447969734
0.002434628447970996
0.002434628448216367
0.002434628448143771
0.002434628448123312
0.002434628448322486
0.002434628448279828
0.002434628448298055
0.002434628448477951
0.002434628448564008
0.002434628448589831
0.002434628448996575
0.002434628449056861
0.002434628449978811
0.00201149078403528
0.002011490781892783
0.002011490782516725
0.002011490782295093
0.002011490782322821
0.002011490782455687
0.002011490782454987
0.002011490782386962
0.00201149078262323
0.002011490782318468
0.002011490782159785
0.002011490782372337
0.00201149078226931
0.00201149078223312
0.002011490782315807
0.002011490782235995
0.00201149078224101
0.002011490782399834
0.002011490782334318
0.002011490782283727
0.002011490782521921
0.002011490782247739
0.002011490782165793
0.002011490782533093
0.002011490782294675
0.002011490782144792
0.002011490782249664
0.002011490782191871
0.00201149078252974
0.002011490782436759
0.002011490782196566
0.002011490782480582
0.002011490782304498
0.002011490782182108
0.002011490782388541
0.002011490782165093
0.002011490782138978
0.002011490782372391
0.002011490782197954
0.002011490782165539
0.002011490782320314
0.002011490782158181
0.002011490782165482
0.002011490782343521
0.002011490782161843
0.002011490782152049
0.002011490782336048
0.002011490782278349
0.002011490782260819
0.002011490782393938
0.002011490782396172
0.00201149078241393
0.002011490782493284
0.002011490782559693
0.002011490782606229
0.002011490782918772
0.002011490782999811
0.002011490783694536
0.001585020117299136
0.001585020115576505
0.001585020116014645
0.001585020115859244
0.001585020115908855
0.001585020115966691
0.001585020115973324
0.001585020115886181
0.001585020116075319
0.00158502011585862
0.00158502011578051
0.001585020115921876
0.001585020115859974
0.00158502011579621
0.001585020115872407
0.001585020115847984
0.001585020115857172
0.001585020115937395
0.00158502011590153
0.001585020115841873
0.001585020116006801
0.001585020115827567
0.001585020115771197
0.001585020116016969
0.00158502011587402
0.00158502011575714
0.001585020115821381
0.001585020115786261
0.001585020116013639
0.001585020115947474
0.001585020115782348
0.001585020115981965
0.001585020115871915
0.001585020115773861
0.001585020115921801
0.001585020115773651
0.001585020115740975
0.001585020115917542
0.00158502011580142
0.001585020115754199
0.001585020115848809
0.001585020115744883
0.001585020115750057
0.001585020115878839
0.001585020115751751
0.00158502011572991
0.001585020115875011
0.001585020115824407
0.001585020115789417
0.001585020115871883
0.001585020115883392
0.001585020115898945
0.001585020115925707
0.001585020115963422
0.001585020116004838
0.001585020116212779
0.001585020116278171
0.001585020116742846
0.001158219343969417
0.001158219342824498
0.00115821934308864
0.001158219342958603
0.001158219343027539
0.001158219343021318
0.001158219343057357
0.001158219342978972
0.00115821934311089
0.001158219342962462
0.001158219342956623
0.001158219343020857
0.001158219343004969
0.001158219342940191
0.001158219343002763
0.001158219342987218
0.001158219343001551
0.00115821934303435
0.001158219343023591
0.001158219342969738
0.001158219343068742
0.00115821934296797
0.001158219342935884
0.001158219343073551
0.001158219343004458
0.00115821934292268
0.001158219342958294
0.001158219342945094
0.001158219343074453
0.001158219343031186
0.001158219342936489
0.001158219343057477
0.001158219342997172
0.00115821934293125
0.001158219343023839
0.001158219342939428
0.001158219342910878
0.001158219343023285
0.001158219342956425
0.001158219342913501
0.001158219342966079
0.001158219342908543
0.001158219342909671
0.001158219342990121
0.001158219342915087
0.001158219342890921
0.001158219342982586
0.001158219342947828
0.001158219342915082
0.001158219342959461
0.001158219342965307
0.001158219342973376
0.001158219342978248
0.001158219342992592
0.001158219343016462
0.001158219343125933
0.001158219343162381
0.001158219343407306
0.000687625618915822
0.0006876256184390232
0.0006876256185820596
0.0006876256184505096
0.0006876256185757165
0.0006876256184792004
0.0006876256185873855
0.0006876256184720547
0.0006876256185946113
0.00068762561847017
0.0006876256185314167
0.0006876256185013315
0.0006876256185411831
0.0006876256184798126
0.0006876256185384439
0.0006876256184990312
0.0006876256185252247
0.0006876256185182755
0.0006876256185366443
0.000687625618498866
0.0006876256185432614
0.0006876256184998203
0.0006876256184927209
0.0006876256185346209
0.0006876256185215564
0.0006876256184765536
0.0006876256184917611
0.0006876256184957724
0.0006876256185434297
0.0006876256185128966
0.000687625618485778
0.0006876256185348652
0.0006876256185095354
0.0006876256184807913
0.000687625618514488
0.000687625618482508
0.000687625618472607
0.0006876256185142254
0.0006876256184885183
0.0006876256184655952
0.0006876256184828133
0.0006876256184622884
0.0006876256184622481
0.000687625618486543
0.0006876256184578088
0.0006876256184458085
0.0006876256184761149
0.0006876256184606996
0.0006876256184441194
0.0006876256184583486
0.0006876256184499094
0.000687625618441541
0.0006876256184449964
0.0006876256184351495
0.0006876256184324702
0.000687625618452316
0.0006876256184610273
0.0006876256184821521
0.0004811430115091867
0.0004811430115056276
0.0004811430115090314
0.0004811430115060466
0.000481143011509394
0.0004811430115066629
0.000481143011509781
0.0004811430115068317
0.0004811430115095134
0.0004811430115070314
0.0004811430115086307
0.0004811430115073975
0.0004811430115087098
0.0004811430115072579
0.0004811430115083555
0.0004811430115076557
0.0004811430115082819
0.0004811430115078366
0.0004811430115084209
0.0004811430115076131
0.0004811430115084264
0.0004811430115077291
0.0004811430115077309
0.0004811430115084309
0.0004811430115081445
0.0004811430115073249
0.0004811430115075067
0.0004811430115076309
0.0004811430115083932
0.0004811430115079078
0.0004811430115075365
0.0004811430115081273
0.0004811430115078247
0.00048114301150738
0.0004811430115076435
0.0004811430115073629
0.0004811430115073495
0.0004811430115076854
0.0004811430115073551
0.0004811430115069978
0.0004811430115071393
0.0004811430115070176
0.0004811430115070025
0.000481143011507073
0.0004811430115069133
0.0004811430115067489
0.0004811430115069051
0.0004811430115068629
0.0004811430115065768
0.0004811430115062584
0.000481143011506419
0.0004811430115063294
0.0004811430115059409
0.0004811430115058483
0.0004811430115060502
0.00048114301150558
0.0004811430115062461
0.0004811430115051024
)
;

boundaryField
{
    inlet
    {
        type            cyclic;
    }
    outlet
    {
        type            cyclic;
    }
    bottomWall
    {
        type            fixedValue;
        value           uniform 0.0015;
    }
    topWall
    {
        type            fixedValue;
        value           uniform 0.0015;
    }
    left
    {
        type            cyclic;
    }
    right
    {
        type            cyclic;
    }
}


// ************************************************************************* //
