0.0544191913779456457	0.00018821587
0.107284564527820009	0.0021331629
0.157199341102769619	0.001575274
0.206356414521824238	0.00059507456
0.255402942232100139	0.00046186562
0.305045393711926405	0.00038544553
0.35585129586435682	0.00036328821
0.408298442482505908	0.00036042585
0.462905750394356774	0.00036994766
0.520242748837675739	0.00039012218
0.576856182607486723	0.000366116
0.633127721436195223	0.0003524233
0.689875184933584684	0.00034973898
0.747998037739293742	0.0003568484
0.807017415378487368	0.00035631496
0.864954185154731658	0.00033214758
0.920680849915347377	0.00029737527
0.975060683776776016	0.00027415312
1.02882132727979791	0.00026024666
1.08261600097065447	0.00025312004
1.13706892327715203	0.00025158256
1.19214930664407848	0.00025025517
1.24691071073336235	0.00024077139
1.30191823511824256	0.00023693053
1.35775774762018253	0.00023885342
1.41461008306607283	0.00024250278
1.47091568077283652	0.00023358702
1.52698144374527001	0.00022685807
1.58309515738334916	0.00022267369
1.63950838283169253	0.00022103162
1.69644507741092476	0.00022141097
1.75411570299318642	0.00022362987
1.81272832069085932	0.00022721258
1.87000522597918661	0.00021399339
1.92663877867054056	0.00020503858
1.98339104676433453	0.00020188075
2.04102998126976187	0.00020408955
2.10038821149735577	0.00021191789
2.15907260225273046	0.00020395436
2.21654385095958739	0.00019259596
2.27290350202554903	0.00018264777
2.32861844866490841	0.00017640195
2.38410670185945417	0.00017330877
2.43899566920103572	0.00016869938
2.49368903576713175	0.00016647924
2.54885771794478311	0.00016869991
2.60518596003944491	0.00017561961
2.66347790330464651	0.00018821235
2.72265214895979701	0.0001945998
2.78026642561513215	0.00018604526
2.83642645651458958	0.00017832919
2.89188026939705534	0.0001752772
2.94727998741290342	0.00017582783
3.00327791216688	0.00018004832
3.06056264944229817	0.00018851939
3.11800249568821508	0.00018972913
3.17464495296105209	0.00018458022
3.23104047698257402	0.00018304126
3.28743799930750225	0.00018316805
3.34441267811897447	0.00018672448
3.40164667476428928	0.00018856532
3.45842790725642413	0.0001857617
3.51541641747088285	0.00018682349
3.57282736353795682	0.0001899013
3.6310578542998786	0.00019561831
3.69100963566832041	0.00020752415
3.75062639579039336	0.00020612371
3.81011784615962812	0.00020471732
3.86943888889295673	0.00020307025
3.92716508422932886	0.00019200776
3.98396632177607524	0.00018465154
4.04045075778949858	0.00018159322
4.09695248946110802	0.00018129381
4.15378750686317044	0.00018308759
4.21152895446210618	0.00018818578
4.27077782464886724	0.00019687745
4.33110760540075646	0.00020331091
4.3903169704266789	0.00019591793
4.4489966076594305	0.00019218008
4.50770692115840976	0.00019256198
4.56699283805239453	0.00019628942
4.62613306978911432	0.00019545732
4.68518243220568564	0.0001945005
4.74483687663606002	0.00019806073
4.80439003252543184	0.00019796592
4.86383843350803335	0.00019790675
4.92395648311615108	0.00020290573
4.98396796629842065	0.00020305429
5.04287846094106307	0.00019649328
5.10091667849484054	0.00019155074
5.15861643208150511	0.00019030111
5.21650039249088149	0.00019210748
5.27506656903160476	0.00019705951
5.33315631036520266	0.00019496835
5.39111162169810587	0.00019478741
5.44935521982141235	0.0001972904
5.50857185707959296	0.00020452928
5.56790632960215959	0.00020645833
5.62612870623916184	0.00019966002
5.68391011423537673	0.00019631879
5.74187668227843151	0.0001972143
5.80013930888255658	0.00019896293
5.85917142600634033	0.0002034804
5.91739594073379926	0.00019737538
5.97480819806394159	0.00019021627
6.03190323826838704	0.00018586339
6.08914715295516284	0.0001845547
6.14699575032488799	0.00018647851
6.20484643985591067	0.0001846056
6.26184266468053696	0.00017719026
6.31827390013757206	0.00017177219
6.37421810150415258	0.00016739529
6.43009607127694949	0.00016574216
6.48631658362817376	0.00016665327
6.5432867446386922	0.00017039033
6.60095850329936606	0.00017494699
6.65958294953003715	0.00018105935
6.71824245974611856	0.00018151348
6.77685904622001178	0.00018088363
6.83501860405872019	0.00017773324
6.89253749261339088	0.00017374244
6.94976411112416059	0.00017194945
7.00713580819353155	0.00017267356
7.06417801746988339	0.00017076012
7.12018936545681669	0.00016447234
7.17562229231641791	0.0001605879
7.23049389788333929	0.0001572464
7.28514152911808566	0.00015603824
7.33997267133216269	0.00015749603
7.39540437713475729	0.00016149015
7.45148746595884681	0.00016561844
7.50837954493806059	0.00017063399
7.56627589046384674	0.00017677462
7.62414062400227177	0.00017678839
7.68243234442661826	0.00017907776
7.74161734733187501	0.00018423137
7.80118723590023855	0.00018678345
7.86078746279112828	0.00018701705
7.92085149334818439	0.00018945463
7.98026250789018299	0.00018551158
8.03847596230350447	0.00017806222
8.09578270587326543	0.00017212279
8.15260776549306065	0.00016875609
8.20937894549054192	0.00016746795
8.26619333328159733	0.00016683951
8.32330134530312193	0.0001676083
8.38077074814645862	0.00016921573
8.43798500696302867	0.00016750312
8.49508562231547337	0.00016629142
8.55226304556518713	0.00016579706
8.6088152737065613	0.00016149029
8.66430006327473379	0.00015516446
8.71939152969687647	0.00015264499
8.77476758559155634	0.0001539177
8.83117945550597661	0.00015930328
8.88950098235185138	0.00017027417
8.94766011099525294	0.00017004526
9.00500371076565109	0.00016513594
9.06153247826026309	0.00016000646
9.11725193868386619	0.00015480255
9.17266008918842779	0.00015248169
9.22840577514187466	0.00015407907
9.28521588874149906	0.00015975868
9.34241715633914538	0.00016200517
9.40042784801697273	0.00016670023
9.45838466638867992	0.00016724744
9.51544795469614968	0.00016318897
9.57246490798638305	0.00016375594
9.62940272406071252	0.00016452352
9.68557405053687148	0.00016126464
9.74187911528886552	0.00016214806
9.7992391104618779	0.00016827641
9.85812907308246977	0.00017773139
9.91719605267001825	0.00017967994
9.97564047080192395	0.00017697369
10.0336411415469868	0.00017450687
10.0916125626437214	0.00017349416
10.1497106772337737	0.0001725466
10.2077875596081498	0.00017014611
10.2663294932362898	0.00016980023
10.3258282652158062	0.00017295326
10.384494276360364	0.0001672375
10.4425305251002385	0.00016233297
10.500600502131288	0.00016083488
10.5590784065869414	0.00016198323
10.6177805359772002	0.00016290923
10.6758071565363171	0.00015886033
10.733606234487608	0.00015695034
10.7909863551145175	0.00015428193
10.8472875041888575	0.00014825104
10.9026307549950623	0.00014302298
10.9573202669992842	0.00013946294
11.0117477127378081	0.00013785137
11.0661066682893203	0.00013724343
11.1198983641173221	0.0001342922
11.1734689598399335	0.00013322038
11.2271354452321948	0.00013403692
11.2811987530062527	0.00013635979
11.3359435127216948	0.00014041818
11.3907968393992807	0.00014171
11.444336653418306	0.00013554479
11.4969267084709728	0.00013091556
11.5488699860057693	0.00012799172
11.6004448439642793	0.0001264233
11.6519094459503396	0.00012615257
11.7034993774230944	0.00012710456
11.755445264663436	0.00012919733
11.8080108672056099	0.00013248638
11.8613308651363738	0.00013610832
11.9156662956323363	0.00014090028
11.9713614872332457	0.00014771658
12.0281196755005393	0.00015348076
12.084321387157706	0.00015094971
12.1402109720525004	0.00014964094
12.1957935551078709	0.00014883033
12.2513655382751008	0.00014925499
12.3072884090775361	0.00015135892
12.3639281056784931	0.0001553855
12.4214426150012258	0.00016027569
12.4799361553576169	0.00016590905
12.5389864030200027	0.00016919535
12.5974972977166164	0.00016647488
12.655902461949637	0.00016609672
12.7146003402490315	0.00016823215
12.7739925895372259	0.0001725407
12.8343779245355556	0.00017823699
12.8937480935955708	0.00017258339
12.952548286487275	0.00016868781
13.0111680887838705	0.00016762485
13.0699991417303867	0.00016931336
13.1294378898959199	0.0001733201
13.1897529002774032	0.00017857088
13.2496289190134782	0.00017595025
13.3087398988159542	0.00017073318
13.367528024213982	0.00016824622
13.4263832575687978	0.00016810461
13.4856944090250508	0.000170118
13.5453689214148199	0.00017203878
13.6053072669630986	0.00017325741
13.6659673746092363	0.00017707136
13.7256403136821081	0.00017175701
13.784665277321416	0.0001676193
13.8435588815593373	0.00016641409
13.9028423079531276	0.00016823694
13.9626843697239771	0.00017122353
14.0230260394951571	0.00017359651
14.0843320302851076	0.00017818335
14.1446664981552814	0.00017208739
14.203972604033769	0.00016495798
14.2627086999056818	0.00016042525
14.3212919969775481	0.00015810573
14.3801354727980932	0.00015799772
14.4396508063491229	0.00016003606
14.5002813952281571	0.00016545777
14.5620834186558632	0.00017214646
14.623314289665748	0.00016967464
14.6837905946497731	0.00016589375
14.7438266869023629	0.00016381556
14.8042310773679162	0.00016615727
14.8658527694952021	0.00017398331
14.9267170372213478	0.00017136392
14.9865792638934625	0.00016683086
15.0447347999364531	0.00015825617
15.1015247673500461	0.00015104134
15.1577460898951504	0.00014765061
15.2137201521596275	0.00014569329
15.2692051658832657	0.00014239862
15.324769377830334	0.00014229047
15.3809905220956988	0.00014566292
15.4384951449330377	0.00015238796
15.4979865114495468	0.00016323203
15.5571348918831838	0.00016223468
15.6145043171611313	0.00015302424
15.6708715996426111	0.00014748738
15.7269218894153475	0.00014575375
15.7832725159916265	0.00014754021
15.8406244387291224	0.00015307761
15.8979760907274095	0.00015347266
15.9558555725632623	0.00015610952
16.0148570295755235	0.00016238011
16.0733500158453815	0.00016057879
16.1317251343812131	0.00015996848
16.1892388292531244	0.0001552103
16.2461592524479137	0.00015175184
16.3030174949889677	0.00015137015
16.3603484428694763	0.00015406773
16.4186625607555285	0.0001596033
16.4782556725535123	0.000166529
16.5381573276390981	0.00016831804
16.5970721578078013	0.00016300665
16.6555397205391635	0.00016030945
16.7140363197565449	0.00016004054
16.7730644964386606	0.00016233336
16.8331058136990031	0.00016715564
16.8942937075944002	0.00017329596
16.9546684631011964	0.00016920129
17.0148688973722351	0.00016829393
17.0756006482581206	0.00017161806
17.1375394120536022	0.00017876639
17.1980875100896462	0.00017148574
17.2577308604719413	0.00016578014
17.3171399952608098	0.00016402774
17.3769136300917744	0.00016573077
17.4377217720096809	0.00017152073
17.4976211438491234	0.00016706753
17.5567196054348251	0.00016272443
17.6155742026437458	0.00016106341
17.6747168658053759	0.00016213599
17.734722369841009	0.00016619075
17.7946266292402484	0.00016541454
17.8531814615425262	0.00015798817
17.9109972991144453	0.00015352938
17.9686178429769079	0.00015243239
18.0265638239628814	0.00015411002
18.0853517627249403	0.00015841486
18.1455833859609719	0.00016623401
18.2066034532455205	0.00017135704
18.2661285412564105	0.00016374944
18.3248045838740019	0.00015871744
18.3832095867594845	0.00015657827
18.441884320551484	0.0001568154
18.5013640568041708	0.00015980961
18.5622472672307772	0.00016659191
18.625214041910592	0.00017771304
18.6866741074408722	0.00016958833
18.747269750370382	0.00016386235
18.80762333309114	0.00016174133
18.8682971254409217	0.00016219674
18.9298659882587756	0.00016574096
18.9929365523273006	0.0001730745
19.0565527350318717	0.00017656397
19.119657130064116	0.00017447294
19.182622453296819	0.00017400791
19.2457634503843167	0.00017530806
19.309408218681984	0.00017816974
19.3739067392389153	0.00018347834
19.4379560273218246	0.00018173871
19.5009543657494078	0.00017605373
19.5632647099655053	0.0001720761
19.6252056660413885	0.00017011441
19.6868303895910763	0.00016871111
19.747863466829898	0.00016544775
19.8085613273842398	0.00016301331
19.8691656759104198	0.00016175183
19.9299290813964554	0.00016222316
19.9911326957211237	0.00016467924
