/*--------------------------------*- C++ -*----------------------------------*\
| =========                 |                                                 |
| \\      /  F ield         | OpenFOAM: The Open Source CFD Toolbox           |
|  \\    /   O peration     | Version:  v1812                                 |
|   \\  /    A nd           | Web:      www.OpenFOAM.com                      |
|    \\/     M anipulation  |                                                 |
\*---------------------------------------------------------------------------*/
FoamFile
{
    version     2.0;
    format      ascii;
    class       volScalarField;
    location    "10000";
    object      nuTilda;
}
// * * * * * * * * * * * * * * * * * * * * * * * * * * * * * * * * * * * * * //

dimensions      [0 2 -1 0 0 0 0];


internalField   nonuniform List<scalar> 
2838
(
0.00048914937306142
0.0004891493730614207
0.0004891493730614212
0.000489149373061421
0.0004891493730614212
0.0004891493730614207
0.0004891493730614213
0.0004891493730614207
0.0004891493730614208
0.0004891493730614207
0.0004891493730614205
0.0004891493730614207
0.0004891493730614207
0.0004891493730614203
0.0004891493730614208
0.0004891493730614199
0.0004891493730614209
0.0004891493730614203
0.0004891493730614208
0.00048914937306142
0.0004891493730614204
0.0004891493730614203
0.0004891493730614209
0.0004891493730614202
0.00048914937306142
0.0004891493730614204
0.0004891493730614203
0.0004891493730614204
0.0004891493730614196
0.0004891493730614208
0.0004891493730614203
0.0004891493730614198
0.0004891493730614205
0.0004891493730614197
0.0004891493730614195
0.0004891493730614199
0.0004891493730614214
0.0004891493730614197
0.0004891493730614194
0.0004891493730614195
0.0004891493730614205
0.0004891493730614196
0.0004891493730614205
0.0004891493730614194
0.0004891493730614204
0.0004891493730614195
0.0004891493730614205
0.0004891493730614204
0.0004891493730614199
0.0004891493730614194
0.0004891493730614209
0.0004891493730614201
0.0004891493730614209
0.0004891493730614192
0.0004891493730614201
0.0004891493730614199
0.0004891493730614201
0.0004891493730614183
0.0004891493730614222
0.000489149373061419
0.0004891493730614212
0.0004891493730614189
0.0004891493730614213
0.0004891493730614187
0.0004891493730614215
0.0004891493730614198
0.0002986175958414024
0.0002986175958413957
0.0002986175958413886
0.000298617595841387
0.000298617595841386
0.0002986175958413852
0.0002986175958413846
0.0002986175958413863
0.0002986175958413883
0.0002986175958413893
0.0002986175958413896
0.0002986175958413882
0.0002986175958413889
0.0002986175958413873
0.0002986175958413864
0.0002986175958413873
0.0002986175958413899
0.0002986175958413899
0.0002986175958413886
0.0002986175958413883
0.000298617595841389
0.0002986175958413901
0.000298617595841391
0.0002986175958413897
0.0002986175958413911
0.0002986175958413885
0.0002986175958413875
0.0002986175958413889
0.0002986175958413896
0.0002986175958413904
0.0002986175958413899
0.0002986175958413903
0.0002986175958413886
0.000298617595841391
0.0002986175958413893
0.0002986175958413872
0.0002986175958413911
0.0002986175958413905
0.0002986175958413883
0.0002986175958413918
0.0002986175958413906
0.0002986175958413895
0.0002986175958413931
0.0002986175958413912
0.0002986175958413911
0.0002986175958413903
0.0002986175958413925
0.0002986175958413918
0.0002986175958413921
0.0002986175958413905
0.0002986175958413904
0.0002986175958413935
0.0002986175958413911
0.0002986175958413868
0.0002986175958413889
0.0002986175958413897
0.0002986175958413896
0.0002986175958413889
0.0002986175958413905
0.0002986175958413925
0.0002986175958413909
0.0002986175958413901
0.000298617595841388
0.0002986175958413912
0.0002986175958413909
0.0002986175958413902
0.0004845024904133793
0.0004845024904133718
0.000484502490413355
0.0004845024904133387
0.0004845024904133389
0.000484502490413346
0.0004845024904133422
0.0004845024904133401
0.0004845024904133433
0.0004845024904133436
0.0004845024904133456
0.0004845024904133445
0.0004845024904133489
0.0004845024904133503
0.0004845024904133467
0.0004845024904133446
0.0004845024904133491
0.0004845024904133469
0.0004845024904133486
0.0004845024904133502
0.0004845024904133446
0.0004845024904133501
0.0004845024904133526
0.0004845024904133459
0.0004845024904133514
0.0004845024904133508
0.000484502490413347
0.000484502490413354
0.0004845024904133534
0.0004845024904133513
0.0004845024904133535
0.0004845024904133529
0.0004845024904133524
0.0004845024904133565
0.0004845024904133575
0.00048450249041335
0.0004845024904133556
0.0004845024904133606
0.0004845024904133539
0.0004845024904133599
0.0004845024904133563
0.0004845024904133531
0.0004845024904133583
0.0004845024904133592
0.0004845024904133564
0.0004845024904133598
0.0004845024904133589
0.0004845024904133568
0.0004845024904133587
0.0004845024904133563
0.0004845024904133555
0.0004845024904133631
0.0004845024904133599
0.0004845024904133495
0.0004845024904133486
0.0004845024904133561
0.0004845024904133518
0.0004845024904133567
0.0004845024904133565
0.0004845024904133594
0.0004845024904133522
0.0004845024904133588
0.0004845024904133537
0.0004845024904133603
0.0004845024904133572
0.0004845024904133591
0.0006686966553397342
0.0006686966553397311
0.0006686966553397152
0.0006686966553396907
0.0006686966553396878
0.0006686966553396966
0.0006686966553396963
0.0006686966553396853
0.0006686966553397003
0.000668696655339693
0.0006686966553397012
0.000668696655339688
0.0006686966553397026
0.0006686966553397085
0.0006686966553397052
0.0006686966553396935
0.0006686966553397037
0.0006686966553396947
0.0006686966553397052
0.0006686966553397049
0.0006686966553396981
0.0006686966553397074
0.0006686966553397131
0.0006686966553396949
0.0006686966553397076
0.0006686966553397066
0.0006686966553397005
0.0006686966553397143
0.000668696655339707
0.0006686966553397045
0.0006686966553397105
0.0006686966553397093
0.0006686966553397038
0.000668696655339718
0.0006686966553397126
0.0006686966553397074
0.0006686966553397165
0.0006686966553397174
0.000668696655339708
0.000668696655339724
0.0006686966553397166
0.0006686966553397109
0.0006686966553397199
0.0006686966553397167
0.0006686966553397089
0.00066869665533972
0.0006686966553397273
0.0006686966553397108
0.0006686966553397194
0.0006686966553397233
0.0006686966553397061
0.0006686966553397256
0.0006686966553397252
0.00066869665533971
0.0006686966553396995
0.000668696655339713
0.000668696655339704
0.000668696655339714
0.0006686966553397128
0.0006686966553397178
0.0006686966553397019
0.0006686966553397153
0.0006686966553397048
0.0006686966553397193
0.0006686966553397112
0.0006686966553397298
0.000875597241604665
0.0008755972416046755
0.0008755972416046281
0.0008755972416046038
0.0008755972416046264
0.0008755972416046175
0.0008755972416046151
0.00087559724160461
0.0008755972416046246
0.0008755972416046192
0.0008755972416046176
0.0008755972416046091
0.0008755972416046355
0.0008755972416046362
0.0008755972416046442
0.0008755972416046056
0.0008755972416046214
0.0008755972416046175
0.0008755972416046334
0.0008755972416046459
0.0008755972416046077
0.0008755972416046392
0.0008755972416046333
0.0008755972416046162
0.0008755972416046394
0.0008755972416046336
0.0008755972416046188
0.0008755972416046378
0.0008755972416046517
0.0008755972416046185
0.0008755972416046458
0.0008755972416046357
0.0008755972416046242
0.0008755972416046534
0.0008755972416046433
0.0008755972416046313
0.0008755972416046535
0.0008755972416046486
0.0008755972416046305
0.0008755972416046502
0.0008755972416046654
0.0008755972416046319
0.0008755972416046459
0.0008755972416046651
0.0008755972416046268
0.0008755972416046584
0.0008755972416046503
0.0008755972416046393
0.0008755972416046487
0.0008755972416046667
0.0008755972416046287
0.0008755972416046589
0.0008755972416046599
0.0008755972416046356
0.0008755972416046357
0.000875597241604639
0.0008755972416046202
0.0008755972416046519
0.000875597241604633
0.0008755972416046568
0.0008755972416046144
0.0008755972416046398
0.0008755972416046247
0.0008755972416046449
0.0008755972416046374
0.0008755972416046767
0.001155620147593996
0.00115562014759399
0.001155620147593972
0.001155620147593897
0.001155620147593924
0.001155620147593957
0.001155620147593955
0.001155620147593918
0.001155620147593935
0.001155620147593963
0.001155620147593943
0.00115562014759389
0.001155620147593954
0.001155620147593949
0.001155620147593972
0.001155620147593904
0.001155620147593924
0.001155620147593913
0.001155620147593935
0.001155620147593978
0.001155620147593896
0.001155620147593931
0.001155620147593975
0.0011556201475939
0.001155620147593931
0.001155620147593958
0.001155620147593907
0.001155620147593938
0.001155620147593984
0.001155620147593911
0.001155620147593941
0.001155620147593988
0.00115562014759391
0.00115562014759395
0.001155620147593989
0.001155620147593921
0.00115562014759395
0.001155620147593996
0.001155620147593921
0.001155620147593978
0.001155620147593963
0.001155620147593942
0.001155620147593974
0.001155620147593966
0.001155620147593934
0.001155620147593988
0.00115562014759396
0.00115562014759394
0.001155620147593982
0.001155620147593959
0.001155620147593936
0.001155620147593974
0.001155620147594007
0.001155620147593928
0.001155620147593944
0.001155620147593975
0.001155620147593893
0.001155620147593944
0.001155620147593937
0.001155620147593951
0.001155620147593921
0.001155620147593939
0.001155620147593915
0.001155620147593944
0.001155620147593942
0.001155620147594002
0.001548734723931332
0.001548734723931388
0.001548734723931236
0.001548734723931188
0.001548734723931292
0.00154873472393119
0.00154873472393122
0.001548734723931248
0.00154873472393125
0.001548734723931299
0.001548734723931262
0.001548734723931142
0.001548734723931261
0.00154873472393124
0.001548734723931195
0.001548734723931266
0.001548734723931217
0.001548734723931169
0.001548734723931248
0.001548734723931219
0.001548734723931165
0.00154873472393125
0.001548734723931218
0.001548734723931168
0.001548734723931245
0.001548734723931214
0.001548734723931168
0.001548734723931253
0.001548734723931225
0.00154873472393118
0.00154873472393126
0.001548734723931229
0.001548734723931182
0.001548734723931278
0.001548734723931237
0.001548734723931189
0.001548734723931274
0.001548734723931245
0.001548734723931192
0.001548734723931288
0.001548734723931242
0.001548734723931202
0.001548734723931267
0.001548734723931246
0.001548734723931193
0.001548734723931242
0.001548734723931316
0.001548734723931178
0.001548734723931279
0.001548734723931204
0.001548734723931194
0.001548734723931303
0.001548734723931263
0.001548734723931199
0.001548734723931209
0.001548734723931277
0.00154873472393112
0.001548734723931195
0.001548734723931276
0.001548734723931151
0.001548734723931185
0.001548734723931201
0.001548734723931142
0.00154873472393128
0.001548734723931207
0.001548734723931205
0.002016554088571433
0.002016554088571283
0.002016554088571394
0.002016554088571165
0.002016554088571369
0.002016554088571273
0.002016554088571259
0.002016554088571341
0.002016554088571399
0.002016554088571385
0.002016554088571164
0.002016554088571111
0.002016554088571296
0.002016554088571248
0.002016554088571163
0.002016554088571288
0.002016554088571214
0.002016554088571132
0.002016554088571266
0.002016554088571179
0.002016554088571108
0.002016554088571265
0.002016554088571194
0.002016554088571112
0.002016554088571247
0.002016554088571191
0.002016554088571111
0.002016554088571263
0.002016554088571198
0.002016554088571125
0.00201655408857127
0.002016554088571185
0.002016554088571128
0.002016554088571203
0.002016554088571342
0.002016554088571094
0.002016554088571182
0.002016554088571338
0.002016554088571091
0.002016554088571191
0.002016554088571346
0.00201655408857111
0.002016554088571198
0.002016554088571342
0.002016554088571092
0.002016554088571187
0.00201655408857134
0.002016554088571097
0.00201655408857129
0.002016554088571221
0.002016554088571143
0.002016554088571317
0.002016554088571227
0.002016554088571132
0.002016554088571111
0.002016554088571103
0.002016554088571034
0.002016554088571124
0.002016554088571286
0.002016554088571056
0.002016554088571195
0.00201655408857117
0.002016554088571077
0.002016554088571234
0.002016554088571162
0.002016554088571107
0.00247146922804005
0.002471469228039901
0.002471469228039981
0.002471469228039823
0.002471469228039839
0.002471469228039833
0.002471469228040087
0.002471469228039971
0.00247146922803983
0.00247146922803986
0.002471469228040011
0.002471469228039649
0.002471469228039874
0.002471469228039831
0.002471469228039707
0.002471469228039801
0.002471469228039782
0.002471469228039662
0.002471469228039863
0.002471469228039682
0.002471469228039615
0.002471469228039726
0.002471469228039947
0.002471469228039591
0.002471469228039709
0.002471469228039936
0.002471469228039587
0.002471469228039714
0.002471469228039939
0.002471469228039602
0.002471469228039728
0.002471469228039933
0.002471469228039609
0.002471469228039726
0.00247146922803994
0.002471469228039572
0.00247146922803969
0.002471469228039931
0.002471469228039572
0.0024714692280397
0.00247146922803994
0.002471469228039594
0.002471469228039713
0.002471469228039916
0.002471469228039563
0.002471469228039688
0.002471469228039927
0.002471469228039575
0.002471469228039717
0.002471469228039934
0.002471469228039582
0.002471469228039719
0.00247146922803991
0.002471469228039555
0.002471469228039788
0.002471469228039648
0.002471469228039525
0.002471469228039736
0.002471469228039665
0.002471469228039558
0.00247146922803965
0.002471469228039863
0.002471469228039506
0.002471469228039631
0.00247146922803986
0.002471469228039528
0.002857745792366375
0.002857745792366346
0.002857745792366458
0.002857745792366316
0.002857745792366312
0.002857745792366292
0.002857745792366616
0.002857745792366454
0.002857745792366273
0.002857745792366249
0.002857745792366197
0.002857745792366102
0.002857745792366429
0.002857745792366348
0.002857745792366185
0.002857745792366253
0.002857745792366326
0.002857745792366099
0.002857745792366236
0.002857745792366501
0.002857745792366047
0.002857745792366361
0.002857745792366281
0.002857745792366119
0.00285774579236638
0.002857745792366276
0.002857745792366115
0.002857745792366389
0.002857745792366265
0.00285774579236612
0.002857745792366431
0.002857745792366129
0.002857745792366117
0.00285774579236619
0.002857745792366458
0.002857745792365982
0.002857745792366285
0.002857745792366224
0.002857745792366059
0.002857745792366334
0.002857745792366235
0.002857745792366076
0.00285774579236635
0.002857745792366229
0.002857745792366047
0.002857745792366313
0.00285774579236621
0.002857745792366041
0.002857745792366205
0.002857745792366471
0.002857745792365987
0.002857745792366334
0.002857745792366076
0.002857745792365996
0.002857745792366293
0.002857745792366099
0.002857745792365932
0.002857745792366212
0.002857745792366076
0.002857745792365956
0.00285774579236624
0.00285774579236614
0.002857745792365969
0.002857745792366237
0.002857745792366137
0.002857745792365976
0.003165138587744715
0.003165138587744419
0.003165138587744336
0.003165138587744475
0.003165138587744753
0.003165138587744305
0.003165138587744633
0.003165138587744405
0.003165138587744234
0.003165138587744361
0.003165138587744596
0.003165138587744109
0.003165138587744352
0.003165138587744738
0.003165138587744181
0.003165138587744486
0.003165138587744384
0.003165138587744177
0.003165138587744506
0.003165138587744391
0.003165138587744182
0.003165138587744518
0.003165138587744376
0.00316513858774419
0.003165138587744548
0.003165138587744365
0.003165138587744177
0.003165138587744331
0.003165138587744583
0.003165138587744116
0.003165138587744201
0.003165138587744208
0.00316513858774418
0.003165138587744486
0.00316513858774451
0.003165138587743968
0.003165138587744364
0.003165138587744256
0.003165138587744063
0.003165138587744219
0.003165138587744546
0.003165138587744006
0.003165138587744211
0.003165138587744534
0.003165138587743938
0.003165138587744136
0.003165138587744492
0.003165138587743935
0.003165138587744134
0.003165138587744509
0.003165138587743944
0.003165138587744123
0.003165138587744467
0.003165138587743916
0.003165138587744116
0.003165138587744454
0.003165138587743881
0.003165138587744075
0.00316513858774443
0.003165138587743876
0.003165138587744075
0.003165138587744433
0.003165138587743872
0.003165138587744067
0.003165138587744421
0.003165138587743875
0.003402011460827352
0.003402011460827729
0.00340201146082708
0.003402011460827302
0.003402011460827323
0.003402011460827413
0.003402011460827544
0.003402011460826917
0.003402011460826879
0.003402011460827357
0.003402011460827013
0.003402011460826981
0.003402011460827428
0.003402011460827296
0.00340201146082707
0.003402011460827233
0.003402011460827556
0.003402011460826917
0.003402011460827158
0.00340201146082758
0.003402011460826936
0.003402011460827172
0.003402011460827593
0.003402011460826963
0.003402011460827243
0.003402011460827541
0.003402011460826942
0.003402011460827067
0.003402011460827103
0.00340201146082707
0.003402011460826996
0.003402011460827423
0.00340201146082718
0.003402011460827685
0.00340201146082706
0.003402011460826822
0.003402011460827018
0.003402011460827361
0.003402011460826746
0.003402011460827203
0.003402011460827106
0.00340201146082688
0.003402011460826974
0.003402011460827309
0.003402011460826635
0.003402011460827071
0.003402011460826969
0.003402011460826712
0.0034020114608271
0.003402011460826977
0.003402011460826741
0.003402011460827132
0.003402011460826988
0.003402011460826729
0.003402011460827107
0.003402011460826965
0.003402011460826704
0.003402011460827077
0.00340201146082694
0.003402011460826682
0.003402011460827058
0.003402011460826919
0.00340201146082666
0.003402011460827035
0.003402011460826893
0.003402011460826655
0.003578721935536365
0.00357872193553623
0.003578721935535978
0.003578721935536402
0.003578721935536201
0.00357872193553642
0.003578721935535827
0.003578721935535911
0.003578721935535846
0.003578721935536089
0.0035787219355365
0.003578721935535798
0.003578721935536301
0.003578721935536166
0.003578721935535914
0.00357872193553637
0.003578721935536201
0.00357872193553591
0.003578721935536345
0.003578721935536184
0.0035787219355359
0.003578721935536336
0.003578721935536183
0.003578721935535948
0.003578721935536424
0.003578721935536267
0.003578721935535993
0.003578721935536017
0.003578721935536368
0.003578721935535823
0.003578721935535728
0.003578721935536349
0.003578721935536169
0.003578721935536344
0.003578721935535872
0.003578721935535838
0.003578721935536208
0.00357872193553558
0.003578721935535583
0.003578721935535831
0.00357872193553625
0.003578721935536166
0.003578721935535507
0.003578721935535599
0.003578721935535538
0.003578721935535728
0.003578721935536129
0.003578721935535345
0.003578721935535614
0.003578721935536074
0.003578721935535375
0.003578721935535658
0.003578721935536112
0.003578721935535354
0.003578721935535617
0.003578721935536093
0.003578721935535345
0.003578721935535605
0.003578721935536074
0.003578721935535321
0.003578721935535575
0.003578721935536037
0.00357872193553528
0.003578721935535534
0.003578721935535991
0.003578721935535269
0.003704020098905325
0.003704020098905152
0.003704020098904884
0.003704020098905368
0.003704020098905156
0.003704020098904939
0.003704020098905334
0.003704020098905119
0.003704020098904881
0.003704020098905408
0.003704020098905265
0.003704020098904975
0.003704020098905217
0.003704020098905693
0.003704020098904894
0.003704020098905229
0.003704020098905718
0.003704020098904893
0.003704020098905188
0.003704020098905657
0.003704020098904838
0.003704020098905433
0.003704020098905178
0.00370402009890503
0.003704020098905311
0.003704020098905759
0.003704020098905043
0.003704020098905141
0.00370402009890509
0.003704020098905166
0.003704020098904944
0.003704020098905203
0.003704020098905668
0.003704020098904969
0.003704020098905172
0.003704020098905175
0.003704020098904909
0.003704020098904848
0.00370402009890525
0.003704020098904577
0.00370402009890473
0.003704020098905211
0.003704020098905155
0.003704020098904515
0.003704020098904796
0.003704020098904698
0.003704020098904822
0.003704020098904362
0.003704020098904526
0.003704020098905051
0.003704020098904235
0.003704020098904847
0.003704020098904633
0.003704020098904293
0.003704020098904776
0.003704020098904622
0.003704020098904308
0.003704020098904789
0.003704020098904608
0.003704020098904275
0.003704020098904743
0.003704020098904555
0.003704020098904219
0.003704020098904691
0.003704020098904493
0.003704020098904186
0.003785225297465923
0.003785225297465768
0.00378522529746548
0.003785225297466044
0.003785225297465832
0.003785225297465561
0.003785225297465832
0.003785225297466376
0.003785225297465551
0.003785225297465925
0.003785225297466519
0.003785225297465706
0.003785225297466058
0.003785225297466611
0.003785225297465812
0.003785225297466529
0.003785225297466219
0.003785225297465844
0.00378522529746639
0.003785225297466032
0.00378522529746574
0.003785225297466346
0.003785225297466168
0.003785225297465917
0.003785225297466498
0.003785225297466323
0.00378522529746598
0.003785225297466509
0.003785225297465984
0.003785225297465819
0.00378522529746625
0.003785225297466399
0.003785225297465836
0.003785225297465767
0.003785225297466349
0.003785225297466032
0.003785225297465672
0.003785225297466098
0.003785225297465827
0.003785225297465499
0.003785225297466008
0.003785225297465682
0.003785225297465571
0.00378522529746556
0.003785225297465564
0.003785225297465582
0.003785225297465529
0.003785225297464997
0.003785225297465491
0.003785225297465225
0.003785225297464951
0.003785225297465193
0.00378522529746569
0.003785225297464753
0.003785225297465062
0.003785225297465577
0.003785225297464769
0.00378522529746508
0.003785225297465604
0.003785225297464668
0.003785225297464985
0.00378522529746551
0.003785225297464612
0.003785225297464938
0.003785225297465463
0.003785225297464559
0.00382875496862686
0.003828754968627487
0.003828754968626662
0.003828754968627082
0.003828754968627711
0.003828754968626891
0.003828754968627633
0.003828754968627518
0.003828754968627251
0.003828754968627892
0.003828754968627671
0.003828754968627491
0.003828754968628174
0.003828754968627693
0.003828754968627715
0.00382875496862802
0.003828754968628268
0.003828754968627292
0.003828754968628093
0.003828754968627491
0.003828754968627388
0.003828754968627762
0.003828754968628398
0.003828754968627488
0.003828754968628215
0.003828754968627901
0.003828754968627528
0.003828754968627623
0.003828754968627507
0.003828754968627558
0.003828754968627613
0.00382875496862771
0.003828754968627637
0.003828754968627371
0.003828754968627569
0.003828754968627986
0.003828754968627012
0.003828754968627114
0.003828754968627267
0.00382875496862696
0.003828754968627017
0.003828754968626965
0.003828754968627308
0.003828754968627163
0.003828754968627284
0.003828754968627328
0.003828754968626398
0.003828754968626238
0.003828754968626541
0.003828754968627116
0.003828754968626151
0.003828754968626507
0.003828754968626509
0.003828754968626125
0.003828754968626657
0.003828754968626447
0.003828754968626085
0.003828754968626309
0.003828754968626803
0.003828754968625826
0.003828754968626513
0.003828754968626089
0.003828754968625881
0.003828754968626151
0.003828754968626702
0.003828754968625725
0.003840565327505561
0.003840565327505365
0.003840565327505264
0.003840565327506039
0.003840565327505699
0.003840565327505664
0.003840565327506483
0.003840565327506356
0.00384056532750615
0.003840565327506856
0.00384056532750671
0.003840565327506486
0.003840565327507193
0.003840565327506883
0.003840565327506734
0.003840565327507347
0.003840565327506833
0.003840565327506425
0.003840565327506711
0.003840565327507049
0.003840565327506134
0.003840565327506921
0.003840565327506696
0.003840565327506388
0.003840565327507053
0.003840565327506558
0.00384056532750615
0.003840565327506397
0.003840565327506186
0.003840565327506238
0.003840565327506273
0.00384056532750633
0.00384056532750615
0.003840565327506226
0.003840565327505944
0.003840565327506038
0.003840565327505825
0.003840565327505448
0.003840565327505418
0.00384056532750536
0.003840565327505338
0.003840565327505209
0.003840565327505332
0.003840565327505333
0.003840565327505397
0.003840565327505686
0.003840565327505397
0.003840565327504392
0.003840565327505177
0.00384056532750497
0.003840565327504652
0.003840565327504529
0.003840565327504711
0.003840565327504341
0.00384056532750495
0.003840565327504675
0.003840565327504296
0.00384056532750489
0.003840565327504642
0.003840565327504215
0.003840565327504802
0.003840565327504474
0.003840565327504111
0.003840565327504723
0.003840565327504488
0.003840565327504116
0.003826546632532341
0.00382654663253244
0.003826546632533439
0.00382654663253388
0.003826546632534357
0.003826546632533586
0.003826546632534602
0.003826546632534496
0.003826546632534316
0.003826546632535069
0.003826546632534908
0.003826546632534639
0.003826546632534905
0.003826546632534907
0.003826546632534903
0.003826546632534721
0.003826546632534618
0.003826546632534396
0.003826546632534519
0.003826546632534897
0.003826546632533972
0.00382654663253384
0.003826546632533944
0.003826546632533913
0.003826546632534687
0.003826546632534068
0.003826546632533582
0.003826546632533916
0.003826546632534427
0.003826546632533503
0.003826546632533645
0.003826546632533565
0.003826546632533239
0.003826546632533431
0.003826546632533794
0.003826546632533534
0.003826546632532545
0.00382654663253279
0.003826546632532515
0.003826546632533136
0.003826546632532558
0.003826546632532222
0.003826546632532164
0.003826546632532135
0.003826546632532222
0.003826546632532593
0.003826546632532463
0.00382654663253143
0.003826546632531871
0.003826546632531872
0.003826546632531918
0.003826546632531549
0.003826546632531469
0.003826546632531267
0.003826546632531573
0.003826546632532206
0.00382654663253112
0.003826546632531494
0.003826546632532149
0.003826546632531051
0.003826546632531401
0.003826546632532031
0.003826546632530934
0.003826546632531313
0.003826546632531971
0.003826546632531004
0.003792950706089795
0.003792950706091012
0.00379295070609205
0.003792950706092627
0.003792950706092455
0.003792950706092557
0.003792950706093126
0.003792950706093026
0.003792950706092823
0.003792950706093131
0.003792950706093704
0.003792950706093497
0.003792950706092418
0.003792950706092792
0.003792950706093339
0.003792950706093023
0.003792950706091898
0.003792950706092117
0.00379295070609175
0.003792950706092358
0.003792950706091651
0.003792950706091838
0.003792950706090694
0.003792950706091437
0.003792950706091034
0.003792950706091346
0.003792950706090298
0.003792950706090374
0.003792950706090733
0.003792950706090428
0.003792950706090612
0.00379295070609021
0.003792950706090269
0.003792950706090939
0.003792950706090013
0.003792950706089592
0.003792950706089429
0.003792950706089977
0.00379295070608974
0.003792950706090151
0.003792950706089404
0.00379295070608995
0.003792950706088554
0.003792950706088433
0.003792950706088676
0.003792950706088487
0.003792950706088407
0.003792950706088292
0.003792950706088963
0.003792950706088501
0.003792950706088199
0.003792950706088059
0.003792950706088264
0.003792950706087871
0.003792950706088456
0.003792950706088165
0.003792950706087807
0.003792950706088501
0.003792950706088206
0.003792950706087759
0.003792950706088375
0.003792950706088052
0.003792950706087613
0.003792950706088285
0.003792950706088045
0.003792950706087845
0.003746988720817455
0.003746988720820015
0.003746988720821439
0.003746988720821866
0.003746988720822232
0.003746988720822318
0.003746988720821758
0.003746988720821724
0.003746988720821607
0.003746988720821337
0.003746988720821494
0.00374698872082176
0.003746988720820171
0.003746988720820352
0.003746988720820727
0.003746988720820434
0.003746988720819079
0.003746988720819074
0.00374698872081872
0.003746988720818714
0.003746988720818531
0.003746988720819083
0.003746988720817314
0.003746988720817264
0.003746988720817867
0.003746988720817021
0.003746988720816813
0.00374698872081769
0.003746988720817007
0.003746988720817019
0.00374698872081709
0.003746988720816586
0.003746988720816577
0.003746988720816398
0.003746988720816333
0.003746988720816199
0.003746988720815706
0.003746988720815758
0.003746988720815712
0.003746988720816446
0.003746988720815801
0.003746988720815439
0.003746988720815381
0.003746988720815188
0.003746988720814817
0.003746988720815365
0.00374698872081458
0.003746988720815373
0.003746988720814832
0.003746988720815127
0.003746988720814212
0.003746988720814465
0.003746988720815097
0.003746988720814087
0.00374698872081407
0.003746988720814102
0.003746988720814079
0.003746988720814516
0.00374698872081495
0.003746988720813927
0.003746988720814748
0.003746988720814276
0.003746988720813904
0.003746988720814369
0.003746988720814395
0.003746988720814701
0.003698143615782014
0.003698143615785002
0.003698143615785031
0.003698143615785144
0.00369814361578352
0.003698143615783802
0.003698143615782354
0.003698143615780739
0.003698143615781369
0.003698143615780458
0.003698143615781043
0.003698143615780149
0.003698143615778369
0.003698143615778153
0.003698143615777735
0.003698143615777692
0.003698143615777072
0.003698143615776828
0.003698143615776968
0.003698143615775773
0.003698143615775794
0.003698143615775206
0.003698143615774714
0.003698143615774386
0.003698143615774886
0.003698143615774939
0.003698143615774114
0.003698143615774192
0.00369814361577418
0.003698143615774044
0.003698143615774576
0.003698143615773878
0.003698143615773387
0.00369814361577329
0.003698143615773156
0.003698143615773187
0.003698143615772996
0.003698143615772937
0.003698143615773422
0.003698143615772757
0.003698143615773021
0.003698143615773599
0.003698143615772697
0.003698143615773176
0.003698143615771943
0.003698143615772603
0.003698143615773118
0.003698143615772546
0.00369814361577215
0.00369814361577199
0.003698143615772077
0.003698143615771807
0.003698143615771671
0.00369814361577184
0.003698143615771593
0.003698143615771434
0.003698143615772037
0.003698143615772011
0.003698143615771859
0.003698143615771709
0.003698143615772645
0.003698143615772028
0.003698143615771656
0.003698143615772539
0.003698143615772275
0.003698143615776049
0.003669141756283408
0.003669141756280215
0.003669141756274523
0.003669141756270573
0.003669141756267769
0.003669141756265925
0.003669141756264316
0.003669141756263289
0.003669141756262842
0.003669141756262317
0.003669141756261692
0.003669141756260819
0.003669141756259769
0.003669141756258053
0.003669141756258074
0.003669141756257957
0.003669141756258107
0.003669141756258452
0.003669141756258168
0.003669141756257348
0.003669141756256829
0.003669141756256358
0.003669141756254995
0.003669141756255412
0.003669141756254748
0.003669141756255806
0.003669141756255231
0.003669141756255778
0.003669141756255783
0.003669141756254978
0.003669141756255293
0.003669141756255146
0.003669141756254125
0.003669141756254886
0.003669141756254444
0.003669141756254924
0.003669141756254048
0.003669141756254085
0.003669141756254069
0.003669141756254326
0.003669141756254695
0.00366914175625468
0.003669141756254526
0.003669141756253866
0.003669141756253609
0.003669141756253845
0.003669141756253955
0.003669141756254133
0.003669141756253869
0.003669141756253854
0.003669141756253719
0.003669141756253756
0.003669141756253563
0.003669141756253705
0.003669141756253529
0.003669141756253668
0.003669141756253607
0.003669141756253916
0.003669141756253752
0.003669141756253986
0.003669141756253887
0.003669141756254144
0.00366914175625379
0.003669141756255398
0.003669141756257975
0.003669141756280309
0.00369814361506925
0.003698143615072212
0.003698143615072241
0.003698143615072013
0.003698143615071769
0.003698143615070931
0.003698143615069756
0.003698143615069602
0.003698143615069743
0.003698143615069368
0.003698143615068739
0.003698143615068255
0.003698143615066587
0.003698143615066242
0.003698143615065845
0.003698143615066127
0.003698143615065892
0.003698143615066319
0.00369814361506601
0.003698143615065558
0.003698143615064796
0.003698143615064282
0.003698143615063
0.003698143615063013
0.003698143615062776
0.003698143615063209
0.003698143615063313
0.003698143615063217
0.003698143615063201
0.003698143615063383
0.003698143615063004
0.003698143615062688
0.003698143615061685
0.003698143615061794
0.003698143615062009
0.003698143615061569
0.003698143615061728
0.00369814361506149
0.003698143615061242
0.003698143615061621
0.003698143615061432
0.003698143615061321
0.003698143615061298
0.003698143615060941
0.003698143615060894
0.003698143615060791
0.003698143615061202
0.003698143615060884
0.003698143615060642
0.00369814361506069
0.003698143615060566
0.003698143615060584
0.003698143615060359
0.003698143615060304
0.003698143615060229
0.0036981436150602
0.003698143615060152
0.003698143615060209
0.003698143615060197
0.003698143615060228
0.003698143615060202
0.003698143615060223
0.003698143615060145
0.003698143615060836
0.003698143615061038
0.003698143615064309
0.003746988719858481
0.003746988719860431
0.003746988719861814
0.003746988719862756
0.003746988719863488
0.003746988719863439
0.003746988719863632
0.003746988719863593
0.003746988719863596
0.003746988719863335
0.003746988719863347
0.003746988719863056
0.003746988719862535
0.003746988719862134
0.003746988719861839
0.003746988719861878
0.003746988719861844
0.003746988719861993
0.0037469887198619
0.003746988719861571
0.003746988719861441
0.003746988719860726
0.003746988719860234
0.003746988719859739
0.003746988719859817
0.003746988719859732
0.00374698871985989
0.003746988719859829
0.003746988719860074
0.00374698871985986
0.003746988719859857
0.003746988719859418
0.003746988719858868
0.00374698871985874
0.003746988719858334
0.003746988719858257
0.003746988719858266
0.003746988719858397
0.003746988719858364
0.003746988719858073
0.003746988719858082
0.003746988719858061
0.003746988719858096
0.003746988719858083
0.003746988719857877
0.003746988719857371
0.003746988719857448
0.003746988719857425
0.003746988719857234
0.003746988719857202
0.003746988719857363
0.003746988719857076
0.003746988719857103
0.003746988719857278
0.0037469887198572
0.003746988719856899
0.00374698871985659
0.003746988719856681
0.003746988719856632
0.003746988719856623
0.003746988719856735
0.003746988719856671
0.003746988719856373
0.003746988719856696
0.00374698871985655
0.003746988719857002
0.003792950704991859
0.003792950704992555
0.00379295070499334
0.003792950704994079
0.003792950704994781
0.003792950704995259
0.003792950704995706
0.003792950704995879
0.003792950704996005
0.003792950704995891
0.003792950704995929
0.003792950704995972
0.00379295070499601
0.003792950704995712
0.003792950704995882
0.003792950704995759
0.003792950704995864
0.003792950704995816
0.003792950704995572
0.003792950704995571
0.003792950704995622
0.003792950704995177
0.003792950704994957
0.003792950704994538
0.003792950704994586
0.003792950704994527
0.003792950704994734
0.003792950704994531
0.00379295070499478
0.003792950704994671
0.003792950704994788
0.0037929507049946
0.00379295070499428
0.003792950704993794
0.003792950704993391
0.003792950704993358
0.003792950704993261
0.003792950704993389
0.003792950704993289
0.003792950704993172
0.003792950704993165
0.00379295070499315
0.003792950704993173
0.003792950704993225
0.003792950704992766
0.003792950704992627
0.003792950704992622
0.00379295070499231
0.003792950704992337
0.003792950704992226
0.003792950704992241
0.003792950704992209
0.003792950704992194
0.003792950704992251
0.00379295070499235
0.003792950704992129
0.00379295070499163
0.003792950704991828
0.003792950704991649
0.003792950704991749
0.003792950704991553
0.003792950704991581
0.003792950704991387
0.003792950704991483
0.003792950704991338
0.003792950704991347
0.003826546631370219
0.00382654663137023
0.00382654663137057
0.003826546631371006
0.00382654663137145
0.003826546631371852
0.003826546631372215
0.003826546631372529
0.003826546631372777
0.00382654663137293
0.003826546631373056
0.003826546631373161
0.003826546631373222
0.00382654663137325
0.003826546631373166
0.00382654663137325
0.003826546631373123
0.00382654663137315
0.003826546631373107
0.003826546631373104
0.003826546631373014
0.003826546631372966
0.003826546631372795
0.00382654663137274
0.003826546631372657
0.003826546631372703
0.003826546631372696
0.003826546631372742
0.003826546631372758
0.003826546631372806
0.00382654663137293
0.003826546631372847
0.003826546631372693
0.00382654663137224
0.003826546631372028
0.003826546631371808
0.003826546631371735
0.003826546631371782
0.003826546631371863
0.003826546631371653
0.003826546631371827
0.003826546631371704
0.003826546631371792
0.003826546631371722
0.003826546631371621
0.003826546631371326
0.003826546631371199
0.003826546631370939
0.003826546631370969
0.003826546631370887
0.003826546631370888
0.003826546631370881
0.003826546631370996
0.003826546631370885
0.003826546631370923
0.003826546631370704
0.003826546631370376
0.003826546631370383
0.003826546631370294
0.003826546631370319
0.003826546631370246
0.003826546631370257
0.003826546631370176
0.003826546631369964
0.003826546631369962
0.003826546631369875
0.003840565326334755
0.003840565326334744
0.003840565326334927
0.003840565326335118
0.003840565326335349
0.003840565326335562
0.00384056532633577
0.003840565326335997
0.003840565326336216
0.003840565326336389
0.003840565326336577
0.003840565326336716
0.003840565326336666
0.003840565326336847
0.003840565326336829
0.003840565326336849
0.003840565326336848
0.003840565326336851
0.003840565326336852
0.00384056532633687
0.003840565326336827
0.003840565326336832
0.003840565326336789
0.003840565326336785
0.003840565326336762
0.003840565326336819
0.003840565326336809
0.003840565326336896
0.003840565326336916
0.003840565326336849
0.003840565326336873
0.003840565326336881
0.003840565326336727
0.003840565326336666
0.003840565326336496
0.00384056532633642
0.003840565326336285
0.003840565326336189
0.003840565326336186
0.003840565326336156
0.003840565326336185
0.003840565326336179
0.003840565326336187
0.003840565326336181
0.003840565326336205
0.003840565326336096
0.003840565326335849
0.003840565326335751
0.003840565326335592
0.003840565326335586
0.00384056532633557
0.003840565326335598
0.003840565326335586
0.003840565326335594
0.003840565326335617
0.003840565326335475
0.003840565326335288
0.003840565326335078
0.003840565326335066
0.00384056532633511
0.003840565326334973
0.003840565326334985
0.003840565326335009
0.003840565326334869
0.003840565326334723
0.0038405653263346
0.00382875496749226
0.003828754967492267
0.003828754967492328
0.003828754967492343
0.003828754967492451
0.003828754967492506
0.003828754967492676
0.003828754967492834
0.003828754967492982
0.003828754967493134
0.003828754967493286
0.003828754967493422
0.003828754967493537
0.003828754967493636
0.003828754967493608
0.003828754967493621
0.003828754967493618
0.003828754967493693
0.003828754967493726
0.003828754967493649
0.003828754967493741
0.003828754967493703
0.003828754967493694
0.003828754967493716
0.00382875496749372
0.003828754967493719
0.003828754967493776
0.003828754967493846
0.003828754967493773
0.003828754967493784
0.003828754967493785
0.003828754967493824
0.003828754967493706
0.003828754967493749
0.003828754967493551
0.003828754967493546
0.003828754967493518
0.003828754967493445
0.003828754967493497
0.003828754967493379
0.003828754967493408
0.003828754967493424
0.003828754967493511
0.003828754967493453
0.003828754967493516
0.003828754967493453
0.003828754967493316
0.003828754967493219
0.003828754967493017
0.003828754967493006
0.003828754967492994
0.003828754967492985
0.003828754967493017
0.00382875496749306
0.003828754967492975
0.003828754967492995
0.003828754967492907
0.003828754967492793
0.003828754967492742
0.003828754967492722
0.003828754967492662
0.003828754967492603
0.003828754967492513
0.003828754967492428
0.003828754967492248
0.003828754967492225
0.003785225296401271
0.003785225296401376
0.003785225296401322
0.003785225296401292
0.003785225296401316
0.003785225296401322
0.003785225296401425
0.003785225296401388
0.003785225296401539
0.003785225296401681
0.003785225296401785
0.003785225296401884
0.003785225296402019
0.003785225296402067
0.003785225296402101
0.003785225296402128
0.003785225296402051
0.003785225296402162
0.003785225296402128
0.00378522529640213
0.003785225296402218
0.003785225296402185
0.003785225296402188
0.003785225296402236
0.003785225296402236
0.003785225296402228
0.003785225296402255
0.003785225296402267
0.003785225296402291
0.003785225296402276
0.003785225296402292
0.003785225296402273
0.003785225296402262
0.003785225296402303
0.003785225296402188
0.00378522529640221
0.003785225296402206
0.003785225296402142
0.003785225296402152
0.003785225296402144
0.003785225296402149
0.003785225296402145
0.003785225296402151
0.003785225296402198
0.00378522529640211
0.003785225296402114
0.003785225296402121
0.003785225296402064
0.003785225296401875
0.003785225296401917
0.003785225296401829
0.003785225296401849
0.003785225296401921
0.003785225296401845
0.003785225296401863
0.003785225296401901
0.003785225296401858
0.003785225296401704
0.003785225296401579
0.003785225296401593
0.0037852252964016
0.003785225296401515
0.003785225296401387
0.003785225296401382
0.003785225296401294
0.003785225296401337
0.00370402009793763
0.003704020097937639
0.003704020097937641
0.003704020097937614
0.003704020097937607
0.003704020097937587
0.003704020097937592
0.003704020097937589
0.003704020097937649
0.003704020097937682
0.003704020097937706
0.003704020097937835
0.003704020097937954
0.00370402009793795
0.003704020097937999
0.003704020097938045
0.003704020097937965
0.003704020097938038
0.003704020097938113
0.003704020097938045
0.003704020097938136
0.003704020097938117
0.003704020097938113
0.003704020097938162
0.003704020097938223
0.003704020097938146
0.003704020097938164
0.003704020097938171
0.003704020097938211
0.003704020097938261
0.003704020097938185
0.003704020097938219
0.003704020097938276
0.003704020097938272
0.003704020097938175
0.003704020097938266
0.003704020097938208
0.003704020097938167
0.003704020097938198
0.003704020097938247
0.003704020097938166
0.003704020097938243
0.003704020097938208
0.003704020097938277
0.003704020097938143
0.003704020097938177
0.003704020097938145
0.003704020097938182
0.00370402009793801
0.003704020097938012
0.003704020097937998
0.003704020097937998
0.003704020097937999
0.003704020097937987
0.003704020097938055
0.003704020097937985
0.003704020097938029
0.003704020097937837
0.0037040200979378
0.003704020097937813
0.003704020097937823
0.003704020097937752
0.003704020097937633
0.003704020097937647
0.003704020097937671
0.003704020097937558
0.003578721934685754
0.003578721934685752
0.003578721934685788
0.003578721934685818
0.003578721934685768
0.003578721934685673
0.003578721934685678
0.003578721934685657
0.003578721934685728
0.003578721934685668
0.003578721934685676
0.003578721934685801
0.00357872193468576
0.003578721934685872
0.003578721934685858
0.003578721934685927
0.003578721934685835
0.00357872193468592
0.003578721934685917
0.003578721934685905
0.003578721934685952
0.003578721934685938
0.003578721934686012
0.003578721934686001
0.003578721934685994
0.003578721934685985
0.003578721934685998
0.003578721934686
0.00357872193468604
0.003578721934686036
0.003578721934686025
0.003578721934686066
0.003578721934686139
0.00357872193468614
0.003578721934686046
0.003578721934686056
0.003578721934686082
0.003578721934686037
0.003578721934686075
0.003578721934686066
0.003578721934686065
0.00357872193468617
0.003578721934686107
0.003578721934686087
0.003578721934686087
0.003578721934686039
0.003578721934686047
0.003578721934686047
0.003578721934685983
0.003578721934686037
0.003578721934685982
0.003578721934685964
0.003578721934685959
0.00357872193468601
0.003578721934686023
0.003578721934685924
0.003578721934685974
0.003578721934685856
0.003578721934685855
0.003578721934685851
0.003578721934685856
0.003578721934685745
0.003578721934685727
0.003578721934685768
0.003578721934685685
0.003578721934685641
0.003402011460108505
0.003402011460108467
0.003402011460108557
0.003402011460108477
0.003402011460108431
0.003402011460108437
0.003402011460108491
0.003402011460108468
0.003402011460108364
0.003402011460108368
0.003402011460108358
0.003402011460108407
0.003402011460108469
0.003402011460108386
0.003402011460108483
0.003402011460108455
0.003402011460108424
0.00340201146010842
0.003402011460108471
0.00340201146010847
0.003402011460108547
0.003402011460108454
0.003402011460108516
0.003402011460108587
0.003402011460108502
0.003402011460108551
0.00340201146010862
0.003402011460108527
0.003402011460108619
0.003402011460108591
0.003402011460108565
0.003402011460108644
0.003402011460108704
0.00340201146010873
0.003402011460108633
0.003402011460108601
0.003402011460108604
0.003402011460108577
0.003402011460108621
0.003402011460108596
0.003402011460108654
0.003402011460108703
0.003402011460108646
0.003402011460108654
0.003402011460108668
0.00340201146010861
0.003402011460108595
0.003402011460108582
0.003402011460108575
0.003402011460108573
0.003402011460108637
0.003402011460108589
0.003402011460108564
0.003402011460108568
0.003402011460108631
0.003402011460108517
0.003402011460108544
0.003402011460108534
0.003402011460108471
0.003402011460108533
0.003402011460108489
0.003402011460108525
0.003402011460108402
0.003402011460108433
0.003402011460108407
0.003402011460108348
0.003165138587166511
0.003165138587166586
0.003165138587166485
0.00316513858716653
0.00316513858716656
0.003165138587166442
0.003165138587166514
0.00316513858716647
0.003165138587166435
0.003165138587166434
0.003165138587166418
0.003165138587166447
0.003165138587166521
0.003165138587166386
0.003165138587166409
0.003165138587166413
0.003165138587166427
0.003165138587166393
0.003165138587166477
0.003165138587166444
0.003165138587166432
0.003165138587166517
0.003165138587166439
0.003165138587166475
0.003165138587166438
0.003165138587166498
0.00316513858716649
0.003165138587166483
0.00316513858716653
0.003165138587166611
0.003165138587166495
0.003165138587166586
0.003165138587166581
0.003165138587166561
0.003165138587166563
0.003165138587166558
0.003165138587166608
0.00316513858716649
0.003165138587166597
0.003165138587166561
0.003165138587166541
0.003165138587166594
0.003165138587166571
0.003165138587166618
0.003165138587166603
0.003165138587166604
0.003165138587166586
0.003165138587166528
0.0031651385871666
0.003165138587166554
0.003165138587166534
0.003165138587166572
0.003165138587166556
0.003165138587166601
0.003165138587166644
0.003165138587166495
0.003165138587166529
0.003165138587166591
0.003165138587166463
0.003165138587166553
0.003165138587166509
0.003165138587166548
0.00316513858716643
0.003165138587166504
0.003165138587166434
0.003165138587166382
0.002857745791933233
0.002857745791933325
0.0028577457919332
0.002857745791933222
0.002857745791933302
0.002857745791933178
0.002857745791933288
0.002857745791933229
0.00285774579193318
0.002857745791933171
0.002857745791933146
0.002857745791933233
0.002857745791933176
0.002857745791933122
0.002857745791933187
0.002857745791933132
0.002857745791933096
0.002857745791933157
0.002857745791933178
0.002857745791933084
0.00285774579193309
0.002857745791933195
0.002857745791933096
0.002857745791933119
0.002857745791933116
0.002857745791933221
0.002857745791933183
0.002857745791933151
0.00285774579193324
0.002857745791933222
0.002857745791933175
0.002857745791933266
0.002857745791933238
0.002857745791933204
0.002857745791933279
0.002857745791933241
0.002857745791933287
0.002857745791933157
0.002857745791933265
0.00285774579193322
0.002857745791933191
0.002857745791933319
0.002857745791933267
0.002857745791933268
0.002857745791933298
0.002857745791933317
0.002857745791933253
0.00285774579193318
0.002857745791933223
0.002857745791933226
0.002857745791933191
0.002857745791933215
0.002857745791933222
0.002857745791933333
0.002857745791933268
0.002857745791933213
0.002857745791933197
0.002857745791933192
0.002857745791933187
0.002857745791933183
0.002857745791933191
0.00285774579193326
0.002857745791933115
0.002857745791933141
0.002857745791933216
0.002857745791933085
0.002471469227747715
0.002471469227747759
0.002471469227747723
0.002471469227747728
0.00247146922774775
0.002471469227747731
0.00247146922774776
0.00247146922774784
0.002471469227747704
0.002471469227747729
0.002471469227747664
0.002471469227747677
0.002471469227747642
0.002471469227747655
0.002471469227747655
0.002471469227747685
0.002471469227747562
0.002471469227747575
0.002471469227747651
0.002471469227747559
0.002471469227747566
0.002471469227747622
0.002471469227747596
0.002471469227747593
0.00247146922774759
0.002471469227747645
0.002471469227747742
0.002471469227747613
0.002471469227747669
0.002471469227747764
0.002471469227747635
0.002471469227747744
0.00247146922774771
0.002471469227747676
0.002471469227747688
0.002471469227747707
0.002471469227747687
0.002471469227747749
0.002471469227747663
0.002471469227747679
0.002471469227747674
0.002471469227747704
0.002471469227747704
0.002471469227747736
0.002471469227747718
0.002471469227747715
0.002471469227747675
0.002471469227747753
0.002471469227747661
0.002471469227747677
0.00247146922774767
0.002471469227747765
0.002471469227747717
0.002471469227747706
0.0024714692277477
0.002471469227747766
0.002471469227747761
0.002471469227747633
0.002471469227747682
0.002471469227747681
0.002471469227747648
0.002471469227747649
0.002471469227747628
0.002471469227747645
0.00247146922774773
0.002471469227747598
0.002016554088402768
0.002016554088402838
0.00201655408840276
0.002016554088402711
0.002016554088402791
0.002016554088402696
0.002016554088402796
0.002016554088402755
0.002016554088402705
0.002016554088402696
0.00201655408840269
0.002016554088402638
0.002016554088402682
0.002016554088402664
0.002016554088402633
0.002016554088402633
0.002016554088402611
0.002016554088402705
0.002016554088402633
0.002016554088402605
0.002016554088402589
0.002016554088402614
0.002016554088402616
0.002016554088402624
0.002016554088402619
0.002016554088402712
0.002016554088402749
0.002016554088402732
0.002016554088402644
0.002016554088402671
0.002016554088402665
0.002016554088402771
0.002016554088402721
0.00201655408840269
0.002016554088402752
0.00201655408840267
0.002016554088402677
0.002016554088402688
0.002016554088402682
0.002016554088402727
0.002016554088402703
0.002016554088402712
0.002016554088402685
0.0020165540884028
0.002016554088402712
0.002016554088402772
0.002016554088402655
0.002016554088402764
0.002016554088402706
0.002016554088402689
0.002016554088402766
0.002016554088402747
0.00201655408840281
0.002016554088402687
0.002016554088402699
0.002016554088402774
0.002016554088402777
0.002016554088402667
0.002016554088402683
0.002016554088402756
0.002016554088402636
0.002016554088402647
0.002016554088402644
0.002016554088402736
0.002016554088402704
0.002016554088402678
0.001548734723851734
0.001548734723851692
0.001548734723851675
0.0015487347238517
0.001548734723851623
0.001548734723851619
0.001548734723851655
0.001548734723851701
0.001548734723851602
0.001548734723851626
0.001548734723851625
0.001548734723851598
0.001548734723851653
0.001548734723851616
0.001548734723851585
0.001548734723851646
0.001548734723851588
0.001548734723851587
0.001548734723851616
0.00154873472385165
0.001548734723851558
0.001548734723851652
0.001548734723851601
0.001548734723851661
0.001548734723851579
0.001548734723851627
0.001548734723851693
0.001548734723851608
0.001548734723851609
0.001548734723851629
0.001548734723851629
0.001548734723851676
0.001548734723851721
0.001548734723851635
0.001548734723851705
0.001548734723851661
0.001548734723851636
0.001548734723851644
0.001548734723851637
0.001548734723851655
0.001548734723851648
0.001548734723851659
0.001548734723851645
0.001548734723851655
0.001548734723851703
0.001548734723851675
0.00154873472385164
0.001548734723851681
0.001548734723851672
0.001548734723851669
0.00154873472385166
0.001548734723851694
0.001548734723851734
0.001548734723851639
0.001548734723851696
0.00154873472385165
0.001548734723851676
0.001548734723851718
0.001548734723851696
0.00154873472385164
0.001548734723851619
0.001548734723851624
0.001548734723851615
0.00154873472385167
0.001548734723851651
0.001548734723851731
0.001155620147563635
0.001155620147563513
0.001155620147563483
0.001155620147563488
0.001155620147563482
0.001155620147563462
0.001155620147563478
0.001155620147563473
0.001155620147563495
0.001155620147563475
0.001155620147563483
0.001155620147563476
0.001155620147563499
0.00115562014756353
0.001155620147563468
0.00115562014756353
0.001155620147563483
0.001155620147563469
0.001155620147563496
0.001155620147563499
0.001155620147563464
0.001155620147563478
0.001155620147563496
0.001155620147563497
0.001155620147563489
0.00115562014756351
0.001155620147563515
0.001155620147563504
0.001155620147563492
0.001155620147563528
0.001155620147563518
0.001155620147563559
0.001155620147563531
0.00115562014756352
0.001155620147563551
0.001155620147563566
0.001155620147563506
0.001155620147563514
0.001155620147563517
0.001155620147563528
0.001155620147563523
0.001155620147563567
0.001155620147563561
0.001155620147563515
0.001155620147563539
0.001155620147563538
0.001155620147563517
0.001155620147563537
0.001155620147563533
0.00115562014756354
0.001155620147563522
0.001155620147563564
0.001155620147563537
0.001155620147563524
0.001155620147563532
0.001155620147563536
0.001155620147563543
0.001155620147563546
0.001155620147563504
0.001155620147563521
0.001155620147563505
0.001155620147563519
0.001155620147563501
0.001155620147563532
0.001155620147563518
0.001155620147563607
0.0008755972415966156
0.0008755972415965391
0.0008755972415964908
0.000875597241596501
0.0008755972415964937
0.0008755972415965044
0.0008755972415965098
0.0008755972415964878
0.0008755972415965084
0.0008755972415965044
0.0008755972415965223
0.0008755972415965016
0.000875597241596514
0.0008755972415965219
0.0008755972415965046
0.0008755972415965303
0.0008755972415965328
0.0008755972415965053
0.0008755972415965285
0.0008755972415965307
0.0008755972415965194
0.0008755972415965043
0.0008755972415965208
0.0008755972415965193
0.0008755972415965183
0.0008755972415965349
0.0008755972415965317
0.0008755972415965484
0.0008755972415965254
0.0008755972415965462
0.0008755972415965455
0.0008755972415965613
0.0008755972415965401
0.00087559724159653
0.0008755972415965493
0.0008755972415965678
0.0008755972415965318
0.0008755972415965346
0.0008755972415965269
0.0008755972415965475
0.0008755972415965414
0.0008755972415965612
0.0008755972415965559
0.0008755972415965603
0.0008755972415965584
0.0008755972415965651
0.0008755972415965448
0.0008755972415965588
0.0008755972415965546
0.0008755972415965632
0.0008755972415965486
0.0008755972415965754
0.0008755972415965716
0.0008755972415965417
0.0008755972415965482
0.000875597241596566
0.0008755972415965678
0.000875597241596564
0.0008755972415965342
0.0008755972415965444
0.0008755972415965259
0.000875597241596544
0.0008755972415965318
0.0008755972415965575
0.0008755972415965472
0.0008755972415966106
0.0006686966553417447
0.000668696655341716
0.0006686966553416826
0.0006686966553416613
0.0006686966553416745
0.0006686966553416712
0.0006686966553416789
0.0006686966553416776
0.0006686966553416984
0.0006686966553416986
0.0006686966553416969
0.0006686966553416727
0.0006686966553417003
0.0006686966553417077
0.0006686966553416841
0.0006686966553417154
0.0006686966553417067
0.0006686966553417087
0.0006686966553417094
0.0006686966553416976
0.0006686966553416979
0.0006686966553416908
0.0006686966553417032
0.0006686966553417008
0.0006686966553417066
0.0006686966553416996
0.0006686966553417043
0.0006686966553417062
0.0006686966553417093
0.0006686966553417236
0.0006686966553417257
0.0006686966553417186
0.0006686966553417098
0.0006686966553417084
0.0006686966553417252
0.0006686966553417188
0.0006686966553417165
0.000668696655341712
0.0006686966553417125
0.0006686966553417167
0.0006686966553417141
0.0006686966553417276
0.0006686966553417202
0.0006686966553417323
0.0006686966553417212
0.0006686966553417263
0.0006686966553417123
0.0006686966553417202
0.0006686966553417187
0.0006686966553417228
0.0006686966553417114
0.0006686966553417279
0.0006686966553417241
0.0006686966553417213
0.000668696655341714
0.0006686966553417304
0.0006686966553417228
0.0006686966553417265
0.0006686966553416955
0.0006686966553417189
0.0006686966553417049
0.0006686966553417167
0.0006686966553417047
0.0006686966553417262
0.0006686966553417136
0.0006686966553417505
0.0004845024904196448
0.0004845024904196184
0.0004845024904196024
0.0004845024904195794
0.0004845024904195686
0.0004845024904195707
0.0004845024904195854
0.0004845024904195884
0.0004845024904196045
0.0004845024904195979
0.0004845024904196042
0.0004845024904195942
0.0004845024904195909
0.0004845024904195955
0.0004845024904196032
0.0004845024904196096
0.0004845024904195997
0.0004845024904195932
0.0004845024904195968
0.0004845024904195896
0.0004845024904195992
0.0004845024904196035
0.0004845024904195927
0.0004845024904196063
0.0004845024904195964
0.0004845024904195852
0.0004845024904196021
0.0004845024904196156
0.0004845024904196068
0.0004845024904196197
0.0004845024904196238
0.0004845024904196058
0.0004845024904195948
0.0004845024904196019
0.0004845024904196166
0.0004845024904196141
0.0004845024904196082
0.000484502490419614
0.0004845024904196053
0.0004845024904196055
0.000484502490419617
0.0004845024904196224
0.0004845024904196111
0.0004845024904196219
0.0004845024904196199
0.0004845024904196202
0.000484502490419621
0.0004845024904196215
0.0004845024904196022
0.0004845024904196229
0.0004845024904196144
0.000484502490419607
0.000484502490419616
0.0004845024904196258
0.000484502490419622
0.0004845024904196262
0.000484502490419623
0.0004845024904196179
0.0004845024904195983
0.0004845024904196198
0.0004845024904196048
0.0004845024904196171
0.0004845024904196113
0.0004845024904196185
0.0004845024904196169
0.0004845024904196322
0.0002986175958458708
0.0002986175958458707
0.0002986175958458664
0.0002986175958458534
0.0002986175958458443
0.0002986175958458531
0.0002986175958458628
0.0002986175958458518
0.0002986175958458722
0.0002986175958458669
0.0002986175958458558
0.0002986175958458634
0.0002986175958458565
0.0002986175958458649
0.0002986175958458577
0.0002986175958458703
0.000298617595845862
0.0002986175958458688
0.0002986175958458643
0.000298617595845862
0.0002986175958458636
0.0002986175958458527
0.0002986175958458602
0.0002986175958458621
0.0002986175958458683
0.0002986175958458601
0.0002986175958458637
0.0002986175958458765
0.0002986175958458674
0.0002986175958458773
0.0002986175958458747
0.000298617595845872
0.0002986175958458553
0.0002986175958458611
0.0002986175958458655
0.0002986175958458625
0.0002986175958458656
0.0002986175958458655
0.0002986175958458623
0.0002986175958458656
0.0002986175958458578
0.0002986175958458687
0.0002986175958458657
0.0002986175958458564
0.0002986175958458667
0.0002986175958458683
0.000298617595845862
0.000298617595845862
0.0002986175958458602
0.0002986175958458637
0.0002986175958458658
0.0002986175958458717
0.0002986175958458631
0.000298617595845862
0.0002986175958458695
0.0002986175958458732
0.0002986175958458691
0.0002986175958458691
0.0002986175958458599
0.0002986175958458688
0.000298617595845861
0.0002986175958458616
0.0002986175958458647
0.0002986175958458625
0.0002986175958458651
0.0002986175958458608
0.0004891493730646107
0.0004891493730645995
0.0004891493730646111
0.0004891493730646006
0.0004891493730645876
0.0004891493730646297
0.0004891493730646442
0.0004891493730645784
0.0004891493730646452
0.0004891493730646442
0.0004891493730646134
0.0004891493730646104
0.0004891493730646352
0.0004891493730646353
0.0004891493730645997
0.0004891493730646428
0.000489149373064611
0.0004891493730646344
0.0004891493730646463
0.0004891493730646462
0.0004891493730645996
0.0004891493730645997
0.0004891493730646
0.0004891493730646102
0.0004891493730646202
0.0004891493730646297
0.0004891493730646085
0.0004891493730646543
0.0004891493730646109
0.0004891493730646417
0.0004891493730646325
0.0004891493730646547
0.0004891493730646111
0.0004891493730646208
0.0004891493730645991
0.0004891493730646097
0.000489149373064621
0.0004891493730646099
0.0004891493730646107
0.0004891493730646095
0.0004891493730645902
0.0004891493730646099
0.0004891493730646208
0.0004891493730645964
0.0004891493730645978
0.0004891493730646084
0.00048914937306461
0.000489149373064582
0.0004891493730645999
0.0004891493730645983
0.000489149373064606
0.0004891493730646575
0.0004891493730646003
0.0004891493730646094
0.0004891493730646112
0.0004891493730646196
0.0004891493730646341
0.0004891493730646335
0.0004891493730646006
0.0004891493730645987
0.0004891493730646465
0.0004891493730646093
0.0004891493730646353
0.0004891493730646143
0.0004891493730646016
0.0004891493730646109
)
;

boundaryField
{
    inlet
    {
        type            cyclic;
    }
    outlet
    {
        type            cyclic;
    }
    bottomWall
    {
        type            fixedValue;
        value           uniform 0.0015;
    }
    topWall
    {
        type            fixedValue;
        value           uniform 0.0015;
    }
    left
    {
        type            cyclic;
    }
    right
    {
        type            cyclic;
    }
}


// ************************************************************************* //
