/*--------------------------------*- C++ -*----------------------------------*\
| =========                 |                                                 |
| \\      /  F ield         | OpenFOAM: The Open Source CFD Toolbox           |
|  \\    /   O peration     | Version:  v1812                                 |
|   \\  /    A nd           | Web:      www.OpenFOAM.com                      |
|    \\/     M anipulation  |                                                 |
\*---------------------------------------------------------------------------*/
FoamFile
{
    version     2.0;
    format      ascii;
    class       volScalarField;
    location    "10000";
    object      nuTilda_0;
}
// * * * * * * * * * * * * * * * * * * * * * * * * * * * * * * * * * * * * * //

dimensions      [0 2 -1 0 0 0 0];


internalField   nonuniform List<scalar> 
2838
(
0.0004891493730614396
0.0004891493730614406
0.0004891493730614411
0.0004891493730614409
0.0004891493730614411
0.000489149373061441
0.0004891493730614413
0.0004891493730614406
0.000489149373061441
0.0004891493730614407
0.0004891493730614408
0.0004891493730614407
0.0004891493730614405
0.0004891493730614405
0.0004891493730614408
0.00048914937306144
0.0004891493730614409
0.0004891493730614403
0.0004891493730614407
0.0004891493730614398
0.0004891493730614405
0.0004891493730614401
0.0004891493730614408
0.00048914937306144
0.00048914937306144
0.0004891493730614405
0.0004891493730614398
0.0004891493730614402
0.0004891493730614396
0.0004891493730614405
0.0004891493730614398
0.0004891493730614398
0.0004891493730614408
0.0004891493730614395
0.0004891493730614395
0.0004891493730614398
0.000489149373061441
0.0004891493730614395
0.0004891493730614395
0.0004891493730614396
0.0004891493730614406
0.0004891493730614397
0.0004891493730614404
0.0004891493730614398
0.0004891493730614407
0.0004891493730614395
0.0004891493730614405
0.0004891493730614404
0.0004891493730614398
0.0004891493730614395
0.0004891493730614406
0.0004891493730614401
0.0004891493730614408
0.0004891493730614392
0.0004891493730614401
0.0004891493730614398
0.0004891493730614404
0.0004891493730614382
0.0004891493730614417
0.0004891493730614389
0.000489149373061441
0.0004891493730614388
0.0004891493730614415
0.0004891493730614386
0.0004891493730614413
0.0004891493730614396
0.0002986175958414454
0.0002986175958414372
0.000298617595841431
0.0002986175958414279
0.0002986175958414288
0.0002986175958414291
0.0002986175958414291
0.000298617595841429
0.0002986175958414313
0.0002986175958414305
0.000298617595841431
0.0002986175958414305
0.0002986175958414282
0.0002986175958414298
0.0002986175958414309
0.0002986175958414309
0.0002986175958414299
0.0002986175958414305
0.00029861759584143
0.0002986175958414282
0.0002986175958414302
0.0002986175958414291
0.0002986175958414321
0.0002986175958414295
0.0002986175958414312
0.0002986175958414296
0.000298617595841427
0.0002986175958414291
0.0002986175958414303
0.0002986175958414302
0.0002986175958414287
0.0002986175958414291
0.0002986175958414315
0.0002986175958414332
0.0002986175958414327
0.0002986175958414322
0.0002986175958414308
0.0002986175958414317
0.0002986175958414337
0.000298617595841435
0.0002986175958414316
0.0002986175958414311
0.0002986175958414347
0.0002986175958414341
0.0002986175958414339
0.0002986175958414344
0.0002986175958414353
0.0002986175958414331
0.0002986175958414343
0.0002986175958414317
0.0002986175958414316
0.0002986175958414349
0.0002986175958414323
0.0002986175958414298
0.0002986175958414295
0.0002986175958414323
0.0002986175958414325
0.000298617595841431
0.0002986175958414301
0.000298617595841433
0.0002986175958414307
0.0002986175958414315
0.0002986175958414326
0.0002986175958414341
0.0002986175958414326
0.0002986175958414315
0.0004845024904134765
0.0004845024904134666
0.0004845024904134534
0.0004845024904134358
0.0004845024904134342
0.0004845024904134389
0.0004845024904134385
0.0004845024904134335
0.0004845024904134413
0.0004845024904134437
0.0004845024904134397
0.0004845024904134429
0.0004845024904134383
0.0004845024904134455
0.0004845024904134459
0.0004845024904134397
0.0004845024904134473
0.0004845024904134471
0.0004845024904134442
0.0004845024904134469
0.0004845024904134479
0.0004845024904134493
0.0004845024904134476
0.0004845024904134468
0.0004845024904134507
0.0004845024904134484
0.0004845024904134426
0.0004845024904134516
0.0004845024904134505
0.0004845024904134442
0.0004845024904134501
0.0004845024904134528
0.0004845024904134508
0.0004845024904134553
0.0004845024904134505
0.0004845024904134502
0.000484502490413454
0.000484502490413452
0.0004845024904134527
0.0004845024904134591
0.0004845024904134563
0.0004845024904134492
0.0004845024904134559
0.0004845024904134558
0.000484502490413453
0.0004845024904134579
0.000484502490413459
0.0004845024904134521
0.0004845024904134558
0.0004845024904134579
0.0004845024904134503
0.00048450249041346
0.0004845024904134555
0.0004845024904134469
0.0004845024904134483
0.0004845024904134537
0.00048450249041345
0.0004845024904134548
0.0004845024904134523
0.000484502490413457
0.0004845024904134496
0.0004845024904134566
0.0004845024904134521
0.0004845024904134585
0.0004845024904134547
0.0004845024904134564
0.0006686966553398821
0.0006686966553398804
0.0006686966553398566
0.0006686966553398412
0.0006686966553398353
0.0006686966553398419
0.000668696655339836
0.0006686966553398325
0.000668696655339841
0.0006686966553398486
0.0006686966553398428
0.0006686966553398351
0.000668696655339852
0.0006686966553398462
0.0006686966553398491
0.0006686966553398348
0.0006686966553398478
0.0006686966553398479
0.0006686966553398445
0.0006686966553398486
0.0006686966553398465
0.0006686966553398577
0.0006686966553398528
0.000668696655339845
0.0006686966553398534
0.0006686966553398552
0.0006686966553398456
0.0006686966553398558
0.0006686966553398615
0.000668696655339846
0.0006686966553398572
0.0006686966553398563
0.000668696655339849
0.0006686966553398628
0.000668696655339866
0.0006686966553398496
0.0006686966553398616
0.0006686966553398686
0.0006686966553398502
0.0006686966553398671
0.0006686966553398711
0.000668696655339854
0.0006686966553398627
0.0006686966553398674
0.0006686966553398538
0.000668696655339873
0.000668696655339865
0.0006686966553398609
0.0006686966553398684
0.0006686966553398656
0.0006686966553398588
0.0006686966553398724
0.0006686966553398625
0.0006686966553398559
0.0006686966553398481
0.0006686966553398585
0.0006686966553398501
0.0006686966553398595
0.0006686966553398582
0.0006686966553398608
0.0006686966553398508
0.0006686966553398634
0.0006686966553398526
0.0006686966553398684
0.0006686966553398578
0.0006686966553398797
0.0008755972416048918
0.0008755972416048743
0.0008755972416048613
0.0008755972416048138
0.0008755972416048302
0.0008755972416048416
0.000875597241604812
0.0008755972416048143
0.0008755972416048402
0.0008755972416048238
0.0008755972416048284
0.0008755972416048129
0.0008755972416048403
0.0008755972416048504
0.0008755972416048315
0.0008755972416048125
0.0008755972416048287
0.0008755972416048256
0.0008755972416048435
0.0008755972416048299
0.0008755972416048237
0.0008755972416048388
0.0008755972416048526
0.0008755972416048182
0.0008755972416048361
0.0008755972416048546
0.000875597241604819
0.0008755972416048486
0.000875597241604841
0.0008755972416048325
0.0008755972416048439
0.0008755972416048453
0.0008755972416048286
0.0008755972416048503
0.0008755972416048655
0.0008755972416048319
0.0008755972416048502
0.0008755972416048686
0.0008755972416048315
0.0008755972416048684
0.0008755972416048559
0.0008755972416048435
0.0008755972416048637
0.00087559724160485
0.0008755972416048412
0.0008755972416048626
0.0008755972416048727
0.0008755972416048394
0.0008755972416048659
0.0008755972416048579
0.0008755972416048461
0.0008755972416048683
0.0008755972416048665
0.0008755972416048335
0.0008755972416048404
0.000875597241604859
0.0008755972416048232
0.0008755972416048431
0.000875597241604857
0.0008755972416048393
0.0008755972416048264
0.00087559724160485
0.0008755972416048319
0.0008755972416048533
0.0008755972416048421
0.0008755972416048815
0.001155620147594332
0.001155620147594325
0.001155620147594246
0.001155620147594218
0.001155620147594245
0.001155620147594237
0.001155620147594233
0.001155620147594228
0.001155620147594239
0.001155620147594223
0.001155620147594218
0.001155620147594212
0.001155620147594248
0.001155620147594281
0.001155620147594239
0.001155620147594206
0.001155620147594215
0.001155620147594209
0.00115562014759426
0.001155620147594232
0.001155620147594204
0.001155620147594254
0.001155620147594236
0.001155620147594208
0.001155620147594253
0.001155620147594242
0.001155620147594211
0.001155620147594262
0.001155620147594242
0.001155620147594221
0.001155620147594266
0.001155620147594249
0.00115562014759422
0.001155620147594273
0.001155620147594255
0.001155620147594229
0.001155620147594273
0.001155620147594259
0.00115562014759423
0.001155620147594263
0.001155620147594296
0.001155620147594227
0.001155620147594255
0.001155620147594295
0.001155620147594218
0.001155620147594258
0.001155620147594299
0.001155620147594229
0.001155620147594261
0.001155620147594292
0.001155620147594231
0.001155620147594301
0.00115562014759426
0.001155620147594229
0.001155620147594257
0.001155620147594232
0.001155620147594213
0.001155620147594261
0.001155620147594239
0.001155620147594271
0.001155620147594198
0.001155620147594238
0.001155620147594212
0.00115562014759424
0.001155620147594231
0.001155620147594281
0.001548734723931808
0.001548734723931766
0.00154873472393175
0.001548734723931682
0.001548734723931697
0.001548734723931701
0.001548734723931729
0.001548734723931708
0.00154873472393172
0.001548734723931659
0.001548734723931645
0.001548734723931636
0.00154873472393169
0.001548734723931772
0.001548734723931616
0.001548734723931666
0.001548734723931728
0.001548734723931591
0.001548734723931656
0.001548734723931739
0.001548734723931592
0.001548734723931655
0.001548734723931738
0.001548734723931592
0.001548734723931649
0.001548734723931737
0.001548734723931595
0.001548734723931659
0.001548734723931747
0.001548734723931608
0.001548734723931664
0.001548734723931753
0.00154873472393161
0.001548734723931673
0.00154873472393176
0.001548734723931621
0.001548734723931673
0.001548734723931769
0.001548734723931625
0.001548734723931684
0.001548734723931776
0.001548734723931634
0.001548734723931676
0.001548734723931773
0.001548734723931623
0.001548734723931729
0.001548734723931699
0.001548734723931656
0.001548734723931679
0.001548734723931684
0.001548734723931653
0.00154873472393172
0.001548734723931792
0.001548734723931612
0.001548734723931703
0.001548734723931645
0.001548734723931602
0.001548734723931704
0.001548734723931658
0.001548734723931629
0.001548734723931684
0.001548734723931669
0.001548734723931603
0.001548734723931701
0.001548734723931717
0.001548734723931623
0.002016554088571988
0.002016554088572014
0.002016554088571908
0.002016554088571889
0.002016554088571988
0.002016554088572107
0.002016554088571937
0.002016554088572103
0.002016554088571937
0.002016554088571881
0.002016554088571874
0.002016554088571839
0.002016554088571916
0.002016554088572063
0.002016554088571795
0.002016554088571872
0.00201655408857202
0.002016554088571763
0.002016554088571844
0.002016554088571997
0.00201655408857175
0.002016554088571842
0.002016554088571996
0.002016554088571747
0.002016554088571827
0.002016554088571992
0.00201655408857175
0.00201655408857184
0.002016554088572004
0.002016554088571767
0.002016554088571839
0.00201655408857197
0.002016554088571783
0.002016554088571947
0.002016554088571891
0.002016554088571806
0.00201655408857194
0.002016554088571891
0.002016554088571809
0.002016554088571955
0.002016554088571904
0.002016554088571827
0.002016554088571959
0.002016554088571892
0.002016554088571811
0.002016554088571957
0.002016554088571886
0.002016554088571816
0.002016554088571896
0.002016554088572037
0.002016554088571794
0.00201655408857191
0.002016554088572037
0.002016554088571761
0.002016554088571788
0.002016554088571781
0.002016554088571706
0.002016554088571904
0.002016554088571837
0.002016554088571767
0.002016554088571827
0.002016554088571965
0.002016554088571713
0.00201655408857181
0.002016554088571966
0.002016554088571753
0.00247146922804088
0.002471469228041022
0.002471469228041021
0.002471469228040694
0.002471469228040851
0.002471469228040831
0.002471469228040955
0.002471469228041113
0.002471469228040691
0.00247146922804088
0.002471469228040779
0.002471469228040658
0.002471469228040758
0.002471469228040978
0.002471469228040591
0.002471469228040677
0.002471469228040916
0.002471469228040549
0.002471469228040633
0.002471469228040749
0.002471469228040547
0.002471469228040796
0.002471469228040705
0.002471469228040571
0.002471469228040776
0.002471469228040696
0.002471469228040574
0.002471469228040787
0.002471469228040711
0.002471469228040595
0.002471469228040794
0.002471469228040718
0.002471469228040605
0.002471469228040802
0.002471469228040686
0.002471469228040569
0.00247146922804078
0.002471469228040683
0.002471469228040569
0.002471469228040793
0.002471469228040703
0.002471469228040592
0.002471469228040799
0.002471469228040645
0.002471469228040562
0.002471469228040779
0.002471469228040687
0.002471469228040572
0.002471469228040786
0.002471469228040696
0.002471469228040586
0.002471469228040802
0.002471469228040677
0.002471469228040536
0.002471469228040611
0.002471469228040757
0.002471469228040412
0.002471469228040567
0.002471469228040802
0.002471469228040455
0.002471469228040708
0.002471469228040617
0.002471469228040488
0.002471469228040703
0.002471469228040632
0.002471469228040521
0.002857745792367652
0.002857745792367551
0.002857745792367862
0.002857745792367449
0.002857745792367568
0.002857745792367559
0.002857745792367704
0.002857745792367938
0.002857745792367408
0.002857745792367483
0.00285774579236747
0.002857745792367391
0.002857745792367531
0.002857745792367821
0.002857745792367338
0.002857745792367583
0.002857745792367531
0.002857745792367348
0.002857745792367608
0.002857745792367482
0.002857745792367326
0.002857745792367458
0.00285774579236773
0.002857745792367263
0.002857745792367435
0.002857745792367722
0.002857745792367262
0.002857745792367431
0.002857745792367716
0.002857745792367291
0.002857745792367472
0.002857745792367489
0.002857745792367376
0.002857745792367519
0.00285774579236743
0.002857745792367285
0.002857745792367411
0.00285774579236768
0.00285774579236721
0.002857745792367385
0.002857745792367688
0.002857745792367246
0.002857745792367401
0.002857745792367678
0.002857745792367208
0.002857745792367369
0.002857745792367662
0.002857745792367206
0.002857745792367648
0.002857745792367425
0.002857745792367294
0.002857745792367394
0.002857745792367412
0.002857745792367217
0.002857745792367327
0.002857745792367508
0.002857745792367074
0.002857745792367244
0.002857745792367528
0.002857745792367142
0.002857745792367299
0.002857745792367587
0.002857745792367128
0.002857745792367289
0.002857745792367586
0.002857745792367143
0.003165138587746015
0.003165138587746074
0.003165138587745798
0.003165138587746145
0.003165138587745965
0.003165138587745851
0.003165138587745961
0.003165138587746208
0.003165138587745666
0.003165138587746044
0.0031651385877458
0.003165138587745717
0.003165138587746088
0.003165138587745969
0.003165138587745748
0.003165138587745861
0.003165138587746129
0.003165138587745585
0.00316513858774579
0.003165138587746148
0.003165138587745597
0.00316513858774579
0.003165138587746163
0.003165138587745603
0.003165138587745811
0.003165138587746143
0.003165138587745588
0.003165138587746001
0.003165138587745772
0.003165138587745701
0.003165138587745797
0.003165138587745797
0.003165138587745785
0.003165138587745682
0.003165138587745634
0.003165138587745564
0.003165138587745717
0.003165138587746046
0.00316513858774547
0.003165138587745885
0.003165138587745744
0.003165138587745573
0.003165138587745901
0.003165138587745732
0.003165138587745509
0.003165138587745838
0.003165138587745715
0.003165138587745504
0.003165138587745861
0.003165138587745707
0.003165138587745525
0.003165138587745791
0.003165138587745687
0.003165138587745484
0.003165138587745812
0.003165138587745662
0.003165138587745444
0.003165138587745773
0.003165138587745654
0.003165138587745447
0.003165138587745774
0.003165138587745653
0.003165138587745438
0.003165138587745762
0.003165138587745643
0.003165138587745442
0.003402011460829293
0.003402011460829145
0.003402011460828912
0.003402011460829323
0.003402011460829117
0.003402011460829412
0.003402011460828806
0.003402011460828802
0.003402011460828764
0.003402011460828824
0.003402011460828867
0.003402011460828803
0.003402011460828994
0.003402011460829366
0.00340201146082873
0.003402011460829178
0.003402011460828921
0.00340201146082874
0.00340201146082914
0.00340201146082901
0.003402011460828765
0.003402011460829154
0.003402011460829026
0.003402011460828798
0.003402011460829266
0.003402011460828885
0.003402011460828784
0.003402011460828979
0.003402011460828889
0.003402011460828965
0.003402011460828773
0.003402011460828969
0.003402011460829234
0.003402011460829114
0.003402011460829042
0.003402011460828534
0.003402011460828978
0.00340201146082882
0.003402011460828604
0.003402011460828788
0.003402011460829174
0.003402011460828519
0.003402011460828944
0.003402011460828673
0.003402011460828443
0.003402011460828632
0.003402011460829025
0.003402011460828376
0.003402011460828622
0.003402011460829057
0.003402011460828418
0.003402011460828648
0.003402011460829056
0.003402011460828393
0.00340201146082862
0.003402011460829029
0.003402011460828365
0.00340201146082859
0.003402011460829006
0.003402011460828344
0.003402011460828569
0.003402011460828981
0.00340201146082832
0.003402011460828545
0.003402011460828954
0.003402011460828319
0.003578721935538155
0.003578721935538548
0.003578721935537875
0.003578721935538142
0.003578721935538594
0.003578721935537922
0.003578721935537865
0.003578721935538069
0.003578721935537882
0.003578721935538334
0.003578721935538121
0.003578721935537891
0.003578721935538084
0.00357872193553851
0.003578721935537783
0.003578721935538075
0.003578721935538515
0.003578721935537785
0.003578721935538052
0.003578721935538511
0.003578721935537786
0.003578721935538072
0.003578721935538528
0.003578721935537841
0.003578721935538149
0.003578721935538599
0.00357872193553788
0.003578721935538129
0.003578721935537927
0.003578721935537911
0.003578721935537848
0.00357872193553813
0.003578721935538569
0.003578721935538413
0.003578721935537778
0.00357872193553783
0.003578721935537767
0.003578721935537757
0.003578721935537682
0.003578721935538128
0.003578721935537929
0.003578721935537682
0.00357872193553756
0.003578721935537691
0.003578721935537485
0.003578721935537914
0.003578721935537685
0.003578721935537404
0.003578721935537855
0.003578721935537732
0.003578721935537477
0.003578721935537924
0.003578721935537731
0.003578721935537436
0.003578721935537874
0.003578721935537724
0.003578721935537427
0.003578721935537856
0.003578721935537701
0.0035787219355374
0.003578721935537823
0.003578721935537661
0.003578721935537358
0.003578721935537782
0.003578721935537617
0.003578721935537346
0.003704020098907237
0.00370402009890781
0.003704020098906966
0.003704020098907263
0.003704020098907817
0.003704020098906981
0.00370402009890724
0.003704020098907775
0.003704020098907009
0.00370402009890733
0.003704020098907864
0.003704020098907072
0.003704020098907658
0.00370402009890746
0.00370402009890719
0.003704020098907715
0.003704020098907496
0.003704020098907182
0.003704020098907669
0.003704020098907428
0.003704020098907137
0.003704020098907357
0.003704020098907754
0.003704020098907185
0.003704020098907791
0.003704020098907647
0.003704020098907325
0.003704020098907518
0.003704020098907229
0.003704020098907609
0.003704020098907056
0.003704020098907686
0.003704020098907514
0.003704020098907281
0.003704020098907401
0.003704020098907786
0.003704020098906925
0.003704020098907142
0.003704020098906987
0.003704020098906908
0.003704020098907024
0.00370402009890698
0.003704020098906935
0.003704020098906846
0.003704020098907361
0.003704020098906884
0.003704020098907131
0.003704020098906311
0.003704020098906967
0.003704020098906825
0.003704020098906562
0.003704020098906799
0.003704020098907176
0.003704020098906369
0.003704020098906687
0.003704020098907225
0.003704020098906405
0.003704020098906692
0.003704020098907211
0.003704020098906365
0.00370402009890664
0.00370402009890715
0.003704020098906305
0.003704020098906584
0.003704020098907083
0.003704020098906282
0.003785225297468022
0.003785225297468647
0.003785225297467764
0.003785225297468093
0.003785225297468714
0.003785225297467837
0.003785225297468504
0.003785225297468322
0.003785225297468067
0.00378522529746865
0.003785225297468493
0.003785225297468214
0.003785225297468795
0.003785225297468539
0.003785225297468333
0.003785225297468638
0.003785225297468964
0.003785225297468096
0.003785225297468426
0.003785225297468761
0.00378522529746799
0.003785225297468404
0.003785225297469049
0.00378522529746822
0.003785225297468608
0.00378522529746916
0.003785225297468227
0.003785225297468549
0.003785225297468742
0.003785225297468084
0.003785225297468235
0.00378522529746833
0.003785225297468346
0.00378522529746819
0.003785225297468426
0.00378522529746889
0.003785225297467905
0.003785225297468178
0.003785225297468657
0.003785225297467772
0.003785225297468088
0.003785225297468513
0.003785225297467826
0.003785225297468076
0.003785225297468024
0.003785225297468169
0.003785225297468131
0.003785225297467113
0.003785225297467512
0.003785225297467954
0.003785225297467282
0.003785225297467892
0.003785225297467596
0.003785225297467236
0.003785225297467775
0.003785225297467613
0.003785225297467261
0.003785225297467775
0.003785225297467536
0.003785225297467196
0.003785225297467702
0.00378522529746747
0.003785225297467122
0.003785225297467637
0.003785225297467386
0.003785225297467069
0.003828754968629754
0.003828754968629596
0.00382875496862936
0.003828754968629998
0.003828754968629851
0.003828754968629582
0.003828754968629926
0.003828754968630498
0.003828754968629676
0.003828754968630119
0.003828754968630558
0.003828754968629984
0.003828754968630365
0.003828754968630409
0.003828754968630405
0.003828754968630847
0.003828754968630076
0.00382875496862988
0.003828754968630248
0.003828754968630302
0.003828754968629949
0.003828754968630678
0.003828754968630511
0.003828754968630177
0.003828754968630458
0.003828754968630941
0.003828754968629893
0.003828754968630276
0.003828754968630057
0.003828754968630334
0.003828754968630288
0.00382875496863043
0.003828754968630405
0.003828754968629793
0.003828754968630388
0.003828754968629978
0.003828754968629629
0.003828754968629776
0.003828754968630387
0.003828754968629413
0.003828754968629718
0.003828754968629625
0.003828754968630453
0.003828754968629857
0.003828754968630178
0.003828754968629085
0.00382875496862908
0.00382875496862883
0.003828754968629433
0.003828754968629201
0.003828754968628815
0.003828754968628996
0.003828754968629491
0.003828754968628537
0.00382875496862888
0.003828754968629495
0.003828754968628498
0.003828754968629185
0.003828754968628744
0.003828754968628519
0.003828754968628743
0.003828754968628926
0.003828754968628405
0.003828754968629063
0.003828754968628688
0.003828754968628373
0.003840565327507891
0.003840565327508498
0.003840565327507885
0.00384056532750837
0.003840565327508612
0.003840565327508404
0.003840565327508857
0.003840565327509527
0.00384056532750869
0.00384056532750917
0.003840565327509936
0.003840565327509039
0.003840565327509468
0.003840565327510107
0.003840565327509344
0.003840565327509605
0.003840565327509835
0.003840565327508886
0.003840565327509672
0.003840565327509102
0.003840565327509037
0.003840565327509406
0.003840565327509943
0.00384056532750898
0.003840565327509316
0.00384056532750966
0.003840565327508617
0.003840565327509402
0.003840565327508752
0.003840565327509193
0.003840565327509133
0.003840565327509281
0.003840565327508837
0.003840565327509179
0.003840565327508457
0.003840565327508902
0.003840565327508812
0.003840565327508052
0.003840565327508187
0.003840565327508102
0.003840565327508118
0.003840565327507929
0.003840565327508278
0.003840565327508189
0.003840565327508289
0.003840565327507641
0.003840565327507435
0.003840565327507278
0.0038405653275076
0.003840565327508193
0.003840565327507201
0.003840565327507321
0.003840565327507912
0.003840565327506866
0.003840565327507228
0.003840565327507905
0.003840565327506836
0.003840565327507196
0.003840565327507795
0.003840565327506764
0.003840565327507074
0.003840565327507705
0.00384056532750667
0.003840565327507041
0.003840565327507635
0.003840565327506664
0.003826546632535521
0.00382654663253507
0.003826546632535928
0.003826546632536146
0.003826546632536577
0.003826546632536661
0.003826546632537121
0.003826546632537761
0.00382654663253693
0.00382654663253743
0.003826546632538223
0.003826546632537244
0.003826546632538044
0.003826546632537819
0.00382654663253782
0.003826546632537339
0.003826546632537535
0.003826546632537081
0.003826546632537583
0.003826546632536931
0.003826546632536893
0.003826546632536721
0.003826546632537043
0.00382654663253684
0.003826546632537113
0.003826546632537363
0.003826546632536169
0.003826546632537297
0.003826546632536723
0.003826546632536594
0.003826546632536733
0.003826546632536623
0.003826546632536027
0.003826546632536454
0.003826546632535993
0.003826546632535608
0.003826546632535495
0.003826546632535976
0.0038265466325352
0.003826546632535499
0.003826546632535767
0.003826546632534719
0.003826546632535113
0.00382654663253509
0.003826546632535239
0.003826546632534686
0.003826546632534523
0.0038265466325344
0.003826546632535093
0.003826546632534816
0.003826546632535043
0.003826546632534199
0.00382654663253422
0.003826546632534008
0.003826546632534707
0.003826546632534462
0.003826546632534027
0.003826546632534648
0.003826546632534404
0.003826546632533954
0.003826546632534547
0.003826546632534277
0.003826546632533847
0.003826546632534479
0.003826546632534247
0.003826546632533909
0.003792950706092628
0.003792950706093812
0.003792950706094529
0.003792950706094963
0.00379295070609555
0.003792950706095406
0.0037929507060957
0.00379295070609642
0.003792950706095521
0.003792950706096279
0.003792950706095972
0.003792950706095527
0.003792950706095381
0.003792950706096102
0.003792950706095631
0.003792950706095108
0.003792950706094935
0.003792950706095398
0.003792950706094447
0.003792950706094736
0.003792950706095032
0.003792950706093834
0.003792950706093737
0.003792950706093996
0.003792950706094372
0.003792950706093522
0.003792950706093371
0.003792950706093413
0.003792950706094013
0.003792950706093171
0.003792950706093785
0.003792950706092868
0.003792950706093379
0.003792950706093317
0.003792950706093213
0.003792950706092197
0.003792950706092235
0.003792950706092384
0.003792950706092423
0.003792950706092516
0.003792950706092624
0.00379295070609218
0.003792950706091341
0.003792950706091421
0.003792950706091995
0.003792950706091145
0.003792950706091241
0.003792950706091171
0.003792950706091416
0.003792950706091915
0.00379295070609093
0.003792950706091045
0.003792950706091635
0.003792950706090538
0.003792950706090897
0.003792950706091562
0.003792950706090513
0.003792950706090926
0.00379295070609154
0.003792950706090427
0.003792950706090784
0.003792950706091364
0.003792950706090257
0.003792950706090714
0.003792950706091381
0.003792950706090551
0.00374698872082022
0.003746988720822854
0.003746988720825065
0.003746988720824734
0.003746988720825443
0.003746988720825384
0.003746988720824323
0.003746988720824481
0.003746988720825017
0.003746988720824143
0.003746988720824533
0.003746988720824079
0.003746988720822873
0.003746988720823688
0.00374698872082295
0.003746988720822433
0.003746988720822104
0.00374698872082217
0.003746988720821456
0.003746988720821537
0.003746988720821837
0.003746988720821244
0.003746988720820118
0.003746988720820191
0.003746988720820137
0.003746988720820108
0.00374698872081997
0.003746988720820259
0.003746988720820277
0.003746988720820113
0.003746988720820209
0.003746988720819188
0.003746988720819652
0.003746988720819133
0.003746988720819346
0.003746988720819284
0.00374698872081838
0.003746988720818759
0.003746988720818609
0.00374698872081889
0.003746988720819116
0.003746988720817853
0.003746988720818007
0.003746988720818492
0.003746988720817505
0.003746988720817658
0.003746988720817662
0.003746988720817831
0.003746988720818055
0.003746988720817211
0.003746988720817138
0.003746988720817685
0.003746988720817433
0.003746988720817035
0.003746988720817053
0.003746988720817216
0.003746988720816981
0.003746988720817755
0.003746988720817085
0.003746988720816884
0.003746988720817124
0.00374698872081749
0.003746988720816477
0.003746988720817626
0.003746988720817333
0.003746988720817605
0.00369814361578468
0.003698143615787376
0.003698143615788357
0.003698143615787188
0.003698143615787036
0.003698143615786048
0.003698143615784228
0.003698143615783822
0.003698143615783934
0.003698143615784031
0.003698143615783487
0.003698143615782883
0.003698143615780775
0.00369814361578134
0.003698143615780501
0.003698143615780785
0.003698143615779668
0.003698143615779668
0.003698143615778885
0.00369814361577873
0.003698143615778866
0.003698143615777497
0.003698143615777532
0.003698143615777111
0.003698143615777147
0.003698143615777219
0.003698143615777328
0.003698143615776979
0.003698143615777121
0.00369814361577686
0.003698143615776932
0.003698143615777087
0.003698143615775882
0.003698143615776068
0.003698143615775808
0.003698143615776062
0.003698143615775798
0.003698143615775805
0.0036981436157756
0.003698143615775592
0.003698143615776072
0.003698143615775774
0.003698143615775693
0.003698143615775308
0.003698143615774695
0.003698143615774971
0.003698143615775555
0.003698143615775648
0.00369814361577462
0.003698143615774648
0.003698143615775142
0.003698143615774344
0.003698143615774428
0.003698143615774994
0.003698143615774194
0.003698143615774241
0.003698143615774577
0.003698143615775332
0.003698143615774418
0.003698143615774517
0.003698143615775021
0.003698143615775109
0.003698143615774141
0.003698143615774848
0.0036981436157753
0.003698143615778774
0.0036691417562856
0.003669141756282413
0.00366914175627676
0.003669141756272708
0.003669141756269923
0.003669141756267964
0.003669141756266451
0.003669141756265651
0.003669141756265142
0.003669141756264637
0.003669141756263559
0.003669141756262433
0.003669141756261472
0.003669141756260459
0.003669141756260967
0.003669141756260656
0.003669141756261131
0.003669141756260427
0.00366914175625985
0.00366914175625893
0.003669141756258444
0.003669141756258054
0.003669141756257152
0.003669141756257231
0.003669141756257239
0.00366914175625799
0.003669141756258053
0.003669141756257784
0.003669141756257554
0.003669141756257501
0.00366914175625692
0.003669141756256747
0.003669141756256385
0.003669141756256895
0.003669141756257193
0.003669141756256708
0.003669141756256401
0.003669141756256412
0.003669141756256297
0.003669141756256876
0.003669141756256445
0.003669141756256198
0.003669141756256135
0.003669141756256111
0.003669141756255765
0.00366914175625621
0.003669141756256196
0.003669141756256487
0.003669141756255983
0.003669141756255987
0.003669141756255884
0.003669141756255891
0.003669141756255725
0.003669141756255902
0.003669141756255713
0.003669141756255889
0.003669141756255835
0.003669141756256182
0.003669141756255959
0.003669141756256203
0.003669141756256027
0.00366914175625631
0.003669141756255938
0.003669141756257547
0.003669141756260213
0.0036691417562825
0.003698143615070522
0.003698143615073323
0.003698143615073613
0.003698143615073551
0.003698143615073108
0.003698143615071689
0.003698143615071403
0.003698143615071482
0.003698143615071064
0.003698143615070573
0.003698143615069776
0.003698143615069089
0.003698143615067709
0.003698143615067894
0.003698143615067321
0.003698143615067538
0.003698143615067965
0.003698143615067655
0.00369814361506708
0.0036981436150665
0.003698143615065546
0.003698143615065042
0.003698143615064256
0.003698143615064581
0.003698143615064148
0.003698143615064454
0.003698143615064526
0.003698143615064632
0.003698143615064931
0.003698143615064479
0.003698143615063852
0.003698143615063479
0.003698143615062916
0.003698143615063276
0.003698143615063103
0.003698143615063079
0.003698143615062777
0.00369814361506275
0.003698143615062669
0.003698143615062804
0.00369814361506298
0.003698143615062544
0.003698143615062585
0.003698143615061976
0.003698143615062295
0.00369814361506215
0.003698143615062377
0.003698143615062382
0.003698143615061803
0.003698143615062127
0.003698143615061846
0.003698143615061981
0.003698143615061498
0.003698143615061525
0.003698143615061468
0.003698143615061495
0.003698143615061469
0.003698143615061556
0.003698143615061509
0.003698143615061551
0.003698143615061488
0.003698143615061533
0.003698143615061431
0.003698143615062102
0.003698143615062313
0.003698143615065588
0.00374698871985939
0.003746988719861323
0.003746988719862727
0.003746988719863682
0.003746988719864335
0.003746988719864497
0.003746988719864431
0.003746988719864355
0.003746988719864285
0.003746988719864229
0.003746988719864037
0.003746988719863801
0.003746988719863102
0.003746988719863067
0.003746988719862964
0.003746988719863022
0.003746988719862978
0.003746988719862762
0.003746988719862644
0.003746988719862533
0.003746988719862127
0.003746988719861107
0.003746988719860898
0.003746988719860826
0.003746988719861059
0.003746988719860726
0.003746988719861118
0.003746988719860894
0.003746988719860947
0.00374698871986098
0.003746988719860397
0.003746988719859886
0.00374698871985979
0.003746988719859354
0.003746988719859343
0.003746988719859285
0.003746988719859296
0.003746988719859154
0.003746988719859136
0.003746988719859101
0.003746988719859104
0.003746988719859068
0.00374698871985915
0.003746988719858703
0.003746988719858554
0.003746988719858227
0.003746988719858426
0.003746988719858424
0.003746988719858058
0.003746988719858173
0.003746988719858101
0.003746988719858093
0.003746988719858127
0.003746988719858019
0.003746988719857865
0.003746988719857779
0.00374698871985745
0.003746988719857735
0.003746988719857566
0.003746988719857583
0.003746988719857429
0.003746988719857387
0.003746988719857292
0.003746988719857456
0.003746988719857459
0.00374698871985789
0.003792950704992486
0.003792950704993196
0.003792950704993988
0.003792950704994722
0.003792950704995395
0.003792950704995891
0.003792950704996305
0.00379295070499639
0.003792950704996467
0.003792950704996521
0.00379295070499651
0.003792950704996618
0.003792950704996452
0.003792950704996387
0.003792950704996495
0.003792950704996616
0.003792950704996424
0.003792950704996312
0.003792950704996288
0.003792950704996318
0.003792950704996057
0.003792950704995522
0.003792950704995421
0.003792950704995265
0.003792950704995426
0.003792950704995259
0.003792950704995361
0.003792950704995375
0.003792950704995445
0.003792950704995568
0.003792950704995315
0.003792950704995053
0.003792950704994639
0.00379295070499414
0.003792950704994121
0.003792950704994126
0.003792950704993931
0.003792950704993988
0.003792950704994114
0.003792950704993857
0.003792950704993913
0.003792950704993902
0.003792950704993944
0.003792950704993752
0.003792950704993229
0.003792950704993291
0.003792950704993079
0.003792950704992985
0.003792950704993091
0.003792950704992853
0.003792950704992953
0.003792950704992916
0.003792950704992921
0.003792950704993001
0.003792950704992811
0.003792950704992513
0.00379295070499222
0.003792950704992398
0.003792950704992422
0.003792950704992263
0.003792950704992262
0.00379295070499228
0.003792950704991916
0.003792950704991976
0.003792950704992065
0.003792950704991929
0.003826546631370676
0.003826546631370701
0.003826546631371045
0.003826546631371478
0.003826546631371906
0.003826546631372302
0.003826546631372651
0.003826546631372971
0.003826546631373199
0.003826546631373356
0.003826546631373466
0.003826546631373556
0.003826546631373609
0.003826546631373653
0.003826546631373693
0.003826546631373623
0.00382654663137361
0.003826546631373614
0.003826546631373629
0.003826546631373617
0.003826546631373417
0.003826546631373463
0.003826546631373173
0.003826546631373286
0.003826546631373141
0.003826546631373311
0.003826546631373217
0.003826546631373365
0.003826546631373317
0.003826546631373425
0.003826546631373356
0.003826546631373214
0.003826546631372957
0.003826546631372442
0.003826546631372366
0.003826546631372361
0.00382654663137222
0.003826546631372375
0.003826546631372271
0.003826546631372207
0.003826546631372307
0.003826546631372329
0.003826546631372214
0.003826546631372134
0.003826546631371921
0.00382654663137158
0.003826546631371512
0.003826546631371447
0.003826546631371543
0.003826546631371361
0.00382654663137144
0.003826546631371412
0.003826546631371437
0.003826546631371458
0.003826546631371328
0.003826546631370898
0.003826546631370853
0.003826546631370904
0.003826546631370739
0.003826546631370848
0.00382654663137073
0.003826546631370795
0.003826546631370442
0.003826546631370426
0.00382654663137048
0.003826546631370294
0.003840565326335165
0.003840565326335083
0.00384056532633529
0.00384056532633548
0.003840565326335703
0.003840565326335905
0.003840565326336107
0.003840565326336337
0.003840565326336546
0.003840565326336719
0.003840565326336913
0.003840565326337002
0.003840565326337019
0.003840565326337166
0.003840565326337225
0.00384056532633719
0.003840565326337204
0.003840565326337196
0.003840565326337198
0.003840565326337196
0.003840565326337192
0.003840565326337203
0.003840565326337135
0.00384056532633718
0.003840565326337135
0.003840565326337286
0.003840565326337203
0.003840565326337218
0.003840565326337242
0.003840565326337283
0.003840565326337273
0.003840565326337124
0.003840565326337115
0.00384056532633687
0.003840565326336751
0.003840565326336717
0.003840565326336686
0.003840565326336566
0.003840565326336573
0.003840565326336564
0.003840565326336612
0.003840565326336591
0.003840565326336593
0.003840565326336586
0.003840565326336463
0.00384056532633632
0.003840565326336045
0.003840565326336033
0.003840565326336015
0.003840565326336016
0.003840565326335978
0.003840565326336058
0.003840565326335982
0.003840565326336021
0.003840565326335861
0.003840565326335681
0.003840565326335512
0.00384056532633542
0.003840565326335451
0.003840565326335385
0.003840565326335374
0.003840565326335387
0.003840565326335268
0.003840565326335115
0.003840565326335077
0.003840565326334941
0.003828754967492589
0.00382875496749258
0.003828754967492676
0.003828754967492625
0.003828754967492803
0.003828754967492785
0.003828754967492965
0.00382875496749312
0.00382875496749326
0.003828754967493412
0.003828754967493562
0.003828754967493696
0.00382875496749382
0.003828754967493889
0.003828754967493935
0.003828754967493909
0.00382875496749391
0.003828754967493934
0.003828754967493958
0.003828754967493961
0.003828754967494
0.003828754967494043
0.003828754967493987
0.003828754967494038
0.003828754967494035
0.003828754967494052
0.003828754967494155
0.00382875496749409
0.003828754967494083
0.003828754967494107
0.003828754967494101
0.003828754967494037
0.003828754967494033
0.003828754967493962
0.003828754967493807
0.00382875496749382
0.003828754967493868
0.003828754967493723
0.003828754967493738
0.003828754967493742
0.003828754967493774
0.003828754967493769
0.003828754967493796
0.003828754967493833
0.003828754967493768
0.003828754967493657
0.003828754967493505
0.003828754967493413
0.003828754967493332
0.003828754967493339
0.003828754967493331
0.003828754967493341
0.003828754967493401
0.003828754967493313
0.00382875496749331
0.003828754967493204
0.003828754967493116
0.003828754967493039
0.00382875496749301
0.003828754967492971
0.003828754967492909
0.003828754967492832
0.00382875496749272
0.003828754967492662
0.003828754967492504
0.003828754967492524
0.003785225296401599
0.003785225296401646
0.003785225296401647
0.003785225296401551
0.003785225296401612
0.003785225296401592
0.003785225296401655
0.003785225296401676
0.003785225296401803
0.003785225296401941
0.003785225296402041
0.003785225296402143
0.003785225296402273
0.003785225296402292
0.003785225296402324
0.003785225296402338
0.003785225296402345
0.0037852252964024
0.003785225296402404
0.003785225296402402
0.00378522529640245
0.003785225296402489
0.00378522529640246
0.003785225296402548
0.003785225296402507
0.003785225296402511
0.003785225296402557
0.003785225296402532
0.003785225296402583
0.003785225296402528
0.003785225296402583
0.003785225296402508
0.003785225296402526
0.003785225296402493
0.003785225296402484
0.003785225296402516
0.003785225296402507
0.003785225296402396
0.003785225296402447
0.003785225296402441
0.003785225296402463
0.003785225296402435
0.003785225296402436
0.003785225296402406
0.003785225296402395
0.0037852252964024
0.003785225296402313
0.003785225296402258
0.003785225296402135
0.003785225296402145
0.003785225296402145
0.00378522529640218
0.003785225296402167
0.003785225296402159
0.003785225296402188
0.003785225296402115
0.003785225296402032
0.00378522529640187
0.003785225296401862
0.003785225296401894
0.003785225296401784
0.003785225296401691
0.003785225296401671
0.003785225296401675
0.003785225296401524
0.003785225296401592
0.003704020097937934
0.003704020097937928
0.003704020097937937
0.00370402009793788
0.003704020097937902
0.003704020097937865
0.003704020097937877
0.003704020097937868
0.003704020097937971
0.003704020097937968
0.003704020097937975
0.003704020097938097
0.0037040200979382
0.003704020097938205
0.003704020097938218
0.003704020097938245
0.003704020097938254
0.003704020097938362
0.003704020097938338
0.003704020097938325
0.003704020097938372
0.003704020097938438
0.003704020097938378
0.003704020097938469
0.003704020097938445
0.003704020097938433
0.003704020097938445
0.003704020097938442
0.003704020097938513
0.003704020097938476
0.003704020097938462
0.003704020097938519
0.003704020097938496
0.003704020097938469
0.003704020097938463
0.003704020097938512
0.003704020097938516
0.00370402009793842
0.003704020097938514
0.003704020097938476
0.003704020097938467
0.003704020097938491
0.003704020097938536
0.003704020097938493
0.003704020097938405
0.00370402009793842
0.003704020097938455
0.003704020097938374
0.003704020097938277
0.003704020097938302
0.003704020097938282
0.003704020097938296
0.003704020097938294
0.003704020097938279
0.003704020097938295
0.0037040200979383
0.003704020097938216
0.003704020097938082
0.003704020097938087
0.003704020097938131
0.003704020097938009
0.003704020097937941
0.003704020097937929
0.003704020097937954
0.00370402009793792
0.003704020097937828
0.003578721934686101
0.003578721934686062
0.003578721934686139
0.003578721934686049
0.003578721934685992
0.003578721934685991
0.003578721934685988
0.003578721934685965
0.003578721934685979
0.003578721934685995
0.003578721934685968
0.003578721934686063
0.003578721934686071
0.003578721934686146
0.0035787219346862
0.003578721934686154
0.003578721934686134
0.00357872193468618
0.003578721934686252
0.003578721934686184
0.003578721934686275
0.003578721934686218
0.003578721934686264
0.003578721934686342
0.00357872193468627
0.003578721934686278
0.003578721934686315
0.003578721934686291
0.003578721934686361
0.003578721934686307
0.003578721934686311
0.003578721934686393
0.003578721934686375
0.00357872193468635
0.00357872193468635
0.003578721934686343
0.003578721934686402
0.003578721934686298
0.003578721934686402
0.003578721934686347
0.003578721934686366
0.003578721934686439
0.003578721934686451
0.003578721934686351
0.003578721934686393
0.003578721934686289
0.003578721934686355
0.00357872193468635
0.003578721934686246
0.003578721934686286
0.003578721934686332
0.003578721934686251
0.003578721934686262
0.003578721934686251
0.003578721934686248
0.003578721934686245
0.003578721934686183
0.00357872193468617
0.003578721934686176
0.00357872193468617
0.003578721934686055
0.003578721934686036
0.003578721934686041
0.003578721934685998
0.003578721934685988
0.003578721934685952
0.003402011460108781
0.003402011460108847
0.003402011460108842
0.003402011460108837
0.003402011460108724
0.003402011460108801
0.003402011460108761
0.003402011460108717
0.003402011460108698
0.003402011460108709
0.003402011460108679
0.00340201146010876
0.003402011460108722
0.003402011460108708
0.003402011460108766
0.00340201146010882
0.00340201146010872
0.003402011460108732
0.003402011460108842
0.003402011460108786
0.0034020114601088
0.003402011460108809
0.003402011460108894
0.003402011460108843
0.003402011460108837
0.003402011460108914
0.00340201146010888
0.003402011460108856
0.003402011460108895
0.003402011460108963
0.003402011460108867
0.003402011460108924
0.003402011460108973
0.003402011460108985
0.003402011460108988
0.003402011460108896
0.003402011460108923
0.003402011460108884
0.003402011460108982
0.003402011460108889
0.00340201146010892
0.003402011460108951
0.003402011460108966
0.003402011460109017
0.003402011460109015
0.003402011460108891
0.003402011460108901
0.003402011460108891
0.003402011460108906
0.003402011460108878
0.003402011460108908
0.003402011460108966
0.003402011460108871
0.003402011460108884
0.003402011460108865
0.003402011460108857
0.003402011460108887
0.003402011460108878
0.003402011460108763
0.003402011460108803
0.003402011460108859
0.003402011460108822
0.003402011460108709
0.003402011460108729
0.003402011460108788
0.003402011460108642
0.003165138587166891
0.003165138587166859
0.003165138587166844
0.003165138587166929
0.003165138587166815
0.003165138587166812
0.003165138587166829
0.003165138587166853
0.003165138587166768
0.003165138587166802
0.003165138587166771
0.003165138587166829
0.003165138587166789
0.003165138587166736
0.00316513858716677
0.003165138587166755
0.003165138587166804
0.003165138587166712
0.003165138587166776
0.003165138587166861
0.003165138587166764
0.003165138587166812
0.00316513858716682
0.003165138587166818
0.003165138587166796
0.003165138587166895
0.00316513858716682
0.003165138587166823
0.003165138587166915
0.003165138587166889
0.003165138587166854
0.003165138587166895
0.003165138587166983
0.003165138587166876
0.003165138587166916
0.003165138587166911
0.003165138587166869
0.003165138587166848
0.003165138587166905
0.003165138587166973
0.003165138587166867
0.003165138587166979
0.003165138587166894
0.003165138587167012
0.003165138587166937
0.003165138587166964
0.003165138587166956
0.003165138587166848
0.003165138587166893
0.003165138587166964
0.003165138587166861
0.003165138587166963
0.003165138587166908
0.00316513858716701
0.003165138587166889
0.003165138587166838
0.003165138587166917
0.003165138587166862
0.003165138587166823
0.003165138587166856
0.003165138587166925
0.003165138587166891
0.003165138587166755
0.003165138587166793
0.00316513858716683
0.003165138587166704
0.002857745791933662
0.002857745791933616
0.002857745791933585
0.002857745791933606
0.002857745791933589
0.002857745791933565
0.002857745791933608
0.002857745791933657
0.002857745791933522
0.002857745791933534
0.002857745791933508
0.002857745791933542
0.002857745791933596
0.002857745791933451
0.002857745791933488
0.002857745791933562
0.00285774579193344
0.002857745791933451
0.002857745791933462
0.002857745791933481
0.002857745791933469
0.002857745791933492
0.002857745791933495
0.002857745791933509
0.002857745791933492
0.002857745791933539
0.002857745791933616
0.002857745791933496
0.002857745791933552
0.002857745791933649
0.002857745791933519
0.002857745791933577
0.002857745791933673
0.002857745791933543
0.002857745791933591
0.002857745791933674
0.002857745791933547
0.002857745791933537
0.002857745791933583
0.002857745791933646
0.002857745791933533
0.002857745791933649
0.002857745791933716
0.002857745791933642
0.002857745791933707
0.002857745791933567
0.002857745791933563
0.002857745791933552
0.002857745791933629
0.002857745791933606
0.002857745791933566
0.002857745791933606
0.002857745791933602
0.002857745791933654
0.002857745791933691
0.002857745791933542
0.002857745791933557
0.002857745791933551
0.002857745791933574
0.002857745791933543
0.002857745791933575
0.002857745791933533
0.002857745791933493
0.002857745791933533
0.002857745791933496
0.002857745791933473
0.002471469227748109
0.002471469227748107
0.002471469227748139
0.00247146922774812
0.002471469227748151
0.00247146922774812
0.002471469227748174
0.002471469227748142
0.002471469227748119
0.00247146922774815
0.002471469227748
0.002471469227748066
0.002471469227747982
0.00247146922774805
0.002471469227748046
0.002471469227747947
0.002471469227747941
0.002471469227747946
0.002471469227747945
0.002471469227747953
0.002471469227747947
0.002471469227748037
0.002471469227747946
0.002471469227747964
0.00247146922774796
0.002471469227748058
0.002471469227748039
0.002471469227747998
0.002471469227748087
0.002471469227748063
0.002471469227748022
0.002471469227748065
0.002471469227748152
0.002471469227748021
0.002471469227748045
0.002471469227748141
0.002471469227748035
0.002471469227748044
0.002471469227748052
0.002471469227748063
0.00247146922774804
0.002471469227748086
0.002471469227748067
0.002471469227748138
0.002471469227748079
0.002471469227748085
0.002471469227748024
0.002471469227748051
0.002471469227748056
0.002471469227748063
0.002471469227748037
0.00247146922774808
0.002471469227748151
0.002471469227748053
0.002471469227748067
0.002471469227748054
0.002471469227748041
0.002471469227748018
0.002471469227748041
0.002471469227748105
0.002471469227747993
0.002471469227748009
0.002471469227747995
0.002471469227748044
0.002471469227748012
0.002471469227747986
0.002016554088403145
0.002016554088403115
0.002016554088403115
0.002016554088403081
0.002016554088403091
0.002016554088403076
0.002016554088403111
0.002016554088403161
0.002016554088403029
0.002016554088403043
0.002016554088403022
0.002016554088402982
0.002016554088403004
0.002016554088403067
0.002016554088402951
0.002016554088402983
0.002016554088402946
0.002016554088403005
0.002016554088403017
0.002016554088402932
0.002016554088402938
0.002016554088402986
0.002016554088402971
0.002016554088402979
0.002016554088402967
0.002016554088403017
0.002016554088403018
0.002016554088403011
0.002016554088403012
0.002016554088403024
0.002016554088403021
0.002016554088403074
0.002016554088403127
0.002016554088403017
0.002016554088403029
0.002016554088403041
0.002016554088403033
0.002016554088403042
0.002016554088403031
0.002016554088403135
0.002016554088403046
0.00201655408840307
0.00201655408840301
0.002016554088403099
0.002016554088403103
0.00201655408840303
0.002016554088403015
0.00201655408840306
0.002016554088403119
0.002016554088403021
0.00201655408840307
0.002016554088403165
0.002016554088403079
0.002016554088403039
0.002016554088403066
0.002016554088403046
0.002016554088403038
0.002016554088403035
0.002016554088403054
0.002016554088403021
0.002016554088402994
0.002016554088402997
0.002016554088402992
0.00201655408840304
0.002016554088403106
0.00201655408840301
0.001548734723852075
0.001548734723851976
0.001548734723851989
0.001548734723851941
0.001548734723851938
0.001548734723851924
0.001548734723851986
0.001548734723851945
0.001548734723851908
0.001548734723851929
0.001548734723851969
0.001548734723851876
0.001548734723851908
0.001548734723851962
0.001548734723851863
0.001548734723851903
0.001548734723851935
0.001548734723851863
0.001548734723851953
0.001548734723851887
0.001548734723851865
0.001548734723851929
0.001548734723851944
0.001548734723851913
0.001548734723851889
0.001548734723851955
0.001548734723851932
0.0015487347238519
0.001548734723851907
0.001548734723851954
0.001548734723851943
0.00154873472385201
0.001548734723851959
0.001548734723851948
0.001548734723851965
0.00154873472385201
0.001548734723851923
0.001548734723851942
0.001548734723851933
0.001548734723851953
0.001548734723851943
0.001548734723851959
0.001548734723851941
0.00154873472385195
0.001548734723851964
0.001548734723852005
0.001548734723851923
0.001548734723852004
0.001548734723851972
0.001548734723851974
0.00154873472385194
0.001548734723852013
0.001548734723851964
0.001548734723851938
0.001548734723851948
0.001548734723851953
0.001548734723852001
0.001548734723851962
0.001548734723851937
0.001548734723851934
0.001548734723851915
0.001548734723851921
0.001548734723851912
0.001548734723851998
0.001548734723851933
0.001548734723852001
0.001155620147563833
0.001155620147563816
0.001155620147563726
0.00115562014756373
0.001155620147563741
0.001155620147563688
0.001155620147563718
0.001155620147563705
0.001155620147563715
0.001155620147563725
0.001155620147563728
0.001155620147563715
0.001155620147563753
0.001155620147563738
0.001155620147563714
0.001155620147563753
0.001155620147563755
0.001155620147563705
0.001155620147563755
0.001155620147563743
0.001155620147563701
0.001155620147563718
0.001155620147563764
0.001155620147563727
0.001155620147563729
0.001155620147563767
0.001155620147563732
0.001155620147563739
0.001155620147563734
0.001155620147563797
0.001155620147563757
0.001155620147563772
0.001155620147563787
0.001155620147563761
0.001155620147563806
0.001155620147563776
0.001155620147563755
0.001155620147563758
0.001155620147563757
0.001155620147563767
0.001155620147563762
0.001155620147563789
0.001155620147563791
0.001155620147563767
0.00115562014756379
0.001155620147563782
0.001155620147563752
0.001155620147563777
0.001155620147563775
0.00115562014756378
0.001155620147563756
0.001155620147563773
0.001155620147563793
0.00115562014756375
0.001155620147563783
0.001155620147563777
0.001155620147563809
0.001155620147563794
0.001155620147563724
0.001155620147563755
0.001155620147563743
0.001155620147563758
0.001155620147563741
0.001155620147563772
0.001155620147563758
0.001155620147563865
0.000875597241596785
0.0008755972415967721
0.0008755972415966856
0.0008755972415966977
0.0008755972415966858
0.0008755972415966936
0.0008755972415967066
0.000875597241596677
0.0008755972415966976
0.0008755972415966973
0.0008755972415967018
0.0008755972415967022
0.0008755972415967083
0.0008755972415967106
0.0008755972415966979
0.0008755972415967244
0.0008755972415967101
0.000875597241596705
0.0008755972415967103
0.0008755972415967107
0.0008755972415967029
0.0008755972415966985
0.0008755972415967179
0.0008755972415967127
0.0008755972415967112
0.0008755972415967357
0.0008755972415967091
0.0008755972415967241
0.0008755972415967242
0.0008755972415967537
0.0008755972415967378
0.0008755972415967419
0.0008755972415967517
0.0008755972415967226
0.000875597241596749
0.0008755972415967355
0.0008755972415967289
0.0008755972415967374
0.0008755972415967216
0.0008755972415967392
0.0008755972415967323
0.0008755972415967528
0.0008755972415967438
0.0008755972415967605
0.000875597241596745
0.0008755972415967583
0.000875597241596735
0.0008755972415967507
0.0008755972415967461
0.0008755972415967542
0.0008755972415967376
0.0008755972415967693
0.000875597241596741
0.0008755972415967345
0.0008755972415967387
0.0008755972415967466
0.0008755972415967553
0.000875597241596761
0.000875597241596722
0.0008755972415967344
0.0008755972415967171
0.0008755972415967365
0.0008755972415967239
0.0008755972415967491
0.0008755972415967398
0.0008755972415968055
0.0006686966553418962
0.0006686966553418717
0.0006686966553418379
0.000668696655341817
0.0006686966553418302
0.0006686966553418156
0.0006686966553418279
0.0006686966553418265
0.0006686966553418489
0.0006686966553418524
0.0006686966553418447
0.0006686966553418263
0.0006686966553418516
0.000668696655341853
0.0006686966553418429
0.0006686966553418678
0.0006686966553418543
0.0006686966553418583
0.000668696655341858
0.0006686966553418454
0.0006686966553418476
0.0006686966553418429
0.0006686966553418527
0.0006686966553418568
0.0006686966553418592
0.0006686966553418519
0.0006686966553418535
0.0006686966553418583
0.0006686966553418581
0.0006686966553418793
0.0006686966553418706
0.0006686966553418681
0.0006686966553418722
0.0006686966553418604
0.0006686966553418767
0.0006686966553418657
0.000668696655341866
0.000668696655341866
0.0006686966553418644
0.0006686966553418679
0.000668696655341864
0.0006686966553418748
0.0006686966553418748
0.0006686966553418868
0.0006686966553418709
0.0006686966553418771
0.0006686966553418631
0.0006686966553418719
0.0006686966553418698
0.0006686966553418741
0.0006686966553418633
0.0006686966553418775
0.0006686966553418696
0.0006686966553418747
0.0006686966553418683
0.0006686966553418813
0.0006686966553418721
0.0006686966553418837
0.0006686966553418447
0.0006686966553418705
0.000668696655341857
0.0006686966553418692
0.0006686966553418567
0.0006686966553418769
0.0006686966553418656
0.0006686966553419033
0.000484502490419756
0.000484502490419727
0.0004845024904197158
0.0004845024904196917
0.0004845024904196801
0.0004845024904196751
0.0004845024904196933
0.0004845024904196913
0.0004845024904197121
0.0004845024904197128
0.0004845024904197143
0.0004845024904197046
0.0004845024904197003
0.0004845024904197053
0.0004845024904197139
0.0004845024904197189
0.000484502490419709
0.000484502490419703
0.0004845024904197048
0.0004845024904197008
0.0004845024904197092
0.0004845024904197135
0.000484502490419702
0.0004845024904197162
0.0004845024904197038
0.0004845024904196983
0.000484502490419712
0.0004845024904197256
0.000484502490419716
0.0004845024904197298
0.0004845024904197293
0.0004845024904197177
0.0004845024904197075
0.0004845024904197117
0.0004845024904197262
0.0004845024904197236
0.0004845024904197161
0.0004845024904197235
0.0004845024904197149
0.0004845024904197159
0.0004845024904197262
0.0004845024904197278
0.0004845024904197191
0.0004845024904197317
0.0004845024904197284
0.0004845024904197292
0.0004845024904197303
0.0004845024904197311
0.000484502490419711
0.0004845024904197322
0.0004845024904197251
0.0004845024904197163
0.0004845024904197234
0.0004845024904197354
0.0004845024904197307
0.0004845024904197344
0.0004845024904197318
0.0004845024904197242
0.0004845024904197101
0.00048450249041973
0.0004845024904197149
0.0004845024904197275
0.0004845024904197218
0.0004845024904197286
0.0004845024904197239
0.0004845024904197426
0.0002986175958459233
0.000298617595845923
0.0002986175958459176
0.0002986175958459043
0.0002986175958458952
0.0002986175958459029
0.0002986175958459128
0.0002986175958459013
0.0002986175958459223
0.0002986175958459179
0.0002986175958459066
0.0002986175958459138
0.000298617595845907
0.0002986175958459156
0.0002986175958459081
0.0002986175958459206
0.0002986175958459125
0.0002986175958459194
0.0002986175958459146
0.0002986175958459122
0.0002986175958459139
0.0002986175958459032
0.0002986175958459094
0.0002986175958459116
0.0002986175958459184
0.0002986175958459107
0.000298617595845914
0.000298617595845927
0.000298617595845918
0.0002986175958459277
0.0002986175958459243
0.0002986175958459229
0.0002986175958459064
0.0002986175958459117
0.0002986175958459161
0.0002986175958459129
0.0002986175958459156
0.0002986175958459155
0.0002986175958459124
0.0002986175958459159
0.0002986175958459084
0.0002986175958459185
0.0002986175958459155
0.0002986175958459059
0.0002986175958459165
0.0002986175958459185
0.0002986175958459123
0.0002986175958459126
0.0002986175958459101
0.0002986175958459139
0.0002986175958459161
0.0002986175958459218
0.000298617595845913
0.0002986175958459124
0.0002986175958459176
0.0002986175958459219
0.0002986175958459189
0.0002986175958459188
0.0002986175958459105
0.0002986175958459192
0.0002986175958459114
0.000298617595845912
0.000298617595845915
0.0002986175958459129
0.0002986175958459152
0.0002986175958459112
0.0004891493730646369
0.000489149373064626
0.0004891493730646377
0.0004891493730646269
0.000489149373064614
0.0004891493730646559
0.0004891493730646704
0.0004891493730646047
0.0004891493730646713
0.0004891493730646703
0.00048914937306464
0.0004891493730646368
0.0004891493730646617
0.0004891493730646615
0.0004891493730646263
0.0004891493730646689
0.0004891493730646373
0.0004891493730646609
0.0004891493730646724
0.0004891493730646726
0.0004891493730646261
0.0004891493730646261
0.0004891493730646263
0.0004891493730646364
0.0004891493730646466
0.0004891493730646561
0.0004891493730646351
0.0004891493730646806
0.0004891493730646374
0.0004891493730646679
0.0004891493730646589
0.0004891493730646811
0.0004891493730646376
0.0004891493730646472
0.0004891493730646254
0.000489149373064636
0.0004891493730646473
0.0004891493730646363
0.0004891493730646368
0.000489149373064636
0.0004891493730646162
0.000489149373064636
0.0004891493730646471
0.0004891493730646227
0.0004891493730646241
0.0004891493730646348
0.0004891493730646364
0.0004891493730646084
0.000489149373064626
0.0004891493730646247
0.0004891493730646323
0.0004891493730646838
0.0004891493730646267
0.000489149373064636
0.0004891493730646374
0.0004891493730646459
0.0004891493730646606
0.0004891493730646598
0.0004891493730646267
0.0004891493730646249
0.0004891493730646728
0.0004891493730646356
0.0004891493730646617
0.0004891493730646404
0.0004891493730646278
0.0004891493730646372
)
;

boundaryField
{
    inlet
    {
        type            cyclic;
    }
    outlet
    {
        type            cyclic;
    }
    bottomWall
    {
        type            fixedValue;
        value           uniform 0.0015;
    }
    topWall
    {
        type            fixedValue;
        value           uniform 0.0015;
    }
    left
    {
        type            cyclic;
    }
    right
    {
        type            cyclic;
    }
}


// ************************************************************************* //
