/*--------------------------------*- C++ -*----------------------------------*\
| =========                 |                                                 |
| \\      /  F ield         | OpenFOAM: The Open Source CFD Toolbox           |
|  \\    /   O peration     | Version:  v1812                                 |
|   \\  /    A nd           | Web:      www.OpenFOAM.com                      |
|    \\/     M anipulation  |                                                 |
\*---------------------------------------------------------------------------*/
FoamFile
{
    version     2.0;
    format      ascii;
    class       volScalarField;
    location    "10000";
    object      p;
}
// * * * * * * * * * * * * * * * * * * * * * * * * * * * * * * * * * * * * * //

dimensions      [0 2 -2 0 0 0 0];


internalField   nonuniform List<scalar> 
2838
(
2.837725250731643e-17
1.148920023499519e-15
9.311784836148572e-16
8.302045616787463e-16
7.21385024525441e-16
6.653860522518688e-16
6.01041277186417e-16
5.505191898261295e-16
5.528778367365409e-16
5.423993958570799e-16
4.344028258085372e-16
4.217092732886367e-16
2.579856615592112e-16
3.139054973517816e-16
4.602277377945724e-16
2.550964398096612e-16
3.131222640247206e-16
4.755713146489206e-16
4.206064369355895e-16
3.644071499208339e-16
2.720494288328502e-16
1.018628331758572e-16
1.278717317742293e-16
2.280076993466395e-16
1.567369698873706e-16
3.012646192001249e-16
3.374301472521065e-16
1.260803883305502e-16
1.804450059670962e-16
3.249415614054989e-16
1.57912810191665e-16
1.697813963200105e-16
1.952002541114664e-16
2.811368702765229e-17
1.617145220201945e-16
8.479981917754077e-17
-8.780197533353562e-17
-1.42339589859108e-17
-1.250995533103974e-16
-2.033429771993983e-16
-6.420009468161983e-17
-4.601846968339668e-17
-1.656657785347564e-16
-9.460712371952103e-18
3.075212486567934e-19
1.152401835123272e-16
3.443947603154437e-16
3.120642371910965e-16
2.242702637314072e-16
4.188565031635107e-16
2.78649069866564e-16
2.160827484037223e-16
3.711583025038126e-16
3.394292329832875e-16
7.468600197169553e-17
1.77397293948059e-16
2.18822337426799e-16
5.282845804256221e-17
-1.148244728255102e-17
1.051879301462718e-16
4.652769749731929e-17
-1.117067143541871e-16
-1.61557975114704e-16
-4.296818623511909e-16
-4.668345690223174e-16
-9.174677836209914e-16
5.289871964860838e-17
1.147403309049497e-15
9.309701677318543e-16
8.288766068338158e-16
7.212359306759503e-16
6.666208546073204e-16
6.009207378404932e-16
5.488572303892434e-16
5.533701347202338e-16
5.428336748694677e-16
4.351186434601981e-16
4.20438328497331e-16
2.556050445711422e-16
3.161862003585125e-16
4.568484411968466e-16
2.563570126594329e-16
3.167277090017193e-16
4.763346195298057e-16
4.184771431134855e-16
3.623092884850337e-16
2.726940030688274e-16
1.046375162447618e-16
1.292998262598738e-16
2.233866821929901e-16
1.576903628736003e-16
3.02500302865091e-16
3.379783876830343e-16
1.232865822538611e-16
1.813675861937504e-16
3.260555132859253e-16
1.525524916230393e-16
1.735379603671647e-16
1.975072942322743e-16
2.131662342407489e-17
1.602207463645732e-16
9.451528434052297e-17
-8.785349738010014e-17
-2.110883053340328e-17
-1.268300857012065e-16
-2.002383556396895e-16
-6.495237008138902e-17
-4.406524792599119e-17
-1.646723559434986e-16
-8.828946405337367e-18
-6.071817964455403e-19
1.141595230649961e-16
3.489451449950443e-16
3.093957050024671e-16
2.17018368308983e-16
4.21050543269284e-16
2.846608705421454e-16
2.165467220847717e-16
3.668147865615208e-16
3.357182057049994e-16
7.873690476058374e-17
1.796312647820495e-16
2.102432691739452e-16
5.7814841698863e-17
-3.997320438057929e-18
1.023619822375728e-16
4.579404449994885e-17
-1.113819839047341e-16
-1.596297478447161e-16
-4.298428964229169e-16
-4.674689266315673e-16
-9.149939454893862e-16
8.642558527407006e-17
1.142323091016147e-15
9.246421007951241e-16
8.235448900108421e-16
7.201548571190769e-16
6.687980714937925e-16
6.004060723321007e-16
5.494288016556272e-16
5.539909954069741e-16
5.426236513620253e-16
4.345268872138745e-16
4.189692110404811e-16
2.564587999502922e-16
3.172004464501937e-16
4.553097436459056e-16
2.569827950545226e-16
3.180080548838717e-16
4.776609161983637e-16
4.183059678407017e-16
3.617552413816864e-16
2.736157216098153e-16
1.039723543920848e-16
1.282748701007079e-16
2.237113224473389e-16
1.576420792358167e-16
3.047255750006229e-16
3.390912876756367e-16
1.227219226068853e-16
1.820188629152503e-16
3.246879456548935e-16
1.496915798046966e-16
1.749095614136357e-16
2.01382901216552e-16
1.920922797116352e-17
1.578067410621888e-16
9.664241217563757e-17
-8.758858911146267e-17
-2.074662511148771e-17
-1.238792712080635e-16
-2.017773646159402e-16
-6.711404607761822e-17
-4.468234149550906e-17
-1.626057524200082e-16
-6.454644525175217e-18
-9.023819277291293e-19
1.134786870726162e-16
3.50153337561607e-16
3.0851130240447e-16
2.146745413231491e-16
4.194650660217594e-16
2.860967002520249e-16
2.159594836900915e-16
3.656802274213573e-16
3.342241273856021e-16
8.086732352577717e-17
1.817423340570964e-16
2.106288685104013e-16
5.814456026736082e-17
-1.726099257924727e-18
1.022450327348467e-16
4.499666100980504e-17
-1.099141754511823e-16
-1.567404525785028e-16
-4.281958423770363e-16
-4.750037794181831e-16
-9.097013531536864e-16
1.28451046326427e-16
1.139176543504258e-15
9.153445869263249e-16
8.144768544801516e-16
7.176804814121548e-16
6.72033010245259e-16
6.014713439351509e-16
5.502788455106622e-16
5.545154220492345e-16
5.425587163779582e-16
4.335535866727212e-16
4.183302007178212e-16
2.583753316232979e-16
3.185667759852349e-16
4.523766765406508e-16
2.566623931743905e-16
3.202369479828218e-16
4.795442890645362e-16
4.190904093930529e-16
3.635433540648723e-16
2.750251505981687e-16
1.024096026386621e-16
1.275607362422477e-16
2.250351471020512e-16
1.562111812237753e-16
3.074094041265616e-16
3.418979871319649e-16
1.216495504887353e-16
1.824079322944024e-16
3.226941980081144e-16
1.467878288671033e-16
1.73964051821872e-16
2.070096001521379e-16
1.767898188013662e-17
1.543035497292457e-16
9.814976474410814e-17
-8.570809914393321e-17
-1.932171540099485e-17
-1.220839472555736e-16
-2.031692945467791e-16
-7.020964154948912e-17
-4.330732974400894e-17
-1.595650321202267e-16
-5.275623675591862e-18
-2.170244838312085e-18
1.125416261019175e-16
3.500351774057431e-16
3.069001768080501e-16
2.143645990917612e-16
4.164717076948619e-16
2.871507862378161e-16
2.162057027999684e-16
3.635001466033638e-16
3.35833617156882e-16
8.184127351357226e-17
1.835312698158422e-16
2.132533227963194e-16
5.745015938162766e-17
1.623536402159454e-18
1.018407109717864e-16
4.490354999310223e-17
-1.083677061113799e-16
-1.532732174649061e-16
-4.262540356180917e-16
-4.849626641587503e-16
-9.033574551742057e-16
1.756039107627831e-16
1.14091346579102e-15
9.052526781892802e-16
8.049226483925193e-16
7.172749284240082e-16
6.717207686082784e-16
5.991032145656758e-16
5.52803298212981e-16
5.568822149287775e-16
5.399288458591768e-16
4.320865876765699e-16
4.17438035930993e-16
2.606313068158534e-16
3.184379164326529e-16
4.493273236727708e-16
2.564916421237488e-16
3.222218723553594e-16
4.816177705012747e-16
4.191158702797821e-16
3.647418176140506e-16
2.776963535409126e-16
1.026865014183979e-16
1.262329223441961e-16
2.258387462540447e-16
1.549284022134914e-16
3.106166131493756e-16
3.45873355186338e-16
1.187622702954492e-16
1.850629798407623e-16
3.233752578656499e-16
1.433465754807279e-16
1.729266049977834e-16
2.10055706481419e-16
1.989258802450462e-17
1.492329769454765e-16
9.973391093703349e-17
-8.301871500204427e-17
-2.102553696516187e-17
-1.199221193464426e-16
-2.017431777861183e-16
-7.350129022235189e-17
-4.300104552529278e-17
-1.552540009057463e-16
-4.35830860961485e-18
-3.858420987961969e-18
1.120606541322839e-16
3.503230359184412e-16
3.039972889921272e-16
2.146048622182281e-16
4.140671443509439e-16
2.876818511100916e-16
2.172101396982954e-16
3.594071834960277e-16
3.365890183264317e-16
8.542265129748007e-17
1.83306461434125e-16
2.132214906115998e-16
5.711833474506607e-17
7.550482313445816e-18
1.031017530788522e-16
4.705734133537332e-17
-1.074877471008467e-16
-1.500827573166618e-16
-4.229490829456927e-16
-4.957702621810973e-16
-9.020369388386705e-16
2.331872515551203e-16
1.160890478864251e-15
8.894636485150039e-16
7.92948417475812e-16
7.167040653204197e-16
6.634385523502922e-16
5.972394846482197e-16
5.585707459517498e-16
5.532408853226272e-16
5.36560952712045e-16
4.311350798776948e-16
4.20119619266911e-16
2.674666023928395e-16
3.195380143413947e-16
4.354592477930242e-16
2.566710992167183e-16
3.285744966493898e-16
4.833152741446359e-16
4.186990188685032e-16
3.638113229930336e-16
2.778034943754862e-16
1.092722195854157e-16
1.21007577638523e-16
2.248390574170177e-16
1.563699801525015e-16
3.145702436608819e-16
3.504722004623169e-16
1.182050628853064e-16
1.874688797316092e-16
3.2587077692918e-16
1.429511784575878e-16
1.674489969542209e-16
2.134840375142298e-16
2.170629349417163e-17
1.425336852547842e-16
1.002273714591286e-16
-7.67797265896809e-17
-2.520364346541445e-17
-1.219562083199373e-16
-1.919767624845253e-16
-7.859805907957752e-17
-4.429436088238688e-17
-1.488958564146639e-16
-2.028473858680908e-18
-5.145324830007006e-18
1.163065831023319e-16
3.44766234006742e-16
2.989566445918997e-16
2.174038966657639e-16
4.102191503665748e-16
2.884435763416001e-16
2.208276845108444e-16
3.507230012555126e-16
3.349900496781708e-16
9.380220717553353e-17
1.81300665515705e-16
2.131883464114115e-16
6.002891779378056e-17
1.113418237382068e-17
1.031386433815452e-16
4.999332585998832e-17
-1.01032542154922e-16
-1.456230045590347e-16
-4.142657092678588e-16
-5.121900258289914e-16
-9.100692955101322e-16
3.103416314684654e-16
1.21571753033203e-15
8.768716628288097e-16
7.687345410859995e-16
7.13139002017322e-16
6.597716132592354e-16
5.883579742666828e-16
5.729721558772495e-16
5.484531043101152e-16
5.095993221451227e-16
4.316931310291484e-16
4.316465209352109e-16
2.809585664082622e-16
3.192142839955086e-16
4.065816333889442e-16
2.563990482617983e-16
3.295734497327103e-16
4.874973909949893e-16
4.2405156740214e-16
3.639327464957543e-16
2.710257533578978e-16
1.135832265102481e-16
1.21201909091446e-16
2.145755754383067e-16
1.739151046404604e-16
3.219590421818829e-16
3.518680398633098e-16
1.288741061085185e-16
1.801453800743754e-16
3.208515837854977e-16
1.561261142799855e-16
1.575477167401292e-16
2.092903380819772e-16
3.786628235329735e-17
1.291433936148946e-16
9.695314200696328e-17
-6.404360455474519e-17
-3.604642131147522e-17
-1.214427942361143e-16
-1.771503531527898e-16
-9.119250502866494e-17
-4.617576849927808e-17
-1.344510336801619e-16
-1.238484462275812e-17
-3.920288214739752e-19
1.284962678369893e-16
3.324128501050653e-16
2.830233754517394e-16
2.288919619283967e-16
4.12898315694697e-16
2.814071180712043e-16
2.31699941267675e-16
3.367472075934634e-16
3.262821719384643e-16
1.123646676497915e-16
1.76929729981448e-16
2.128344173091662e-16
7.1655827446105e-17
1.228756077038754e-17
9.459887526280275e-17
4.628933652882102e-17
-8.824510118981371e-17
-1.337616277888345e-16
-3.907661872633656e-16
-5.406004159858889e-16
-9.426585385186325e-16
4.205835065282771e-16
1.333268665254555e-15
8.845067513175987e-16
7.480919142325401e-16
7.188111138744164e-16
6.371289419270041e-16
5.668802260339336e-16
6.008873972676475e-16
5.412115850125879e-16
4.66897345688586e-16
4.131955231648185e-16
4.369612659674633e-16
3.068436172588401e-16
3.147493342928043e-16
3.783926112513373e-16
2.570009236719063e-16
3.333993436345336e-16
4.761473512700219e-16
4.303279846602387e-16
3.644191265955607e-16
2.614630598438539e-16
1.129238282612971e-16
1.311157660914281e-16
2.025650208510173e-16
1.832391183488366e-16
3.27808532347875e-16
3.53630583334727e-16
1.600954516675187e-16
1.768480208344384e-16
2.844229503756284e-16
1.845852745987431e-16
1.516673893483442e-16
1.986329592808537e-16
5.825749887922273e-17
1.154404031099826e-16
7.783799807772924e-17
-2.873371382124199e-17
-4.90562775998941e-17
-1.354672511644712e-16
-1.524016098147914e-16
-8.522727758774922e-17
-6.522219102723113e-17
-1.136392754717551e-16
-2.322400620343705e-17
-5.696511336738176e-18
1.528307181008088e-16
3.266470130843023e-16
2.602675726344051e-16
2.369905296502931e-16
4.049624925696083e-16
2.682968956894005e-16
2.542378703841775e-16
3.258329180852192e-16
3.215997688604163e-16
1.157219711426163e-16
1.824815339770235e-16
2.082159830771713e-16
7.908337547562461e-17
1.664614360190751e-17
9.045792545370726e-17
5.668592631507983e-17
-8.019845497527644e-17
-1.2006634452273e-16
-3.370200357243436e-16
-6.069800664670841e-16
-1.038890664670487e-15
5.870089872802175e-16
1.478705941526646e-15
8.871926439270136e-16
7.4329738794541e-16
7.414021689237537e-16
6.172360418887386e-16
5.4321266561744e-16
6.190996065146934e-16
5.047635577060691e-16
4.596386070838741e-16
3.95771693651761e-16
4.156859404742977e-16
3.451496200329668e-16
3.076806362617495e-16
3.419803552582698e-16
2.760651766652325e-16
3.561100370479738e-16
4.334274056822161e-16
4.216136275939714e-16
3.713326045925075e-16
2.57241690363111e-16
1.178381982937558e-16
1.257398556981519e-16
1.92848420075326e-16
1.949124369391333e-16
3.367241544198261e-16
3.541447295863218e-16
2.068788711867038e-16
1.915701586798948e-16
2.488985710336777e-16
1.706481029133313e-16
1.334553130417177e-16
1.961743462605044e-16
8.848979658126673e-17
9.836742955647933e-17
6.74334529219504e-17
5.091681726310978e-19
-6.421267845997786e-17
-1.514683575798836e-16
-1.352749520009983e-16
-9.769383794257139e-17
-7.814648141113195e-17
-9.46002868922071e-17
-1.404539407566081e-17
4.954253371193268e-18
1.601718603584725e-16
3.014508284884815e-16
2.713931076019823e-16
2.374157719611889e-16
3.675507765282945e-16
2.618189790849937e-16
2.759837058511852e-16
3.264389173647731e-16
3.003443988514185e-16
1.014327413622007e-16
1.985439144161331e-16
2.264481094785359e-16
9.524352665156686e-17
-2.467605252234447e-18
6.5493724867395e-17
7.153639977751799e-17
-4.603902091801041e-17
-9.64341696152571e-17
-2.724001663509073e-16
-7.063646814464505e-16
-1.159553385190918e-15
7.20613448426406e-16
1.645445283927432e-15
9.226715836288986e-16
7.558242637890951e-16
7.247444340757834e-16
5.835225068397511e-16
5.684771312631818e-16
5.714117613954004e-16
4.626656264509626e-16
4.779672262464347e-16
4.024977982556309e-16
4.070091319479927e-16
3.683082064788553e-16
2.834350457484675e-16
2.895895046132243e-16
2.920171934280112e-16
3.857501383435119e-16
4.104331467180345e-16
3.919681395528187e-16
3.495996249924637e-16
2.48132494568841e-16
1.432269031390478e-16
1.339179970774176e-16
1.833559677313872e-16
2.139367501926451e-16
3.160403444543264e-16
3.532386305114724e-16
2.955387568544793e-16
1.842219153897502e-16
1.873864650046246e-16
2.02574798735998e-16
1.003320869590565e-16
1.436374695282879e-16
1.523245784863698e-16
5.398439037899303e-17
3.909695995288541e-17
4.928722508202329e-17
-6.43892819438553e-17
-1.785316176650383e-16
-1.024311684148801e-16
-1.22123437866265e-16
-6.558164837853945e-17
-7.763097808137338e-17
-2.346685629082741e-17
2.456159895633227e-17
1.708215487351294e-16
3.105333706684378e-16
2.528167658934927e-16
2.016012859308845e-16
3.390047736836568e-16
2.716128107808908e-16
2.602696048953588e-16
3.07043763037738e-16
3.108655235795701e-16
1.078640109053487e-16
2.142547191550206e-16
2.358814948508927e-16
1.020323781995953e-16
3.146149142224948e-18
5.045879555798186e-17
5.211454436159614e-17
2.47870834087979e-18
-5.904541272690979e-17
-2.355853431007223e-16
-7.991930519983887e-16
-1.275032226031957e-15
8.491729658907011e-16
1.782194484033066e-15
9.85158014549841e-16
7.502004826063324e-16
6.874349108828236e-16
5.414053761613771e-16
5.813742090204835e-16
5.548681411524691e-16
4.261518234755107e-16
4.886182187113014e-16
3.832428019988403e-16
3.903979284707251e-16
3.989448355774791e-16
2.955324386266587e-16
2.739280685057182e-16
2.962669491156999e-16
4.06594704966172e-16
3.74380948134406e-16
3.521547442746633e-16
3.393237829215557e-16
2.342734565961696e-16
1.600700861947321e-16
1.422578050910616e-16
2.068477038562516e-16
2.287663238086681e-16
2.794118075201575e-16
3.466172230655614e-16
3.550892866916802e-16
1.97878284850489e-16
1.492962059756387e-16
2.128927647050745e-16
9.71179873847496e-17
1.101102437756602e-16
1.52784341112346e-16
2.998017961981916e-17
3.255189187964241e-17
8.09149695171649e-17
-8.174025910911999e-17
-1.88427025696708e-16
-8.826713213727202e-17
-1.321850852503123e-16
-5.164018833216429e-17
-6.333951214872008e-17
-2.531509112844468e-17
-3.657250877151397e-18
1.980213610628075e-16
3.222516378233137e-16
2.443477326038439e-16
1.742658176516272e-16
2.902597193192822e-16
2.365472131036851e-16
2.63452765920664e-16
3.197107251743596e-16
3.115433787572556e-16
1.418724663991231e-16
2.603855794889167e-16
2.168303931278222e-16
7.564532910524708e-17
-3.340601493991435e-19
5.284285558430305e-17
4.220673419641601e-17
3.048637527126504e-17
-1.715688608828504e-17
-2.197910519526889e-16
-8.808059616711383e-16
-1.345206571164131e-15
1.002879767575034e-15
1.884671936202397e-15
9.833607835107416e-16
7.571592686035861e-16
6.963427931790492e-16
5.131025416294276e-16
5.15812397749807e-16
5.610964185142817e-16
4.357603685341424e-16
4.569074265342039e-16
3.807773014742696e-16
3.957005900744999e-16
4.227575098171471e-16
3.282085622492735e-16
2.507424181547712e-16
2.519939683464562e-16
4.000053274429842e-16
3.740521561124717e-16
3.375018566396779e-16
3.359532332836182e-16
2.161058458750892e-16
1.596876583501166e-16
1.831085924738996e-16
1.988604913745063e-16
2.353738217657282e-16
2.446167681874185e-16
3.502276047771305e-16
3.903838428773791e-16
2.117189792562692e-16
1.375976539548758e-16
2.044662555279685e-16
1.376299962701536e-16
9.723505997652175e-17
1.261251950857247e-16
1.743592841389273e-17
-6.145931966692573e-18
9.003311974744762e-17
-7.590987073999442e-17
-1.724154103898504e-16
-9.5268276803698e-17
-1.265786673186046e-16
-6.460060776754181e-17
-4.167982685746404e-17
-4.297106935077994e-17
-4.562520423360508e-17
2.455154845984231e-16
3.388882946551307e-16
2.081417438797052e-16
1.949201552503871e-16
2.424783994751301e-16
1.77212615084822e-16
3.03604295842818e-16
3.276368682002692e-16
2.934268292486341e-16
1.656416049839454e-16
3.234640933421865e-16
2.064640220141823e-16
5.140671497329901e-17
-1.662333893100892e-17
9.318066008569095e-17
3.015739462191806e-17
3.917328067243454e-17
-8.069252091221523e-18
-1.77548610365234e-16
-9.596925906131417e-16
-1.413650714981719e-15
1.124178249801268e-15
1.984289952462279e-15
9.882399884026281e-16
7.472583455510912e-16
6.938487729493924e-16
4.749696301741926e-16
4.353075752273267e-16
5.556937191601159e-16
4.489812294299723e-16
4.242638588227983e-16
3.8503729394354e-16
3.966290352316101e-16
4.612423465229023e-16
3.319382742211501e-16
2.619985819385642e-16
2.317514008902439e-16
3.794046807685319e-16
3.638427729948126e-16
3.413961617110577e-16
3.233271101975447e-16
1.90837479772015e-16
1.441148480220908e-16
2.137137144790394e-16
2.353273649478259e-16
2.385132166492595e-16
2.292444625636316e-16
3.556070802314847e-16
3.879140801684621e-16
2.374454880176057e-16
1.206427825826659e-16
1.842744288889995e-16
1.761959173954943e-16
9.483561823178072e-17
1.004073034248213e-16
2.511596316466261e-17
-1.855498040372955e-17
5.581648188859701e-17
-6.308097661386306e-17
-1.421564604071885e-16
-1.090879973765709e-16
-1.565124840226418e-16
-7.342230559676776e-17
-3.464598432896665e-17
-2.830451723671071e-17
-5.025410480062727e-17
2.749876867018014e-16
3.421049599333385e-16
1.718001412688611e-16
1.900746303456922e-16
2.427368974094683e-16
1.317868947834218e-16
3.018685342966178e-16
3.212870494202544e-16
2.677804514851773e-16
1.897294623613537e-16
3.785279486670465e-16
2.022552087917918e-16
4.885000352447186e-17
-1.182860974767561e-17
1.037640850083108e-16
6.300859804905374e-17
5.188248816868077e-17
-3.971645268935837e-17
-1.50237083992985e-16
-9.920430545912861e-16
-1.466310295542943e-15
1.217598618426481e-15
2.051953625743963e-15
9.937963571609264e-16
7.327068650965663e-16
6.787157214400501e-16
4.628254666655009e-16
4.06596119831752e-16
5.294103068735792e-16
4.577332517129852e-16
4.154527918986957e-16
3.984273440606476e-16
3.875103322609909e-16
4.664820518464721e-16
3.519668583671487e-16
2.614965122895443e-16
2.65563020361936e-16
3.614923133110131e-16
3.350471514733328e-16
3.591776663797538e-16
2.859035869954212e-16
1.533475389349173e-16
1.695029663801239e-16
2.210795664776824e-16
2.600512139760879e-16
2.702166415928126e-16
2.160159169047529e-16
3.302584392416569e-16
3.98622701388868e-16
2.381744348206108e-16
1.131653503003827e-16
1.867010988275853e-16
1.964359853635044e-16
1.37866690957779e-16
9.049229582016749e-17
2.099232873437079e-17
-8.455460999758921e-18
-1.526854364768479e-17
-7.849210695591166e-17
-1.123718180304538e-16
-1.176296259738123e-16
-1.841695714015145e-16
-7.771094930086276e-17
-4.296894867681045e-17
-3.595825380315142e-17
-1.516354022371973e-17
2.675422935357684e-16
3.082568132924444e-16
1.627891812126098e-16
2.206391957018809e-16
2.307173571955585e-16
8.977761587654273e-17
2.812771839813503e-16
3.106674084475848e-16
2.320824541437392e-16
2.366481411563057e-16
4.340360879604797e-16
2.066942177553997e-16
5.314863731417152e-17
3.079259699802535e-18
1.122810844344112e-16
5.416257300993254e-17
8.229867233661459e-17
-4.548834363083465e-17
-1.157764547941467e-16
-9.924518272188632e-16
-1.516618360573288e-15
1.300542372824518e-15
2.065734249885006e-15
9.783946717652025e-16
7.392471923633604e-16
6.585471727110316e-16
4.312651264860823e-16
4.111560360137582e-16
5.348960173292893e-16
4.415424667637213e-16
3.999845099209677e-16
4.069545711292999e-16
4.06972551124864e-16
4.630568700496237e-16
3.433355268419464e-16
2.516735842826972e-16
2.960567610050259e-16
3.582126761311164e-16
3.078387021454431e-16
3.644167246394035e-16
2.502436137964487e-16
1.219401312620169e-16
2.148944630714952e-16
2.560016444551186e-16
2.791038730761706e-16
3.020213305835943e-16
1.949638026073292e-16
3.190709492467846e-16
3.691177477689372e-16
2.457280387418293e-16
1.287762027575662e-16
1.84458963131127e-16
1.991450291824781e-16
1.418262171830995e-16
6.828775359114208e-17
4.801036046650385e-17
6.016034269208991e-18
-5.383278413629986e-17
-8.60270634798012e-17
-1.371006134403562e-16
-1.479415351592264e-16
-1.563061083829305e-16
-6.747005072806917e-17
-6.382094702008273e-17
-4.884423691239092e-18
-2.683974311625144e-17
2.129531003168868e-16
2.741059273906784e-16
1.793490077510704e-16
2.255660377342918e-16
2.250046863325903e-16
7.227666130286016e-17
2.760740966796023e-16
2.445905794878927e-16
2.236613161748613e-16
2.755126707448968e-16
4.394469145528976e-16
2.457292964070875e-16
8.386525507403374e-17
1.137782628991345e-17
1.398744128960936e-16
4.717295725150987e-17
1.047727764682768e-16
-5.136416517423439e-17
-9.257502760323022e-17
-9.822719467070208e-16
-1.496455267868256e-15
1.344847729312025e-15
2.066613459876665e-15
9.430044950164421e-16
7.419093100531998e-16
6.692187307599047e-16
4.258345873698261e-16
4.30671071600512e-16
5.418783375484614e-16
4.194023068021086e-16
3.954395505532484e-16
3.864587006110152e-16
4.092657574263939e-16
4.703443075835116e-16
3.548583211151925e-16
2.50538142481253e-16
2.793211300215929e-16
3.456383611865475e-16
3.139812648817479e-16
3.596793287974791e-16
2.077317368254598e-16
1.27275010770478e-16
2.692587742534911e-16
2.716385413686963e-16
2.804772523354309e-16
3.319842868807891e-16
1.9043536898209e-16
2.888498435813313e-16
3.462306440378034e-16
2.527667458920316e-16
1.358011651747064e-16
1.783074970458724e-16
2.31954913646347e-16
1.348337281463733e-16
2.151449177101027e-17
7.580347213751381e-17
3.785398656566556e-17
-9.597311561289329e-17
-9.976387814729485e-17
-1.734902370633474e-16
-1.883523039680294e-16
-1.0795134443082e-16
-5.725975239041989e-17
-7.525560547267046e-17
-8.432711878204428e-18
-5.257064232797896e-17
1.70571013957915e-16
2.51261325005403e-16
1.670053338775592e-16
2.176687561613866e-16
1.996908150411292e-16
5.980992802195336e-17
2.913421094279764e-16
2.315882017580069e-16
2.105425474934007e-16
3.053084566647974e-16
4.745208772300579e-16
2.330354021946249e-16
8.644745726076922e-17
3.318959186691763e-17
1.664070380090402e-16
6.248975982984214e-17
1.35637345708486e-16
-2.989730774870656e-17
-9.205294498901055e-17
-9.74966144550359e-16
-1.450683318834572e-15
1.31559859826685e-15
1.969886759504858e-15
9.586655906019761e-16
7.570479984757104e-16
6.403475154423983e-16
4.521031345107375e-16
4.837237737317193e-16
5.310781486713961e-16
4.128288527544283e-16
4.015617275572617e-16
3.626004502812219e-16
4.018359769420895e-16
5.251726331734649e-16
3.401023019017509e-16
2.491068145808522e-16
2.888473439138103e-16
3.418389797529115e-16
3.254216995847706e-16
3.247861249178519e-16
1.714933271657188e-16
1.486781376135745e-16
3.116342809582378e-16
2.678683007789081e-16
2.377924324541081e-16
3.239994410969528e-16
2.01573457695739e-16
3.034203551703273e-16
3.237750656432982e-16
2.404183561322981e-16
2.063156189790263e-16
1.591338075376645e-16
2.330820161659677e-16
1.250776114059886e-16
4.507322561092726e-17
4.964432977903302e-17
2.417491141934239e-17
-1.254893627066118e-16
-1.30446402958276e-16
-1.811383686954568e-16
-2.167445416230981e-16
-1.160497299590143e-16
-5.245920498356555e-17
-6.290732247789526e-17
-2.720487838579841e-17
-8.636375908244642e-17
1.439182750239511e-16
2.424741102332857e-16
1.361650681313669e-16
2.243736669987062e-16
1.739258924426627e-16
7.279795504010837e-17
3.04305752692696e-16
2.36194170377376e-16
1.689309932634816e-16
3.316067957712933e-16
4.662919666200013e-16
2.049136262618551e-16
1.303147938502196e-16
7.946579030477883e-17
1.85739915821245e-16
7.934115146520593e-17
1.833771940219745e-16
-1.93314335821534e-17
-9.939592698068109e-17
-9.202322011701895e-16
-1.363246708947034e-15
1.254806977257114e-15
1.889840243334263e-15
9.740923747010219e-16
7.485053409462652e-16
6.455076759111185e-16
4.778413352596406e-16
5.081287395022302e-16
5.322555712195399e-16
4.168094467205265e-16
4.006936489128379e-16
3.274623518594108e-16
4.164327302297631e-16
5.621964641211619e-16
3.356949664424674e-16
2.494527335575977e-16
2.765938778930778e-16
3.530529074905684e-16
3.17202229263949e-16
2.596751276382843e-16
1.665768419712484e-16
1.92002279174544e-16
2.865901997652977e-16
2.668791494291987e-16
2.268053967792276e-16
3.039306868916927e-16
2.109059945075702e-16
3.094730414922315e-16
3.013437683260868e-16
2.419670086585265e-16
2.132791771148513e-16
1.805653770293008e-16
2.022092483692891e-16
1.361831406126208e-16
6.683426329553444e-17
1.897928010454431e-17
-1.04308465250049e-17
-1.438991610211407e-16
-1.610370978881795e-16
-1.706882601775814e-16
-2.067125581496903e-16
-1.72057704198547e-16
-6.465665372995089e-17
-3.763221342576952e-17
-2.599741416241868e-17
-9.531815654003894e-17
1.00595147875466e-16
2.388918432514787e-16
1.096238081727375e-16
2.179979075198634e-16
1.807069580013721e-16
3.62896190196219e-17
2.842923206357832e-16
2.438956228416941e-16
1.677757191621883e-16
3.38865039255596e-16
4.578954528783219e-16
1.888429980476372e-16
1.580259177336186e-16
1.274630747088919e-16
2.068864617071505e-16
8.913397568357591e-17
1.869687208750926e-16
8.619413953043688e-18
-5.612226356810926e-17
-8.272234871392994e-16
-1.234702659086837e-15
1.17937030585888e-15
1.805303395359877e-15
1.00984923816616e-15
7.519246475069419e-16
6.274399585459857e-16
5.096707516197396e-16
5.299395111624023e-16
5.259201413581452e-16
3.919635101274085e-16
4.219026707169812e-16
3.323189547389636e-16
3.914336217748515e-16
5.498391581249297e-16
3.415651567645841e-16
2.300206246237507e-16
3.019420244757843e-16
3.561600146033023e-16
2.98300920713186e-16
2.180182095346561e-16
1.634547678597005e-16
2.014517934462871e-16
2.88643913747966e-16
2.553097180361448e-16
2.058678688925196e-16
2.952836126157767e-16
2.374582050129732e-16
2.864432299104241e-16
2.963093446179008e-16
2.379195023432567e-16
1.998501331806308e-16
1.370806132969962e-16
2.11705479896404e-16
1.540277046883719e-16
1.190488679556896e-16
-1.346453844525733e-17
-6.608247868331328e-17
-1.371861288585664e-16
-1.925139424123133e-16
-1.62698228029102e-16
-2.156249395246598e-16
-2.207659535626815e-16
-9.193663319831839e-17
-4.080284606794583e-17
-2.202786024447726e-17
-8.830145353699058e-17
7.493284265681381e-17
2.570713009298085e-16
9.229458645050838e-17
1.829659983619691e-16
2.15415854685863e-16
1.019094195387803e-17
2.717246368566666e-16
2.486223146518826e-16
1.539277429798362e-16
3.500510057281393e-16
4.476094347186939e-16
1.800755996202888e-16
1.797164897524056e-16
1.600782567448423e-16
2.189245069489919e-16
1.434049166406015e-16
2.007468807574861e-16
-9.515070919384504e-18
1.084192717423914e-17
-6.75674172570392e-16
-1.083556745288565e-15
1.084873655204161e-15
1.726716523738084e-15
1.053496292345506e-15
7.766444830879479e-16
6.172835837555445e-16
5.510998748166787e-16
5.211220630606954e-16
4.917018171593543e-16
3.657129028117619e-16
4.423959389717231e-16
3.250428931736779e-16
3.920954674969274e-16
5.012970824504273e-16
3.226491463611255e-16
2.10133827858634e-16
2.858200765396192e-16
3.909023123362699e-16
2.39413241557025e-16
1.9920651013502e-16
1.876380468219674e-16
1.951096935765501e-16
2.83112716265958e-16
2.119328195092459e-16
1.934498446137375e-16
3.110013717165111e-16
2.618385182609349e-16
2.594096080443822e-16
2.424816100311195e-16
2.350853371791144e-16
1.828744578602803e-16
1.431811880755602e-16
2.020282021506065e-16
1.663246828900131e-16
1.537829712227851e-16
-2.020553027245239e-17
-1.213326754818059e-16
-1.314606151473115e-16
-1.73329521464997e-16
-1.289372454850618e-16
-2.155408073377781e-16
-2.845896824482498e-16
-1.540666679920101e-16
-4.85344216103827e-17
-2.152581872003124e-17
-7.232807288211859e-17
6.563937119565282e-17
2.34567805174849e-16
1.135555958456003e-16
1.503481355269872e-16
1.73773147670138e-16
1.978512911550947e-17
2.791068074226074e-16
2.538194491809933e-16
1.293831203398533e-16
3.152529922726687e-16
4.497304960428983e-16
2.311677585743555e-16
2.121217020975576e-16
1.665194671591572e-16
2.39113436723965e-16
1.354947362615529e-16
1.786226874931275e-16
3.475754161483488e-17
1.193773544314168e-16
-5.311714890992416e-16
-9.239453838646085e-16
9.744573525247317e-16
1.601824180267814e-15
1.040099994967708e-15
7.718269257923182e-16
6.438014590909255e-16
5.64801181522306e-16
4.802958684497536e-16
4.727239699307355e-16
3.626780532106595e-16
4.282087413870463e-16
3.073294720697296e-16
4.013653572861326e-16
4.985645871228158e-16
2.911013807864307e-16
2.038391562710684e-16
2.709420087114161e-16
3.734073497391101e-16
2.044367594578146e-16
1.559617047464364e-16
1.912414746346935e-16
2.353360450160714e-16
2.708805937697834e-16
1.76178904292806e-16
1.936926146166293e-16
3.06890737974472e-16
2.789930669185038e-16
2.189737082421915e-16
2.129049906656696e-16
2.459287475520974e-16
1.755874722244013e-16
1.518735335521291e-16
1.620395521090497e-16
1.71067056369202e-16
1.966225784791597e-16
2.579841435643538e-18
-1.252515053164147e-16
-1.446056346999478e-16
-1.879834323326334e-16
-1.163764957502275e-16
-2.122952293254568e-16
-3.135956462031212e-16
-1.757778248634836e-16
-4.311892072504368e-17
-5.69281482229482e-17
-3.180120701664049e-17
3.749923318353339e-17
2.426185864662547e-16
1.317116351806401e-16
7.760560769078955e-17
1.20035307139467e-16
5.855172207145678e-17
2.724984095581534e-16
2.398880697722946e-16
1.205664396818453e-16
2.967622613243311e-16
4.422079442597732e-16
2.98363245574577e-16
2.250394343821521e-16
1.645250374129738e-16
2.484440601934413e-16
1.504004556856525e-16
1.847095433776127e-16
9.72657074556074e-17
1.972552217825701e-16
-3.495231736913217e-16
-6.727265623904616e-16
8.352357434996703e-16
1.391049610403123e-15
9.859787731390206e-16
7.404702514323186e-16
6.242023388745555e-16
5.976878906634984e-16
4.410046452765051e-16
4.163324472241076e-16
3.5340143004193e-16
4.080598893526864e-16
3.333896837147096e-16
4.139984048711399e-16
4.656216801973061e-16
2.745378131720014e-16
2.360758658189525e-16
2.714026773093049e-16
3.456897286253448e-16
1.784879488364782e-16
1.413930963484357e-16
1.668822396716518e-16
2.441306933145838e-16
2.927306489953754e-16
1.4122277285048e-16
1.704109776619085e-16
3.378700732266604e-16
2.758121965665698e-16
1.95683718201758e-16
2.093981809465796e-16
2.709068222716287e-16
1.352953305182288e-16
1.201072060902388e-16
1.648506470556163e-16
1.902360932037308e-16
2.140085221114419e-16
-2.278595171066956e-18
-9.704757894589274e-17
-1.336387304711756e-16
-1.586083204034627e-16
-1.286507026912604e-16
-2.403142455246736e-16
-3.295085387273751e-16
-1.612924149802726e-16
-5.641443265632944e-17
-6.925620145844659e-17
-1.402811189690876e-17
4.759339376624825e-17
2.060949044513566e-16
1.50057286758694e-16
4.899518359999678e-17
8.839343274696631e-17
8.004578254654475e-17
2.498744872068245e-16
2.224082084798942e-16
1.37778015647671e-16
2.435371411518328e-16
4.083624587281718e-16
3.705163813453468e-16
2.687051557100469e-16
1.831771395645431e-16
2.40151536909102e-16
1.662887849255886e-16
1.971942509241916e-16
1.365453737795749e-16
2.661280757148435e-16
-1.234540334567266e-16
-3.55099493298537e-16
5.544081683785991e-16
1.183540544210676e-15
9.542341395465286e-16
7.454712311336097e-16
6.709089120131725e-16
6.364442805271632e-16
4.233673147085854e-16
4.032499857452728e-16
3.851074198307998e-16
4.21071558715413e-16
3.437551618291688e-16
4.097390181088418e-16
4.585707476171796e-16
3.096125882788392e-16
2.540669113292141e-16
2.809328806095195e-16
3.16242017689102e-16
1.78981622737602e-16
1.259236653113316e-16
1.756504979686608e-16
2.626770789722036e-16
2.583041713926561e-16
1.49932507916757e-16
1.755429036399158e-16
3.1955322394998e-16
2.730321739348082e-16
2.334771583382558e-16
2.068413656773402e-16
2.564269157518362e-16
1.323155280735102e-16
1.092071925910072e-16
1.901825606562385e-16
2.217240274310785e-16
1.782350072537189e-16
2.479256586503192e-18
-7.516853482287528e-17
-1.108802291774733e-16
-1.597823854037634e-16
-1.47484822137377e-16
-2.563676213013055e-16
-3.081927699856209e-16
-1.711732035944256e-16
-2.091913644492721e-17
-7.66745274740769e-17
-2.777922135054278e-17
4.771019180229291e-17
1.813999255411364e-16
1.232909719266383e-16
3.987339989143851e-17
1.072926704288567e-16
8.403316040714773e-17
2.010229006886325e-16
2.199847016674859e-16
1.855597338239999e-16
2.260945569099893e-16
3.787000120444153e-16
3.605807128325549e-16
3.18709912536616e-16
2.367255960065094e-16
2.574011483718445e-16
1.702657798180858e-16
1.98376480025921e-16
1.477519642175983e-16
2.81077668428992e-16
4.725776732474364e-17
-1.958007380468363e-16
3.216819305046052e-16
8.749808142276397e-16
8.522856186132781e-16
7.044576020289853e-16
6.679708654484428e-16
6.308631079722411e-16
4.205177854581103e-16
4.215929980451894e-16
4.3194076624116e-16
4.181278055702116e-16
3.519467577125653e-16
3.943795927785717e-16
4.681827852935016e-16
3.750742771725706e-16
3.010323401911443e-16
2.375017613570223e-16
2.946539935292161e-16
1.793215187559695e-16
1.363284962831688e-16
1.794281378354908e-16
2.833003384702191e-16
2.635665706792928e-16
1.795247498719632e-16
1.968734482616953e-16
2.817882179905244e-16
2.82613423043627e-16
2.29046203735411e-16
1.994716555549064e-16
2.519422980101341e-16
1.465776307146851e-16
1.25601178497171e-16
2.011655248068361e-16
2.525798795610655e-16
1.625705773736962e-16
-1.339643385084255e-17
-7.622038560957503e-17
-1.208038389818624e-16
-1.752422253070916e-16
-1.470460556383923e-16
-2.526475109727602e-16
-2.615848667265694e-16
-1.669225901526943e-16
4.550596466215371e-18
-6.295945192577219e-17
-1.333844260907626e-17
7.53709045949156e-18
1.490578975259926e-16
1.12077580712475e-16
3.921557532559012e-17
9.141911858737337e-17
9.185292800540025e-17
1.953259581170818e-16
1.932443935527952e-16
2.303171960178445e-16
2.435658285049147e-16
3.47097598212338e-16
3.558728233010321e-16
3.339528383762117e-16
2.703787018097454e-16
2.647313139037867e-16
1.925775008290736e-16
2.049533690214796e-16
1.705615616777088e-16
3.182662330718248e-16
2.077686565699189e-16
5.430370569285016e-17
1.290773482247593e-16
5.516164271717179e-16
7.551640864203939e-16
6.551211610957569e-16
6.191960841134536e-16
6.260836970718251e-16
4.22939840447528e-16
3.848413884732697e-16
4.296136304179043e-16
4.174218842292622e-16
3.96248495568101e-16
4.082514305431628e-16
4.559060378934474e-16
3.724340765227277e-16
3.209880955378154e-16
2.502112163035226e-16
3.001889001086401e-16
1.833312058949561e-16
1.304642379956812e-16
1.723936847658156e-16
3.070033708090424e-16
2.448690735063231e-16
1.964441617390957e-16
2.362023954150595e-16
2.549750442634335e-16
2.864059176357769e-16
2.571580043351033e-16
1.994904095604241e-16
2.428048862966896e-16
1.587985571738734e-16
1.201553212404487e-16
1.957344468589849e-16
2.693403796215898e-16
1.559848334941302e-16
1.277637490355657e-18
-8.711366446242696e-17
-1.251137026580524e-16
-1.76801132315343e-16
-1.810970919992324e-16
-2.348726133148463e-16
-2.046573233882748e-16
-1.697835460302551e-16
6.019628569442757e-18
-1.954463700400735e-17
-1.149480408732189e-17
-1.748454208816968e-17
1.492722074582751e-16
7.725365481456057e-17
3.881620023289792e-17
7.209618130879615e-17
9.957904426829535e-17
1.910108718149703e-16
1.975269753125242e-16
2.382459107932096e-16
2.583376924068807e-16
3.315093047039132e-16
3.71995632822456e-16
3.362773018355002e-16
3.279930993342614e-16
2.769294066431931e-16
1.969980582258448e-16
2.153303625316037e-16
1.855535888520092e-16
3.663077132772013e-16
4.118618840780161e-16
3.527356091079928e-16
-2.008775170297966e-17
2.639853995965337e-16
6.614241465654786e-16
6.567732230500341e-16
5.6224505638186e-16
5.666870875681228e-16
3.816517665973075e-16
3.511669884060454e-16
4.284793252450013e-16
3.98337521163909e-16
4.216567638679598e-16
4.318820118299113e-16
4.454841274449664e-16
3.875373133210925e-16
3.216349971921823e-16
2.627800914319197e-16
3.186963315272547e-16
1.96097275240258e-16
1.023132396610123e-16
1.674557700113792e-16
2.970953980981398e-16
2.379095956591827e-16
1.88123570320282e-16
2.870545626308713e-16
2.574101503878265e-16
2.832112744129678e-16
2.661739157145541e-16
2.236244105903062e-16
2.299664749953024e-16
1.369234411891158e-16
1.200652519774221e-16
1.993667476545826e-16
2.745029631428094e-16
1.608136182372932e-16
-8.991991479158249e-18
-1.027010857454805e-16
-1.327857904803356e-16
-1.73228712799914e-16
-1.85728453918928e-16
-2.052505168648458e-16
-1.924943335308513e-16
-1.792770703783566e-16
1.944055025846293e-17
1.389605150311051e-17
1.866051909757349e-18
-1.558729371434316e-17
1.133699585707398e-16
5.872833307104995e-17
5.810139260253103e-17
6.616918464287695e-17
1.094201092525317e-16
1.857644947819521e-16
2.046115605078724e-16
2.389405287069532e-16
2.889349430004284e-16
3.19213042734543e-16
3.852387622363156e-16
3.375620179742877e-16
3.818534181832729e-16
3.042878639025282e-16
2.072384884683454e-16
2.023066223443923e-16
2.216488623039409e-16
3.946543250278209e-16
5.820626689671491e-16
6.392083123003278e-16
-1.834331597037061e-16
-1.304925105356882e-17
6.006153694014841e-16
6.306829152340953e-16
5.501423338499062e-16
5.181259717873507e-16
3.124434240412333e-16
3.448905254640177e-16
4.085886777644662e-16
3.657462181763018e-16
4.352766058948932e-16
4.368955737098876e-16
4.467135169507667e-16
3.897882660870227e-16
3.424571595496879e-16
2.8032510553168e-16
3.016279776358103e-16
2.391481077643577e-16
1.008090593718097e-16
1.409084290307684e-16
2.770778728244806e-16
2.18391058958033e-16
2.16843793052442e-16
2.904549155007576e-16
2.662793199861639e-16
2.843212171821681e-16
2.779523724471668e-16
2.331843397105032e-16
1.856104114597369e-16
1.506360925305522e-16
1.351410423876965e-16
2.156731841226644e-16
2.615679635458076e-16
1.442685373741583e-16
1.288319997126243e-17
-1.088040708171542e-16
-1.428489439315808e-16
-1.686425153660654e-16
-1.821408206857146e-16
-2.244575259239862e-16
-1.594082788265337e-16
-1.877548251894993e-16
4.012664669322711e-17
5.296291994449114e-17
-6.757853851472265e-18
-2.10779903195949e-17
1.086007264526971e-16
2.068663092565031e-17
4.766621705557007e-17
9.44431222424939e-17
1.42808272852081e-16
1.726963330364092e-16
1.952105362923846e-16
2.336767771201555e-16
3.497098216929092e-16
3.33011145427901e-16
3.770469692069092e-16
3.680181498152581e-16
4.361183443237503e-16
3.018666144174916e-16
2.490450708785425e-16
2.123677731563253e-16
2.499180416148818e-16
4.324006532990095e-16
7.530752270641492e-16
9.169728050541512e-16
-3.180855353860511e-16
-2.586803570001608e-16
5.507189122756986e-16
6.455539507297041e-16
5.021343126837551e-16
4.713030852767706e-16
2.868763908366573e-16
3.510478550858097e-16
3.6978531924846e-16
3.184475763806091e-16
4.37822479386262e-16
4.501157860098962e-16
4.523426924479319e-16
4.223043566777162e-16
3.491794141712489e-16
2.615004040709649e-16
3.14144837473468e-16
2.543448032372944e-16
1.169546257632712e-16
1.3317727905084e-16
2.62359988160629e-16
1.997805681439089e-16
2.181680956168327e-16
2.831115707539768e-16
2.569636442464017e-16
2.804743996019206e-16
2.756661311996697e-16
2.321443708291009e-16
1.819558961480434e-16
1.859973674092336e-16
1.32555700981192e-16
1.975467170859908e-16
2.659939183766401e-16
1.452491517221202e-16
1.421959643248625e-17
-1.182867218739397e-16
-1.522220915692523e-16
-1.287575297451527e-16
-2.083391298076772e-16
-2.327438502492422e-16
-1.655393023032518e-16
-2.081538356729396e-16
8.392446891638132e-17
8.022628632782719e-17
-1.679350782011449e-17
6.672362034032423e-20
6.518149983508444e-17
-4.046383575511368e-17
6.403943033773997e-17
1.250065335278753e-16
1.515345287305971e-16
1.821009027280658e-16
1.913519579746506e-16
2.490657350567919e-16
4.070023807289852e-16
3.386331284633043e-16
3.75465700183032e-16
3.818370575051653e-16
4.461630367366783e-16
3.43642132916122e-16
2.802730904899258e-16
2.008818230812687e-16
2.854469676533586e-16
4.542310361863211e-16
8.958945247974541e-16
1.185920633041186e-15
-4.463524202540259e-16
-4.780346879829822e-16
4.954283036578789e-16
6.742012933827799e-16
4.941189720746115e-16
4.349791967731587e-16
2.780908903797207e-16
3.487527822100484e-16
3.256858560796407e-16
2.774279103961762e-16
4.10742869818048e-16
4.782517293756607e-16
4.535419690146051e-16
4.374503502649727e-16
3.8488544838856e-16
2.455809495748649e-16
2.942742328503631e-16
2.493794647935534e-16
1.463823707777142e-16
1.30854004409986e-16
2.290493568038778e-16
1.86262971258428e-16
2.465371125428363e-16
2.473882848965068e-16
2.523235124773974e-16
3.102749507877994e-16
2.944305264845069e-16
2.16949899000291e-16
1.514519501596374e-16
2.188225273467443e-16
1.052798070508774e-16
2.104767651880107e-16
2.62137781610145e-16
1.234121742628894e-16
4.415430410884315e-17
-1.018616517141605e-16
-1.429181821784754e-16
-1.573709097753004e-16
-2.380146768630925e-16
-2.581887642712152e-16
-1.456365611704623e-16
-2.114790919245215e-16
8.62482945688628e-17
8.56057088224505e-17
-1.430734845242331e-17
1.177859198735721e-17
5.094272063759818e-17
-5.691874953567107e-17
7.617549208571813e-17
1.293398271583148e-16
1.584816039946013e-16
1.932292365848936e-16
2.010191532543412e-16
2.688447206882959e-16
4.314510464365043e-16
3.405836985423302e-16
3.84548223916818e-16
4.201687241237779e-16
4.786780811378923e-16
3.468101219680785e-16
3.017701822723677e-16
1.935603167589455e-16
3.227914454647566e-16
4.917886182685899e-16
1.035751999642985e-15
1.442173287959302e-15
-5.448934532542139e-16
-6.680965438677333e-16
4.542376296078636e-16
6.500908112688929e-16
4.732061791051037e-16
3.957868436783526e-16
3.038034645273378e-16
3.742413240921029e-16
3.092145573215963e-16
2.562532516859403e-16
3.953718002568868e-16
4.715777441280488e-16
4.535431321588577e-16
4.615456345346785e-16
3.867225510911955e-16
2.404719182570573e-16
2.873959199329401e-16
2.239574002823423e-16
1.596655348648969e-16
1.325985287312706e-16
1.89411887005707e-16
1.773186576988073e-16
2.932240651820434e-16
2.49642699915482e-16
2.406997266232029e-16
3.334089921111141e-16
2.817480518516749e-16
1.909739086986831e-16
1.488340847833992e-16
2.037297275979576e-16
1.212711703354203e-16
2.096851043850271e-16
2.515252746925123e-16
1.258916752954522e-16
6.277317231787623e-17
-6.001940644216974e-17
-1.482441267519107e-16
-2.001764297068237e-16
-2.649747329775061e-16
-2.64222910684164e-16
-1.437714441651588e-16
-1.92073169216762e-16
5.22039910670447e-17
6.292936996287377e-17
-3.604076341245524e-18
3.585705055615379e-17
2.202548983261371e-17
-4.332274531422823e-17
9.665707596766791e-17
1.213596194082861e-16
1.665679393172819e-16
2.116621178082873e-16
2.603540648405213e-16
2.425580452763255e-16
4.21303762000211e-16
3.186279017492462e-16
4.204278318040407e-16
4.262543010277764e-16
5.243784159684546e-16
3.645004803403516e-16
3.231503422451983e-16
2.240416389652106e-16
3.623073913142663e-16
5.069994628466145e-16
1.1287691641362e-15
1.669467931037043e-15
-6.401209799138653e-16
-8.448684654919579e-16
4.144218671177036e-16
6.423100894451755e-16
4.29383356389427e-16
3.609345716712479e-16
3.108754281889287e-16
3.933994393038408e-16
2.730880435765659e-16
2.957663477488395e-16
4.152454436011903e-16
4.654087239316359e-16
4.670932590627154e-16
4.566747067113007e-16
3.914614136432504e-16
2.606179000887815e-16
2.79225479508011e-16
1.922042021103523e-16
1.505215522083026e-16
1.3697718490039e-16
1.778984073649774e-16
1.873690202046334e-16
2.992541118265854e-16
2.437558057896972e-16
2.411226545988785e-16
3.431171614012041e-16
2.705810081959864e-16
1.527536880940102e-16
1.464267892630017e-16
1.895003767120776e-16
1.235491182531144e-16
2.139469615173509e-16
2.629544963002094e-16
1.375510197005791e-16
6.728923636954543e-17
-4.171642209673374e-17
-1.718425104662617e-16
-2.130920480763106e-16
-2.624087178948626e-16
-2.879648521140178e-16
-1.373878535224775e-16
-1.917640764277494e-16
2.151677682785113e-17
5.039261007209918e-17
3.415039159803769e-18
3.015856888482907e-17
3.606618433160751e-17
-3.897465928132422e-17
9.038450222725344e-17
1.083884047661686e-16
1.798468686790293e-16
2.458217800664927e-16
2.893162771008605e-16
2.178109864520635e-16
3.857644705755004e-16
3.3427107364324e-16
4.709372535629832e-16
4.122888456975878e-16
5.561642266746954e-16
3.841853328708075e-16
3.382616692567497e-16
2.385775506601268e-16
3.914368115956272e-16
5.338561440373943e-16
1.226982099357846e-15
1.902888819475295e-15
-6.876630580132826e-16
-9.996099630585424e-16
3.573927886309745e-16
6.18772945964761e-16
4.100485908161834e-16
3.622691348980302e-16
3.387071277471843e-16
3.733265378514388e-16
2.478244873091777e-16
3.056471020597796e-16
4.270027534055771e-16
4.830122865897907e-16
4.513543034904767e-16
4.531226550490175e-16
3.937161003603898e-16
2.512191225732456e-16
2.757308990192772e-16
2.057780303956315e-16
1.295486827229483e-16
1.349529081450143e-16
1.938463527424134e-16
2.03997344771118e-16
3.192090042850534e-16
2.179942027551654e-16
2.357998893315348e-16
3.330182801903136e-16
2.537451255387998e-16
1.063315932453626e-16
1.276144942307343e-16
1.965941196999238e-16
1.285980975591238e-16
2.193103879557152e-16
2.740847763004811e-16
1.223084167788876e-16
1.071819871706164e-16
-2.326870912527226e-17
-1.912215214006193e-16
-2.25490387656549e-16
-2.452087883254176e-16
-3.212535591084118e-16
-1.59841042835468e-16
-1.963661791471115e-16
8.178983124053739e-18
3.101319774555572e-17
2.474631815753046e-17
2.513094531553712e-17
5.647407787247013e-17
-1.730165891755401e-17
6.115553490346219e-17
8.127249872990561e-17
1.800288818065583e-16
2.601324479900025e-16
2.989312902963401e-16
2.197608176080052e-16
3.945379489613261e-16
3.045768915905364e-16
5.041512725988388e-16
4.393190160257559e-16
5.618727627523981e-16
3.662221427618473e-16
3.890667742325605e-16
2.780195368831386e-16
3.942294730926401e-16
5.391506657502396e-16
1.317943581658466e-15
2.113986204152407e-15
-7.149952294118787e-16
-1.136866071599548e-15
2.808334464881508e-16
5.927001791347254e-16
4.13279497977464e-16
3.820013502870812e-16
3.585929189957878e-16
3.692131708444007e-16
2.291056196251774e-16
3.266565178695516e-16
4.317177162971657e-16
4.723178174185442e-16
4.532205360790959e-16
4.536748039510773e-16
3.939128880089971e-16
2.737978637608059e-16
2.687770170015449e-16
1.889715622359398e-16
1.214361664691482e-16
1.519640263430819e-16
1.964906266851214e-16
2.100917890442539e-16
3.27182046673845e-16
2.290007928094821e-16
2.394505119334884e-16
3.312340797175168e-16
2.023584047667196e-16
8.555403936286266e-17
1.184441405551171e-16
1.829414016376166e-16
1.295990540723228e-16
2.493868946630668e-16
2.700735373305904e-16
1.492702925108177e-16
1.062709068232584e-16
-1.757096341140321e-17
-1.844771503975673e-16
-2.426258472753378e-16
-2.657114517287666e-16
-3.038309218234739e-16
-1.755126639526459e-16
-2.001836123382035e-16
-2.211031679432879e-17
-8.877570537708155e-18
4.500065862161498e-17
2.577908774250296e-17
5.208351315111409e-17
1.626142322622107e-17
6.644870757229675e-17
5.019897757511354e-17
1.811348492244998e-16
2.618271247682257e-16
2.882994442697736e-16
2.348921821782927e-16
3.691387977047968e-16
2.920472074114283e-16
5.489586841247363e-16
4.56584308153874e-16
5.9308462341812e-16
3.816667628159584e-16
4.140660355231049e-16
3.055668925528443e-16
3.856751689804731e-16
5.415566394027607e-16
1.399428380715598e-15
2.267043927102481e-15
-7.029167852707325e-16
-1.212686000471085e-15
2.146459092272654e-16
5.700311216735998e-16
4.165442989847271e-16
3.841792152795831e-16
3.881541130517456e-16
3.684864399051461e-16
2.313274073924833e-16
3.24128844209376e-16
4.38590863842701e-16
4.589947079469665e-16
4.579242538629245e-16
4.483151325566029e-16
3.779044334824164e-16
2.925156727637224e-16
2.848478484961291e-16
1.528698246733203e-16
1.291926211605237e-16
1.400997508705176e-16
2.112004186238983e-16
2.392479634318815e-16
3.335978031422196e-16
2.034761689726926e-16
2.618005671816497e-16
3.288186702788359e-16
1.713540099559414e-16
4.031220152893851e-17
1.343559453535335e-16
1.79243836771536e-16
1.083590117069022e-16
2.816732479951518e-16
2.961527285962158e-16
1.281867043986643e-16
1.10494478356579e-16
5.772580508570611e-19
-1.85072915088843e-16
-2.577437931274753e-16
-2.612748734911095e-16
-2.849985471580601e-16
-1.835405500831699e-16
-2.256335379408443e-16
-3.324052584555291e-17
-6.210800385905093e-17
6.659742183026987e-17
4.5079689769474e-17
6.209326918527978e-17
1.789516098963136e-17
5.704440805119674e-17
4.789891108146351e-17
2.059210789261317e-16
2.451621795146629e-16
2.675584960384802e-16
2.334080601217311e-16
3.5478027058719e-16
3.011739213926791e-16
5.794777692870729e-16
4.48098131691841e-16
6.201252021971064e-16
3.757625320595029e-16
4.625316909432356e-16
3.414525671662168e-16
3.851146397038441e-16
5.263640865560109e-16
1.419605443320546e-15
2.378135599236784e-15
-7.328632055862631e-16
-1.168927642713274e-15
2.011322523516559e-16
5.270312100465375e-16
4.327587549202173e-16
3.698735817058721e-16
3.914364681491343e-16
3.972996706189523e-16
2.353665621913178e-16
3.374878549322751e-16
4.424485600727906e-16
4.20725479519995e-16
4.814977281643235e-16
4.362627824728721e-16
3.803021590538325e-16
3.182293765855965e-16
2.973970401434215e-16
1.448759039313578e-16
1.093501253262968e-16
1.289617360629274e-16
2.151824692366385e-16
2.453353684884915e-16
3.448935593054616e-16
2.140058581865658e-16
2.917487215983679e-16
2.847031148075892e-16
1.583149610263198e-16
2.085955271457643e-17
1.515189418364976e-16
1.755768778282072e-16
9.548518778549053e-17
2.958157008989236e-16
2.921153777138875e-16
1.211678682791436e-16
1.156109333042986e-16
8.34860647916018e-18
-1.867729436466517e-16
-2.82861608984572e-16
-2.322998955954339e-16
-2.6672259170927e-16
-1.674180860928924e-16
-2.617537854081e-16
-5.299340655945507e-17
-5.17134384272491e-17
3.676998653713284e-17
6.171409861305318e-17
6.026530241161346e-17
2.157510140819472e-17
7.17928244708956e-17
7.388529946157261e-17
1.883956532412827e-16
1.942327642955134e-16
2.70618168507984e-16
2.449361499489797e-16
3.648033650931551e-16
3.037221294451908e-16
6.03084265551861e-16
4.53350500141398e-16
6.341012842377994e-16
3.770751489651207e-16
4.968850558395891e-16
3.424980358357858e-16
4.012861311607699e-16
5.064624522597029e-16
1.442778520996303e-15
2.368833612190354e-15
-7.903315176713454e-16
-1.052011768403371e-15
2.126626731196638e-16
4.907778981882942e-16
4.3925837319996e-16
3.635307094239161e-16
3.935866762008917e-16
4.418298728309202e-16
2.122643489267108e-16
3.697881239189047e-16
4.643722727799304e-16
4.149200445919621e-16
4.572958523111214e-16
4.36365046289515e-16
3.879303855089483e-16
3.341894872051117e-16
3.131390404582149e-16
1.165364421932006e-16
8.691641254596152e-17
1.34007733061514e-16
2.387134669204218e-16
2.33938806804558e-16
3.272499353201381e-16
2.629063608559041e-16
3.256726830912236e-16
2.237046330604344e-16
1.063681969023468e-16
4.772768111900982e-17
1.533945478122997e-16
1.580102811882257e-16
6.284203499237543e-17
3.176897932881251e-16
3.187886407259838e-16
1.12774436125733e-16
1.173715584202831e-16
2.03180674433241e-17
-1.976520462125876e-16
-2.640999732964305e-16
-2.28100368353653e-16
-2.353929864794524e-16
-1.875808105025022e-16
-2.735178947910309e-16
-5.328749905642817e-17
-6.801505226448232e-17
3.317028185495828e-17
5.708775192790463e-17
6.929886909979164e-17
2.010922735037436e-17
7.537678541367966e-17
7.112504244717727e-17
1.763858803888869e-16
2.022094098365459e-16
2.631192960442003e-16
2.296294527938654e-16
3.600197570306823e-16
3.141988687261869e-16
6.088651484431181e-16
4.62929160528715e-16
6.539842472085589e-16
3.879457344880576e-16
5.279949822220184e-16
3.458642059013427e-16
4.251247188633738e-16
5.259535507267454e-16
1.438208211291962e-15
2.244262810763116e-15
-8.862647970564478e-16
-8.609576638750287e-16
2.658673213752866e-16
5.067054471534452e-16
4.444056586496037e-16
3.262403473676685e-16
4.061363262455525e-16
4.52104895861097e-16
2.201089438155772e-16
3.849649851499226e-16
4.716912346015773e-16
3.98002438271561e-16
4.454467718465594e-16
4.637763942034516e-16
3.932244783217204e-16
3.383080281591975e-16
3.279341193907162e-16
1.088007998256849e-16
4.538436925351822e-17
1.38942937443037e-16
2.552630887677938e-16
2.3149206936326e-16
3.138743670810553e-16
2.813006777594038e-16
3.570395237562154e-16
1.910054287903519e-16
7.727118148346753e-17
5.968480930139642e-17
1.370817358056045e-16
1.474624783703296e-16
4.888347703283711e-17
3.200782812392741e-16
3.450086205378756e-16
1.064039286387972e-16
1.132177570975391e-16
4.188165377404552e-17
-2.200714790292504e-16
-2.489859868604546e-16
-2.200613699070439e-16
-2.074350807411878e-16
-2.143833358509993e-16
-3.012776053405677e-16
-2.36223325126874e-17
-7.236019890077182e-17
1.333360417462419e-17
3.504231788989333e-17
1.038627466672615e-16
2.351375460919226e-17
7.355436932935657e-17
7.08700881776164e-17
1.672171610331022e-16
1.997066447006833e-16
2.713655139392909e-16
2.264096493054329e-16
3.475155728449979e-16
3.244617838552625e-16
6.130186375036813e-16
4.702275707222477e-16
6.528174443082419e-16
3.774765009802158e-16
5.603535198600161e-16
3.682399075585429e-16
4.323961950655925e-16
5.659983879119768e-16
1.417879012333351e-15
2.043968290802616e-15
-9.490354190180478e-16
-6.922269499462183e-16
3.252505069905169e-16
5.23892311825389e-16
4.598108380209186e-16
2.902732753402151e-16
4.210289063876745e-16
4.608692763904832e-16
1.969624511441343e-16
3.977149397380932e-16
4.78376499871812e-16
3.86074698135884e-16
4.339164121904258e-16
4.694580149674806e-16
4.001106934527841e-16
3.402591301632374e-16
3.343710184758055e-16
9.755606036027428e-17
2.332913217479046e-17
1.383229334174635e-16
2.767236218603816e-16
2.308112062501965e-16
2.956956081033284e-16
2.959705802573121e-16
3.76996228233228e-16
1.69440840995564e-16
4.850766388282807e-17
7.267556854756475e-17
1.155174386499652e-16
1.158055596995346e-16
5.528022989978191e-17
3.458607367521985e-16
3.720930110111009e-16
8.945438591621392e-17
9.76421242717721e-17
7.486651601841002e-17
-2.21685383330002e-16
-2.478443186416388e-16
-2.308564271511938e-16
-1.964433859841315e-16
-2.293105665267066e-16
-3.1138329258282e-16
1.750010657966188e-17
-8.046587132026442e-17
-9.186802661423317e-18
2.580370930107203e-17
1.145959513719309e-16
3.864401895804603e-17
7.015831640790518e-17
6.180726503780186e-17
1.818647588049607e-16
1.931968193737719e-16
2.687522392972083e-16
2.154391388252288e-16
3.362808923411327e-16
3.265311827763432e-16
6.321166359956692e-16
4.857063245665669e-16
6.502273149328919e-16
3.550580353706616e-16
5.765502762016616e-16
3.794116709642225e-16
4.566284422637155e-16
5.97276495330578e-16
1.402762025691619e-15
1.852783955928273e-15
-9.680042504082252e-16
-5.77247120192911e-16
3.620515803861358e-16
5.329299539808761e-16
4.670549202990378e-16
2.597186219897251e-16
4.295962822204206e-16
4.641222960245486e-16
1.869921746922684e-16
4.095759667747134e-16
4.736245960673433e-16
3.751938039352147e-16
4.344120806963483e-16
4.777101372148769e-16
3.968028723319095e-16
3.381005706832794e-16
3.339556607139829e-16
9.458770093517779e-17
1.50853602363174e-17
1.321558441670889e-16
2.951070185516013e-16
2.268465219475587e-16
2.825626144189425e-16
3.054053386073505e-16
3.895453605633388e-16
1.616181680640266e-16
2.891449877247418e-17
6.950824245023719e-17
1.138375634856037e-16
9.902013066929718e-17
4.999790877304343e-17
3.682466946881114e-16
3.973595665181964e-16
8.286164866932798e-17
8.421504193670956e-17
8.760746323145622e-17
-2.238432849788912e-16
-2.434111524652862e-16
-2.343680840759631e-16
-1.972371020630486e-16
-2.429853514582279e-16
-3.129348861247854e-16
3.604319324839274e-17
-8.832725750867944e-17
-1.974578698887743e-17
1.734385917520822e-17
1.263047501054982e-16
5.056805837951036e-17
6.402951585631065e-17
5.708020437872837e-17
1.830860757404403e-16
1.849412863243838e-16
2.767937637172065e-16
2.122538584810231e-16
3.283226870067281e-16
3.309683844897573e-16
6.325164024843919e-16
4.828125869410545e-16
6.652060505246055e-16
3.52218162006377e-16
5.907909297129888e-16
3.884438524182764e-16
4.570121846834079e-16
5.970445864581471e-16
1.389121975216809e-15
1.749697520406305e-15
-9.600705116481629e-16
-5.166116282998004e-16
3.831335384392669e-16
5.374188687973971e-16
4.720986570054232e-16
2.433918720812926e-16
4.328868974859915e-16
4.554481039777367e-16
1.739433077342705e-16
4.187932093487979e-16
4.76739639228109e-16
3.719951750058673e-16
4.268601836340616e-16
4.761955068647609e-16
3.915283732700102e-16
3.338060997402743e-16
3.406561947171076e-16
9.3952071936664e-17
1.335884037386507e-17
1.32772459182244e-16
2.99852880043239e-16
2.276851690191671e-16
2.805915699482881e-16
3.0453594960805e-16
3.974871592775139e-16
1.6151004021786e-16
1.203556708295709e-17
7.009056387786091e-17
1.067428927070981e-16
8.591295977087617e-17
5.252398086536683e-17
3.842645516506757e-16
4.077000211093141e-16
7.012376275348973e-17
8.072548215236906e-17
1.065894520444519e-16
-2.281236474742891e-16
-2.425046147302502e-16
-2.426012871127166e-16
-1.953425904194617e-16
-2.509564491325775e-16
-3.076117454639011e-16
4.985853289063776e-17
-9.367913093095165e-17
-2.297304223624418e-17
8.353739201881721e-18
1.328172910508956e-16
6.339253112827137e-17
5.711002034635461e-17
5.205776557107814e-17
1.904712022047669e-16
1.825456480994574e-16
2.745092756077288e-16
2.095387372494867e-16
3.226503501547655e-16
3.306319807624042e-16
6.411944003408432e-16
4.87072515221702e-16
6.642147232331161e-16
3.428636688909871e-16
6.022528544826579e-16
3.981117664837445e-16
4.515521652320563e-16
5.963206073320143e-16
1.382089099316501e-15
1.693289050729496e-15
-9.403794293088356e-16
-4.881176740855553e-16
4.032616406753698e-16
5.404347235854919e-16
4.824533099638804e-16
2.246568458134569e-16
4.361816348972037e-16
4.50785750863779e-16
1.643438923407923e-16
4.334404377755634e-16
4.591061734778971e-16
3.796342853974349e-16
4.318165435960084e-16
4.675979796499598e-16
3.866822837018705e-16
3.315860771274345e-16
3.5378298896665e-16
9.017275701505362e-17
1.471593728383232e-17
1.266240771459728e-16
2.895311358089881e-16
2.29652008957375e-16
2.839130030163776e-16
3.115348282097445e-16
4.0443652855179e-16
1.555250474338455e-16
-1.217640907296759e-17
7.752076005895112e-17
1.054009780558047e-16
7.823803193280469e-17
6.112393082396172e-17
3.98056209301969e-16
4.145977939519727e-16
5.345188560597562e-17
6.96927759946671e-17
1.302836348682515e-16
-2.399090003616435e-16
-2.370057903768814e-16
-2.563781894054572e-16
-1.978090051371455e-16
-2.561747765867304e-16
-2.9184021669111e-16
6.795500648821419e-17
-1.169989982065291e-16
-2.884965334428228e-17
1.320965524989768e-18
1.374917682226902e-16
8.323439445613801e-17
4.715004129750965e-17
3.863550953111214e-17
2.119112372950467e-16
1.856748798937217e-16
2.681929969572932e-16
1.989068432413663e-16
3.231572491361757e-16
3.321518214791056e-16
6.542640478847823e-16
4.878025037348407e-16
6.482500428418459e-16
3.559561293568123e-16
6.096040002821475e-16
3.898911847345779e-16
4.582024107093299e-16
5.942688901591921e-16
1.369659598816337e-15
1.657210229771275e-15
-9.376597016792598e-16
-4.79248408888349e-16
4.10203066121322e-16
5.512143329503259e-16
4.7617177595131e-16
2.086165296235561e-16
4.505118014765703e-16
4.390058130287091e-16
1.538598776789891e-16
4.541925418888946e-16
4.541485133854215e-16
3.731576614891628e-16
4.360080684465066e-16
4.709539788007462e-16
3.813188082945477e-16
3.264283047580496e-16
3.50877677140835e-16
8.708733289820528e-17
2.16133073956293e-17
1.307435853676635e-16
2.959130732528045e-16
2.283186468352937e-16
2.74330469388313e-16
3.048134046141987e-16
4.111353701899483e-16
1.567445251364546e-16
-2.900286675076781e-17
7.644422251193493e-17
1.038655273394555e-16
7.016493163120435e-17
6.539452911638896e-17
4.236050375083146e-16
4.296124158934391e-16
3.99031778960072e-17
6.578432865457069e-17
1.339733222041006e-16
-2.433044740665075e-16
-2.414973725178242e-16
-2.618942358322519e-16
-1.879640055503309e-16
-2.606932388338443e-16
-2.94678265828547e-16
8.495817734787856e-17
-1.227472074732224e-16
-4.374318697962452e-17
4.21605795316056e-18
1.46291671078565e-16
7.920454374832593e-17
4.364074551237023e-17
3.096355074215168e-17
2.101921182519183e-16
2.017014747319793e-16
2.713309443573198e-16
1.876949515739046e-16
3.150641465141995e-16
3.351985175652005e-16
6.623551105585666e-16
4.946799055821675e-16
6.427751678679482e-16
3.500220890574225e-16
6.234657341685949e-16
3.874730346940912e-16
4.561054041657782e-16
5.977659841317391e-16
1.362601872741291e-15
1.65120505925507e-15
-9.014659329759338e-16
-4.638771171354338e-16
3.983967055452354e-16
5.95673102483662e-16
4.208783462938276e-16
9.240465393748905e-17
5.415689102449447e-16
4.558132232104324e-16
3.212563475427787e-17
4.821855446166064e-16
5.245668104677266e-16
3.467649687636304e-16
3.706252100975355e-16
5.340642951795551e-16
3.892748512005055e-16
3.117109723976953e-16
3.558193765524485e-16
2.030580741174444e-17
-2.680774462439721e-17
2.113482101049875e-16
4.063207687329554e-16
2.387789803926264e-16
2.60279162839444e-16
2.827331251821904e-16
3.613387812169406e-16
1.683736318861931e-16
-6.348576871817458e-17
5.237365748189802e-17
1.40327735982361e-16
3.808108579270704e-17
3.011057380533942e-17
4.630236752533378e-16
4.934564015421871e-16
5.939724987923833e-17
1.02834712210179e-16
9.01719773856004e-17
-2.523671568116054e-16
-2.307100670876415e-16
-2.54749064912321e-16
-1.537024552244294e-16
-2.566474497347579e-16
-3.42588388886117e-16
1.076810338284298e-16
-6.662124385246022e-17
-6.519240985364522e-17
-3.224577916428813e-17
1.862914679293868e-16
1.077283776709462e-16
1.50962814353492e-17
4.914085477824256e-17
9.284556106164758e-17
1.62343007479384e-16
3.630233815132237e-16
1.870916450449298e-16
3.024746731306606e-16
3.04504709382088e-16
6.136905239641871e-16
5.371443404793119e-16
7.316214098004138e-16
2.714548006900965e-16
5.964052114446991e-16
4.060953192383112e-16
4.23733772964628e-16
6.531438663077217e-16
1.38068515300529e-15
1.637898128640385e-15
)
;

boundaryField
{
    inlet
    {
        type            cyclic;
    }
    outlet
    {
        type            cyclic;
    }
    bottomWall
    {
        type            zeroGradient;
    }
    topWall
    {
        type            zeroGradient;
    }
    left
    {
        type            cyclic;
    }
    right
    {
        type            cyclic;
    }
}


// ************************************************************************* //
