/*--------------------------------*- C++ -*----------------------------------*\
| =========                 |                                                 |
| \\      /  F ield         | OpenFOAM: The Open Source CFD Toolbox           |
|  \\    /   O peration     | Version:  v1812                                 |
|   \\  /    A nd           | Web:      www.OpenFOAM.com                      |
|    \\/     M anipulation  |                                                 |
\*---------------------------------------------------------------------------*/
FoamFile
{
    version     2.0;
    format      ascii;
    class       volScalarField;
    location    "0";
    object      p;
}
// * * * * * * * * * * * * * * * * * * * * * * * * * * * * * * * * * * * * * //

dimensions      [0 2 -2 0 0 0 0];


internalField   nonuniform List<scalar> 
2838
(
0.003303488154324405
-0.0009313444996966244
0.004480652745342852
-0.00121657222193818
-0.0006204195034348018
4.674031309550279e-05
0.004979085695817597
-0.001499325812982029
0.001665021924610634
0.00960257001452328
0.01133683538411407
0.005052060187686622
-0.00129458657709225
-0.006644712553698726
0.0007360123657058989
0.006771029384464433
0.0148181755821982
0.01226814132771444
0.0007309158453492892
0.003163672232704203
0.002760821059513946
0.003044190048119847
0.001826897448591956
0.000124196027264245
0.003980213012423781
0.01374412837792596
0.009494775353740794
0.00367427897523674
0.00121293438355263
-0.002964204326514482
0.003495673073474316
0.01764894893411493
0.01008289350145522
0.01149952052697269
0.001381405715551537
-0.001855171168113864
0.01471116380900242
0.009591219063645823
0.01334879676084283
0.0001979286250044626
0.008459618657545638
0.01146559416411071
0.009866756989928716
0.01248935001744304
0.005600039353793588
-0.003004339279605373
0.006603326890384341
0
0
0
0
0
0
0
0
0
0
0
0
0
0
0
0
0
0
0
0.003293792555673806
-0.0009278563142474163
0.004516405900377281
-0.001243132135820224
-0.0006157280455467779
6.380188626982486e-05
0.005012099587219087
-0.001521344968700614
0.001665372957348472
0.009622724982400396
0.01135586406895937
0.005044191482887197
-0.001321824864265178
-0.006659015970729031
0.0007445578535333376
0.006746782874595501
0.01482689187541396
0.01222763886569031
0.0006597576956078124
0.0031916905320538
0.002768194390020893
0.003048390918532476
0.001832064332336266
0.0001261669680479472
0.003976938256496488
0.0138063654840547
0.009458117836210145
0.003648023366413426
0.001230632479242567
-0.00295619313763595
0.003516821937293228
0.01774078783106502
0.01003943659565547
0.01155631029581595
0.001343597984929179
-0.001818220309321379
0.01502982520325609
0.009536960600398905
0.01339349364567732
0.0002131637315435803
0.008483094146375809
0.01147056074881112
0.009858822281385429
0.01262042150478143
0.005613908659869548
-0.003058070842361836
0.006659811262479612
0
0
0
0
0
0
0
0
0
0
0
0
0
0
0
0
0
0
0
0.003263286081079244
-0.001055941361862388
0.004829028312678352
-0.001273020943339248
-0.0007874458040524118
-0.0001778377438820424
0.005260598833412228
-0.001585812855455627
0.001646205832465634
0.009653030279937552
0.01144742108479721
0.005046605798913785
-0.001311463796136104
-0.006688125655523228
0.0007206834455982836
0.006766167013127032
0.01479278081022496
0.01225381505605769
0.0006453387141425587
0.002718127812081693
0.00281428554426732
0.002961114455082186
0.001794193054891771
0.0001444585881700676
0.003883602387536438
0.01348854779916094
0.01004234001058551
0.00353293238537259
0.001275673310206971
-0.002972551800086641
0.003559242505737399
0.01788030646995177
0.01034162382170482
0.01126118514503051
0.001102838306468439
-0.001639322257273559
0.01491572059353132
0.009435304571343896
0.01376195853968402
-0.000169193012401209
0.008438636069471372
0.01142739585234123
0.009876243518357671
0.01245954370448105
0.005770324599605926
-0.003219939675999602
0.006635694981268451
0
0
0
0
0
0
0
0
0
0
0
0
0
0
0
0
0
0
0
0.002924214955155349
-0.001840054779978514
0.006266509305465873
-0.001839498403867844
-0.001612484930898774
-0.00145970237726213
0.006396793148215017
-0.002123949323357203
0.001475063171106772
0.009990587543728179
0.01207147129898758
0.004936573696696587
-0.00144851801348373
-0.007107978038460443
0.0006955896993205255
0.006735221105985468
0.01455948151318388
0.01175227171452135
-0.0001574875645554317
0.0009013105894383134
0.00283636667533295
0.002307501282951549
0.001620590805389448
0.0001029099994743613
0.00320813819755882
0.01198929860744539
0.01274462204943633
0.002703525358845001
0.001564683837871467
-0.002967568939660587
0.003706554164228076
0.01915414685622239
0.01161304615756811
0.009834234612960166
-0.0007294428787481648
-0.0005539812615517196
0.01558760840703978
0.008478416871920413
0.01563621043465202
-0.00207634423750203
0.008141984886559331
0.0112079846102012
0.009893894629584656
0.01231578592752405
0.006575506065746032
-0.004235518332060815
0.006907765498472541
0
0
0
0
0
0
0
0
0
0
0
0
0
0
0
0
0
0
0
0.002938162528041335
-0.001906419178185431
0.006188855260346767
-0.00186059848417088
-0.00160969425272613
-0.001575896586375387
0.006336484774073147
-0.002145364499059319
0.001434347139863766
0.01006643066439194
0.01210751262905913
0.004904880579712379
-0.001480652436700207
-0.00718892833115194
0.0006700135166535645
0.006755776936523652
0.01455501876120671
0.01169990070377317
-0.0003392355839361376
0.0009385791209050953
0.002814277042313464
0.002218100873061947
0.001596819595362441
5.51107508606894e-05
0.00314266483635585
0.01183393908919247
0.01273351355247216
0.002708841510989836
0.001608649892478285
-0.002950434838760535
0.003690226173663214
0.01913898472694274
0.0116424771245851
0.009732783981196558
-0.0008009737315333411
-0.0005775496817032697
0.01544077775193915
0.008552779171250068
0.0155942139050434
-0.002100371463866552
0.00807681487101328
0.01118718142249683
0.009893765741365926
0.01228020355447448
0.006472825838978873
-0.004269584590014054
0.007015268426441211
0
0
0
0
0
0
0
0
0
0
0
0
0
0
0
0
0
0
0
0.003554668590976599
-0.002318729987151866
0.002572822053432535
-0.001457692506342209
-0.0005762763281720727
-0.002122750421653111
0.003659839666959408
-0.001859112833617402
0.0007160854273758477
0.01106366078362743
0.01200577343345932
0.004372887943695619
-0.002017993348058317
-0.008463799202455078
0.000117669083150226
0.007207860702050203
0.01474646827487323
0.01107696377925862
-0.003199057090350772
0.003681894991278997
0.00247411482332009
0.001333617977008355
0.001269056268839024
-0.0009563013920965671
0.002544840154184387
0.01056199373831401
0.009049480095475071
0.003815495927123432
0.002154264713142703
-0.002771509248343597
0.002863517624391836
0.01683511219523321
0.01040207957735462
0.009634801416462365
-8.682472765263336e-05
-0.002511729469308287
0.01123223974207818
0.01085791795493179
0.01244476919492286
-0.0003724125131781435
0.007400202791457651
0.01087937500058227
0.009848297165286402
0.0117117628203256
0.003462708243233787
-0.003492932248449862
0.008670015096900081
0
0
0
0
0
0
0
0
0
0
0
0
0
0
0
0
0
0
0
0.003750013462538217
-0.001942052457387851
-0.0001081100210173672
-0.001291444593836187
-0.0005930009567448038
-0.001756081508723959
0.002736047169271766
-0.002028091317860309
-0.0007696178413698193
0.01139592234622677
0.01240965388912816
0.003998204981332419
-0.00281117733891137
-0.01047833164548002
-0.0009036320641543291
0.007687364214573617
0.01524791484966439
0.01012938810183689
-0.006002263978554293
0.0005464272815010212
0.002958461224149278
0.0005744111870156106
0.0009701107238745693
-0.001995094493696704
0.002072029204840053
0.008856849850122864
0.008573469692199824
0.003614442655521607
0.002359069166985523
-0.00488750258800392
0.000522385308772645
0.01171036580403886
0.01056454754317318
0.009498426556280906
0.0003665415480598015
-0.003979796071332952
0.006451814051323202
0.01052425982919967
0.01211704440502015
-0.002432107666497137
0.0088088793749892
0.01056192359694235
0.0101378062023415
0.01102936795354834
0.001784600154156588
-0.001960880018636983
0.007180257924581304
0
0
0
0
0
0
0
0
0
0
0
0
0
0
0
0
0
0
0
0.002538397535707733
-0.002065432568209062
-0.001534977701560471
-0.001764647512883943
-0.0003241576945740167
-0.001292796370926089
0.0007323010711365257
-0.00317308560108036
-0.00243032169443707
0.0112883858616197
0.01208621816967764
0.004810737454272092
-0.002668219250004806
-0.01208646216551076
-0.00152810176994546
0.008224180493906802
0.01630377377844375
0.008340975107627383
-0.008440082488443228
-0.001943913312163017
0.002628554754888524
-0.001948134974057851
0.0009630263345747152
-0.002326153592715616
0.002506854763397438
0.009369221996991564
0.008709871815557898
0.003006057993991689
1.615524088010889e-05
-0.008902667348187262
-0.001825403810341482
0.008127082601017428
0.007504214671823564
0.008402397957185267
0.00232944887349935
-0.003881657022228731
0.001841457435965482
0.009708405096163034
0.01018096662804349
-0.002808491621358843
0.008538730940911657
0.01136749765542034
0.01026936394566005
0.0123101867236347
0.0002685201377407044
-0.001339187157075265
0.005306854378589423
0
0
0
0
0
0
0
0
0
0
0
0
0
0
0
0
0
0
0
0.0006941900347317543
-0.003631210063958877
-0.003068196253526464
-0.001801119484690039
-0.00136646698449827
-0.001694030687060973
-0.001391983267673901
-0.003421208690552638
-0.002238270257270249
0.01018241885949728
0.01081074534608066
0.007131051049450145
-0.001999782782795504
-0.01439042780818221
-0.001749884748612502
0.01145915607790179
0.01802275062356298
0.005539851582266947
-0.00498752136478707
0.000461024063445551
-0.004482555307162637
-0.008468599586553237
0.0006153411333224656
-0.0004751704978278869
0.002251775020467426
0.009020130235211605
0.01262016947510287
0.005760459850162922
-0.004512833973066287
-0.01201603321093628
-0.003121964047799537
0.007771021543484007
0.005497053617830248
0.004738856788130985
0.004543622867301212
-0.001022564754434927
-0.004123657285884551
0.0069883191173529
0.006515175991372377
-0.00353885365018273
0.008443471351730007
0.01045677792027033
0.01032130530465349
0.01785471487444476
0.001636956342997973
-0.001579302176315124
0.003108163825842301
0
0
0
0
0
0
0
0
0
0
0
0
0
0
0
0
0
0
0
0.00243253323741561
-0.002636761088980926
-0.004797141914373954
-0.002562051773806853
-0.001506291905803749
-0.003059498787970592
-0.003849184479703573
-0.004380774225351369
-0.002747166198847695
0.01003315622053956
0.01021389595117443
0.008106791003216488
-0.00089272176653703
-0.01558789274823147
-0.002858435722197835
0.01181001097128942
0.01795446932204622
0.008064539555675036
0.004308243337263121
0.01352211785489999
-0.006804598761850827
-0.01165860060765339
-0.001035040417365679
0.001547326379792227
0.003363080038133861
0.002458006241568143
0.009826639955090918
0.005143245844246584
-0.002717217410354697
-0.01047705583116519
-0.005298402392240192
0.007753213562724605
0.008176040267552238
0.004131597379051143
0.004938654474170558
0.003634275834911898
-0.009330398588503055
0.0009397126504273612
0.002178110680826875
-0.00166472529235855
0.006004083372175651
0.009250075695779101
0.01078797326570415
0.02389104598756269
0.007427569571885458
0.00101498067473555
0.002250527498511838
0
0
0
0
0
0
0
0
0
0
0
0
0
0
0
0
0
0
0
0.002715699345995046
-0.0005863018549195778
-0.005382246881774223
-0.003315649579960788
-0.001210343894118943
-0.004434136643445489
-0.005973368532051449
-0.005886449604757193
-0.002661880615266373
0.009867395079849996
0.01033884613008454
0.008699740718513217
-0.0004593426918189752
-0.01749585175861976
-0.003435062732606279
0.01071473187637281
0.01605120150023076
0.009278631209491824
0.007104909026218859
0.01828276798189365
-0.008168867206750726
-0.01217720453971772
-0.001433299016513502
0.0007381424006381384
0.002609814351168532
0.001156910156684523
0.005946271629531577
0.0007541642577337923
-0.002076513694914941
-0.008562638972241497
-0.008985435860898628
0.003870839620874333
0.007738902797477021
0.004997506866368429
0.004739938199353569
0.005307396964155381
-0.01062205859551209
-0.005671210033308401
0.0002109452749692457
0.0005684926196458858
0.004631854685680625
0.008795416369424864
0.01066292671641604
0.02327660406792969
0.009893022740651914
0.00354650328364582
0.002978811060169819
0
0
0
0
0
0
0
0
0
0
0
0
0
0
0
0
0
0
0
0.002887983916772875
0.0008270310553567589
-0.004628581424999901
-0.004687938119712637
-0.001256662599905859
-0.006158599409138255
-0.01004640719236529
-0.01051419418353436
-0.004221559239448626
0.008404970643479011
0.01101549605869632
0.008739582379638402
7.722494302786389e-05
-0.01797763812533435
-0.003563486704733656
0.008763657202363802
0.01257763893722467
0.01006858549594266
0.009371550563114525
0.0171208993021801
-0.01210030234039218
-0.01538862886966484
0.003834294149985554
-0.001776806891617081
-0.001161232076798556
0.002444602266773584
0.00129728593349891
-0.00353190538407817
-0.003719308106017137
-0.007786788415181875
-0.01654680395323773
-0.006860220928687902
0.002737176876163475
0.006133766081052844
0.004032703262871033
0.003538372576818384
-0.01042192772374121
-0.01208728744138867
9.204650421694205e-05
0.001914168533786341
0.004460606747185971
0.008150452424562436
0.01010606293203427
0.01886443924106907
0.011666988123463
0.00509162274542462
0.005702845189309346
0
0
0
0
0
0
0
0
0
0
0
0
0
0
0
0
0
0
0
0.002386162554470864
0.002119933334779049
-0.002396231838007747
-0.005811344305893662
-0.002416062614949964
-0.00656243923264336
-0.01039123409840591
-0.01496946418392122
-0.007738475129980267
0.005083407449830459
0.009328582069533971
0.007985625577774408
0.0004798284965939151
-0.01362769132770314
-0.002899306133516974
0.006657974770242043
0.009823413350431853
0.009247494877466449
0.009462122774697762
0.01198721737227323
-0.009514302640002902
-0.01092036383816862
0.00943663261634177
-0.001740779087225466
-0.003496739070129849
0.003844858593436295
0.003053284860714055
-0.0002952434186506141
-0.00324944515563968
-0.007493770269568336
-0.01925692482294473
-0.01735745091658373
-0.005548034999575634
0.005646741012821792
0.004088257258812142
-0.001260804314496324
-0.007502533578538331
-0.008547439702871418
0.001762538281035536
0.002018525569514822
0.004416939976437708
0.00728336893921721
0.009245407540618712
0.01280974201803412
0.008538300146284627
0.003175286213930362
0.00761162083922651
0
0
0
0
0
0
0
0
0
0
0
0
0
0
0
0
0
0
0
0.0003694308359983522
0.003892737997093845
-0.0009096133760758897
-0.005844818968291019
-0.003382214523926952
-0.006838343573893688
-0.007235738677441625
-0.01494025903560134
-0.01117799474698544
0.001025846121798193
0.00623345133289767
0.006691661126776775
0.001460357112183789
-0.007013889811072522
-0.001517066175279136
0.004920001276838826
0.007803790881418669
0.007742849144312699
0.008066950818886949
0.008651633220737536
-0.002739319153845959
-0.004142119567596601
0.007383103088387234
0.0005296629539153664
-0.003030235818032417
0.004756326028921313
0.006247235196263275
0.002554798214885538
-0.001133099636973585
-0.000700002356761609
-0.01389666753918419
-0.02251879159496434
-0.01395350417695029
0.002013019080467265
0.005295115907861942
-0.002030184319386417
-0.005010481990953563
-0.008286978013460641
0.000831500628209015
0.001536743915253167
0.004207259583477654
0.006721122554075887
0.007957337208413814
0.008519332972636308
0.003715030048058833
0.001689038238634601
0.008128256075538506
0
0
0
0
0
0
0
0
0
0
0
0
0
0
0
0
0
0
0
-0.0006235391287833067
0.005134875764961261
-0.0001937414636570619
-0.004941101845968134
-0.003433978078436075
-0.005981431234821226
-0.003829190400183704
-0.01151740612301533
-0.01362374126067611
-0.002522132431994316
0.003096386513869886
0.004686253157696904
0.002585089008094097
-0.001010732812271703
-0.0001925345740028838
0.00348480726407848
0.006206008726911116
0.006467764376940601
0.006553961822742729
0.00673185698040379
0.0007785118467890101
-0.0001419864856810531
0.005814402073450772
0.003599694561089052
-0.0004313088828148769
0.005070566722356388
0.006376973306172534
0.001939105997609297
0.0006223743658389683
0.002234945750456993
-0.006160400478115701
-0.01706359345006351
-0.01756212321617684
-0.002911170687353032
0.005393563657565281
-0.0005781242776392472
-0.003725310000982035
-0.007575318126111969
-0.001176358544467914
0.001238965596186243
0.00390463531040394
0.006258514308441546
0.006617401652266166
0.00787165727651843
0.002095400383297905
0.002456879142618388
0.006659514533578588
0
0
0
0
0
0
0
0
0
0
0
0
0
0
0
0
0
0
0
0.001080996480230935
0.006849854193764974
0.0003753669443872264
-0.003956744567479075
-0.002464037508452112
-0.003490772388406467
-0.0008489019637033248
-0.006537463040863955
-0.01411511454369792
-0.005086349507522275
0.0007607933800675143
0.003088676972024631
0.002516464149767132
0.0021408384406106
0.0004758072622651904
0.003000005226079525
0.005223881976652606
0.005493821226997219
0.005524573089579475
0.005440761259905395
0.002258917674019667
0.001794016999476481
0.005056233556578216
0.00429482127096765
0.00170757177179535
0.004650499786025992
0.00568680334971219
0.002377855893248165
0.001583281173677789
0.001754380750267572
-0.002950452930721137
-0.007708732356660683
-0.01059269532308813
-0.003345965134705796
0.003337878738800166
0.0004805970319900347
-0.002427341534916258
-0.004491392731492881
-0.001519956074941014
0.001187257844084883
0.003733539628054862
0.005908442388882838
0.005928192807662699
0.007238325273421883
0.002877987457986739
0.004066219362665268
0.005984774938073751
0
0
0
0
0
0
0
0
0
0
0
0
0
0
0
0
0
0
0
0.002569903283367926
0.007836568707225293
0.0006311515585865806
-0.003891055959256248
-0.002362149774989852
-0.0008859721935419704
0.0008092333477327151
-0.003714856648124048
-0.01351019031685281
-0.006138833976451779
-2.973752584013103e-05
0.002427193799835558
0.002529369809107904
0.002550912444458423
0.000584483992599917
0.00305725374773065
0.004937209479601393
0.004957571934075433
0.004922530153338262
0.004365819718017734
0.00248296737564096
0.002473650950633966
0.004801830639092956
0.004220769995073564
0.002322239002657265
0.004279128732426651
0.005382450118851617
0.003164194653294297
0.001924975533643947
0.0007228646643924492
-0.00209828052808467
-0.005496680036717521
-0.005145140191262404
-0.001273203936013819
0.002200463078046899
0.0002217331108148373
-0.002538242351874528
-0.002907965064169708
-0.001312853396975042
0.001107861328833758
0.003732907998792885
0.005791268158062404
0.005944167239861108
0.006324898437691366
0.003959746723912455
0.004752611716503847
0.005785566542712
0
0
0
0
0
0
0
0
0
0
0
0
0
0
0
0
0
0
0
0.004516492329144581
0.008247445418802872
0.001147590077470139
-0.005980882453040037
-0.002979247304162366
0.002090906926178214
0.003920647917043179
-0.001030174866135998
-0.01213973414264492
-0.006875923256916476
-0.000781362741682997
0.001848135998146117
0.002350446149383846
0.002388133185061667
0.0005503192143024795
0.002978385060862325
0.004706432211462025
0.004129945297267913
0.003834750645530096
0.00287990479595304
0.002457819296148607
0.003200810179662048
0.004590962056341631
0.003942533871614065
0.002650535548291199
0.003720657226986097
0.005086238372204167
0.003966279505688628
0.002389091969849968
9.602184826153654e-05
-0.001728929482209809
-0.003579581438680586
-0.001744206233090216
0.001480434089529695
0.001263437318189612
-0.000405941775417907
-0.002418848186357579
-0.001490773252602556
-0.001015659317602012
0.0009452886390766574
0.003825762571457808
0.005750363814376056
0.006288423876209981
0.005166837594967646
0.00535300827506616
0.005741047937035839
0.005689431496804644
0
0
0
0
0
0
0
0
0
0
0
0
0
0
0
0
0
0
0
0.003791912408624056
0.008241591262898687
0.002594836874399653
-0.01155222406541264
-0.004949803349693208
0.003172334505362105
0.007313498944686122
0.0007044391689187113
-0.01126405527270876
-0.006543407098271494
-0.001020944685205361
0.001833387726579796
0.001984809164615341
0.002087911018150224
0.0005005053402556963
0.002307579713891044
0.004205781039624796
0.003486092787995551
0.003100395305195197
0.002346843709102932
0.00221475724492184
0.003665974154663382
0.004437517790065609
0.003619669702385211
0.002655260873497175
0.003474069538637888
0.00507149432951726
0.003902323809902694
0.002600526158650373
0.0009551446433589776
-0.002144471069316763
-0.004437725236236444
-0.001276132910789017
0.001812846806250039
0.001307826926092652
-0.0003761387727484215
-0.001287760793283491
-0.0008057959276067776
-0.001007226743570342
0.0008143962539044378
0.004016769836807659
0.005835704952479442
0.00657767758790135
0.005628376484401977
0.005957245617963861
0.006303406167333362
0.006355237769849376
0
0
0
0
0
0
0
0
0
0
0
0
0
0
0
0
0
0
0
0.002460528292376675
0.008270078194178425
0.004409072653727597
-0.01467813068499381
-0.006340747283616441
0.003905365049598337
0.009517612416799584
0.002041232016937049
-0.009550656661429428
-0.005320031041682407
-0.0007312210425330758
0.001624391415917545
0.0008198936746325429
0.001816776079338574
0.0005967769527151533
0.001481341533905296
0.00344597622267254
0.003015084761179884
0.0025797543777426
0.00235610697652963
0.001846959483317342
0.003705134992111297
0.004351140912255591
0.003513824770406005
0.002471293275093552
0.003407086345712076
0.005120105103767962
0.003667423543303743
0.002649328135334239
0.002457653800789216
-0.00314937528084618
-0.006752715298394167
-0.001806355355375647
0.00125568125755354
0.001016277066080046
0.0002178719304782736
-0.0005971253140787099
-0.000744381171266987
-0.001144407706497292
0.0006806792635706579
0.004330826609801881
0.005947979703783796
0.00668680001667803
0.006315142928069757
0.006289806940143972
0.006022330533362585
0.006339078272740476
0
0
0
0
0
0
0
0
0
0
0
0
0
0
0
0
0
0
0
0.003868524805317845
0.007666084863474868
0.00590178045144625
-0.009567717502759506
-0.003955907670828516
0.003925673602178655
0.00879479815115651
0.002621993129458468
-0.00612666151607669
-0.003506984577205629
-0.0001237924242977345
0.001022465368652511
0.0004548254067138884
0.001621576247156159
0.0007917132854860874
0.0009506111350930107
0.002810201421438147
0.002791051202537011
0.002127443350190251
0.002312839780186771
0.002068958163743306
0.003642928323556251
0.004327330056373089
0.003844056273900818
0.002530945027368082
0.00322804227944966
0.005149287868538964
0.003467401133265735
0.002647607416672501
0.003730650190663014
-0.005436733923664877
-0.009200256851366422
-0.002043202994094292
0.0008306449070628887
0.0002235919957018442
0.0004614282844961008
-0.0001068479061191826
-0.0001295650216507388
-0.001133978091260375
0.0005723424601226951
0.004735315018822531
0.006002670047145988
0.006713766866511276
0.006349863224992137
0.005868471543356854
0.004758215460925447
0.005826313614654235
0
0
0
0
0
0
0
0
0
0
0
0
0
0
0
0
0
0
0
0.004483910352557892
0.006733811126071196
0.00623126705311406
-0.002164369912157051
-0.001356787239289896
0.003098926977658509
0.005904884591929127
0.002522989422132373
-0.002357572949642752
-0.001649771662141513
0.0003770857845095337
0.0007728351688769542
0.0005232572349742873
0.001240453833226311
0.0008784311297951983
0.0006619944438365872
0.002412331199625602
0.002724610272541864
0.00173962280201859
0.002132881297683688
0.00265708909758106
0.003758080445385698
0.004242289572892754
0.004121735719510673
0.003062834534383317
0.002908621059474651
0.005119539214861401
0.003037214033771561
0.00277614293448192
0.004063420144577726
-0.007584696294947923
-0.01007725679719739
-0.00159860348212802
0.0004771492956492035
-0.0007701836766449633
0.0001496196354014574
0.0008338274401179479
0.0005895619137165821
-0.001201986144696598
0.0006069901395025863
0.005085278787771084
0.006025807655385709
0.006778639258642471
0.006383349247520314
0.004953821135080879
0.003274697668213901
0.005578694150639489
0
0
0
0
0
0
0
0
0
0
0
0
0
0
0
0
0
0
0
0.004353687639497076
0.006131502263670217
0.00603798678290085
0.0002743634812805021
-0.0005783524997539846
0.002315922905791823
0.004413370489416047
0.002436928954500658
-0.0007680807038023305
-0.0006954438919765208
0.0005101929915043457
0.0007282177710581249
0.0003963830149683867
0.0009600201254371712
0.0008442264967706964
0.0005557089089367304
0.002250344215671332
0.002649405786366927
0.001525048495823783
0.002059898256905325
0.002985767255663592
0.003875451623142708
0.004110982706710651
0.004100290846682784
0.003419339131342117
0.002651312923519463
0.005037719527105662
0.002724348902203119
0.002971719404156445
0.003690542081902034
-0.007914240811441948
-0.009351013769013136
-0.001066181086319718
7.901783691168791e-05
-0.001346674827076697
-0.0001087149259879796
0.001623494619932911
0.0009029050322034803
-0.001288624946869419
0.0007197474194836993
0.005197611511291827
0.006036613373091272
0.006884995091645973
0.006485579500761811
0.004036870140313016
0.002561153401638879
0.005344706273467673
0
0
0
0
0
0
0
0
0
0
0
0
0
0
0
0
0
0
0
0.003491674145203868
0.00534226692471618
0.00569380174874362
0.00200766024481192
-0.0002120988421019057
0.001194548471339246
0.002948344146046957
0.001957371046151291
0.0005150303250170487
0.0002756683903616415
0.0003845880815689366
0.0006361167251416319
0.0003063327371864175
0.000654443911041125
0.0007074190164205657
0.0003935349532840847
0.002023587886709044
0.002394314143387525
0.001428775767392077
0.001858735163944604
0.00337227762137463
0.004038360103326048
0.003777220432999799
0.003901679538319997
0.003686080203745301
0.002200158739856478
0.004943776845745469
0.002365254542456115
0.003516289294306671
0.003260956598146609
-0.005987254262008825
-0.006591275051155207
-0.0006782368752844039
-0.0009643892122667226
-0.002110574072753695
-0.0004649947013977812
0.002911533853753828
0.001302526512082243
-0.001051736741895056
0.000739380514429752
0.005089685443654742
0.005940854626436524
0.007221519260793038
0.0066767296192109
0.002077309886446312
0.002150147158567101
0.004939754747442934
0
0
0
0
0
0
0
0
0
0
0
0
0
0
0
0
0
0
0
0.002373788884376741
0.004865653467111837
0.005631721363093161
0.002300712029201525
-0.0001718799479244935
0.0004253055119552773
0.002099725787366185
0.001318665341879284
0.001147910295858014
0.0002711456899916093
1.406428066253775e-05
0.000624553415708429
0.0007335871411211357
0.000512844584389427
0.0004663067351136105
0.0001466225075548661
0.001614387141972739
0.001942874388175446
0.0015754755544883
0.00156333407853013
0.003526735524597263
0.004229789400285028
0.003427031005320355
0.003775499847919357
0.003720119182428138
0.001607279456804037
0.004802662143461792
0.002535185023221298
0.004722188686147707
0.002692449684028049
-0.003426079360793692
-0.003934965922393326
-0.0008122430273682771
-0.001962833650717509
-0.00262236701927468
-0.0005891019955354498
0.003862416389475458
0.001325089609580356
-0.0004409108968645979
-0.0001223656689463125
0.004250819360767269
0.005514253129776443
0.007812120288601392
0.00662484909586592
0.0007021085121337682
0.002351288473028938
0.00422492097952401
0
0
0
0
0
0
0
0
0
0
0
0
0
0
0
0
0
0
0
0.001776360895420767
0.004700486386304645
0.005637921210879178
0.001673575401974571
-0.0002791936047568659
-0.0003331532187663153
0.00140674657552708
0.0006978211089158624
0.001025659735189647
-0.0007652489788668156
-0.0001067845606892304
0.0009087564032355024
0.0009944385538430873
0.0003448619316878028
-8.591983356987692e-05
-1.964882093672876e-05
0.0008818167330863134
0.001362211999641958
0.00165277705476548
0.001302298002794728
0.003329852782403345
0.004519655203760893
0.003347999552440792
0.003793031001018988
0.003645210530437146
0.0009295012903209137
0.004396565860795628
0.00334297347878313
0.006677849528977174
0.002335206191504624
-0.00191112987058732
-0.002427482118233179
-0.000760890240759858
-0.002055782552352547
-0.003297224248265641
-0.0006083372484411631
0.00388664352590846
0.001079664731537821
0.0007754645349038929
8.955860003499299e-05
0.002876110671933133
0.005007512005524315
0.008266126172682955
0.00614174038783868
0.0009008084385698452
0.002714475903119618
0.003384152269327768
0
0
0
0
0
0
0
0
0
0
0
0
0
0
0
0
0
0
0
0.001609010726021845
0.00482445874677351
0.00531157802443771
0.0004543413865193606
-0.0004426011160154958
-0.0006004546261811468
0.0007996949183102362
0.0004510179532928573
-3.459661439380591e-05
-0.001961309187432643
0.0003427374492119157
0.001586586486392947
0.001161605317635078
2.480725124315898e-06
-0.0007132567229981998
-0.0001133975498049904
-0.0002345136176405701
0.0007581190395453765
0.001839671506596657
0.0009084619275064839
0.002640868252390352
0.00451989793874458
0.003694526177263288
0.003888012695091217
0.0032449448507041
0.0004118303630381578
0.003934474921564155
0.005004606235819482
0.008784276765708046
0.002796273074301817
-0.0006810616826915371
-0.0005589543691186408
-0.0001463158733329932
-0.001233381215456406
-0.004536563854475985
-0.0009679422242531584
0.002979952699828362
0.0009843835307583074
0.002103455257390503
0.002101354482883166
0.003007847639054906
0.005086851487719833
0.007954464635915398
0.005839910058734132
0.002774116336128491
0.004548101307057473
0.002955102823550382
0
0
0
0
0
0
0
0
0
0
0
0
0
0
0
0
0
0
0
0.00174595771192725
0.004967801752048206
0.004550029526365538
-0.0004570830031988671
-0.0004593156485644903
-0.0003448570055190424
0.0003863222024161483
7.814573491310291e-05
-0.0009622757974245922
-0.002454112725192512
0.0008541661404012169
0.002234164974948397
0.001387550636503024
-0.0003780326820579939
-0.0008844160806636181
-0.0002861899243849777
-0.001284620817106262
0.0003784597115425466
0.002110468264823367
0.0006519507009066805
0.002085140727614016
0.004051147662178805
0.003903964081536995
0.003921422801941864
0.002923924483211063
0.0003182813014895339
0.003730166891968748
0.006418157944748643
0.009497640716783188
0.003170615256603592
0.0005606199439636532
0.0006595040382462061
0.0007318438561287124
-0.0008213263681660957
-0.005724993884378036
-0.00130836134885208
0.002019393134375068
0.001075636023512961
0.002711627370369145
0.003013977621913854
0.003629455202694382
0.005317793312759212
0.007575667807420839
0.006043761039403926
0.004192807541809251
0.005746458249598154
0.002893887073883677
0
0
0
0
0
0
0
0
0
0
0
0
0
0
0
0
0
0
0
0.002280015475121363
0.004901850027813999
0.001632944341519114
-0.001975273751693316
-0.000186518583747101
0.0005638449352745172
0.0002422581252631842
-0.0007689731215754983
-0.002802654228386939
-0.002596129954562568
0.002028073287354878
0.003600476716462828
0.00198259680942387
-0.001216862250125256
-0.0005432637509359228
-0.001094594640021625
-0.003889865815381924
-0.0002892273191130388
0.00266320405346887
0.0003823393879746935
0.001431854603665934
0.003244642955550626
0.00381794951266259
0.003759289016747921
0.002554519441958686
0.0005832742801291208
0.003768928762579911
0.008912865523992956
0.009648510792414012
0.003623509901568576
0.002638124717629213
0.00273823777174007
0.002024824607660369
-0.001584429079582598
-0.008645786779290426
-0.002208943771904193
0.0005813731577932126
0.001381191656446653
0.003504390376753208
0.00362331615049494
0.004373238109719393
0.005730955225370519
0.007324568843763044
0.006929358904085665
0.005819561426058826
0.006501691654243659
0.002942571983551604
0
0
0
0
0
0
0
0
0
0
0
0
0
0
0
0
0
0
0
0.002742145505720089
0.004079397847233998
-0.002640934837896236
-0.002609217004285706
0.0006432895678415791
0.001742940193344443
0.0005315088508505079
-0.001538120685479759
-0.004620288151873574
-0.001809104901401704
0.00349246464273056
0.005400147203355557
0.002822303495283915
-0.002222960007635518
0.0007747762947968618
-0.003376412056434483
-0.008042409065968981
-0.0009071303719723585
0.003271904997077608
6.610246535456362e-06
0.0009791310613680602
0.002956642720617935
0.003545862608993644
0.003188274546598187
0.002633837991875152
0.001214220191099426
0.004382208967406064
0.01083996910216207
0.00925426468478982
0.003938078722748456
0.004499405773078944
0.004349642392215721
0.002953037122664611
-0.002588543141230917
-0.01077456768953575
-0.003333570059388336
-0.0002350250784430842
0.001940012477165381
0.004318675329311693
0.003752785559777741
0.004751463982969008
0.006243181219744896
0.007549323344095888
0.008044394732131855
0.006267400491474045
0.005687582348167694
0.002938279114378796
0
0
0
0
0
0
0
0
0
0
0
0
0
0
0
0
0
0
0
0.002570777719596308
0.00228586458215085
-0.004938123595513718
-0.001849668442924412
0.001932492651422714
0.002852601385090193
0.0008335579173658905
-0.002078964660672452
-0.004823062258299519
-0.0004948514215217898
0.005068200326128782
0.007332600866319266
0.003915855364356307
-0.003793016663469727
0.003864219088656175
-0.00737436483860887
-0.01321005770205664
-0.001065172229156939
0.004432922098979586
-0.0009515194371239132
0.0004453304217128347
0.003166057696579693
0.00358890625618366
0.002892552896727458
0.003792603426878555
0.001588715888507101
0.005163938035964638
0.01176620654422533
0.008897130762162864
0.003926438012718823
0.005874140145461855
0.00502100818904518
0.003782606728618181
-0.003923376700302108
-0.01133012397151996
-0.0044803087776942
-0.0005061695831419548
0.002741067142995935
0.004657106462295638
0.003577177884690988
0.005031727329258664
0.006779109497474587
0.00803530868856909
0.008868823219744026
0.006295532912398112
0.00446605483191878
0.002512418301551765
0
0
0
0
0
0
0
0
0
0
0
0
0
0
0
0
0
0
0
0.0006857270644306463
-0.0005705505006358871
-0.005383135778485684
-0.0006842650033837828
0.002860621469474248
0.00383256575820421
0.001044325380042053
-0.002561146976014329
-0.003972242889448764
0.001068245631863071
0.006219200869230721
0.009173289624984449
0.005189734283226669
-0.006394750019165068
0.004215821772811347
-0.00870135882132333
-0.0159077019924667
0.000238363013735203
0.006127714268941711
-0.002090937222773307
-0.0002520907276299829
0.003595125110928079
0.0040730485885045
0.00400012816280928
0.005251919019672945
0.001099081665849044
0.005314865178619947
0.01215468294691462
0.009077076446836975
0.004479923130245107
0.006124448418400207
0.006391480395637599
0.004824545857567869
-0.006881212078212846
-0.01234200776712238
-0.005766480115051507
-0.001026253625086673
0.002357489391629161
0.003482699295896083
0.003519619333819352
0.005478079784843343
0.007598250546031938
0.009027776201208045
0.008447266096299647
0.00589961591246117
0.003488827763765581
0.001482342338901618
0
0
0
0
0
0
0
0
0
0
0
0
0
0
0
0
0
0
0
-0.003583530999307247
-0.003239762496415365
-0.004889672931579176
-0.0001567728631377479
0.003317686291689951
0.00495196496064649
0.001062730731898136
-0.003188225320769786
-0.002976697842204494
0.001542484674264578
0.006472974568452044
0.01028442192094802
0.006181693770574652
-0.01091910663146976
-0.001574190864272251
-0.005091042758102497
-0.01305534899143563
0.001843634565522277
0.006526657551853824
-0.003196197921526659
-0.0009855405279029198
0.004042056172721757
0.004823178537614005
0.005727208582791877
0.005828171310992938
0.001119043075181995
0.005116904756947174
0.01279625468823907
0.01004260345331684
0.005077939921448405
0.005834762080930329
0.0071545098914911
0.006065160396651562
-0.009744172505112921
-0.01400848369759432
-0.007539498611217761
-0.001709406558368846
0.0007658410358215941
0.001988322065999876
0.003997406898432226
0.006676934600441954
0.009561649510119832
0.01099979552191752
0.007728248319227967
0.005142004039274912
0.002086883083805715
-0.0008880659799845952
0
0
0
0
0
0
0
0
0
0
0
0
0
0
0
0
0
0
0
-0.006369606924745603
-0.003415276904731564
-0.004235518546151255
-0.0003712757794488236
0.003521266824964667
0.006459729145715009
0.001068403354208334
-0.00367684671973205
-0.0024560789265264
0.0008991937109010911
0.005973544438138509
0.009521223392335717
0.005171098339322709
-0.01582938415628215
-0.003058288407625166
-0.001584719611607685
-0.00756669674072686
0.00316610240591834
0.006471188825068221
-0.004001302215565373
-0.001352230386017807
0.004188201023078451
0.005244195718459844
0.006957044924894364
0.006331808864518155
0.001781474164935391
0.00528446449856356
0.01323119973781019
0.01101531445528283
0.00451604140035454
0.005488098003188475
0.006944271080443705
0.006561090498952065
-0.01095413210672496
-0.01453890307093816
-0.008820418748559582
-0.002251820194080934
-0.000399231540173032
0.001755947159510069
0.004715419938424459
0.007966925850058018
0.01159325881422232
0.01271197850451467
0.008105358802334763
0.003753143543132101
0.0008323287648443218
-0.003250145030125103
0
0
0
0
0
0
0
0
0
0
0
0
0
0
0
0
0
0
0
-0.007263090656380245
-0.001063662076207414
-0.0006890451971227227
0.001252519298851107
0.004118165078286527
0.01116222176587565
0.001116753520145934
-0.007197529956803453
-0.002462803426605589
-0.001707777317228199
0.0001706078704444917
0.006014258440662561
0.00430420161378579
-0.01402486373645111
-0.00170738951382013
0.002610207813807957
0.001113797873164186
0.005863134074717517
0.006757633212076035
-0.005724353987638889
-0.001001617758124474
0.004366103053387385
0.005773717899802999
0.01012651643458686
0.009098973997780011
0.002755106048909022
0.004689487500074449
0.01259328162072283
0.007379338790913307
0.0008569720043806867
0.00298899367859677
0.005994356463069494
0.00778902159530496
-0.01441908539097286
-0.01430109969603422
-0.01036135230589885
-0.003852397736531464
-0.001653498054721666
0.002607657373753019
0.006437401237022925
0.01055186720744969
0.01597156146174146
0.01542357006193823
0.009328242660160845
-0.0004823879693360082
-0.0003882913437531632
-0.003446374425486443
0
0
0
0
0
0
0
0
0
0
0
0
0
0
0
0
0
0
0
-0.004967068547773296
0.00464898094677681
0.005958904376954709
0.003038041108979316
0.006996735962269896
0.01702277442455835
0.001680840476505731
-0.01558220582936319
-0.007733790855221951
-0.0101700156876454
-0.003134633712669103
0.01102509449749344
0.004869880570646751
-0.00809660300448024
-0.001172134092107111
0.003152922712087652
0.005894422476673471
0.007685504285025319
0.00635008045138861
-0.007883070593648648
0.001482833854722913
0.003144737769585149
0.005876434836266089
0.01602278430142945
0.0139366684667073
0.001198749947905558
0.001263380473158636
0.006132557118468176
0.0003188486324181877
-0.001935313748374857
0.001543723190176769
0.00553683641589379
0.01046923316221812
-0.01149158125029394
-0.01413908000660409
-0.01103275515663233
-0.004573026859589078
-0.001357434578916357
0.004105797001507846
0.008018918315350808
0.01287668868889055
0.0190332067482978
0.0163569494273803
0.009072226237358946
-0.001044483424503113
0.002612319796439486
0.003797153557653029
0
0
0
0
0
0
0
0
0
0
0
0
0
0
0
0
0
0
0
-0.004912452877794725
0.007614427781852493
0.009696215203816158
0.001936867049964774
0.007438441337634811
0.02802608007165971
-0.006344345327596763
-0.01544799597654787
-0.008574163042892727
-0.01201032688879918
0.001665995099102704
0.01341227090967446
0.005887734514332591
-0.005961095892481338
-0.001383326603406263
0.002517191224161565
0.006592197235101288
0.007694287607587781
0.005139684164739872
-0.008321095207381314
0.004122837269742996
0.001861959586133924
0.006830630666971463
0.0157238063341033
0.01760994853944943
-0.0006819581382317071
-0.0007213329233067476
0.00360675802418211
0.0005271195552091377
-0.0009858610027403112
0.003149920686600344
0.005633071718982965
0.00971824798765932
-0.009439046729440485
-0.01361980964158991
-0.01064451260013749
-0.004792602909803577
-0.0006312803920800872
0.005273870326799291
0.008380849337398161
0.01360326724931431
0.01881228332461267
0.01530455336699184
0.00924129872093256
0.001947270778307631
0.006761380464825607
0.0109738537470978
0
0
0
0
0
0
0
0
0
0
0
0
0
0
0
0
0
0
0
-0.007722362576053844
0.01181078980950506
0.01165455329611749
-0.001890999300976153
0.01172625806995206
0.01370873287439713
-0.007760419692698596
-0.01285946906519532
-0.008932330375162757
-0.01174108630945782
0.007385909896150892
0.01407822679688447
0.005540936382780181
-0.005103748278780032
-0.001298143461383174
0.002432694960518801
0.008091267858397871
0.007312042837963393
0.004025473557993495
-0.008107355501110974
0.007895670592825607
0.0001338719198186581
0.006477172454185366
0.02218677713258419
0.01424427869006371
-0.0004715286416956941
-0.001654653721724419
0.003827612232205808
0.003692440308793767
0.0009708586220417984
0.006431368607274291
0.006979700020433659
0.01166806479783016
-0.009165183902793195
-0.01311730524869905
-0.01016276323766501
-0.005060400275572452
0.0002489658896910158
0.006154624160575849
0.008017784720719014
0.01346760267139491
0.01874307473399651
0.01503045569249207
0.008610503087180579
0.003854620391582952
0.01014885482143157
0.01695525450543886
0
0
0
0
0
0
0
0
0
0
0
0
0
0
0
0
0
0
0
-0.008168924453476657
0.008330865908202076
0.01490096154575147
-0.002201375950893741
0.009556126011658171
0.0112368160096445
-0.006923588781303011
-0.009613168977870198
-0.008670684819633526
-0.009158963102295305
0.01207926984306488
0.01324757860116602
0.004891525906845071
-0.0047099442889385
-0.0004647703564755507
0.002323708106775907
0.01003606906881787
0.008618270999003504
0.002518718221661652
-0.008230128542539121
0.01248067960277824
-0.004421200745444876
0.01293458162677119
0.01795989627075772
0.01533673527782085
-0.0007815674142140239
-0.002343598643864954
0.006576170918074516
0.007784357672991561
0.001806270152861753
0.0082299054697229
0.01195799804614695
0.01017033281189304
-0.009197833614692768
-0.01281767610900648
-0.009795075385080655
-0.004979022149578299
0.0006529169866036566
0.006509532901530122
0.007724870214064463
0.01317558510946456
0.01966757171256085
0.01499730660105913
0.008083468287411719
0.003111592890614847
0.009866212796207292
0.02132702631031336
0
0
0
0
0
0
0
0
0
0
0
0
0
0
0
0
0
0
0
-0.008102900889718911
0.008253751990298156
0.01494764683455835
-0.002136044215002689
0.009466577416695602
0.01112383425235811
-0.006803003369192302
-0.009422835699712745
-0.008580725981917274
-0.008747712050508883
0.01228643937520931
0.01320810090976315
0.004841125496871361
-0.004676051857405646
-0.0003973835937554451
0.002371430335641558
0.01016712984060032
0.008610164245871259
0.00250427767680431
-0.008197841096709357
0.01263170873734161
-0.004535542350161729
0.01314736085609875
0.01780089518379883
0.01533996822339964
-0.000777272256316317
-0.002296908875946377
0.006806429499855546
0.008022136176143366
0.001921831931340314
0.00835676075565291
0.0121134107116077
0.01005661793317343
-0.009180230296055927
-0.01278635772874014
-0.00976141452859342
-0.004965142409679567
0.0006790741351580133
0.006525227181972111
0.007694316297975167
0.01318505100721806
0.01971320699569737
0.01497536807815266
0.008029860044272984
0.003076212476384105
0.009863295977589977
0.02136065392849937
0
0
0
0
0
0
0
0
0
0
0
0
0
0
0
0
0
0
0
-0.00712680689535312
0.0100159875446829
0.01315812913120134
-0.001217268842725339
0.01032964092920911
0.01022446448331691
-0.005725638454074915
-0.00901994678914766
-0.007411728892472039
-0.004690659205359775
0.01207710717928691
0.01320203848187781
0.00455684843115834
-0.0043711869620688
1.057228594705123e-06
0.003198712683493508
0.01056526957322433
0.007211800027746142
0.003415853986874319
-0.0075378437348914
0.0113030076479917
-0.002478559700324827
0.01166848851038872
0.01957728853127883
0.01391061638036391
-0.0004974564210804016
-0.001163974285966129
0.008066505260683088
0.008419953420053371
0.003238431770041089
0.009096554429909162
0.01076122445525997
0.009668624897366166
-0.008841312763760503
-0.01243431010534441
-0.009494533361896193
-0.00481882324929191
0.0008363510991444067
0.006531275179722545
0.007432746073534116
0.01353965042349271
0.01970585893917122
0.01463451046507303
0.007553628392251964
0.003352079731571087
0.01054107474234863
0.01903182756185249
0
0
0
0
0
0
0
0
0
0
0
0
0
0
0
0
0
0
0
-0.006998159522100351
0.01067173716879241
0.01281749540923285
-0.001085061152642377
0.0105757960979993
0.01022196232825707
-0.005569640940370334
-0.009047192522581059
-0.007113233846545306
-0.004192591943339745
0.01195221617069964
0.01320046941171544
0.004564784800784444
-0.004349065946035805
3.994051640603538e-05
0.003464096907477818
0.01065436178317512
0.00698679982903713
0.00365551163951472
-0.007430854949313009
0.01098253785478582
-0.002086152263678818
0.01095488794537664
0.02000987242742871
0.01372183871362077
-0.0004282243672999086
-0.0009116073758099635
0.008140898504658326
0.008385172999513787
0.003391200355687442
0.009208408513817117
0.01047525499486839
0.009717947361312576
-0.008793546072897132
-0.0123990461085802
-0.00945993796595467
-0.004788678110676989
0.0008461619623742229
0.006543936757719108
0.007373825279666099
0.01361173116364265
0.01968683093723095
0.01458275613743165
0.007453486534494872
0.003420218375299369
0.01073237594403417
0.01855249990205392
0
0
0
0
0
0
0
0
0
0
0
0
0
0
0
0
0
0
0
-0.006936171677311108
0.01041307654843334
0.01276328029691204
-0.00106051007908734
0.0105251935147521
0.01008809687885273
-0.005543043760753121
-0.009014119250484429
-0.00720720763708393
-0.004052132436618778
0.0119735377769158
0.01322378442369355
0.004506517814342264
-0.004345806121472598
3.133002403527609e-05
0.003340222169772589
0.01059543937571741
0.006946208284748831
0.003584122487695403
-0.007420797497128579
0.01086826841581752
-0.001976032820577711
0.01128875490498767
0.02002048601160723
0.01368073903428955
-0.0004436282483318878
-0.0009435549866799566
0.008172730236213612
0.008358434764720354
0.003475037110244839
0.009232208418276591
0.010421360847125
0.009607510265234638
-0.008781500646950329
-0.01238951771909427
-0.009448872255831462
-0.00479517257964548
0.0008363701988993036
0.006533192930445247
0.007393616774773423
0.01359926633962036
0.01966921243817687
0.01456486654998293
0.007473730732172096
0.003432358543751133
0.01074983961630565
0.01850329452606376
0
0
0
0
0
0
0
0
0
0
0
0
0
0
0
0
0
0
0
)
;

boundaryField
{
    inlet
    {
        type            cyclic;
    }
    outlet
    {
        type            cyclic;
    }
    bottomWall
    {
        type            zeroGradient;
    }
    topWall
    {
        type            zeroGradient;
    }
    left
    {
        type            cyclic;
    }
    right
    {
        type            cyclic;
    }
}


// ************************************************************************* //
