/*--------------------------------*- C++ -*----------------------------------*\
| =========                 |                                                 |
| \\      /  F ield         | OpenFOAM: The Open Source CFD Toolbox           |
|  \\    /   O peration     | Version:  v1812                                 |
|   \\  /    A nd           | Web:      www.OpenFOAM.com                      |
|    \\/     M anipulation  |                                                 |
\*---------------------------------------------------------------------------*/
FoamFile
{
    version     2.0;
    format      ascii;
    class       volScalarField;
    location    "20000";
    object      nut;
}
// * * * * * * * * * * * * * * * * * * * * * * * * * * * * * * * * * * * * * //

dimensions      [0 2 -1 0 0 0 0];


internalField   nonuniform List<scalar> 
3770
(
0.000142716147420629
0.0001427161474206291
0.000142716147420629
0.000142716147420629
0.0001427161474206292
0.000142716147420629
0.0001427161474206292
0.0001427161474206292
0.000142716147420629
0.0001427161474206293
0.0001427161474206289
0.0001427161474206293
0.000142716147420629
0.0001427161474206292
0.000142716147420629
0.0001427161474206287
0.0001427161474206296
0.0001427161474206286
0.0001427161474206296
0.0001427161474206291
0.0001427161474206289
0.0001427161474206294
0.0001427161474206288
0.0001427161474206291
0.000142716147420629
0.000142716147420629
0.0001427161474206291
0.000142716147420629
0.0001427161474206291
0.0001427161474206293
0.0001427161474206285
0.0001427161474206292
0.0001427161474206291
0.0001427161474206293
0.000142716147420629
0.0001427161474206288
0.0001427161474206291
0.0001427161474206296
0.0001427161474206291
0.0001427161474206291
0.0001427161474206285
0.000142716147420629
0.0001427161474206292
0.000142716147420629
0.000142716147420629
0.0001427161474206291
0.0001427161474206291
0.0001427161474206296
0.0001427161474206285
0.0001427161474206291
0.0001427161474206291
0.0001427161474206285
0.0001427161474206292
0.0001427161474206302
0.0001427161474206291
0.0001427161474206285
0.0001427161474206285
0.0001427161474206303
3.370697338684544e-05
3.370697338684569e-05
3.370697338684576e-05
3.370697338684572e-05
3.370697338684571e-05
3.370697338684572e-05
3.370697338684563e-05
3.37069733868456e-05
3.370697338684563e-05
3.370697338684586e-05
3.370697338684558e-05
3.370697338684573e-05
3.370697338684582e-05
3.370697338684573e-05
3.37069733868458e-05
3.370697338684575e-05
3.370697338684579e-05
3.370697338684559e-05
3.370697338684601e-05
3.370697338684557e-05
3.370697338684569e-05
3.370697338684584e-05
3.370697338684554e-05
3.370697338684552e-05
3.370697338684559e-05
3.370697338684565e-05
3.370697338684552e-05
3.370697338684568e-05
3.370697338684592e-05
3.37069733868457e-05
3.370697338684538e-05
3.370697338684557e-05
3.370697338684572e-05
3.370697338684563e-05
3.370697338684559e-05
3.370697338684559e-05
3.370697338684589e-05
3.370697338684585e-05
3.370697338684548e-05
3.370697338684542e-05
3.370697338684535e-05
3.370697338684563e-05
3.370697338684578e-05
3.370697338684595e-05
3.370697338684553e-05
3.370697338684563e-05
3.370697338684576e-05
3.370697338684597e-05
3.370697338684546e-05
3.370697338684567e-05
3.37069733868456e-05
3.370697338684519e-05
3.370697338684572e-05
3.370697338684567e-05
3.370697338684613e-05
3.370697338684508e-05
3.370697338684554e-05
3.370697338684591e-05
0.0001740104951471093
0.0001740104951471112
0.0001740104951471121
0.0001740104951471119
0.0001740104951471116
0.0001740104951471123
0.0001740104951471112
0.0001740104951471105
0.0001740104951471111
0.0001740104951471125
0.0001740104951471111
0.0001740104951471112
0.0001740104951471125
0.0001740104951471114
0.0001740104951471118
0.0001740104951471123
0.0001740104951471114
0.0001740104951471108
0.0001740104951471132
0.0001740104951471114
0.000174010495147112
0.0001740104951471115
0.0001740104951471111
0.0001740104951471111
0.0001740104951471104
0.0001740104951471113
0.0001740104951471113
0.0001740104951471114
0.0001740104951471128
0.0001740104951471121
0.0001740104951471091
0.0001740104951471105
0.0001740104951471116
0.0001740104951471119
0.0001740104951471102
0.0001740104951471108
0.0001740104951471118
0.0001740104951471128
0.0001740104951471101
0.0001740104951471103
0.000174010495147109
0.0001740104951471115
0.0001740104951471124
0.0001740104951471135
0.0001740104951471106
0.0001740104951471104
0.0001740104951471116
0.0001740104951471136
0.00017401049514711
0.0001740104951471118
0.0001740104951471121
0.0001740104951471085
0.0001740104951471098
0.0001740104951471108
0.0001740104951471147
0.0001740104951471077
0.0001740104951471106
0.0001740104951471123
0.000420024477510319
0.000420024477510321
0.0004200244775103223
0.0004200244775103218
0.0004200244775103217
0.0004200244775103221
0.0004200244775103217
0.0004200244775103199
0.0004200244775103217
0.0004200244775103224
0.0004200244775103212
0.0004200244775103222
0.0004200244775103232
0.0004200244775103213
0.0004200244775103218
0.0004200244775103239
0.0004200244775103214
0.0004200244775103212
0.0004200244775103246
0.0004200244775103222
0.0004200244775103223
0.000420024477510321
0.0004200244775103209
0.0004200244775103204
0.0004200244775103191
0.0004200244775103222
0.0004200244775103235
0.0004200244775103219
0.0004200244775103231
0.0004200244775103223
0.0004200244775103187
0.0004200244775103204
0.0004200244775103225
0.0004200244775103221
0.0004200244775103212
0.0004200244775103214
0.0004200244775103229
0.0004200244775103233
0.0004200244775103194
0.0004200244775103195
0.0004200244775103181
0.0004200244775103199
0.0004200244775103213
0.0004200244775103258
0.0004200244775103215
0.0004200244775103225
0.0004200244775103211
0.0004200244775103242
0.0004200244775103214
0.0004200244775103216
0.0004200244775103225
0.0004200244775103168
0.0004200244775103212
0.0004200244775103192
0.0004200244775103267
0.0004200244775103155
0.0004200244775103208
0.0004200244775103238
0.0006819896129622269
0.0006819896129622274
0.0006819896129622295
0.0006819896129622283
0.0006819896129622286
0.0006819896129622296
0.0006819896129622295
0.0006819896129622276
0.0006819896129622298
0.0006819896129622292
0.0006819896129622289
0.0006819896129622294
0.0006819896129622307
0.0006819896129622286
0.0006819896129622292
0.0006819896129622308
0.0006819896129622288
0.0006819896129622291
0.000681989612962233
0.000681989612962229
0.0006819896129622291
0.0006819896129622286
0.0006819896129622283
0.0006819896129622285
0.0006819896129622263
0.0006819896129622302
0.000681989612962231
0.000681989612962229
0.000681989612962231
0.0006819896129622307
0.0006819896129622259
0.0006819896129622271
0.0006819896129622301
0.0006819896129622304
0.0006819896129622296
0.0006819896129622296
0.0006819896129622301
0.0006819896129622306
0.0006819896129622272
0.0006819896129622266
0.000681989612962225
0.0006819896129622264
0.0006819896129622291
0.0006819896129622337
0.0006819896129622299
0.0006819896129622299
0.0006819896129622296
0.0006819896129622316
0.0006819896129622297
0.0006819896129622282
0.0006819896129622281
0.0006819896129622255
0.0006819896129622267
0.0006819896129622279
0.0006819896129622327
0.0006819896129622225
0.0006819896129622288
0.000681989612962231
0.0009344673373589608
0.0009344673373589609
0.000934467337358962
0.0009344673373589619
0.0009344673373589614
0.0009344673373589627
0.0009344673373589629
0.0009344673373589611
0.0009344673373589628
0.0009344673373589626
0.0009344673373589619
0.0009344673373589611
0.0009344673373589624
0.0009344673373589605
0.000934467337358962
0.0009344673373589636
0.0009344673373589618
0.0009344673373589635
0.0009344673373589666
0.000934467337358962
0.0009344673373589629
0.0009344673373589622
0.0009344673373589618
0.0009344673373589632
0.0009344673373589603
0.0009344673373589646
0.0009344673373589646
0.0009344673373589629
0.0009344673373589651
0.0009344673373589631
0.0009344673373589593
0.0009344673373589606
0.0009344673373589638
0.0009344673373589638
0.0009344673373589639
0.0009344673373589632
0.0009344673373589639
0.0009344673373589629
0.000934467337358961
0.000934467337358961
0.0009344673373589568
0.0009344673373589586
0.0009344673373589642
0.0009344673373589679
0.0009344673373589639
0.000934467337358966
0.0009344673373589628
0.0009344673373589646
0.0009344673373589633
0.0009344673373589612
0.0009344673373589606
0.00093446733735896
0.0009344673373589596
0.0009344673373589628
0.0009344673373589672
0.000934467337358956
0.0009344673373589633
0.0009344673373589655
0.001175230443485297
0.001175230443485297
0.001175230443485298
0.001175230443485299
0.001175230443485296
0.001175230443485298
0.001175230443485299
0.001175230443485297
0.001175230443485298
0.001175230443485299
0.001175230443485297
0.001175230443485298
0.001175230443485297
0.001175230443485296
0.001175230443485298
0.001175230443485298
0.001175230443485298
0.0011752304434853
0.001175230443485302
0.001175230443485298
0.001175230443485299
0.001175230443485299
0.001175230443485298
0.001175230443485298
0.001175230443485297
0.001175230443485301
0.001175230443485301
0.001175230443485299
0.001175230443485301
0.001175230443485298
0.001175230443485296
0.001175230443485297
0.0011752304434853
0.001175230443485299
0.001175230443485299
0.0011752304434853
0.001175230443485301
0.001175230443485298
0.001175230443485296
0.001175230443485297
0.001175230443485291
0.001175230443485296
0.0011752304434853
0.001175230443485305
0.001175230443485301
0.001175230443485303
0.001175230443485299
0.001175230443485301
0.001175230443485298
0.001175230443485298
0.001175230443485297
0.001175230443485296
0.001175230443485296
0.001175230443485299
0.001175230443485304
0.001175230443485293
0.001175230443485299
0.001175230443485301
0.001409961474208308
0.001409961474208308
0.001409961474208307
0.001409961474208309
0.001409961474208305
0.001409961474208307
0.001409961474208309
0.001409961474208307
0.001409961474208308
0.001409961474208308
0.001409961474208306
0.001409961474208306
0.001409961474208305
0.001409961474208306
0.001409961474208306
0.001409961474208306
0.001409961474208307
0.00140996147420831
0.001409961474208312
0.001409961474208309
0.001409961474208309
0.001409961474208309
0.001409961474208307
0.001409961474208307
0.001409961474208307
0.001409961474208311
0.00140996147420831
0.001409961474208308
0.00140996147420831
0.001409961474208308
0.001409961474208305
0.001409961474208308
0.00140996147420831
0.001409961474208309
0.001409961474208308
0.001409961474208309
0.001409961474208311
0.001409961474208308
0.001409961474208307
0.001409961474208308
0.001409961474208301
0.001409961474208306
0.00140996147420831
0.001409961474208315
0.001409961474208311
0.001409961474208313
0.001409961474208308
0.00140996147420831
0.001409961474208309
0.001409961474208308
0.001409961474208307
0.001409961474208306
0.001409961474208306
0.001409961474208309
0.001409961474208314
0.001409961474208304
0.001409961474208309
0.00140996147420831
0.001647130962108053
0.001647130962108052
0.00164713096210805
0.001647130962108052
0.001647130962108049
0.001647130962108051
0.001647130962108054
0.001647130962108052
0.001647130962108052
0.001647130962108052
0.00164713096210805
0.001647130962108049
0.001647130962108049
0.00164713096210805
0.001647130962108051
0.00164713096210805
0.001647130962108052
0.001647130962108056
0.001647130962108056
0.001647130962108054
0.001647130962108054
0.001647130962108054
0.00164713096210805
0.00164713096210805
0.001647130962108052
0.001647130962108056
0.001647130962108055
0.001647130962108054
0.001647130962108055
0.001647130962108052
0.00164713096210805
0.001647130962108053
0.001647130962108054
0.001647130962108054
0.001647130962108052
0.001647130962108055
0.001647130962108054
0.001647130962108052
0.001647130962108051
0.001647130962108052
0.001647130962108045
0.001647130962108051
0.001647130962108056
0.00164713096210806
0.001647130962108056
0.001647130962108059
0.001647130962108052
0.001647130962108054
0.001647130962108055
0.001647130962108053
0.001647130962108051
0.00164713096210805
0.00164713096210805
0.001647130962108054
0.001647130962108059
0.001647130962108049
0.001647130962108053
0.001647130962108054
0.001897434100761214
0.001897434100761213
0.00189743410076121
0.001897434100761212
0.001897434100761207
0.001897434100761211
0.001897434100761215
0.001897434100761212
0.001897434100761212
0.001897434100761211
0.00189743410076121
0.001897434100761209
0.001897434100761209
0.00189743410076121
0.001897434100761211
0.001897434100761209
0.001897434100761214
0.001897434100761217
0.001897434100761216
0.001897434100761215
0.001897434100761214
0.001897434100761214
0.001897434100761209
0.00189743410076121
0.001897434100761214
0.001897434100761216
0.001897434100761216
0.001897434100761214
0.001897434100761216
0.001897434100761213
0.001897434100761211
0.001897434100761214
0.001897434100761215
0.001897434100761215
0.001897434100761212
0.001897434100761216
0.001897434100761217
0.001897434100761213
0.001897434100761211
0.001897434100761212
0.001897434100761207
0.001897434100761211
0.001897434100761217
0.001897434100761221
0.001897434100761218
0.00189743410076122
0.001897434100761212
0.001897434100761214
0.001897434100761216
0.001897434100761215
0.001897434100761211
0.00189743410076121
0.001897434100761212
0.001897434100761216
0.00189743410076122
0.001897434100761212
0.001897434100761213
0.001897434100761215
0.002173841101393336
0.002173841101393336
0.002173841101393334
0.002173841101393335
0.002173841101393331
0.002173841101393333
0.002173841101393337
0.002173841101393336
0.002173841101393335
0.002173841101393333
0.002173841101393333
0.002173841101393332
0.002173841101393333
0.002173841101393333
0.002173841101393335
0.002173841101393331
0.002173841101393338
0.002173841101393342
0.002173841101393338
0.002173841101393339
0.002173841101393337
0.002173841101393338
0.002173841101393331
0.002173841101393333
0.00217384110139334
0.002173841101393341
0.002173841101393339
0.002173841101393339
0.002173841101393341
0.002173841101393335
0.002173841101393334
0.002173841101393337
0.002173841101393337
0.002173841101393337
0.002173841101393334
0.00217384110139334
0.002173841101393341
0.002173841101393335
0.002173841101393333
0.002173841101393334
0.002173841101393331
0.002173841101393333
0.002173841101393341
0.002173841101393347
0.002173841101393341
0.002173841101393343
0.002173841101393336
0.002173841101393337
0.002173841101393339
0.00217384110139334
0.002173841101393334
0.002173841101393332
0.002173841101393337
0.002173841101393341
0.002173841101393344
0.002173841101393336
0.002173841101393338
0.002173841101393337
0.002490664460609255
0.002490664460609253
0.002490664460609252
0.002490664460609251
0.00249066446060925
0.002490664460609252
0.002490664460609255
0.002490664460609254
0.002490664460609253
0.002490664460609252
0.002490664460609253
0.002490664460609251
0.002490664460609252
0.002490664460609251
0.002490664460609252
0.002490664460609249
0.002490664460609258
0.002490664460609261
0.002490664460609258
0.002490664460609259
0.002490664460609256
0.002490664460609257
0.002490664460609251
0.002490664460609252
0.00249066446060926
0.002490664460609261
0.002490664460609257
0.002490664460609257
0.00249066446060926
0.002490664460609254
0.002490664460609254
0.002490664460609257
0.002490664460609256
0.002490664460609257
0.00249066446060925
0.002490664460609258
0.00249066446060926
0.002490664460609253
0.00249066446060925
0.002490664460609251
0.002490664460609249
0.002490664460609252
0.00249066446060926
0.002490664460609268
0.002490664460609261
0.002490664460609261
0.002490664460609254
0.002490664460609256
0.002490664460609258
0.002490664460609258
0.002490664460609253
0.002490664460609252
0.002490664460609258
0.002490664460609263
0.002490664460609263
0.002490664460609255
0.002490664460609258
0.002490664460609256
0.002861138630867093
0.002861138630867088
0.002861138630867088
0.002861138630867086
0.002861138630867086
0.00286113863086709
0.002861138630867091
0.002861138630867092
0.002861138630867089
0.002861138630867089
0.002861138630867088
0.002861138630867088
0.002861138630867088
0.002861138630867088
0.002861138630867088
0.002861138630867083
0.002861138630867094
0.002861138630867098
0.002861138630867095
0.002861138630867096
0.002861138630867093
0.002861138630867094
0.002861138630867088
0.002861138630867091
0.002861138630867098
0.002861138630867097
0.002861138630867092
0.002861138630867094
0.002861138630867098
0.00286113863086709
0.002861138630867093
0.002861138630867095
0.002861138630867092
0.002861138630867093
0.002861138630867087
0.002861138630867096
0.002861138630867097
0.002861138630867089
0.002861138630867088
0.002861138630867086
0.002861138630867085
0.00286113863086709
0.002861138630867099
0.002861138630867106
0.0028611386308671
0.0028611386308671
0.002861138630867091
0.002861138630867093
0.002861138630867095
0.002861138630867096
0.002861138630867088
0.002861138630867088
0.002861138630867096
0.002861138630867103
0.002861138630867102
0.002861138630867091
0.002861138630867096
0.002861138630867093
0.003293880395586698
0.003293880395586695
0.003293880395586696
0.003293880395586693
0.003293880395586693
0.003293880395586695
0.003293880395586697
0.003293880395586697
0.003293880395586696
0.003293880395586695
0.003293880395586695
0.003293880395586695
0.003293880395586692
0.003293880395586693
0.003293880395586694
0.00329388039558669
0.003293880395586698
0.003293880395586704
0.0032938803955867
0.0032938803955867
0.0032938803955867
0.003293880395586701
0.003293880395586695
0.003293880395586697
0.003293880395586705
0.003293880395586704
0.003293880395586698
0.0032938803955867
0.003293880395586703
0.003293880395586696
0.003293880395586699
0.003293880395586701
0.003293880395586698
0.003293880395586697
0.003293880395586696
0.003293880395586702
0.003293880395586703
0.003293880395586697
0.003293880395586695
0.00329388039558669
0.00329388039558669
0.003293880395586697
0.003293880395586706
0.003293880395586713
0.003293880395586708
0.003293880395586709
0.0032938803955867
0.003293880395586698
0.0032938803955867
0.003293880395586704
0.003293880395586694
0.003293880395586696
0.003293880395586705
0.003293880395586709
0.003293880395586708
0.003293880395586699
0.0032938803955867
0.003293880395586699
0.003789478987465032
0.003789478987465029
0.00378947898746503
0.003789478987465026
0.003789478987465028
0.003789478987465031
0.003789478987465031
0.003789478987465029
0.00378947898746503
0.003789478987465029
0.003789478987465027
0.003789478987465029
0.003789478987465026
0.003789478987465027
0.003789478987465027
0.003789478987465022
0.003789478987465032
0.003789478987465037
0.003789478987465035
0.003789478987465032
0.003789478987465036
0.003789478987465037
0.003789478987465031
0.003789478987465033
0.003789478987465039
0.003789478987465038
0.003789478987465033
0.003789478987465034
0.003789478987465037
0.003789478987465031
0.003789478987465034
0.003789478987465034
0.003789478987465032
0.003789478987465032
0.00378947898746503
0.003789478987465037
0.003789478987465039
0.003789478987465032
0.003789478987465031
0.003789478987465023
0.003789478987465024
0.003789478987465035
0.003789478987465044
0.003789478987465045
0.00378947898746504
0.003789478987465044
0.003789478987465034
0.003789478987465035
0.003789478987465037
0.00378947898746504
0.003789478987465028
0.003789478987465034
0.003789478987465043
0.003789478987465044
0.003789478987465041
0.003789478987465034
0.003789478987465033
0.003789478987465031
0.004338916315647467
0.004338916315647466
0.004338916315647467
0.004338916315647465
0.004338916315647466
0.004338916315647466
0.004338916315647464
0.004338916315647466
0.004338916315647465
0.004338916315647466
0.004338916315647464
0.004338916315647465
0.004338916315647463
0.004338916315647466
0.004338916315647465
0.004338916315647456
0.004338916315647465
0.004338916315647474
0.004338916315647476
0.004338916315647472
0.004338916315647477
0.004338916315647477
0.004338916315647473
0.004338916315647472
0.004338916315647476
0.004338916315647475
0.004338916315647471
0.004338916315647473
0.004338916315647473
0.004338916315647471
0.004338916315647472
0.004338916315647472
0.00433891631564747
0.00433891631564747
0.004338916315647469
0.004338916315647475
0.004338916315647477
0.004338916315647472
0.004338916315647472
0.00433891631564746
0.004338916315647465
0.004338916315647479
0.004338916315647485
0.004338916315647481
0.004338916315647478
0.00433891631564748
0.004338916315647473
0.004338916315647474
0.004338916315647477
0.004338916315647481
0.004338916315647467
0.004338916315647473
0.004338916315647486
0.004338916315647486
0.004338916315647482
0.004338916315647473
0.004338916315647472
0.004338916315647466
0.004924948398198859
0.004924948398198858
0.004924948398198861
0.004924948398198858
0.004924948398198859
0.004924948398198862
0.004924948398198859
0.004924948398198859
0.004924948398198858
0.004924948398198857
0.004924948398198858
0.004924948398198857
0.004924948398198854
0.004924948398198857
0.004924948398198856
0.004924948398198848
0.004924948398198856
0.004924948398198868
0.004924948398198869
0.004924948398198861
0.00492494839819887
0.00492494839819887
0.004924948398198863
0.004924948398198862
0.004924948398198866
0.004924948398198869
0.004924948398198864
0.004924948398198864
0.004924948398198862
0.00492494839819886
0.004924948398198862
0.004924948398198862
0.004924948398198863
0.004924948398198862
0.004924948398198859
0.004924948398198866
0.00492494839819887
0.004924948398198865
0.004924948398198866
0.004924948398198855
0.004924948398198859
0.004924948398198873
0.004924948398198879
0.004924948398198875
0.00492494839819887
0.004924948398198872
0.004924948398198865
0.004924948398198867
0.004924948398198871
0.004924948398198875
0.004924948398198862
0.004924948398198867
0.00492494839819888
0.004924948398198879
0.004924948398198878
0.004924948398198865
0.004924948398198868
0.004924948398198863
0.005526048195718994
0.005526048195718992
0.005526048195718994
0.005526048195718991
0.005526048195718991
0.005526048195718994
0.005526048195718994
0.005526048195718993
0.00552604819571899
0.00552604819571899
0.005526048195718988
0.005526048195718988
0.005526048195718985
0.005526048195718986
0.005526048195718988
0.005526048195718978
0.005526048195718987
0.005526048195718997
0.005526048195719002
0.005526048195718994
0.005526048195719001
0.005526048195719002
0.005526048195718996
0.005526048195718994
0.005526048195718995
0.005526048195719
0.005526048195718995
0.005526048195718997
0.005526048195718996
0.005526048195718993
0.005526048195718992
0.005526048195718994
0.005526048195718994
0.005526048195718995
0.005526048195718989
0.005526048195718996
0.005526048195719001
0.005526048195718997
0.005526048195718995
0.005526048195718988
0.005526048195718996
0.005526048195719009
0.005526048195719008
0.005526048195719008
0.005526048195719005
0.005526048195719006
0.005526048195718998
0.005526048195718998
0.005526048195719003
0.005526048195719004
0.005526048195718996
0.005526048195719001
0.005526048195719013
0.005526048195719017
0.005526048195719013
0.005526048195719
0.005526048195719003
0.005526048195718995
0.006121105734203822
0.006121105734203819
0.006121105734203819
0.006121105734203815
0.006121105734203817
0.006121105734203813
0.006121105734203817
0.006121105734203815
0.006121105734203817
0.006121105734203816
0.006121105734203812
0.006121105734203811
0.00612110573420381
0.006121105734203811
0.006121105734203815
0.006121105734203805
0.006121105734203811
0.006121105734203822
0.006121105734203824
0.006121105734203819
0.006121105734203828
0.006121105734203824
0.006121105734203819
0.006121105734203817
0.006121105734203819
0.006121105734203824
0.006121105734203819
0.006121105734203821
0.00612110573420382
0.006121105734203816
0.006121105734203816
0.006121105734203818
0.00612110573420382
0.006121105734203817
0.006121105734203817
0.00612110573420382
0.006121105734203824
0.00612110573420382
0.006121105734203821
0.006121105734203815
0.006121105734203824
0.006121105734203834
0.006121105734203835
0.006121105734203836
0.006121105734203829
0.006121105734203831
0.006121105734203825
0.006121105734203826
0.006121105734203831
0.006121105734203829
0.006121105734203821
0.006121105734203824
0.006121105734203844
0.006121105734203846
0.006121105734203844
0.006121105734203829
0.00612110573420383
0.006121105734203825
0.006692946760300487
0.006692946760300483
0.006692946760300482
0.006692946760300481
0.006692946760300479
0.00669294676030048
0.006692946760300483
0.006692946760300479
0.006692946760300477
0.006692946760300478
0.006692946760300475
0.006692946760300474
0.00669294676030047
0.006692946760300474
0.006692946760300477
0.006692946760300469
0.006692946760300471
0.006692946760300482
0.006692946760300487
0.006692946760300481
0.006692946760300487
0.006692946760300485
0.006692946760300483
0.006692946760300478
0.006692946760300483
0.006692946760300486
0.006692946760300486
0.006692946760300483
0.006692946760300481
0.006692946760300476
0.006692946760300476
0.006692946760300481
0.006692946760300484
0.006692946760300483
0.006692946760300481
0.006692946760300483
0.006692946760300485
0.006692946760300487
0.006692946760300484
0.00669294676030048
0.006692946760300487
0.006692946760300497
0.006692946760300497
0.006692946760300495
0.006692946760300492
0.006692946760300492
0.006692946760300487
0.006692946760300494
0.006692946760300488
0.006692946760300493
0.006692946760300486
0.006692946760300488
0.006692946760300507
0.00669294676030051
0.006692946760300511
0.006692946760300498
0.006692946760300496
0.006692946760300494
0.0072297776811481
0.007229777681148096
0.007229777681148093
0.007229777681148097
0.007229777681148093
0.007229777681148091
0.007229777681148094
0.00722977768114809
0.007229777681148088
0.007229777681148094
0.007229777681148089
0.007229777681148087
0.007229777681148083
0.007229777681148087
0.007229777681148092
0.007229777681148084
0.007229777681148084
0.007229777681148095
0.007229777681148097
0.007229777681148093
0.007229777681148094
0.007229777681148098
0.007229777681148096
0.007229777681148093
0.007229777681148095
0.007229777681148096
0.007229777681148099
0.007229777681148097
0.007229777681148093
0.007229777681148089
0.007229777681148085
0.007229777681148091
0.007229777681148095
0.007229777681148097
0.007229777681148095
0.007229777681148095
0.007229777681148092
0.007229777681148097
0.007229777681148099
0.007229777681148094
0.007229777681148096
0.007229777681148109
0.007229777681148109
0.007229777681148109
0.007229777681148106
0.007229777681148106
0.007229777681148104
0.007229777681148105
0.007229777681148102
0.007229777681148104
0.0072297776811481
0.007229777681148099
0.007229777681148117
0.007229777681148126
0.007229777681148126
0.007229777681148113
0.00722977768114811
0.007229777681148108
0.007724845373115963
0.007724845373115958
0.007724845373115956
0.007724845373115958
0.007724845373115952
0.00772484537311595
0.007724845373115951
0.007724845373115945
0.007724845373115945
0.00772484537311595
0.007724845373115949
0.007724845373115945
0.007724845373115942
0.007724845373115945
0.007724845373115946
0.007724845373115942
0.007724845373115943
0.007724845373115952
0.007724845373115952
0.007724845373115951
0.007724845373115948
0.007724845373115952
0.007724845373115954
0.007724845373115952
0.007724845373115954
0.007724845373115953
0.007724845373115955
0.007724845373115953
0.00772484537311595
0.007724845373115951
0.007724845373115945
0.007724845373115948
0.007724845373115952
0.007724845373115957
0.007724845373115953
0.007724845373115955
0.007724845373115951
0.007724845373115957
0.007724845373115959
0.007724845373115951
0.007724845373115956
0.007724845373115964
0.007724845373115969
0.007724845373115965
0.007724845373115965
0.007724845373115964
0.007724845373115967
0.007724845373115965
0.00772484537311596
0.007724845373115964
0.007724845373115962
0.007724845373115962
0.007724845373115977
0.007724845373115986
0.007724845373115985
0.007724845373115977
0.007724845373115974
0.007724845373115971
0.008175159722827655
0.00817515972282765
0.00817515972282765
0.008175159722827646
0.008175159722827641
0.008175159722827638
0.008175159722827639
0.008175159722827632
0.008175159722827632
0.008175159722827638
0.008175159722827636
0.008175159722827634
0.008175159722827629
0.008175159722827632
0.008175159722827636
0.008175159722827629
0.008175159722827636
0.008175159722827639
0.008175159722827638
0.008175159722827636
0.008175159722827639
0.008175159722827643
0.008175159722827641
0.008175159722827643
0.008175159722827643
0.008175159722827641
0.008175159722827641
0.008175159722827643
0.008175159722827641
0.008175159722827643
0.008175159722827636
0.008175159722827639
0.008175159722827641
0.008175159722827643
0.008175159722827639
0.008175159722827641
0.008175159722827639
0.008175159722827645
0.008175159722827646
0.008175159722827641
0.008175159722827645
0.008175159722827653
0.008175159722827657
0.008175159722827658
0.008175159722827657
0.008175159722827655
0.008175159722827655
0.008175159722827651
0.008175159722827648
0.008175159722827653
0.008175159722827653
0.008175159722827651
0.008175159722827665
0.008175159722827676
0.008175159722827676
0.008175159722827669
0.008175159722827667
0.008175159722827664
0.008580060376390851
0.008580060376390844
0.008580060376390839
0.008580060376390837
0.008580060376390834
0.008580060376390827
0.008580060376390829
0.008580060376390825
0.008580060376390825
0.008580060376390827
0.008580060376390829
0.008580060376390827
0.00858006037639082
0.008580060376390825
0.008580060376390825
0.00858006037639082
0.008580060376390829
0.008580060376390832
0.008580060376390825
0.008580060376390827
0.00858006037639083
0.008580060376390834
0.008580060376390832
0.008580060376390834
0.008580060376390834
0.008580060376390829
0.008580060376390834
0.008580060376390836
0.008580060376390834
0.008580060376390834
0.008580060376390827
0.00858006037639083
0.008580060376390832
0.008580060376390836
0.00858006037639083
0.008580060376390834
0.008580060376390832
0.008580060376390836
0.008580060376390839
0.008580060376390836
0.008580060376390836
0.008580060376390841
0.008580060376390848
0.008580060376390848
0.008580060376390848
0.008580060376390846
0.008580060376390846
0.008580060376390843
0.008580060376390841
0.008580060376390844
0.008580060376390843
0.008580060376390846
0.008580060376390856
0.008580060376390869
0.008580060376390869
0.008580060376390863
0.008580060376390863
0.008580060376390863
0.00894006754412076
0.00894006754412075
0.008940067544120746
0.008940067544120741
0.008940067544120739
0.008940067544120734
0.008940067544120738
0.008940067544120734
0.008940067544120734
0.008940067544120734
0.008940067544120736
0.008940067544120731
0.008940067544120727
0.008940067544120727
0.008940067544120731
0.008940067544120722
0.008940067544120729
0.008940067544120736
0.008940067544120731
0.008940067544120731
0.008940067544120736
0.008940067544120738
0.008940067544120738
0.008940067544120738
0.008940067544120739
0.008940067544120736
0.008940067544120741
0.008940067544120739
0.008940067544120739
0.008940067544120741
0.008940067544120734
0.008940067544120741
0.008940067544120738
0.008940067544120741
0.008940067544120736
0.008940067544120736
0.008940067544120734
0.008940067544120741
0.008940067544120744
0.008940067544120743
0.008940067544120741
0.008940067544120746
0.008940067544120753
0.008940067544120751
0.008940067544120755
0.008940067544120751
0.008940067544120748
0.008940067544120746
0.008940067544120746
0.008940067544120751
0.008940067544120746
0.00894006754412075
0.008940067544120762
0.008940067544120772
0.00894006754412077
0.00894006754412077
0.00894006754412077
0.008940067544120772
0.009256134614881846
0.009256134614881834
0.009256134614881825
0.009256134614881823
0.00925613461488182
0.009256134614881818
0.009256134614881817
0.009256134614881817
0.009256134614881811
0.009256134614881815
0.009256134614881815
0.009256134614881811
0.009256134614881808
0.00925613461488181
0.009256134614881813
0.009256134614881803
0.00925613461488181
0.009256134614881817
0.00925613461488181
0.009256134614881811
0.009256134614881818
0.009256134614881818
0.009256134614881818
0.009256134614881818
0.009256134614881818
0.009256134614881817
0.00925613461488182
0.00925613461488182
0.009256134614881822
0.00925613461488182
0.009256134614881815
0.009256134614881822
0.009256134614881817
0.009256134614881822
0.009256134614881818
0.009256134614881815
0.009256134614881817
0.00925613461488182
0.009256134614881825
0.00925613461488182
0.009256134614881822
0.00925613461488183
0.009256134614881832
0.009256134614881832
0.009256134614881836
0.009256134614881829
0.00925613461488183
0.00925613461488183
0.009256134614881827
0.00925613461488183
0.009256134614881825
0.009256134614881829
0.009256134614881839
0.009256134614881851
0.009256134614881855
0.009256134614881851
0.009256134614881851
0.009256134614881855
0.009529236791931895
0.009529236791931876
0.009529236791931867
0.009529236791931866
0.00952923679193186
0.009529236791931859
0.009529236791931859
0.009529236791931855
0.009529236791931852
0.009529236791931855
0.009529236791931857
0.009529236791931852
0.009529236791931848
0.009529236791931848
0.009529236791931853
0.009529236791931843
0.00952923679193185
0.009529236791931855
0.009529236791931848
0.00952923679193185
0.009529236791931857
0.009529236791931859
0.009529236791931859
0.009529236791931855
0.009529236791931857
0.009529236791931853
0.009529236791931859
0.009529236791931862
0.00952923679193186
0.009529236791931859
0.009529236791931853
0.00952923679193186
0.009529236791931857
0.009529236791931862
0.009529236791931857
0.009529236791931855
0.009529236791931855
0.009529236791931859
0.009529236791931862
0.009529236791931864
0.009529236791931864
0.009529236791931869
0.009529236791931869
0.009529236791931872
0.009529236791931876
0.009529236791931867
0.009529236791931867
0.009529236791931871
0.009529236791931869
0.009529236791931867
0.009529236791931869
0.009529236791931869
0.009529236791931878
0.009529236791931886
0.009529236791931892
0.009529236791931888
0.009529236791931892
0.009529236791931898
0.009760175470460071
0.009760175470460056
0.009760175470460045
0.00976017547046004
0.009760175470460035
0.009760175470460033
0.009760175470460031
0.00976017547046003
0.009760175470460023
0.009760175470460028
0.009760175470460031
0.009760175470460023
0.009760175470460025
0.009760175470460019
0.009760175470460025
0.009760175470460016
0.009760175470460025
0.009760175470460028
0.009760175470460026
0.009760175470460023
0.00976017547046003
0.009760175470460031
0.009760175470460033
0.00976017547046003
0.009760175470460031
0.00976017547046003
0.009760175470460035
0.009760175470460038
0.009760175470460035
0.009760175470460035
0.009760175470460025
0.009760175470460031
0.009760175470460031
0.009760175470460035
0.009760175470460031
0.009760175470460031
0.00976017547046003
0.009760175470460033
0.009760175470460033
0.009760175470460037
0.00976017547046004
0.009760175470460045
0.009760175470460042
0.009760175470460047
0.009760175470460051
0.009760175470460042
0.009760175470460042
0.009760175470460045
0.009760175470460042
0.009760175470460038
0.009760175470460042
0.00976017547046004
0.009760175470460052
0.009760175470460057
0.009760175470460063
0.009760175470460059
0.009760175470460064
0.009760175470460075
0.009949495036885773
0.009949495036885758
0.009949495036885745
0.009949495036885745
0.009949495036885735
0.00994949503688573
0.00994949503688573
0.009949495036885726
0.009949495036885725
0.009949495036885726
0.009949495036885728
0.009949495036885721
0.009949495036885721
0.009949495036885721
0.009949495036885725
0.009949495036885718
0.009949495036885719
0.009949495036885728
0.009949495036885726
0.009949495036885719
0.00994949503688573
0.00994949503688573
0.009949495036885726
0.00994949503688573
0.009949495036885731
0.009949495036885731
0.009949495036885733
0.009949495036885737
0.009949495036885733
0.009949495036885733
0.009949495036885723
0.00994949503688573
0.009949495036885731
0.009949495036885737
0.009949495036885731
0.009949495036885731
0.009949495036885731
0.009949495036885733
0.009949495036885731
0.009949495036885737
0.009949495036885738
0.009949495036885744
0.009949495036885742
0.009949495036885749
0.009949495036885749
0.009949495036885738
0.00994949503688574
0.009949495036885745
0.009949495036885737
0.009949495036885735
0.009949495036885742
0.009949495036885738
0.009949495036885749
0.009949495036885756
0.009949495036885759
0.009949495036885759
0.009949495036885761
0.009949495036885775
0.01009744599316017
0.01009744599316016
0.01009744599316015
0.01009744599316015
0.01009744599316014
0.01009744599316013
0.01009744599316013
0.01009744599316013
0.01009744599316013
0.01009744599316013
0.01009744599316013
0.01009744599316012
0.01009744599316013
0.01009744599316013
0.01009744599316012
0.01009744599316012
0.01009744599316012
0.01009744599316013
0.01009744599316013
0.01009744599316012
0.01009744599316013
0.01009744599316013
0.01009744599316013
0.01009744599316013
0.01009744599316014
0.01009744599316013
0.01009744599316013
0.01009744599316014
0.01009744599316014
0.01009744599316013
0.01009744599316013
0.01009744599316013
0.01009744599316013
0.01009744599316014
0.01009744599316013
0.01009744599316014
0.01009744599316014
0.01009744599316013
0.01009744599316013
0.01009744599316014
0.01009744599316014
0.01009744599316015
0.01009744599316014
0.01009744599316015
0.01009744599316015
0.01009744599316014
0.01009744599316014
0.01009744599316015
0.01009744599316014
0.01009744599316014
0.01009744599316014
0.01009744599316014
0.01009744599316015
0.01009744599316016
0.01009744599316016
0.01009744599316016
0.01009744599316016
0.01009744599316018
0.01020395927429361
0.01020395927429359
0.01020395927429358
0.01020395927429358
0.01020395927429357
0.01020395927429357
0.01020395927429356
0.01020395927429356
0.01020395927429356
0.01020395927429356
0.01020395927429356
0.01020395927429356
0.01020395927429355
0.01020395927429355
0.01020395927429355
0.01020395927429355
0.01020395927429355
0.01020395927429356
0.01020395927429356
0.01020395927429355
0.01020395927429356
0.01020395927429356
0.01020395927429355
0.01020395927429356
0.01020395927429357
0.01020395927429356
0.01020395927429356
0.01020395927429357
0.01020395927429357
0.01020395927429356
0.01020395927429356
0.01020395927429356
0.01020395927429356
0.01020395927429356
0.01020395927429356
0.01020395927429356
0.01020395927429356
0.01020395927429356
0.01020395927429356
0.01020395927429356
0.01020395927429356
0.01020395927429357
0.01020395927429357
0.01020395927429357
0.01020395927429358
0.01020395927429357
0.01020395927429357
0.01020395927429357
0.01020395927429357
0.01020395927429356
0.01020395927429357
0.01020395927429357
0.01020395927429358
0.01020395927429358
0.01020395927429359
0.01020395927429359
0.01020395927429359
0.01020395927429361
0.01026861475265617
0.01026861475265616
0.01026861475265615
0.01026861475265614
0.01026861475265613
0.01026861475265614
0.01026861475265613
0.01026861475265613
0.01026861475265612
0.01026861475265612
0.01026861475265613
0.01026861475265612
0.01026861475265612
0.01026861475265612
0.01026861475265611
0.01026861475265611
0.01026861475265611
0.01026861475265612
0.01026861475265612
0.01026861475265612
0.01026861475265612
0.01026861475265613
0.01026861475265612
0.01026861475265613
0.01026861475265613
0.01026861475265613
0.01026861475265613
0.01026861475265613
0.01026861475265613
0.01026861475265613
0.01026861475265613
0.01026861475265613
0.01026861475265613
0.01026861475265613
0.01026861475265613
0.01026861475265613
0.01026861475265613
0.01026861475265613
0.01026861475265613
0.01026861475265613
0.01026861475265613
0.01026861475265614
0.01026861475265613
0.01026861475265614
0.01026861475265615
0.01026861475265613
0.01026861475265614
0.01026861475265614
0.01026861475265613
0.01026861475265613
0.01026861475265614
0.01026861475265614
0.01026861475265614
0.01026861475265615
0.01026861475265615
0.01026861475265615
0.01026861475265615
0.01026861475265617
0.01029059473380073
0.01029059473380072
0.01029059473380071
0.0102905947338007
0.01029059473380069
0.0102905947338007
0.01029059473380069
0.01029059473380069
0.01029059473380068
0.01029059473380068
0.01029059473380069
0.01029059473380068
0.01029059473380068
0.01029059473380067
0.01029059473380067
0.01029059473380067
0.01029059473380067
0.01029059473380067
0.01029059473380068
0.01029059473380067
0.01029059473380068
0.01029059473380068
0.01029059473380068
0.01029059473380069
0.01029059473380069
0.01029059473380069
0.01029059473380069
0.01029059473380069
0.01029059473380069
0.01029059473380069
0.01029059473380068
0.01029059473380069
0.01029059473380069
0.01029059473380069
0.01029059473380069
0.01029059473380069
0.01029059473380069
0.01029059473380069
0.01029059473380069
0.01029059473380069
0.01029059473380069
0.0102905947338007
0.0102905947338007
0.0102905947338007
0.0102905947338007
0.0102905947338007
0.01029059473380069
0.01029059473380069
0.01029059473380069
0.01029059473380069
0.01029059473380069
0.0102905947338007
0.0102905947338007
0.0102905947338007
0.01029059473380071
0.01029059473380071
0.01029059473380071
0.01029059473380072
0.01026861475264317
0.01026861475264316
0.01026861475264315
0.01026861475264314
0.01026861475264314
0.01026861475264314
0.01026861475264313
0.01026861475264313
0.01026861475264313
0.01026861475264312
0.01026861475264312
0.01026861475264313
0.01026861475264312
0.01026861475264312
0.01026861475264312
0.01026861475264312
0.01026861475264312
0.01026861475264312
0.01026861475264312
0.01026861475264312
0.01026861475264313
0.01026861475264313
0.01026861475264312
0.01026861475264313
0.01026861475264313
0.01026861475264313
0.01026861475264313
0.01026861475264313
0.01026861475264313
0.01026861475264313
0.01026861475264313
0.01026861475264313
0.01026861475264313
0.01026861475264313
0.01026861475264313
0.01026861475264313
0.01026861475264313
0.01026861475264313
0.01026861475264313
0.01026861475264314
0.01026861475264313
0.01026861475264314
0.01026861475264314
0.01026861475264314
0.01026861475264314
0.01026861475264314
0.01026861475264314
0.01026861475264314
0.01026861475264313
0.01026861475264313
0.01026861475264314
0.01026861475264314
0.01026861475264315
0.01026861475264315
0.01026861475264316
0.01026861475264316
0.01026861475264315
0.01026861475264317
0.01020395927426768
0.01020395927426767
0.01020395927426767
0.01020395927426765
0.01020395927426765
0.01020395927426765
0.01020395927426764
0.01020395927426764
0.01020395927426763
0.01020395927426763
0.01020395927426763
0.01020395927426764
0.01020395927426763
0.01020395927426763
0.01020395927426763
0.01020395927426763
0.01020395927426763
0.01020395927426763
0.01020395927426763
0.01020395927426763
0.01020395927426763
0.01020395927426764
0.01020395927426764
0.01020395927426764
0.01020395927426764
0.01020395927426764
0.01020395927426764
0.01020395927426764
0.01020395927426764
0.01020395927426764
0.01020395927426763
0.01020395927426764
0.01020395927426764
0.01020395927426765
0.01020395927426764
0.01020395927426764
0.01020395927426764
0.01020395927426764
0.01020395927426764
0.01020395927426765
0.01020395927426764
0.01020395927426765
0.01020395927426765
0.01020395927426764
0.01020395927426765
0.01020395927426765
0.01020395927426765
0.01020395927426765
0.01020395927426764
0.01020395927426764
0.01020395927426765
0.01020395927426765
0.01020395927426765
0.01020395927426765
0.01020395927426767
0.01020395927426767
0.01020395927426766
0.01020395927426767
0.01009744599312148
0.01009744599312148
0.01009744599312147
0.01009744599312146
0.01009744599312145
0.01009744599312145
0.01009744599312145
0.01009744599312144
0.01009744599312144
0.01009744599312144
0.01009744599312144
0.01009744599312144
0.01009744599312144
0.01009744599312144
0.01009744599312144
0.01009744599312143
0.01009744599312143
0.01009744599312143
0.01009744599312144
0.01009744599312144
0.01009744599312144
0.01009744599312144
0.01009744599312144
0.01009744599312145
0.01009744599312145
0.01009744599312145
0.01009744599312145
0.01009744599312144
0.01009744599312145
0.01009744599312145
0.01009744599312144
0.01009744599312144
0.01009744599312144
0.01009744599312145
0.01009744599312144
0.01009744599312145
0.01009744599312144
0.01009744599312144
0.01009744599312144
0.01009744599312145
0.01009744599312144
0.01009744599312145
0.01009744599312145
0.01009744599312145
0.01009744599312145
0.01009744599312145
0.01009744599312145
0.01009744599312145
0.01009744599312144
0.01009744599312144
0.01009744599312145
0.01009744599312145
0.01009744599312145
0.01009744599312146
0.01009744599312147
0.01009744599312147
0.01009744599312147
0.01009744599312148
0.009949495036834564
0.009949495036834557
0.00994949503683455
0.009949495036834542
0.009949495036834536
0.009949495036834535
0.009949495036834536
0.009949495036834529
0.009949495036834526
0.009949495036834526
0.009949495036834524
0.009949495036834522
0.009949495036834522
0.009949495036834517
0.009949495036834519
0.009949495036834512
0.009949495036834514
0.009949495036834512
0.009949495036834521
0.009949495036834516
0.009949495036834521
0.009949495036834522
0.009949495036834526
0.009949495036834528
0.009949495036834531
0.009949495036834533
0.009949495036834531
0.009949495036834526
0.009949495036834529
0.009949495036834533
0.009949495036834521
0.009949495036834524
0.009949495036834526
0.009949495036834533
0.009949495036834529
0.009949495036834529
0.009949495036834529
0.009949495036834528
0.009949495036834531
0.009949495036834533
0.009949495036834526
0.009949495036834536
0.009949495036834536
0.009949495036834535
0.009949495036834536
0.009949495036834535
0.009949495036834535
0.009949495036834533
0.009949495036834526
0.009949495036834528
0.009949495036834531
0.009949495036834531
0.009949495036834531
0.009949495036834538
0.009949495036834543
0.009949495036834548
0.009949495036834545
0.009949495036834557
0.009760175470396695
0.00976017547039669
0.009760175470396685
0.009760175470396678
0.009760175470396674
0.009760175470396669
0.009760175470396674
0.009760175470396667
0.009760175470396664
0.00976017547039666
0.009760175470396662
0.009760175470396657
0.009760175470396662
0.009760175470396653
0.009760175470396655
0.00976017547039665
0.009760175470396652
0.00976017547039665
0.009760175470396655
0.009760175470396655
0.009760175470396662
0.009760175470396662
0.009760175470396662
0.009760175470396665
0.009760175470396667
0.009760175470396669
0.009760175470396665
0.009760175470396665
0.009760175470396667
0.009760175470396669
0.00976017547039666
0.00976017547039666
0.009760175470396665
0.009760175470396671
0.009760175470396665
0.009760175470396665
0.009760175470396665
0.009760175470396664
0.009760175470396669
0.009760175470396669
0.009760175470396665
0.009760175470396672
0.009760175470396671
0.009760175470396671
0.009760175470396671
0.009760175470396669
0.009760175470396672
0.009760175470396669
0.009760175470396667
0.009760175470396662
0.009760175470396669
0.009760175470396664
0.009760175470396667
0.009760175470396674
0.009760175470396679
0.009760175470396683
0.009760175470396679
0.00976017547039669
0.009529236791856809
0.009529236791856808
0.009529236791856804
0.009529236791856799
0.009529236791856792
0.00952923679185679
0.009529236791856792
0.009529236791856787
0.009529236791856785
0.009529236791856785
0.009529236791856787
0.00952923679185678
0.00952923679185678
0.009529236791856778
0.009529236791856776
0.009529236791856768
0.009529236791856773
0.009529236791856769
0.009529236791856775
0.009529236791856776
0.009529236791856781
0.009529236791856781
0.009529236791856785
0.009529236791856783
0.009529236791856783
0.009529236791856788
0.009529236791856783
0.009529236791856783
0.009529236791856788
0.009529236791856787
0.009529236791856781
0.00952923679185678
0.009529236791856783
0.00952923679185679
0.009529236791856787
0.009529236791856785
0.009529236791856787
0.009529236791856788
0.009529236791856792
0.00952923679185679
0.009529236791856787
0.009529236791856788
0.009529236791856787
0.009529236791856792
0.009529236791856792
0.009529236791856792
0.009529236791856794
0.00952923679185679
0.009529236791856787
0.009529236791856783
0.009529236791856785
0.009529236791856781
0.009529236791856785
0.009529236791856788
0.009529236791856795
0.009529236791856797
0.009529236791856797
0.009529236791856804
0.009256134614795639
0.009256134614795639
0.009256134614795632
0.009256134614795629
0.009256134614795623
0.009256134614795623
0.00925613461479562
0.00925613461479562
0.009256134614795616
0.00925613461479562
0.009256134614795616
0.009256134614795611
0.009256134614795613
0.009256134614795608
0.009256134614795603
0.009256134614795603
0.009256134614795604
0.009256134614795606
0.009256134614795606
0.009256134614795611
0.009256134614795613
0.009256134614795613
0.009256134614795616
0.009256134614795615
0.009256134614795616
0.009256134614795618
0.009256134614795616
0.00925613461479562
0.009256134614795623
0.00925613461479562
0.009256134614795609
0.009256134614795613
0.009256134614795616
0.009256134614795625
0.009256134614795622
0.009256134614795618
0.00925613461479562
0.00925613461479562
0.009256134614795625
0.009256134614795622
0.009256134614795618
0.009256134614795618
0.009256134614795622
0.009256134614795623
0.009256134614795622
0.009256134614795627
0.009256134614795627
0.009256134614795623
0.009256134614795615
0.009256134614795611
0.009256134614795616
0.009256134614795613
0.009256134614795615
0.009256134614795622
0.009256134614795623
0.009256134614795622
0.009256134614795629
0.009256134614795632
0.008940067544024134
0.008940067544024132
0.008940067544024132
0.008940067544024129
0.008940067544024126
0.008940067544024119
0.00894006754402412
0.008940067544024122
0.008940067544024119
0.008940067544024119
0.008940067544024113
0.008940067544024113
0.008940067544024113
0.00894006754402411
0.008940067544024105
0.008940067544024101
0.008940067544024101
0.008940067544024105
0.008940067544024106
0.00894006754402411
0.008940067544024117
0.008940067544024115
0.008940067544024115
0.008940067544024113
0.008940067544024112
0.008940067544024117
0.008940067544024115
0.008940067544024117
0.008940067544024126
0.008940067544024122
0.008940067544024113
0.008940067544024113
0.008940067544024119
0.008940067544024124
0.008940067544024119
0.008940067544024117
0.008940067544024119
0.008940067544024119
0.008940067544024119
0.00894006754402412
0.008940067544024119
0.008940067544024119
0.00894006754402412
0.008940067544024124
0.00894006754402412
0.008940067544024126
0.008940067544024127
0.008940067544024124
0.008940067544024119
0.008940067544024112
0.008940067544024119
0.008940067544024112
0.008940067544024115
0.008940067544024119
0.00894006754402412
0.008940067544024117
0.008940067544024127
0.008940067544024129
0.008580060376284646
0.008580060376284645
0.008580060376284646
0.008580060376284648
0.008580060376284646
0.008580060376284636
0.008580060376284643
0.008580060376284643
0.008580060376284638
0.008580060376284639
0.008580060376284639
0.008580060376284639
0.008580060376284636
0.008580060376284631
0.008580060376284627
0.008580060376284624
0.008580060376284622
0.008580060376284624
0.008580060376284622
0.008580060376284632
0.008580060376284636
0.008580060376284639
0.008580060376284639
0.008580060376284638
0.008580060376284631
0.008580060376284639
0.008580060376284638
0.008580060376284636
0.008580060376284645
0.008580060376284643
0.008580060376284632
0.008580060376284632
0.008580060376284634
0.008580060376284643
0.008580060376284638
0.008580060376284639
0.008580060376284639
0.008580060376284645
0.008580060376284639
0.008580060376284645
0.008580060376284638
0.008580060376284636
0.008580060376284638
0.008580060376284646
0.008580060376284643
0.008580060376284648
0.008580060376284651
0.008580060376284646
0.008580060376284643
0.008580060376284632
0.008580060376284638
0.008580060376284636
0.008580060376284636
0.008580060376284638
0.008580060376284632
0.008580060376284632
0.008580060376284645
0.00858006037628465
0.008175159722712901
0.008175159722712901
0.008175159722712905
0.008175159722712908
0.008175159722712906
0.008175159722712901
0.008175159722712901
0.008175159722712905
0.008175159722712899
0.008175159722712901
0.008175159722712903
0.008175159722712898
0.008175159722712894
0.008175159722712893
0.008175159722712893
0.008175159722712887
0.008175159722712884
0.008175159722712884
0.008175159722712886
0.008175159722712893
0.008175159722712898
0.008175159722712903
0.008175159722712901
0.008175159722712899
0.008175159722712887
0.008175159722712894
0.008175159722712898
0.008175159722712903
0.008175159722712899
0.008175159722712901
0.008175159722712896
0.008175159722712899
0.008175159722712898
0.008175159722712901
0.008175159722712901
0.008175159722712899
0.008175159722712903
0.008175159722712903
0.008175159722712901
0.008175159722712898
0.008175159722712901
0.008175159722712896
0.008175159722712901
0.008175159722712908
0.008175159722712901
0.008175159722712908
0.008175159722712912
0.008175159722712906
0.008175159722712905
0.008175159722712894
0.008175159722712899
0.008175159722712894
0.008175159722712894
0.008175159722712894
0.008175159722712887
0.008175159722712894
0.008175159722712899
0.008175159722712906
0.007724845372993893
0.007724845372993897
0.007724845372993897
0.007724845372993906
0.007724845372993902
0.007724845372993895
0.007724845372993891
0.007724845372993893
0.007724845372993895
0.007724845372993893
0.007724845372993891
0.00772484537299389
0.007724845372993882
0.007724845372993887
0.007724845372993883
0.007724845372993882
0.007724845372993879
0.007724845372993876
0.007724845372993882
0.00772484537299389
0.007724845372993892
0.007724845372993892
0.007724845372993893
0.007724845372993888
0.007724845372993877
0.007724845372993886
0.007724845372993893
0.007724845372993896
0.007724845372993891
0.007724845372993895
0.007724845372993895
0.007724845372993895
0.007724845372993893
0.007724845372993899
0.007724845372993896
0.007724845372993899
0.007724845372993896
0.007724845372993894
0.007724845372993895
0.007724845372993891
0.007724845372993889
0.007724845372993889
0.007724845372993892
0.007724845372993904
0.007724845372993901
0.007724845372993904
0.007724845372993903
0.007724845372993902
0.007724845372993891
0.007724845372993886
0.007724845372993882
0.007724845372993881
0.007724845372993881
0.007724845372993888
0.007724845372993882
0.007724845372993882
0.007724845372993893
0.007724845372993891
0.007229777681020162
0.007229777681020167
0.007229777681020179
0.007229777681020178
0.00722977768102018
0.007229777681020176
0.00722977768102017
0.007229777681020171
0.007229777681020168
0.00722977768102017
0.007229777681020171
0.007229777681020164
0.007229777681020157
0.007229777681020161
0.007229777681020161
0.00722977768102016
0.007229777681020154
0.007229777681020154
0.007229777681020163
0.007229777681020167
0.007229777681020171
0.007229777681020171
0.007229777681020171
0.007229777681020166
0.007229777681020154
0.007229777681020164
0.007229777681020175
0.007229777681020172
0.007229777681020176
0.007229777681020177
0.007229777681020171
0.007229777681020173
0.007229777681020179
0.007229777681020176
0.007229777681020175
0.007229777681020172
0.007229777681020173
0.007229777681020177
0.007229777681020173
0.007229777681020174
0.007229777681020171
0.00722977768102017
0.007229777681020174
0.007229777681020184
0.007229777681020177
0.007229777681020184
0.00722977768102018
0.007229777681020176
0.007229777681020168
0.007229777681020168
0.007229777681020159
0.007229777681020158
0.007229777681020158
0.007229777681020158
0.007229777681020155
0.007229777681020155
0.007229777681020169
0.007229777681020173
0.00669294676016841
0.006692946760168408
0.00669294676016842
0.006692946760168428
0.006692946760168432
0.006692946760168428
0.006692946760168413
0.006692946760168419
0.006692946760168413
0.006692946760168421
0.006692946760168419
0.006692946760168415
0.006692946760168406
0.006692946760168404
0.006692946760168405
0.006692946760168406
0.006692946760168407
0.006692946760168403
0.006692946760168419
0.006692946760168426
0.006692946760168427
0.006692946760168423
0.006692946760168419
0.006692946760168416
0.006692946760168411
0.006692946760168417
0.006692946760168424
0.006692946760168425
0.00669294676016843
0.006692946760168436
0.006692946760168427
0.00669294676016843
0.006692946760168426
0.006692946760168432
0.006692946760168423
0.006692946760168426
0.006692946760168427
0.006692946760168426
0.006692946760168422
0.006692946760168425
0.006692946760168419
0.006692946760168428
0.006692946760168431
0.006692946760168431
0.006692946760168432
0.006692946760168429
0.006692946760168433
0.006692946760168426
0.006692946760168415
0.006692946760168412
0.006692946760168406
0.006692946760168406
0.006692946760168401
0.006692946760168408
0.0066929467601684
0.006692946760168405
0.006692946760168416
0.006692946760168415
0.006121105734069603
0.006121105734069605
0.006121105734069626
0.006121105734069631
0.006121105734069627
0.006121105734069637
0.006121105734069622
0.006121105734069626
0.006121105734069623
0.006121105734069625
0.006121105734069622
0.006121105734069618
0.006121105734069615
0.006121105734069614
0.006121105734069607
0.00612110573406961
0.006121105734069613
0.006121105734069614
0.006121105734069624
0.006121105734069626
0.006121105734069619
0.006121105734069631
0.006121105734069624
0.00612110573406962
0.006121105734069607
0.006121105734069618
0.006121105734069627
0.006121105734069633
0.006121105734069635
0.00612110573406965
0.006121105734069631
0.00612110573406963
0.006121105734069637
0.006121105734069631
0.006121105734069624
0.006121105734069626
0.006121105734069633
0.006121105734069635
0.006121105734069633
0.00612110573406963
0.006121105734069619
0.006121105734069629
0.006121105734069634
0.00612110573406964
0.006121105734069635
0.00612110573406964
0.006121105734069636
0.006121105734069629
0.006121105734069615
0.00612110573406962
0.006121105734069611
0.006121105734069611
0.006121105734069603
0.006121105734069607
0.006121105734069598
0.006121105734069612
0.006121105734069613
0.006121105734069625
0.005526048195584869
0.005526048195584881
0.005526048195584897
0.0055260481955849
0.005526048195584906
0.005526048195584904
0.005526048195584892
0.005526048195584896
0.005526048195584887
0.005526048195584888
0.005526048195584893
0.005526048195584881
0.005526048195584861
0.005526048195584873
0.005526048195584876
0.005526048195584888
0.005526048195584879
0.005526048195584879
0.005526048195584905
0.0055260481955849
0.005526048195584885
0.005526048195584901
0.005526048195584886
0.005526048195584886
0.005526048195584873
0.005526048195584886
0.005526048195584886
0.005526048195584898
0.005526048195584908
0.005526048195584907
0.0055260481955849
0.005526048195584902
0.005526048195584908
0.005526048195584901
0.005526048195584898
0.005526048195584899
0.005526048195584907
0.005526048195584902
0.005526048195584896
0.005526048195584896
0.005526048195584881
0.005526048195584894
0.005526048195584901
0.00552604819558491
0.005526048195584907
0.005526048195584906
0.005526048195584908
0.005526048195584898
0.005526048195584886
0.005526048195584886
0.005526048195584875
0.005526048195584879
0.00552604819558487
0.005526048195584878
0.00552604819558487
0.005526048195584876
0.005526048195584882
0.005526048195584883
0.00492494839806715
0.004924948398067148
0.004924948398067168
0.004924948398067177
0.00492494839806718
0.004924948398067174
0.004924948398067176
0.004924948398067171
0.004924948398067162
0.004924948398067164
0.004924948398067155
0.004924948398067171
0.004924948398067138
0.004924948398067148
0.004924948398067148
0.004924948398067155
0.004924948398067158
0.004924948398067164
0.004924948398067184
0.004924948398067177
0.004924948398067164
0.004924948398067167
0.004924948398067161
0.004924948398067165
0.004924948398067145
0.004924948398067162
0.004924948398067166
0.004924948398067181
0.004924948398067178
0.004924948398067184
0.004924948398067196
0.004924948398067185
0.004924948398067187
0.004924948398067178
0.00492494839806718
0.004924948398067174
0.004924948398067177
0.004924948398067187
0.004924948398067177
0.004924948398067179
0.004924948398067157
0.004924948398067163
0.004924948398067168
0.004924948398067183
0.004924948398067187
0.004924948398067179
0.004924948398067178
0.00492494839806718
0.004924948398067158
0.004924948398067164
0.004924948398067146
0.004924948398067152
0.004924948398067146
0.004924948398067155
0.004924948398067146
0.004924948398067152
0.004924948398067154
0.004924948398067155
0.004338916315520329
0.00433891631552034
0.004338916315520351
0.004338916315520362
0.004338916315520362
0.004338916315520359
0.004338916315520364
0.004338916315520357
0.004338916315520346
0.004338916315520349
0.004338916315520334
0.004338916315520346
0.004338916315520327
0.004338916315520338
0.00433891631552033
0.004338916315520345
0.004338916315520353
0.004338916315520364
0.004338916315520367
0.00433891631552036
0.004338916315520355
0.00433891631552035
0.004338916315520341
0.004338916315520345
0.004338916315520341
0.004338916315520349
0.004338916315520356
0.004338916315520365
0.004338916315520367
0.004338916315520369
0.004338916315520374
0.004338916315520381
0.004338916315520375
0.004338916315520364
0.004338916315520362
0.004338916315520354
0.004338916315520365
0.004338916315520381
0.004338916315520364
0.004338916315520361
0.004338916315520336
0.004338916315520351
0.004338916315520349
0.004338916315520362
0.004338916315520361
0.004338916315520368
0.004338916315520364
0.004338916315520377
0.004338916315520346
0.004338916315520353
0.004338916315520336
0.004338916315520342
0.004338916315520332
0.004338916315520347
0.004338916315520336
0.004338916315520345
0.004338916315520344
0.004338916315520349
0.003789478987344201
0.003789478987344209
0.003789478987344219
0.003789478987344225
0.00378947898734422
0.003789478987344214
0.003789478987344228
0.003789478987344229
0.003789478987344208
0.003789478987344219
0.003789478987344203
0.003789478987344204
0.003789478987344177
0.003789478987344193
0.003789478987344197
0.00378947898734421
0.003789478987344223
0.003789478987344215
0.003789478987344231
0.00378947898734423
0.003789478987344222
0.003789478987344219
0.003789478987344197
0.003789478987344204
0.003789478987344189
0.003789478987344202
0.003789478987344214
0.00378947898734423
0.00378947898734423
0.003789478987344245
0.003789478987344236
0.003789478987344235
0.003789478987344235
0.003789478987344234
0.003789478987344231
0.00378947898734423
0.003789478987344232
0.003789478987344234
0.00378947898734421
0.003789478987344214
0.003789478987344208
0.003789478987344214
0.003789478987344214
0.003789478987344232
0.003789478987344225
0.003789478987344227
0.003789478987344231
0.003789478987344227
0.0037894789873442
0.003789478987344208
0.003789478987344186
0.003789478987344198
0.003789478987344188
0.003789478987344207
0.003789478987344191
0.003789478987344202
0.003789478987344197
0.003789478987344203
0.003293880395473186
0.003293880395473195
0.003293880395473208
0.00329388039547322
0.003293880395473212
0.003293880395473201
0.003293880395473216
0.00329388039547322
0.003293880395473189
0.003293880395473213
0.003293880395473196
0.003293880395473206
0.003293880395473168
0.003293880395473185
0.003293880395473175
0.003293880395473209
0.003293880395473214
0.003293880395473199
0.003293880395473226
0.00329388039547322
0.003293880395473199
0.003293880395473203
0.003293880395473188
0.003293880395473206
0.003293880395473178
0.003293880395473199
0.003293880395473206
0.003293880395473228
0.003293880395473221
0.003293880395473229
0.003293880395473238
0.003293880395473229
0.003293880395473228
0.003293880395473222
0.003293880395473226
0.003293880395473224
0.003293880395473222
0.003293880395473237
0.003293880395473191
0.003293880395473205
0.003293880395473196
0.003293880395473204
0.003293880395473206
0.003293880395473219
0.003293880395473207
0.003293880395473221
0.003293880395473228
0.003293880395473207
0.003293880395473192
0.003293880395473198
0.003293880395473175
0.003293880395473184
0.003293880395473175
0.0032938803954732
0.003293880395473179
0.003293880395473186
0.003293880395473181
0.00329388039547319
0.002861138630761163
0.002861138630761164
0.002861138630761177
0.002861138630761188
0.002861138630761191
0.002861138630761169
0.00286113863076118
0.002861138630761201
0.002861138630761165
0.002861138630761188
0.002861138630761157
0.002861138630761168
0.002861138630761136
0.002861138630761166
0.002861138630761153
0.002861138630761181
0.002861138630761198
0.002861138630761187
0.002861138630761202
0.002861138630761183
0.002861138630761175
0.002861138630761181
0.002861138630761166
0.002861138630761186
0.002861138630761163
0.002861138630761182
0.00286113863076117
0.002861138630761191
0.002861138630761194
0.002861138630761205
0.002861138630761193
0.002861138630761203
0.002861138630761183
0.002861138630761189
0.002861138630761196
0.002861138630761208
0.002861138630761191
0.002861138630761197
0.002861138630761168
0.002861138630761176
0.002861138630761166
0.002861138630761191
0.002861138630761189
0.002861138630761191
0.00286113863076118
0.002861138630761189
0.002861138630761193
0.002861138630761185
0.002861138630761153
0.002861138630761168
0.002861138630761154
0.002861138630761169
0.002861138630761156
0.002861138630761179
0.002861138630761163
0.002861138630761174
0.00286113863076116
0.00286113863076117
0.002490664460510578
0.002490664460510587
0.002490664460510591
0.002490664460510602
0.002490664460510599
0.002490664460510581
0.002490664460510589
0.002490664460510606
0.00249066446051059
0.0024906644605106
0.002490664460510567
0.002490664460510575
0.002490664460510561
0.002490664460510589
0.002490664460510569
0.002490664460510608
0.002490664460510621
0.002490664460510603
0.002490664460510609
0.002490664460510589
0.002490664460510582
0.002490664460510602
0.002490664460510576
0.002490664460510595
0.002490664460510566
0.002490664460510602
0.002490664460510584
0.002490664460510611
0.002490664460510616
0.002490664460510623
0.002490664460510631
0.002490664460510612
0.002490664460510591
0.002490664460510595
0.00249066446051061
0.002490664460510615
0.0024906644605106
0.002490664460510605
0.002490664460510576
0.002490664460510594
0.002490664460510584
0.002490664460510612
0.002490664460510596
0.002490664460510605
0.002490664460510603
0.002490664460510597
0.002490664460510611
0.002490664460510592
0.002490664460510565
0.00249066446051058
0.002490664460510561
0.002490664460510571
0.002490664460510561
0.002490664460510592
0.002490664460510575
0.002490664460510586
0.002490664460510573
0.002490664460510581
0.002173841101301306
0.002173841101301315
0.002173841101301311
0.002173841101301322
0.002173841101301327
0.002173841101301314
0.002173841101301316
0.002173841101301324
0.002173841101301308
0.002173841101301315
0.002173841101301271
0.002173841101301293
0.00217384110130127
0.00217384110130129
0.002173841101301286
0.002173841101301333
0.002173841101301332
0.002173841101301324
0.002173841101301316
0.002173841101301302
0.002173841101301304
0.002173841101301323
0.002173841101301289
0.002173841101301306
0.00217384110130128
0.002173841101301317
0.002173841101301297
0.002173841101301321
0.002173841101301337
0.002173841101301349
0.002173841101301348
0.002173841101301332
0.002173841101301315
0.002173841101301323
0.002173841101301329
0.002173841101301323
0.002173841101301329
0.00217384110130132
0.00217384110130129
0.002173841101301318
0.002173841101301309
0.002173841101301331
0.002173841101301319
0.002173841101301322
0.002173841101301314
0.002173841101301312
0.002173841101301332
0.002173841101301312
0.002173841101301278
0.002173841101301296
0.002173841101301274
0.002173841101301297
0.002173841101301285
0.002173841101301304
0.002173841101301299
0.002173841101301316
0.00217384110130129
0.002173841101301313
0.001897434100675172
0.001897434100675192
0.00189743410067517
0.001897434100675191
0.001897434100675189
0.001897434100675174
0.001897434100675179
0.001897434100675189
0.001897434100675191
0.001897434100675211
0.001897434100675145
0.001897434100675152
0.001897434100675157
0.001897434100675161
0.00189743410067515
0.001897434100675195
0.001897434100675182
0.001897434100675181
0.001897434100675186
0.001897434100675175
0.001897434100675175
0.001897434100675199
0.001897434100675162
0.001897434100675173
0.001897434100675135
0.001897434100675194
0.001897434100675184
0.001897434100675191
0.001897434100675195
0.001897434100675211
0.001897434100675198
0.001897434100675182
0.001897434100675157
0.001897434100675196
0.001897434100675192
0.001897434100675196
0.001897434100675189
0.0018974341006752
0.001897434100675152
0.001897434100675168
0.001897434100675165
0.00189743410067518
0.001897434100675166
0.001897434100675184
0.001897434100675182
0.001897434100675195
0.001897434100675205
0.001897434100675172
0.00189743410067515
0.001897434100675165
0.001897434100675145
0.001897434100675175
0.001897434100675147
0.001897434100675184
0.001897434100675155
0.001897434100675181
0.001897434100675164
0.001897434100675178
0.001647130962027486
0.001647130962027503
0.001647130962027484
0.001647130962027509
0.001647130962027497
0.001647130962027485
0.001647130962027488
0.001647130962027489
0.001647130962027488
0.001647130962027507
0.00164713096202746
0.00164713096202748
0.001647130962027463
0.001647130962027482
0.001647130962027457
0.001647130962027505
0.001647130962027499
0.001647130962027493
0.001647130962027499
0.001647130962027482
0.001647130962027492
0.001647130962027509
0.001647130962027472
0.001647130962027488
0.001647130962027455
0.001647130962027517
0.001647130962027492
0.00164713096202751
0.001647130962027519
0.001647130962027532
0.001647130962027511
0.001647130962027501
0.001647130962027473
0.001647130962027502
0.001647130962027504
0.001647130962027499
0.001647130962027514
0.001647130962027506
0.001647130962027468
0.001647130962027489
0.001647130962027468
0.001647130962027499
0.001647130962027494
0.001647130962027504
0.001647130962027479
0.001647130962027509
0.001647130962027525
0.001647130962027486
0.001647130962027456
0.001647130962027473
0.001647130962027462
0.00164713096202749
0.001647130962027472
0.001647130962027499
0.001647130962027471
0.001647130962027498
0.001647130962027477
0.001647130962027488
0.001409961474132866
0.001409961474132872
0.00140996147413285
0.001409961474132891
0.001409961474132881
0.001409961474132871
0.001409961474132883
0.001409961474132881
0.001409961474132881
0.001409961474132892
0.001409961474132844
0.001409961474132853
0.001409961474132842
0.001409961474132869
0.001409961474132855
0.001409961474132902
0.001409961474132897
0.001409961474132895
0.001409961474132893
0.001409961474132876
0.001409961474132881
0.001409961474132898
0.001409961474132849
0.001409961474132895
0.00140996147413285
0.001409961474132929
0.001409961474132883
0.001409961474132905
0.001409961474132919
0.001409961474132891
0.001409961474132888
0.00140996147413289
0.001409961474132862
0.001409961474132901
0.001409961474132901
0.001409961474132898
0.001409961474132899
0.00140996147413289
0.001409961474132857
0.001409961474132877
0.001409961474132867
0.001409961474132905
0.001409961474132901
0.001409961474132914
0.001409961474132877
0.001409961474132883
0.00140996147413293
0.001409961474132871
0.001409961474132846
0.001409961474132872
0.001409961474132847
0.001409961474132879
0.001409961474132869
0.001409961474132906
0.001409961474132879
0.001409961474132882
0.001409961474132867
0.001409961474132881
0.001175230443414862
0.00117523044341488
0.001175230443414859
0.001175230443414875
0.00117523044341487
0.001175230443414864
0.001175230443414883
0.001175230443414871
0.001175230443414876
0.001175230443414881
0.001175230443414818
0.001175230443414856
0.001175230443414844
0.001175230443414847
0.00117523044341486
0.001175230443414917
0.001175230443414901
0.001175230443414883
0.001175230443414874
0.001175230443414843
0.001175230443414866
0.00117523044341488
0.001175230443414842
0.001175230443414867
0.001175230443414847
0.00117523044341489
0.001175230443414876
0.001175230443414904
0.001175230443414904
0.001175230443414887
0.001175230443414893
0.001175230443414873
0.00117523044341485
0.001175230443414905
0.001175230443414896
0.001175230443414872
0.001175230443414892
0.001175230443414874
0.00117523044341485
0.001175230443414879
0.001175230443414871
0.001175230443414901
0.001175230443414879
0.001175230443414887
0.001175230443414864
0.001175230443414887
0.001175230443414901
0.001175230443414847
0.00117523044341483
0.001175230443414871
0.001175230443414851
0.001175230443414864
0.001175230443414858
0.00117523044341489
0.001175230443414869
0.0011752304434149
0.001175230443414863
0.001175230443414873
0.0009344673372938012
0.0009344673372938052
0.0009344673372937993
0.000934467337293817
0.0009344673372938124
0.0009344673372938042
0.0009344673372938184
0.0009344673372937952
0.000934467337293797
0.0009344673372938174
0.0009344673372937546
0.0009344673372937747
0.0009344673372937897
0.0009344673372937893
0.0009344673372937897
0.0009344673372938475
0.0009344673372938185
0.0009344673372938022
0.0009344673372938016
0.000934467337293776
0.000934467337293821
0.0009344673372938041
0.0009344673372937669
0.0009344673372938208
0.0009344673372937729
0.0009344673372938298
0.0009344673372937876
0.0009344673372938407
0.0009344673372938329
0.0009344673372938461
0.0009344673372938051
0.0009344673372937955
0.0009344673372937854
0.0009344673372938615
0.0009344673372938217
0.0009344673372938213
0.0009344673372938227
0.0009344673372937901
0.0009344673372937881
0.0009344673372938084
0.0009344673372938047
0.0009344673372938199
0.0009344673372938035
0.0009344673372938163
0.0009344673372937995
0.0009344673372938322
0.0009344673372938287
0.0009344673372937693
0.0009344673372937728
0.0009344673372938086
0.0009344673372937719
0.0009344673372938026
0.0009344673372937911
0.0009344673372938205
0.0009344673372938002
0.0009344673372938185
0.0009344673372937844
0.0009344673372938082
0.0006819896129036728
0.0006819896129036853
0.0006819896129036564
0.0006819896129037069
0.0006819896129036361
0.0006819896129036641
0.0006819896129036719
0.0006819896129036642
0.0006819896129036605
0.0006819896129036688
0.0006819896129036127
0.0006819896129036629
0.0006819896129036529
0.0006819896129036594
0.0006819896129036547
0.0006819896129037121
0.0006819896129036829
0.0006819896129036568
0.0006819896129036787
0.0006819896129036349
0.0006819896129036982
0.0006819896129036759
0.0006819896129036575
0.000681989612903684
0.0006819896129036485
0.0006819896129037048
0.0006819896129036536
0.0006819896129036945
0.0006819896129036947
0.0006819896129036701
0.0006819896129036693
0.0006819896129036578
0.0006819896129036557
0.0006819896129037013
0.0006819896129036882
0.000681989612903667
0.0006819896129036618
0.000681989612903642
0.0006819896129036501
0.0006819896129036937
0.0006819896129036838
0.0006819896129036948
0.0006819896129036809
0.0006819896129036836
0.0006819896129036258
0.000681989612903683
0.000681989612903696
0.0006819896129036315
0.0006819896129036397
0.0006819896129036562
0.0006819896129036541
0.0006819896129036771
0.0006819896129036673
0.0006819896129036695
0.0006819896129036239
0.0006819896129036989
0.0006819896129036323
0.0006819896129036882
0.0004200244774623529
0.0004200244774623721
0.000420024477462333
0.0004200244774623663
0.0004200244774623413
0.0004200244774623467
0.0004200244774623717
0.0004200244774623499
0.0004200244774623736
0.0004200244774623633
0.0004200244774622922
0.0004200244774623451
0.0004200244774623599
0.000420024477462335
0.0004200244774623514
0.0004200244774623995
0.00042002447746236
0.0004200244774623666
0.0004200244774623586
0.0004200244774623323
0.0004200244774623762
0.0004200244774623252
0.0004200244774623509
0.0004200244774623622
0.0004200244774623417
0.0004200244774623981
0.0004200244774623426
0.0004200244774623792
0.0004200244774623947
0.0004200244774623597
0.0004200244774623391
0.0004200244774623293
0.0004200244774623485
0.0004200244774624264
0.0004200244774623675
0.0004200244774623522
0.0004200244774623789
0.0004200244774623097
0.0004200244774623444
0.0004200244774623673
0.0004200244774623729
0.0004200244774624
0.0004200244774623503
0.000420024477462375
0.0004200244774623098
0.0004200244774623557
0.0004200244774623685
0.0004200244774623263
0.0004200244774623206
0.0004200244774623447
0.0004200244774623521
0.0004200244774623732
0.0004200244774623697
0.0004200244774623677
0.0004200244774623098
0.0004200244774623852
0.0004200244774623157
0.0004200244774623579
0.0001740104951173823
0.0001740104951173994
0.0001740104951174192
0.00017401049511743
0.0001740104951173864
0.0001740104951173964
0.0001740104951173983
0.0001740104951173838
0.0001740104951174092
0.0001740104951173884
0.0001740104951173371
0.0001740104951173811
0.0001740104951174092
0.0001740104951174007
0.0001740104951174056
0.0001740104951174588
0.0001740104951174181
0.000174010495117378
0.0001740104951174068
0.000174010495117391
0.0001740104951174281
0.0001740104951173932
0.0001740104951173741
0.0001740104951173967
0.0001740104951173977
0.0001740104951174456
0.0001740104951174068
0.0001740104951174163
0.0001740104951174113
0.0001740104951173871
0.0001740104951174043
0.0001740104951173838
0.0001740104951173924
0.0001740104951174589
0.0001740104951173871
0.0001740104951173946
0.0001740104951173898
0.0001740104951173707
0.0001740104951174051
0.0001740104951174254
0.0001740104951174206
0.000174010495117416
0.0001740104951174038
0.0001740104951174329
0.0001740104951173818
0.0001740104951174344
0.0001740104951174352
0.0001740104951173784
0.0001740104951173851
0.0001740104951173648
0.0001740104951173869
0.0001740104951174209
0.0001740104951174053
0.0001740104951174018
0.0001740104951173777
0.000174010495117394
0.0001740104951174039
0.0001740104951174083
3.370697338314954e-05
3.370697338314772e-05
3.370697338315256e-05
3.370697338315453e-05
3.370697338314623e-05
3.370697338314884e-05
3.37069733831526e-05
3.370697338314955e-05
3.37069733831482e-05
3.370697338314996e-05
3.370697338313797e-05
3.370697338314814e-05
3.370697338315002e-05
3.370697338315089e-05
3.370697338315073e-05
3.370697338315777e-05
3.370697338315085e-05
3.370697338314469e-05
3.370697338314898e-05
3.370697338314827e-05
3.370697338314989e-05
3.370697338314662e-05
3.370697338314398e-05
3.370697338315098e-05
3.370697338314991e-05
3.370697338315765e-05
3.370697338314459e-05
3.37069733831515e-05
3.370697338315708e-05
3.370697338315207e-05
3.370697338314743e-05
3.37069733831425e-05
3.370697338314966e-05
3.370697338316131e-05
3.370697338315024e-05
3.37069733831472e-05
3.370697338315281e-05
3.370697338314106e-05
3.370697338314646e-05
3.370697338315213e-05
3.370697338315191e-05
3.370697338315453e-05
3.370697338315191e-05
3.370697338314879e-05
3.370697338314701e-05
3.370697338315261e-05
3.370697338315091e-05
3.370697338314621e-05
3.370697338314818e-05
3.37069733831465e-05
3.370697338314293e-05
3.370697338315203e-05
3.370697338315054e-05
3.370697338314838e-05
3.370697338314709e-05
3.370697338314685e-05
3.370697338314701e-05
3.37069733831538e-05
0.0001427161474206539
0.0001427161474206154
0.0001427161474206253
0.0001427161474206346
0.0001427161474206014
0.0001427161474206254
0.0001427161474206346
0.0001427161474206257
0.0001427161474206337
0.000142716147420631
0.0001427161474206184
0.0001427161474206254
0.0001427161474206557
0.0001427161474206341
0.0001427161474206252
0.0001427161474206403
0.0001427161474206257
0.0001427161474206256
0.0001427161474206259
0.0001427161474206346
0.000142716147420626
0.0001427161474206257
0.0001427161474206071
0.0001427161474206344
0.0001427161474206258
0.0001427161474206518
0.00014271614742061
0.0001427161474206343
0.0001427161474206494
0.0001427161474206423
0.0001427161474206259
0.0001427161474206068
0.0001427161474206332
0.0001427161474206518
0.000142716147420635
0.0001427161474206261
0.0001427161474206493
0.0001427161474206025
0.0001427161474206254
0.0001427161474206342
0.0001427161474206349
0.0001427161474206319
0.0001427161474206321
0.0001427161474206284
0.0001427161474206345
0.0001427161474206255
0.0001427161474206255
0.0001427161474206512
0.0001427161474206519
0.0001427161474206265
0.0001427161474206174
0.0001427161474206361
0.0001427161474206255
0.0001427161474206161
0.0001427161474206368
0.0001427161474206059
0.0001427161474206261
0.0001427161474206377
)
;

boundaryField
{
    inlet
    {
        type            cyclic;
    }
    outlet
    {
        type            cyclic;
    }
    bottomWall
    {
        type            nutUSpaldingWallFunction;
        Cmu             0.09;
        kappa           0.41;
        E               9.800000000000001;
        value           nonuniform List<scalar> 
58
(
2.798903264216254e-07
2.79890326421666e-07
2.798903264216389e-07
2.798903264216389e-07
2.798903264216389e-07
2.79890326421666e-07
2.798903264216525e-07
2.798903264216389e-07
2.798903264216525e-07
2.798903264216254e-07
2.798903264216525e-07
2.798903264216254e-07
2.798903264216389e-07
2.798903264216389e-07
2.798903264216389e-07
2.798903264216118e-07
2.798903264216118e-07
2.798903264216118e-07
2.798903264216254e-07
2.798903264216118e-07
2.798903264216118e-07
2.798903264216118e-07
2.798903264216118e-07
2.798903264216118e-07
2.798903264216118e-07
2.798903264216118e-07
2.798903264216118e-07
2.798903264216118e-07
2.798903264216254e-07
2.798903264216389e-07
2.798903264216118e-07
2.798903264216389e-07
2.798903264216118e-07
2.798903264216118e-07
2.798903264216389e-07
2.798903264216118e-07
2.798903264216389e-07
2.798903264216118e-07
2.798903264216118e-07
2.798903264216118e-07
2.798903264216389e-07
2.798903264216389e-07
2.798903264216118e-07
2.798903264216389e-07
2.798903264216389e-07
2.798903264216118e-07
2.798903264216254e-07
2.798903264216389e-07
2.798903264216389e-07
2.798903264216254e-07
2.798903264216389e-07
2.798903264216118e-07
2.798903264216254e-07
2.798903264216118e-07
2.798903264216254e-07
2.798903264216389e-07
2.798903264216118e-07
2.798903264216389e-07
)
;
    }
    topWall
    {
        type            nutUSpaldingWallFunction;
        Cmu             0.09;
        kappa           0.41;
        E               9.800000000000001;
        value           nonuniform List<scalar> 
58
(
2.798903263731887e-07
2.798903263687841e-07
2.798903263730667e-07
2.798903263731344e-07
2.798903263772138e-07
2.798903263730531e-07
2.798903263730802e-07
2.798903263730938e-07
2.798903263688383e-07
2.798903263730938e-07
2.798903263687976e-07
2.798903263730125e-07
2.798903263604899e-07
2.798903263688383e-07
2.798903263730531e-07
2.798903263688654e-07
2.798903263730667e-07
2.798903263730667e-07
2.798903263730396e-07
2.798903263731209e-07
2.798903263730396e-07
2.798903263730802e-07
2.798903263729718e-07
2.798903263731073e-07
2.798903263730396e-07
2.798903263731887e-07
2.798903263730396e-07
2.798903263730802e-07
2.79890326373148e-07
2.798903263689196e-07
2.798903263730802e-07
2.798903263730125e-07
2.798903263730938e-07
2.798903263731344e-07
2.798903263731344e-07
2.798903263730667e-07
2.798903263731887e-07
2.798903263772273e-07
2.798903263730802e-07
2.798903263731073e-07
2.798903263730938e-07
2.798903263731073e-07
2.798903263731344e-07
2.798903263688112e-07
2.798903263731209e-07
2.798903263730802e-07
2.798903263730667e-07
2.798903263604628e-07
2.798903263604222e-07
2.798903263730667e-07
2.798903263730396e-07
2.798903263730938e-07
2.798903263730938e-07
2.798903263729989e-07
2.798903263731344e-07
2.798903263729718e-07
2.798903263730531e-07
2.798903263730802e-07
)
;
    }
    left
    {
        type            cyclic;
    }
    right
    {
        type            cyclic;
    }
}


// ************************************************************************* //
