/*--------------------------------*- C++ -*----------------------------------*\
| =========                 |                                                 |
| \\      /  F ield         | OpenFOAM: The Open Source CFD Toolbox           |
|  \\    /   O peration     | Version:  v1812                                 |
|   \\  /    A nd           | Web:      www.OpenFOAM.com                      |
|    \\/     M anipulation  |                                                 |
\*---------------------------------------------------------------------------*/
FoamFile
{
    version     2.0;
    format      ascii;
    class       volScalarField;
    location    "10000";
    object      nut;
}
// * * * * * * * * * * * * * * * * * * * * * * * * * * * * * * * * * * * * * //

dimensions      [0 2 -1 0 0 0 0];


internalField   nonuniform List<scalar> 
3770
(
5.725664676148541e-06
5.725664676148942e-06
5.725664676148594e-06
5.725664676149142e-06
5.725664676148599e-06
5.725664676149882e-06
5.725664676150861e-06
5.725664676149338e-06
5.7256646761468e-06
5.725664676147658e-06
5.7256646761487e-06
5.725664676149119e-06
5.725664676148277e-06
5.725664676147459e-06
5.72566467614685e-06
5.725664676147985e-06
5.72566467614887e-06
5.725664676150154e-06
5.725664676151252e-06
5.725664676149904e-06
5.725664676148212e-06
5.725664676150843e-06
5.725664676149276e-06
5.725664676146243e-06
5.725664676146069e-06
5.725664676148573e-06
5.72566467615002e-06
5.725664676148371e-06
5.725664676146861e-06
5.725664676149612e-06
5.725664676150484e-06
5.725664676150138e-06
5.725664676148404e-06
5.725664676149914e-06
5.725664676149929e-06
5.72566467614887e-06
5.725664676149278e-06
5.725664676148759e-06
5.725664676148418e-06
5.725664676150097e-06
5.725664676150384e-06
5.725664676147625e-06
5.725664676147579e-06
5.725664676148106e-06
5.725664676148129e-06
5.725664676147131e-06
5.725664676147323e-06
5.725664676146776e-06
5.725664676148591e-06
5.72566467615086e-06
5.725664676148782e-06
5.72566467614856e-06
5.72566467614936e-06
5.725664676149885e-06
5.725664676148234e-06
5.725664676147412e-06
5.725664676148479e-06
5.725664676148604e-06
1.506281743230912e-06
1.506281743284979e-06
1.506281743262034e-06
1.506281743284885e-06
1.506281743270161e-06
1.506281743293491e-06
1.506281743266083e-06
1.506281743271743e-06
1.50628174324105e-06
1.506281743241926e-06
1.506281743258789e-06
1.506281743290518e-06
1.506281743262912e-06
1.50628174326919e-06
1.506281743249884e-06
1.506281743261664e-06
1.506281743270519e-06
1.506281743284792e-06
1.506281743263629e-06
1.506281743275939e-06
1.506281743267841e-06
1.506281743269512e-06
1.506281743254856e-06
1.506281743253715e-06
1.506281743244977e-06
1.50628174324493e-06
1.506281743266735e-06
1.506281743273032e-06
1.50628174323797e-06
1.506281743266714e-06
1.506281743255621e-06
1.506281743255122e-06
1.506281743274088e-06
1.506281743255483e-06
1.506281743257202e-06
1.506281743247339e-06
1.506281743256724e-06
1.506281743271234e-06
1.506281743243606e-06
1.506281743260462e-06
1.506281743262306e-06
1.506281743241464e-06
1.506281743244496e-06
1.506281743249048e-06
1.506281743237105e-06
1.506281743229113e-06
1.506281743230489e-06
1.50628174321181e-06
1.506281743225409e-06
1.506281743242968e-06
1.506281743229515e-06
1.506281743213029e-06
1.506281743225583e-06
1.50628174321562e-06
1.506281743203892e-06
1.506281743203353e-06
1.506281743225629e-06
1.506281743217994e-06
6.492950992095888e-06
6.49295099244764e-06
6.492950992223389e-06
6.492950992413949e-06
6.492950992289394e-06
6.492950992511341e-06
6.492950992277681e-06
6.492950992431448e-06
6.492950992138335e-06
6.492950992155622e-06
6.492950992288798e-06
6.492950992487742e-06
6.492950992274739e-06
6.492950992361561e-06
6.492950992303777e-06
6.492950992338826e-06
6.492950992310893e-06
6.492950992440608e-06
6.492950992361418e-06
6.492950992401363e-06
6.492950992238118e-06
6.492950992325905e-06
6.492950992218468e-06
6.492950992223817e-06
6.492950992140615e-06
6.492950992176717e-06
6.492950992373934e-06
6.49295099232761e-06
6.492950992067794e-06
6.492950992365853e-06
6.492950992337992e-06
6.492950992240454e-06
6.492950992328348e-06
6.492950992295619e-06
6.49295099229415e-06
6.49295099226164e-06
6.492950992300095e-06
6.492950992359516e-06
6.492950992250275e-06
6.492950992348493e-06
6.492950992308293e-06
6.492950992176432e-06
6.49295099215166e-06
6.492950992132103e-06
6.492950992187849e-06
6.492950992074197e-06
6.492950992071099e-06
6.492950992026611e-06
6.49295099199882e-06
6.492950992171932e-06
6.492950991971205e-06
6.492950991705455e-06
6.492950991958631e-06
6.492950992043874e-06
6.492950992020519e-06
6.492950991815475e-06
6.492950991880869e-06
6.492950991994516e-06
2.309641327779412e-05
2.309641327871622e-05
2.309641327782184e-05
2.309641327822257e-05
2.309641327798389e-05
2.309641327890584e-05
2.30964132778383e-05
2.309641327846492e-05
2.309641327816334e-05
2.309641327751586e-05
2.30964132779578e-05
2.30964132788537e-05
2.309641327771736e-05
2.309641327860118e-05
2.309641327870398e-05
2.309641327778067e-05
2.309641327843127e-05
2.309641327904513e-05
2.309641327821474e-05
2.30964132783902e-05
2.309641327783646e-05
2.309641327803678e-05
2.309641327755161e-05
2.309641327805612e-05
2.309641327854824e-05
2.309641327755461e-05
2.309641327827088e-05
2.3096413278767e-05
2.309641327767164e-05
2.30964132786032e-05
2.309641327881034e-05
2.309641327793079e-05
2.309641327835418e-05
2.309641327807601e-05
2.309641327795812e-05
2.309641327772869e-05
2.309641327797806e-05
2.309641327843439e-05
2.30964132774831e-05
2.309641327828792e-05
2.309641327848705e-05
2.3096413277715e-05
2.309641327812544e-05
2.309641327781678e-05
2.309641327750286e-05
2.309641327770533e-05
2.309641327777045e-05
2.30964132775361e-05
2.309641327704108e-05
2.309641327776013e-05
2.309641327728606e-05
2.309641327601866e-05
2.309641327687565e-05
2.309641327714803e-05
2.309641327711086e-05
2.309641327616914e-05
2.309641327701812e-05
2.309641327790991e-05
6.062912558065864e-05
6.062912558250056e-05
6.062912558027696e-05
6.062912557997825e-05
6.062912558005854e-05
6.062912558322984e-05
6.062912557947859e-05
6.062912558265864e-05
6.06291255833673e-05
6.062912557938361e-05
6.062912558100978e-05
6.062912558330481e-05
6.062912557929542e-05
6.062912558229162e-05
6.062912558368477e-05
6.062912557939637e-05
6.062912558228447e-05
6.062912558429103e-05
6.062912558127805e-05
6.062912558168934e-05
6.062912558073051e-05
6.062912558077873e-05
6.062912557957488e-05
6.062912558132898e-05
6.062912558336277e-05
6.062912557974938e-05
6.06291255818739e-05
6.062912558357052e-05
6.062912557955429e-05
6.062912558247095e-05
6.062912558391635e-05
6.062912557971233e-05
6.062912558196476e-05
6.0629125582462e-05
6.062912558138386e-05
6.06291255805432e-05
6.062912558124327e-05
6.06291255823751e-05
6.06291255790452e-05
6.062912558204943e-05
6.062912558365828e-05
6.062912557990494e-05
6.062912558166375e-05
6.06291255820152e-05
6.062912558085267e-05
6.062912558084962e-05
6.062912558095565e-05
6.062912558152151e-05
6.062912557851398e-05
6.062912558056222e-05
6.062912558073427e-05
6.062912557674039e-05
6.06291255783394e-05
6.062912557878339e-05
6.062912557872117e-05
6.062912557576035e-05
6.062912557854608e-05
6.062912558152662e-05
0.0001292718625039996
0.0001292718625059227
0.0001292718625022919
0.0001292718625003978
0.000129271862501733
0.0001292718625083061
0.0001292718624987444
0.0001292718625067366
0.0001292718625113471
0.0001292718624998579
0.0001292718625043639
0.0001292718625090756
0.0001292718624994668
0.00012927186250658
0.0001292718625113247
0.0001292718624994791
0.0001292718625073384
0.0001292718625121168
0.0001292718625051517
0.0001292718625052964
0.0001292718625032965
0.0001292718625029193
0.0001292718625006359
0.0001292718625048617
0.0001292718625102874
0.0001292718625013958
0.0001292718625064694
0.0001292718625104141
0.0001292718625004616
0.0001292718625076256
0.0001292718625119355
0.0001292718625003939
0.0001292718625065637
0.0001292718625100355
0.0001292718625065033
0.0001292718625042212
0.0001292718625056123
0.0001292718625074027
0.0001292718624993786
0.0001292718625072793
0.0001292718625119882
0.0001292718625014835
0.0001292718625063595
0.0001292718625095353
0.000129271862505713
0.0001292718625068868
0.0001292718625066841
0.0001292718625068869
0.000129271862498941
0.0001292718625049629
0.0001292718625077065
0.000129271862497597
0.0001292718624993099
0.0001292718624997955
0.0001292718624996046
0.0001292718624922803
0.0001292718624989148
0.0001292718625065301
0.0002376655593665549
0.0002376655593676961
0.0002376655593638232
0.0002376655593563674
0.0002376655593604844
0.0002376655593711233
0.000237665559353523
0.0002376655593687909
0.0002376655593804826
0.0002376655593559667
0.0002376655593656795
0.0002376655593735958
0.0002376655593553072
0.000237665559369193
0.0002376655593798559
0.0002376655593552124
0.0002376655593715121
0.0002376655593804734
0.0002376655593665899
0.0002376655593666755
0.0002376655593642603
0.0002376655593625172
0.0002376655593580697
0.0002376655593662625
0.0002376655593771553
0.0002376655593602815
0.0002376655593701002
0.0002376655593771078
0.0002376655593576693
0.0002376655593721118
0.0002376655593812258
0.0002376655593574908
0.0002376655593700976
0.0002376655593787522
0.0002376655593706211
0.0002376655593664808
0.0002376655593687154
0.000237665559370945
0.000237665559355698
0.0002376655593721396
0.0002376655593820499
0.0002376655593605488
0.0002376655593708083
0.0002376655593806063
0.0002376655593703257
0.0002376655593713537
0.0002376655593713085
0.000237665559371208
0.0002376655593562407
0.0002376655593694336
0.0002376655593771675
0.0002376655593570424
0.0002376655593577311
0.0002376655593578151
0.000237665559357381
0.0002376655593431013
0.0002376655593558559
0.0002376655593712724
0.0003915802046532165
0.0003915802046521485
0.0003915802046502138
0.0003915802046321235
0.0003915802046404227
0.0003915802046545318
0.0003915802046278519
0.0003915802046528271
0.0003915802046739896
0.0003915802046318407
0.0003915802046490037
0.000391580204660051
0.0003915802046308591
0.0003915802046542019
0.0003915802046725127
0.0003915802046313848
0.0003915802046590008
0.0003915802046722425
0.0003915802046450485
0.0003915802046509659
0.0003915802046518944
0.0003915802046439098
0.0003915802046363756
0.0003915802046496182
0.0003915802046670429
0.000391580204641317
0.0003915802046569396
0.0003915802046667521
0.0003915802046356068
0.0003915802046601577
0.0003915802046750155
0.0003915802046352545
0.0003915802046565017
0.0003915802046714869
0.0003915802046563477
0.0003915802046503672
0.0003915802046537237
0.0003915802046563906
0.0003915802046323807
0.0003915802046607385
0.0003915802046771084
0.0003915802046410942
0.0003915802046592215
0.0003915802046773028
0.0003915802046608401
0.0003915802046608163
0.0003915802046582463
0.0003915802046582698
0.0003915802046352955
0.0003915802046586145
0.0003915802046719086
0.0003915802046387848
0.0003915802046373348
0.0003915802046353371
0.0003915802046357546
0.0003915802046135544
0.000391580204634135
0.0003915802046596256
0.0005956018758404234
0.0005956018758350026
0.0005956018758345262
0.0005956018758004983
0.0005956018758134216
0.0005956018758293472
0.0005956018757943684
0.0005956018758308401
0.0005956018758620206
0.0005956018758002437
0.0005956018758262839
0.000595601875839497
0.0005956018757988326
0.0005956018758335062
0.0005956018758596316
0.0005956018758019177
0.0005956018758419045
0.0005956018758578805
0.000595601875816141
0.0005956018758281807
0.0005956018758334749
0.0005956018758193108
0.0005956018758084948
0.0005956018758268448
0.0005956018758501636
0.0005956018758178303
0.0005956018758386791
0.0005956018758497104
0.0005956018758074274
0.0005956018758436715
0.0005956018758635612
0.0005956018758061938
0.0005956018758372402
0.0005956018758581103
0.0005956018758345958
0.0005956018758250668
0.0005956018758302019
0.0005956018758354912
0.0005956018758023055
0.0005956018758445413
0.000595601875867202
0.0005956018758149941
0.0005956018758431504
0.0005956018758696025
0.000595601875845864
0.0005956018758447377
0.0005956018758376154
0.0005956018758384416
0.000595601875809206
0.0005956018758442667
0.000595601875862246
0.0005956018758137687
0.0005956018758100311
0.000595601875806896
0.0005956018758085516
0.000595601875777702
0.0005956018758063044
0.0005956018758440833
0.0008560944738831251
0.0008560944738625136
0.0008560944738622683
0.000856094473810651
0.0008560944738268873
0.0008560944738427169
0.0008560944738018731
0.0008560944738505667
0.000856094473890561
0.0008560944738104777
0.0008560944738455925
0.0008560944738593227
0.0008560944738083199
0.0008560944738547716
0.0008560944738874876
0.0008560944738162456
0.0008560944738675868
0.0008560944738837022
0.0008560944738278642
0.0008560944738463474
0.0008560944738565811
0.0008560944738364708
0.0008560944738236508
0.000856094473845487
0.0008560944738722679
0.0008560944738390059
0.0008560944738626509
0.0008560944738722255
0.0008560944738227768
0.0008560944738704171
0.0008560944738930477
0.0008560944738189485
0.0008560944738594453
0.0008560944738856872
0.0008560944738532561
0.0008560944738435634
0.0008560944738494635
0.0008560944738545001
0.0008560944738145673
0.000856094473870637
0.0008560944738980716
0.0008560944738299528
0.000856094473869666
0.0008560944739035638
0.0008560944738726686
0.0008560944738709198
0.000856094473859153
0.0008560944738606796
0.0008560944738274471
0.0008560944738737984
0.000856094473894249
0.0008560944738302254
0.000856094473824622
0.0008560944738212
0.000856094473823921
0.0008560944737856012
0.0008560944738199752
0.000856094473879047
0.001182404038169507
0.001182404038135968
0.001182404038136102
0.00118240403806609
0.001182404038082467
0.001182404038096421
0.001182404038053646
0.001182404038113949
0.001182404038160263
0.001182404038065761
0.00118240403810913
0.00118240403812181
0.001182404038063127
0.00118240403811996
0.001182404038157117
0.001182404038077895
0.001182404038137341
0.001182404038150607
0.001182404038082162
0.001182404038107609
0.001182404038123921
0.001182404038097537
0.001182404038085562
0.001182404038107862
0.001182404038133158
0.001182404038105847
0.001182404038129173
0.001182404038135101
0.001182404038085434
0.001182404038142306
0.001182404038164449
0.001182404038077045
0.001182404038124592
0.00118240403815349
0.001182404038114089
0.001182404038109726
0.001182404038114222
0.00118240403811491
0.001182404038072995
0.001182404038140584
0.00118240403817004
0.001182404038088098
0.001182404038139992
0.001182404038179503
0.001182404038142124
0.001182404038140514
0.001182404038124386
0.00118240403812616
0.001182404038093958
0.00118240403814892
0.001182404038168608
0.001182404038092938
0.001182404038087978
0.001182404038083753
0.001182404038085067
0.001182404038041738
0.001182404038076983
0.00118240403815569
0.001584360496000673
0.001584360495951877
0.001584360495953114
0.001584360495872462
0.001584360495884388
0.001584360495894735
0.001584360495855364
0.001584360495925195
0.001584360495974506
0.001584360495869495
0.001584360495920084
0.001584360495932024
0.001584360495869636
0.001584360495933401
0.001584360495972275
0.001584360495891906
0.001584360495954266
0.001584360495962134
0.001584360495883823
0.001584360495916793
0.001584360495942148
0.001584360495907509
0.001584360495900599
0.001584360495920008
0.001584360495934521
0.001584360495919467
0.001584360495940067
0.001584360495941577
0.001584360495899577
0.00158436049596259
0.001584360495981687
0.001584360495887249
0.001584360495936822
0.001584360495963899
0.001584360495918945
0.001584360495916626
0.001584360495919029
0.001584360495918534
0.001584360495882817
0.001584360495957976
0.001584360495986124
0.001584360495894103
0.001584360495957479
0.001584360496000105
0.001584360495956917
0.001584360495955552
0.001584360495937245
0.001584360495938032
0.001584360495913167
0.001584360495972871
0.001584360495988874
0.001584360495907843
0.00158436049590256
0.001584360495896731
0.001584360495897783
0.001584360495853251
0.001584360495884992
0.001584360495978131
0.002066624659436437
0.00206662465937395
0.002066624659375283
0.002066624659294247
0.002066624659297358
0.002066624659300987
0.002066624659270807
0.002066624659346903
0.002066624659395731
0.002066624659282658
0.002066624659339497
0.002066624659353613
0.002066624659292418
0.002066624659357968
0.002066624659395307
0.00206662465931953
0.002066624659378745
0.002066624659380212
0.002066624659296531
0.002066624659336939
0.002066624659373091
0.002066624659325029
0.002066624659334235
0.002066624659349834
0.002066624659336376
0.002066624659335248
0.002066624659352576
0.002066624659352185
0.002066624659326179
0.002066624659392362
0.002066624659407715
0.002066624659315637
0.00206662465936007
0.002066624659379832
0.002066624659329161
0.002066624659324398
0.002066624659332027
0.002066624659332014
0.002066624659306207
0.002066624659384756
0.002066624659408259
0.002066624659311116
0.002066624659383638
0.002066624659426544
0.002066624659378571
0.00206662465937699
0.002066624659360125
0.00206662465935663
0.002066624659345543
0.002066624659406662
0.002066624659418077
0.002066624659340395
0.002066624659337379
0.00206662465932492
0.002066624659323022
0.002066624659285933
0.002066624659310845
0.002066624659408049
0.002623809616919305
0.002623809616849196
0.002623809616850679
0.002623809616765164
0.002623809616769244
0.00262380961677316
0.002623809616744671
0.002623809616823466
0.002623809616869129
0.00262380961674927
0.002623809616811121
0.002623809616831645
0.002623809616776843
0.002623809616838522
0.002623809616870222
0.002623809616800418
0.002623809616849294
0.002623809616846479
0.002623809616765704
0.002623809616811934
0.002623809616854271
0.002623809616794001
0.002623809616818581
0.002623809616839632
0.002623809616804539
0.002623809616803355
0.002623809616818583
0.002623809616819099
0.002623809616806347
0.00262380961687402
0.002623809616887221
0.002623809616806994
0.002623809616839858
0.002623809616849451
0.002623809616789975
0.002623809616795564
0.002623809616805007
0.002623809616786777
0.002623809616784147
0.002623809616864407
0.002623809616880581
0.002623809616783663
0.002623809616861786
0.002623809616902699
0.002623809616851392
0.002623809616848116
0.002623809616837225
0.002623809616820886
0.002623809616828371
0.002623809616892309
0.002623809616898469
0.002623809616827164
0.002623809616833975
0.002623809616818381
0.002623809616807037
0.002623809616786363
0.002623809616804362
0.00262380961688905
0.003240504038464128
0.003240504038396992
0.003240504038398979
0.003240504038311319
0.00324050403832135
0.003240504038324994
0.003240504038291582
0.003240504038370274
0.003240504038411648
0.003240504038288037
0.003240504038352356
0.003240504038381257
0.003240504038336592
0.003240504038390068
0.00324050403841185
0.003240504038343408
0.003240504038390185
0.003240504038387526
0.003240504038306945
0.003240504038356194
0.003240504038398701
0.003240504038319838
0.003240504038362432
0.003240504038392434
0.003240504038341422
0.003240504038335734
0.003240504038356476
0.003240504038360652
0.003240504038352056
0.003240504038421111
0.00324050403843459
0.003240504038367148
0.00324050403838658
0.003240504038387722
0.003240504038333477
0.003240504038346263
0.003240504038357618
0.00324050403830636
0.003240504038323268
0.003240504038410229
0.003240504038417942
0.003240504038326677
0.003240504038406759
0.003240504038446238
0.003240504038393122
0.003240504038385212
0.003240504038387745
0.003240504038357054
0.003240504038380887
0.003240504038441343
0.00324050403844008
0.003240504038365809
0.003240504038411871
0.003240504038422408
0.003240504038377616
0.003240504038369913
0.003240504038388947
0.003240504038438199
0.003895513392572882
0.003895513392515684
0.003895513392518072
0.003895513392425963
0.003895513392450251
0.003895513392458893
0.003895513392413995
0.003895513392490865
0.003895513392528131
0.003895513392406464
0.003895513392469529
0.003895513392504716
0.003895513392470898
0.003895513392514475
0.003895513392523345
0.003895513392447452
0.003895513392506945
0.003895513392511239
0.003895513392423012
0.003895513392472547
0.003895513392510738
0.003895513392420279
0.00389551339247567
0.003895513392507856
0.003895513392461916
0.003895513392444175
0.003895513392465304
0.003895513392479235
0.003895513392465563
0.003895513392536472
0.003895513392551308
0.003895513392484973
0.003895513392507582
0.003895513392509222
0.003895513392446968
0.003895513392468907
0.003895513392485266
0.00389551339241189
0.003895513392445543
0.00389551339252078
0.003895513392521529
0.003895513392443115
0.003895513392522224
0.003895513392565579
0.003895513392511307
0.003895513392509658
0.003895513392521457
0.003895513392472365
0.003895513392508479
0.00389551339254645
0.003895513392541851
0.003895513392480837
0.003895513392554403
0.003895513392586086
0.003895513392511369
0.003895513392536798
0.00389551339258123
0.003895513392567171
0.004566308233247924
0.004566308233209754
0.004566308233210588
0.004566308233115102
0.004566308233158952
0.004566308233176629
0.004566308233116093
0.004566308233190309
0.004566308233224282
0.004566308233107394
0.004566308233167041
0.004566308233205701
0.004566308233178329
0.004566308233212684
0.004566308233210338
0.004566308233122852
0.004566308233190761
0.004566308233207433
0.004566308233118007
0.004566308233166476
0.004566308233199768
0.004566308233103989
0.004566308233164415
0.004566308233188913
0.004566308233149334
0.004566308233126465
0.004566308233156301
0.004566308233179907
0.004566308233153652
0.004566308233226332
0.004566308233242263
0.004566308233162676
0.004566308233202396
0.004566308233215343
0.004566308233131155
0.004566308233165174
0.004566308233191218
0.004566308233105582
0.004566308233149343
0.004566308233193038
0.004566308233189847
0.004566308233138417
0.004566308233213637
0.00456630823325671
0.004566308233205825
0.004566308233236956
0.004566308233247214
0.004566308233170943
0.004566308233212996
0.004566308233228949
0.004566308233225397
0.004566308233182625
0.004566308233272162
0.004566308233317439
0.004566308233239891
0.004566308233275535
0.004566308233315914
0.004566308233249379
0.005231842405437588
0.005231842405382001
0.005231842405383651
0.005231842405305971
0.005231842405356636
0.005231842405378891
0.005231842405309162
0.005231842405380375
0.005231842405412253
0.00523184240530113
0.005231842405356492
0.005231842405395533
0.005231842405364814
0.005231842405388585
0.005231842405383227
0.005231842405293436
0.005231842405364485
0.00523184240539154
0.005231842405303194
0.005231842405350459
0.005231842405380466
0.005231842405285426
0.005231842405343584
0.005231842405358946
0.005231842405320983
0.005231842405297286
0.005231842405335742
0.00523184240536604
0.005231842405330834
0.005231842405404515
0.005231842405422208
0.005231842405332551
0.005231842405383009
0.005231842405405264
0.005231842405313204
0.005231842405354944
0.005231842405384672
0.005231842405297087
0.005231842405343828
0.005231842405361489
0.005231842405352828
0.005231842405326124
0.005231842405394499
0.005231842405434702
0.005231842405389089
0.005231842405435627
0.005231842405446685
0.005231842405367677
0.005231842405411211
0.005231842405417937
0.005231842405415546
0.005231842405380965
0.005231842405475751
0.005231842405533722
0.005231842405468301
0.005231842405498257
0.00523184240552688
0.00523184240544367
0.005874388189734481
0.005874388189658398
0.005874388189658709
0.005874388189597068
0.005874388189645534
0.005874388189669118
0.00587438818959491
0.005874388189661978
0.005874388189692161
0.005874388189587292
0.005874388189638088
0.005874388189675075
0.005874388189635336
0.005874388189669102
0.005874388189665514
0.005874388189565823
0.005874388189633283
0.005874388189665208
0.005874388189578905
0.005874388189624923
0.005874388189653679
0.005874388189564095
0.005874388189614855
0.005874388189624889
0.005874388189594066
0.005874388189571143
0.00587438818961111
0.005874388189642554
0.00587438818959935
0.005874388189672591
0.005874388189693345
0.00587438818960312
0.005874388189657409
0.005874388189682988
0.005874388189590268
0.005874388189635607
0.005874388189666477
0.005874388189586075
0.005874388189632548
0.005874388189640521
0.005874388189621087
0.005874388189608248
0.005874388189666819
0.005874388189700376
0.005874388189666607
0.005874388189718431
0.005874388189727847
0.005874388189647884
0.005874388189694773
0.005874388189715664
0.005874388189713162
0.005874388189672307
0.005874388189762052
0.005874388189834719
0.005874388189792332
0.005874388189805348
0.005874388189821074
0.005874388189743714
0.006480769714459211
0.00648076971435819
0.006480769714354885
0.006480769714311044
0.006480769714351211
0.006480769714373453
0.00648076971429898
0.006480769714360326
0.006480769714388777
0.006480769714291138
0.006480769714337047
0.006480769714370206
0.006480769714318517
0.006480769714356838
0.006480769714360334
0.006480769714262777
0.006480769714321996
0.006480769714354436
0.006480769714272049
0.006480769714315639
0.006480769714343697
0.006480769714262788
0.006480769714302811
0.006480769714309965
0.006480769714290675
0.006480769714268649
0.006480769714305793
0.006480769714336125
0.00648076971428585
0.006480769714356528
0.006480769714380597
0.006480769714294809
0.006480769714348689
0.006480769714374833
0.0064807697142856
0.0064807697143312
0.006480769714361007
0.006480769714278162
0.006480769714328335
0.006480769714350624
0.006480769714315496
0.00648076971431039
0.006480769714358172
0.006480769714376424
0.006480769714360986
0.006480769714413705
0.006480769714418941
0.006480769714335984
0.006480769714387663
0.006480769714426048
0.00648076971442422
0.006480769714379503
0.006480769714453702
0.006480769714544005
0.006480769714532593
0.006480769714518895
0.006480769714522125
0.006480769714469875
0.007042688917036134
0.007042688916914666
0.007042688916903818
0.007042688916872332
0.007042688916900177
0.007042688916918722
0.00704268891684791
0.007042688916902095
0.007042688916928499
0.007042688916839049
0.007042688916879775
0.007042688916908527
0.007042688916847422
0.00704268891688682
0.007042688916897467
0.007042688916806573
0.007042688916855617
0.00704268891688649
0.00704268891681004
0.007042688916849353
0.007042688916876108
0.00704268891680627
0.007042688916833627
0.007042688916843024
0.007042688916834582
0.00704268891681073
0.007042688916845115
0.007042688916873448
0.007042688916818092
0.007042688916883827
0.007042688916910378
0.007042688916831369
0.00704268891688237
0.007042688916907963
0.007042688916824798
0.007042688916868278
0.007042688916896484
0.007042688916817006
0.00704268891686711
0.007042688916897085
0.007042688916840858
0.007042688916857549
0.007042688916900051
0.007042688916885512
0.007042688916891209
0.007042688916947701
0.007042688916948515
0.007042688916871187
0.007042688916922516
0.007042688916977406
0.00704268891697766
0.007042688916928795
0.007042688916981128
0.007042688917093514
0.007042688917108554
0.007042688917087946
0.00704268891708448
0.007042688917047837
0.007556077791647834
0.007556077791508784
0.007556077791485623
0.007556077791463622
0.007556077791477012
0.007556077791488906
0.007556077791425708
0.007556077791471701
0.007556077791495424
0.007556077791414872
0.007556077791450188
0.007556077791474726
0.007556077791409245
0.007556077791446305
0.007556077791461662
0.007556077791379462
0.007556077791417856
0.007556077791445924
0.007556077791377251
0.007556077791410403
0.007556077791434152
0.007556077791381882
0.007556077791394424
0.007556077791409299
0.007556077791410009
0.007556077791380417
0.007556077791412243
0.007556077791438056
0.00755607779138087
0.00755607779143954
0.007556077791467006
0.00755607779139589
0.007556077791442494
0.00755607779146695
0.007556077791391455
0.007556077791431237
0.007556077791457587
0.007556077791384781
0.007556077791431404
0.007556077791461683
0.007556077791400647
0.007556077791427162
0.007556077791466927
0.007556077791433129
0.007556077791450084
0.007556077791502
0.007556077791500228
0.007556077791433764
0.007556077791479168
0.007556077791549228
0.007556077791554529
0.007556077791504833
0.007556077791541665
0.007556077791667236
0.007556077791712154
0.007556077791698916
0.007556077791687541
0.007556077791661412
0.008019882662979691
0.008019882662825811
0.008019882662784692
0.008019882662770698
0.008019882662769755
0.008019882662770383
0.008019882662718561
0.008019882662755983
0.008019882662776598
0.008019882662705339
0.008019882662735098
0.008019882662755875
0.00801988266269167
0.008019882662723353
0.008019882662739997
0.008019882662667711
0.008019882662695639
0.008019882662719911
0.008019882662660575
0.008019882662686191
0.00801988266270348
0.008019882662675415
0.008019882662671774
0.00801988266269414
0.008019882662704678
0.008019882662664393
0.008019882662693292
0.008019882662716431
0.008019882662661374
0.008019882662711454
0.00801988266273781
0.008019882662675025
0.008019882662716294
0.008019882662739175
0.008019882662672237
0.00801988266270739
0.008019882662731598
0.008019882662666808
0.008019882662708063
0.008019882662736177
0.008019882662677703
0.008019882662707105
0.008019882662742934
0.008019882662702168
0.008019882662723908
0.008019882662760268
0.008019882662758895
0.008019882662709843
0.008019882662745762
0.008019882662823609
0.008019882662836573
0.008019882662794476
0.008019882662827004
0.008019882662952074
0.008019882663030293
0.008019882663035112
0.008019882663018845
0.008019882662999467
0.00843479953617882
0.008434799536009011
0.00843479953594501
0.008434799535925876
0.008434799535912307
0.00843479953591088
0.00843479953587504
0.008434799535903856
0.008434799535921017
0.008434799535859176
0.008434799535883331
0.008434799535900617
0.008434799535841501
0.008434799535866046
0.008434799535881358
0.008434799535820027
0.008434799535837926
0.00843479953585733
0.008434799535808718
0.008434799535826407
0.008434799535834517
0.008434799535820284
0.008434799535812739
0.008434799535837721
0.00843479953585302
0.008434799535811242
0.008434799535836805
0.008434799535857219
0.008434799535806836
0.008434799535848034
0.008434799535872017
0.008434799535817607
0.008434799535853016
0.008434799535873904
0.008434799535815869
0.008434799535845949
0.008434799535867699
0.008434799535811372
0.008434799535846476
0.008434799535871555
0.008434799535818939
0.008434799535847368
0.008434799535878817
0.008434799535837905
0.00843479953586055
0.008434799535887796
0.008434799535886904
0.008434799535848745
0.008434799535874497
0.008434799535953663
0.008434799535974528
0.008434799535945996
0.008434799535982269
0.008434799536097798
0.008434799536195916
0.008434799536227156
0.008434799536220425
0.00843479953620477
0.008802289812485608
0.008802289812301729
0.008802289812219588
0.008802289812191066
0.008802289812168332
0.008802289812164785
0.008802289812137589
0.008802289812157736
0.008802289812171148
0.008802289812118643
0.008802289812137242
0.008802289812151056
0.008802289812098654
0.008802289812115505
0.00880228981212804
0.008802289812078803
0.008802289812087319
0.008802289812100383
0.008802289812063659
0.008802289812074192
0.008802289812080043
0.008802289812073863
0.008802289812062722
0.008802289812086422
0.008802289812102369
0.008802289812063402
0.008802289812085242
0.00880228981210285
0.008802289812058444
0.008802289812091293
0.008802289812112236
0.008802289812065982
0.008802289812095347
0.008802289812113836
0.008802289812064611
0.00880228981208956
0.00880228981210858
0.008802289812060672
0.008802289812089538
0.008802289812111235
0.008802289812065791
0.008802289812091274
0.008802289812118332
0.008802289812080876
0.008802289812102362
0.008802289812124489
0.008802289812123994
0.00880228981209322
0.008802289812110254
0.008802289812184916
0.008802289812212065
0.008802289812200994
0.008802289812245909
0.008802289812352397
0.008802289812458402
0.008802289812520044
0.008802289812530371
0.008802289812515631
0.009123961858902225
0.009123961858708939
0.0091239618586107
0.009123961858570768
0.009123961858540397
0.009123961858533473
0.009123961858511068
0.009123961858522607
0.009123961858531995
0.009123961858488634
0.009123961858501811
0.009123961858512036
0.009123961858466981
0.009123961858476208
0.009123961858484833
0.009123961858449105
0.009123961858449273
0.009123961858453735
0.00912396185843023
0.009123961858434516
0.009123961858440952
0.009123961858439854
0.009123961858425423
0.009123961858445729
0.009123961858460228
0.009123961858425952
0.009123961858443826
0.009123961858458535
0.009123961858420647
0.009123961858446045
0.009123961858463626
0.009123961858425074
0.009123961858448503
0.009123961858464221
0.009123961858423405
0.009123961858443413
0.009123961858459505
0.009123961858419655
0.0091239618584426
0.009123961858460783
0.0091239618584228
0.009123961858444492
0.009123961858467337
0.009123961858435075
0.009123961858454306
0.009123961858474092
0.009123961858473901
0.009123961858448389
0.009123961858459493
0.009123961858524449
0.009123961858554776
0.009123961858563663
0.009123961858620664
0.009123961858721946
0.00912396185882831
0.009123961858910417
0.009123961858941307
0.009123961858934071
0.009401251343154735
0.009401251342958019
0.009401251342845219
0.009401251342793286
0.009401251342755842
0.009401251342743834
0.009401251342724104
0.009401251342727365
0.009401251342732333
0.009401251342697911
0.009401251342705865
0.009401251342712318
0.009401251342674808
0.009401251342676886
0.009401251342680262
0.009401251342651833
0.009401251342645849
0.009401251342645753
0.009401251342637187
0.009401251342636096
0.009401251342643101
0.00940125134264615
0.009401251342628736
0.009401251342644792
0.009401251342656772
0.009401251342627807
0.009401251342641682
0.009401251342653405
0.009401251342622034
0.009401251342641024
0.009401251342655135
0.00940125134262367
0.009401251342641496
0.009401251342654165
0.009401251342621082
0.00940125134263653
0.009401251342649583
0.009401251342617208
0.009401251342634774
0.00940125134264942
0.009401251342618612
0.009401251342636332
0.009401251342655211
0.009401251342628758
0.009401251342645151
0.009401251342664606
0.009401251342664743
0.009401251342642953
0.009401251342651667
0.009401251342708033
0.009401251342744017
0.009401251342769387
0.009401251342833794
0.009401251342931767
0.009401251343037036
0.009401251343131137
0.009401251343183311
0.009401251343186876
0.009635287843002582
0.009635287842807949
0.009635287842683277
0.009635287842619892
0.009635287842575673
0.009635287842556777
0.009635287842538512
0.009635287842534217
0.009635287842534018
0.009635287842508463
0.009635287842511416
0.009635287842513886
0.009635287842483945
0.009635287842479726
0.009635287842478564
0.009635287842455644
0.009635287842448074
0.00963528784244543
0.009635287842442995
0.009635287842440686
0.009635287842446546
0.009635287842450505
0.00963528784243407
0.009635287842445821
0.009635287842454793
0.009635287842431046
0.00963528784244109
0.009635287842449786
0.009635287842424544
0.009635287842438176
0.009635287842448881
0.009635287842423762
0.009635287842436495
0.009635287842445958
0.009635287842419741
0.00963528784243111
0.009635287842441127
0.009635287842415446
0.009635287842428283
0.009635287842439446
0.009635287842415182
0.00963528784242915
0.009635287842444362
0.00963528784242363
0.009635287842436804
0.009635287842456278
0.009635287842457074
0.00963528784243857
0.009635287842447375
0.009635287842498319
0.009635287842539798
0.009635287842577259
0.009635287842646228
0.009635287842741752
0.009635287842846396
0.009635287842946087
0.009635287843013608
0.009635287843029411
0.00982685297199851
0.00982685297181069
0.009826852971677598
0.009826852971604134
0.009826852971553685
0.009826852971527963
0.00982685297150715
0.009826852971498493
0.00982685297149509
0.00982685297147491
0.009826852971473125
0.009826852971472254
0.0098268529714484
0.009826852971441683
0.009826852971438111
0.009826852971418668
0.009826852971411096
0.00982685297140724
0.009826852971405889
0.009826852971402789
0.009826852971406622
0.009826852971409708
0.00982685297139581
0.009826852971403561
0.009826852971409382
0.009826852971390366
0.009826852971396885
0.009826852971402586
0.009826852971382794
0.009826852971392075
0.009826852971399604
0.009826852971379987
0.00982685297138826
0.009826852971394517
0.00982685297137415
0.009826852971381981
0.009826852971389055
0.009826852971369142
0.009826852971377928
0.009826852971385738
0.009826852971367159
0.009826852971377805
0.009826852971389702
0.009826852971374176
0.009826852971384185
0.009826852971401385
0.009826852971403215
0.009826852971389513
0.00982685297139959
0.009826852971447114
0.009826852971493633
0.009826852971540149
0.009826852971611864
0.009826852971705186
0.00982685297180916
0.009826852971911633
0.009826852971989899
0.00982685297201733
0.009976370765871273
0.00997637076569409
0.009976370765556176
0.009976370765474548
0.009976370765418732
0.009976370765387047
0.009976370765363243
0.009976370765351164
0.009976370765344616
0.009976370765327583
0.009976370765323464
0.009976370765319995
0.009976370765300313
0.009976370765292559
0.00997637076528715
0.00997637076527039
0.00997637076526253
0.009976370765257696
0.009976370765255727
0.009976370765251957
0.009976370765253487
0.009976370765254939
0.009976370765243939
0.009976370765248148
0.009976370765250877
0.009976370765235873
0.009976370765239268
0.009976370765242035
0.009976370765226819
0.009976370765232676
0.009976370765237382
0.009976370765222372
0.009976370765226936
0.009976370765230159
0.009976370765214529
0.009976370765219358
0.009976370765223695
0.009976370765208506
0.009976370765213889
0.009976370765218519
0.009976370765204625
0.00997637076521247
0.009976370765221461
0.009976370765210369
0.009976370765217688
0.009976370765231694
0.00997637076523443
0.009976370765225572
0.009976370765237169
0.009976370765282508
0.009976370765333619
0.009976370765387108
0.009976370765460324
0.009976370765551317
0.009976370765654318
0.009976370765758365
0.009976370765843765
0.009976370765881358
0.01008390001296753
0.01008390001280403
0.01008390001266487
0.01008390001257712
0.01008390001251694
0.01008390001248037
0.01008390001245386
0.01008390001243883
0.01008390001242951
0.01008390001241427
0.01008390001240872
0.01008390001240344
0.01008390001238669
0.01008390001237844
0.01008390001237186
0.01008390001235715
0.01008390001234896
0.01008390001234328
0.01008390001233987
0.0100839000123354
0.0100839000123347
0.01008390001233431
0.01008390001232597
0.01008390001232713
0.01008390001232693
0.01008390001231513
0.01008390001231582
0.01008390001231571
0.01008390001230407
0.01008390001230733
0.01008390001230966
0.01008390001229833
0.01008390001230002
0.01008390001230054
0.01008390001228853
0.01008390001229088
0.01008390001229277
0.0100839000122812
0.01008390001228374
0.01008390001228538
0.01008390001227507
0.01008390001228066
0.01008390001228719
0.01008390001227962
0.01008390001228486
0.01008390001229545
0.01008390001229876
0.01008390001229408
0.01008390001230677
0.01008390001235066
0.01008390001240605
0.01008390001246509
0.01008390001253892
0.01008390001262724
0.01008390001272881
0.0100839000128339
0.01008390001292366
0.0100839000129695
0.01014911468768744
0.01014911468753985
0.01014911468740297
0.01014911468731127
0.01014911468724794
0.01014911468720751
0.01014911468717866
0.01014911468716115
0.01014911468714973
0.01014911468713547
0.01014911468712886
0.01014911468712235
0.01014911468710769
0.01014911468709911
0.01014911468709186
0.01014911468707873
0.01014911468707036
0.01014911468706397
0.01014911468705909
0.01014911468705385
0.01014911468705152
0.01014911468704936
0.01014911468704215
0.0101491146870413
0.01014911468703883
0.01014911468702863
0.01014911468702699
0.01014911468702433
0.01014911468701522
0.01014911468701656
0.01014911468701697
0.01014911468700817
0.01014911468700784
0.01014911468700645
0.01014911468699699
0.01014911468699737
0.01014911468699716
0.01014911468698812
0.01014911468698827
0.01014911468698703
0.01014911468697922
0.01014911468698304
0.01014911468698755
0.01014911468698252
0.01014911468698621
0.01014911468699356
0.01014911468699718
0.01014911468699567
0.0101491146870086
0.01014911468705142
0.010149114687111
0.01014911468717467
0.01014911468724842
0.01014911468733358
0.01014911468743317
0.010149114687539
0.01014911468763107
0.01014911468768297
0.01017126528084648
0.01017126528071672
0.01017126528058532
0.01017126528049196
0.01017126528042671
0.0101712652803834
0.01017126528035258
0.01017126528033308
0.01017126528032014
0.01017126528030643
0.01017126528029896
0.0101712652802916
0.01017126528027839
0.01017126528026959
0.01017126528026198
0.01017126528025006
0.01017126528024164
0.01017126528023469
0.01017126528022862
0.01017126528022265
0.01017126528021895
0.01017126528021533
0.01017126528020866
0.01017126528020615
0.01017126528020173
0.01017126528019228
0.01017126528018859
0.01017126528018334
0.01017126528017564
0.01017126528017556
0.01017126528017445
0.01017126528016752
0.01017126528016599
0.01017126528016327
0.01017126528015538
0.01017126528015432
0.01017126528015251
0.01017126528014487
0.01017126528014299
0.010171265280139
0.01017126528013255
0.01017126528013495
0.01017126528013775
0.01017126528013437
0.0101712652801368
0.01017126528014128
0.01017126528014515
0.01017126528014575
0.01017126528015785
0.01017126528019977
0.01017126528026371
0.0101712652803315
0.01017126528040462
0.01017126528048595
0.01017126528058299
0.01017126528068926
0.01017126528078231
0.01017126528083761
0.01014911452556862
0.01014911452545835
0.0101491145253353
0.0101491145252426
0.01014911452517673
0.01014911452513149
0.01014911452509908
0.01014911452507803
0.01014911452506403
0.01014911452505065
0.01014911452504251
0.01014911452503452
0.0101491145250223
0.01014911452501337
0.01014911452500556
0.01014911452499457
0.0101491145249862
0.01014911452497885
0.01014911452497182
0.0101491145249652
0.0101491145249604
0.01014911452495561
0.01014911452494911
0.01014911452494515
0.01014911452493898
0.01014911452492974
0.01014911452492405
0.01014911452491597
0.01014911452490893
0.01014911452490767
0.01014911452490509
0.01014911452489965
0.0101491145248975
0.01014911452489401
0.01014911452488733
0.01014911452488525
0.0101491145248822
0.01014911452487535
0.01014911452487155
0.01014911452486462
0.0101491145248587
0.01014911452485981
0.01014911452486095
0.01014911452485851
0.01014911452485982
0.01014911452486175
0.01014911452486597
0.01014911452486785
0.01014911452487803
0.01014911452491911
0.01014911452498795
0.0101491145250597
0.01014911452513169
0.01014911452520841
0.01014911452530227
0.01014911452540886
0.01014911452550184
0.0101491145255577
0.01008389968957019
0.01008389968948005
0.01008389968936843
0.01008389968927883
0.01008389968921378
0.01008389968916763
0.01008389968913406
0.01008389968911193
0.01008389968909728
0.01008389968908414
0.01008389968907553
0.01008389968906709
0.01008389968905552
0.01008389968904649
0.01008389968903861
0.0100838996890283
0.01008389968902007
0.01008389968901244
0.01008389968900462
0.01008389968899749
0.01008389968899184
0.01008389968898614
0.01008389968897961
0.01008389968897441
0.01008389968896661
0.01008389968895719
0.01008389968894948
0.01008389968893812
0.01008389968893113
0.0100838996889287
0.01008389968892429
0.01008389968892012
0.0100838996889178
0.01008389968891395
0.01008389968890856
0.01008389968890593
0.01008389968890209
0.01008389968889568
0.01008389968889001
0.01008389968887984
0.01008389968887402
0.01008389968887363
0.01008389968887291
0.01008389968887106
0.010083899688871
0.01008389968887025
0.01008389968887509
0.0100838996888778
0.01008389968888504
0.0100838996889253
0.01008389968899989
0.01008389968907576
0.01008389968914608
0.01008389968921723
0.01008389968930731
0.01008389968941428
0.01008389968950619
0.01008389968955962
0.009976370282986528
0.009976370282916576
0.009976370282819169
0.009976370282735181
0.009976370282672497
0.009976370282626483
0.009976370282592207
0.009976370282569477
0.009976370282554574
0.009976370282541662
0.009976370282532791
0.00997637028252406
0.009976370282512888
0.009976370282503807
0.009976370282495905
0.009976370282486057
0.009976370282477998
0.00997637028247019
0.009976370282461648
0.00997637028245419
0.009976370282447959
0.009976370282441549
0.009976370282434954
0.009976370282428742
0.00997637028241947
0.009976370282409618
0.009976370282399779
0.009976370282384576
0.009976370282377134
0.009976370282373271
0.009976370282366026
0.009976370282363024
0.009976370282360801
0.009976370282356746
0.0099763702823532
0.009976370282350598
0.009976370282346554
0.009976370282340568
0.009976370282333202
0.00997637028231961
0.009976370282314153
0.00997637028231229
0.009976370282308819
0.00997637028230736
0.009976370282305967
0.009976370282302006
0.00997637028230719
0.009976370282309938
0.009976370282313391
0.009976370282353084
0.009976370282434473
0.009976370282514919
0.009976370282582967
0.009976370282647301
0.009976370282733044
0.009976370282840791
0.009976370282930696
0.009976370282978432
0.009826852332461031
0.009826852332410863
0.009826852332329817
0.009826852332253994
0.009826852332195267
0.009826852332150512
0.009826852332116002
0.00982685233209319
0.009826852332078423
0.009826852332065808
0.009826852332056863
0.009826852332047982
0.009826852332037051
0.009826852332027959
0.009826852332020065
0.009826852332010437
0.009826852332002553
0.009826852331994601
0.009826852331985228
0.009826852331977639
0.00982685233197112
0.009826852331964189
0.009826852331957613
0.009826852331950676
0.009826852331940214
0.009826852331929843
0.009826852331917798
0.009826852331898143
0.009826852331889837
0.009826852331883983
0.009826852331872133
0.009826852331870103
0.0098268523318679
0.009826852331863253
0.009826852331862831
0.009826852331860892
0.009826852331857377
0.009826852331852246
0.009826852331843694
0.009826852331826969
0.009826852331821472
0.009826852331817681
0.009826852331810385
0.009826852331808777
0.009826852331806203
0.009826852331799222
0.009826852331804723
0.009826852331805972
0.009826852331805337
0.009826852331845524
0.009826852331934633
0.009826852332020419
0.009826852332085351
0.009826852332141318
0.009826852332222306
0.009826852332331793
0.009826852332418711
0.009826852332457147
0.009635287050772649
0.009635287050741612
0.009635287050677883
0.009635287050612831
0.009635287050559707
0.009635287050517366
0.009635287050483086
0.009635287050460781
0.009635287050446573
0.009635287050434371
0.00963528705042555
0.009635287050416661
0.009635287050405878
0.009635287050396841
0.009635287050388963
0.009635287050379283
0.009635287050371527
0.009635287050363362
0.009635287050352799
0.009635287050345283
0.009635287050338764
0.009635287050331431
0.009635287050325052
0.009635287050317801
0.009635287050306647
0.009635287050295848
0.009635287050281615
0.009635287050257025
0.009635287050247594
0.009635287050239008
0.009635287050219939
0.009635287050218355
0.009635287050216067
0.009635287050209272
0.009635287050213853
0.009635287050213099
0.009635287050210521
0.009635287050207511
0.00963528705019904
0.009635287050180385
0.009635287050174685
0.009635287050168488
0.009635287050156177
0.009635287050153976
0.009635287050150166
0.009635287050140039
0.009635287050145717
0.009635287050145885
0.009635287050141337
0.009635287050181549
0.009635287050278801
0.009635287050370705
0.009635287050431167
0.009635287050476749
0.009635287050552804
0.009635287050665846
0.009635287050748606
0.00963528705077369
0.009401250403396275
0.009401250403379163
0.009401250403331821
0.009401250403280293
0.009401250403234388
0.00940125040319564
0.009401250403162011
0.009401250403140927
0.009401250403127734
0.009401250403116129
0.00940125040310763
0.009401250403098874
0.009401250403088255
0.009401250403079355
0.009401250403071484
0.009401250403061449
0.009401250403053752
0.009401250403045139
0.009401250403032607
0.009401250403025372
0.009401250403019108
0.009401250403011334
0.009401250403005455
0.009401250402998433
0.009401250402987345
0.009401250402976421
0.009401250402960231
0.009401250402930585
0.009401250402919979
0.009401250402908306
0.009401250402879337
0.009401250402877251
0.009401250402876385
0.009401250402867945
0.00940125040287901
0.00940125040287894
0.009401250402876137
0.009401250402874506
0.009401250402867442
0.009401250402849523
0.009401250402843621
0.00940125040283468
0.009401250402816259
0.009401250402813515
0.009401250402808254
0.009401250402794114
0.009401250402800815
0.009401250402800288
0.009401250402791533
0.009401250402831209
0.009401250402936767
0.009401250403035275
0.00940125040308897
0.009401250403121566
0.009401250403192861
0.009401250403312611
0.009401250403389514
0.009401250403401598
0.009123960778040353
0.009123960778032699
0.009123960778000432
0.009123960777964499
0.009123960777927312
0.009123960777893347
0.009123960777860681
0.009123960777841724
0.009123960777830079
0.009123960777819269
0.009123960777811323
0.00912396077780284
0.009123960777792517
0.009123960777783864
0.009123960777775967
0.00912396077776534
0.009123960777757605
0.009123960777748092
0.009123960777732237
0.009123960777725513
0.009123960777719584
0.009123960777710978
0.009123960777706143
0.009123960777700111
0.009123960777689911
0.009123960777679394
0.009123960777661894
0.009123960777627749
0.009123960777616255
0.009123960777601414
0.009123960777563094
0.009123960777562602
0.009123960777562164
0.009123960777549808
0.009123960777568888
0.009123960777568789
0.009123960777565391
0.009123960777564454
0.009123960777557684
0.009123960777543575
0.00912396077753734
0.00912396077752568
0.009123960777500717
0.009123960777496713
0.009123960777489972
0.009123960777471289
0.009123960777480183
0.00912396077747921
0.009123960777466047
0.009123960777504651
0.009123960777618316
0.009123960777723079
0.009123960777766303
0.009123960777782924
0.009123960777850387
0.009123960777981464
0.009123960778049675
0.00912396077805095
0.00880228859826231
0.008802288598260153
0.008802288598242364
0.008802288598222288
0.008802288598195179
0.008802288598167188
0.008802288598135566
0.00880228859811995
0.008802288598110447
0.008802288598100717
0.008802288598093504
0.008802288598085536
0.008802288598075733
0.008802288598067465
0.008802288598059526
0.00880228859804816
0.008802288598040281
0.008802288598029199
0.008802288598007925
0.008802288598002011
0.008802288597996097
0.008802288597985621
0.008802288597983026
0.008802288597978991
0.008802288597970175
0.008802288597960593
0.008802288597943174
0.008802288597906154
0.008802288597894569
0.008802288597876811
0.008802288597829696
0.008802288597834395
0.008802288597834067
0.008802288597814732
0.008802288597841232
0.008802288597841264
0.008802288597832537
0.008802288597832719
0.008802288597827978
0.008802288597820096
0.00880228859781366
0.008802288597800119
0.008802288597771338
0.008802288597765849
0.008802288597757075
0.008802288597732308
0.008802288597743898
0.008802288597742647
0.008802288597724929
0.008802288597761661
0.008802288597882648
0.008802288597991726
0.008802288598018451
0.008802288598018418
0.008802288598085703
0.008802288598231003
0.008802288598285588
0.008802288598280762
0.008434798197747319
0.00843479819775303
0.008434798197748861
0.0084347981977409
0.008434798197725685
0.008434798197704754
0.008434798197673888
0.008434798197663369
0.008434798197656556
0.008434798197648216
0.008434798197642092
0.008434798197634945
0.008434798197626102
0.0084347981976183
0.008434798197610335
0.008434798197598081
0.008434798197589884
0.008434798197576442
0.008434798197546998
0.008434798197542613
0.008434798197535367
0.008434798197520854
0.008434798197523418
0.008434798197523184
0.008434798197514467
0.00843479819750626
0.008434798197492231
0.008434798197454936
0.008434798197444275
0.008434798197424296
0.008434798197369758
0.008434798197385202
0.008434798197384966
0.008434798197354352
0.008434798197387084
0.008434798197387071
0.008434798197366294
0.008434798197368969
0.008434798197367966
0.008434798197367088
0.008434798197362751
0.008434798197347902
0.008434798197315982
0.008434798197309027
0.008434798197298232
0.008434798197267711
0.008434798197284694
0.008434798197283412
0.008434798197260908
0.008434798197294306
0.00843479819742091
0.008434798197529647
0.008434798197540571
0.008434798197528169
0.008434798197595319
0.008434798197753007
0.008434798197797525
0.008434798197786036
0.008019881211072544
0.008019881211094468
0.008019881211093217
0.008019881211084655
0.008019881211080158
0.00801988121106501
0.008019881211034216
0.008019881211031143
0.008019881211027518
0.008019881211020636
0.008019881211016742
0.008019881211010604
0.008019881211003469
0.008019881210996203
0.008019881210988485
0.008019881210974762
0.008019881210965083
0.008019881210950352
0.008019881210910611
0.008019881210909614
0.008019881210901187
0.008019881210876297
0.008019881210890537
0.008019881210898444
0.008019881210889512
0.008019881210883205
0.008019881210871976
0.008019881210835918
0.008019881210826512
0.008019881210805642
0.008019881210746666
0.008019881210778007
0.008019881210778635
0.008019881210733005
0.008019881210770156
0.008019881210769861
0.008019881210740236
0.00801988121075266
0.008019881210751386
0.008019881210749235
0.008019881210746597
0.0080198812107313
0.008019881210696474
0.008019881210689968
0.008019881210677716
0.008019881210642161
0.008019881210669143
0.008019881210668366
0.008019881210640628
0.008019881210668097
0.008019881210797284
0.008019881210895944
0.008019881210896517
0.008019881210879676
0.008019881210944074
0.008019881211111539
0.008019881211149396
0.008019881211131149
0.007556076238708008
0.007556076238745704
0.00755607623874725
0.007556076238726344
0.007556076238724759
0.007556076238713316
0.007556076238678033
0.007556076238688367
0.007556076238688746
0.007556076238679448
0.007556076238680437
0.007556076238675898
0.007556076238670987
0.007556076238665078
0.007556076238660432
0.0075560762386413
0.007556076238631556
0.007556076238622142
0.007556076238572022
0.007556076238580434
0.007556076238577607
0.007556076238543076
0.007556076238565872
0.007556076238569179
0.007556076238562364
0.007556076238562099
0.00755607623854752
0.007556076238513458
0.007556076238506561
0.007556076238486935
0.007556076238428903
0.007556076238473623
0.007556076238477327
0.007556076238420269
0.007556076238458788
0.007556076238458234
0.007556076238422319
0.007556076238445049
0.007556076238443961
0.007556076238434929
0.007556076238432198
0.007556076238418512
0.007556076238378618
0.007556076238377945
0.00755607623836661
0.007556076238325792
0.007556076238370247
0.007556076238371115
0.007556076238337097
0.007556076238354818
0.007556076238481626
0.007556076238568755
0.007556076238565707
0.00755607623854513
0.007556076238602398
0.007556076238776228
0.007556076238810508
0.007556076238785861
0.007042687277299799
0.007042687277348954
0.007042687277354603
0.007042687277307409
0.007042687277313316
0.007042687277310119
0.007042687277272932
0.007042687277311871
0.007042687277314751
0.007042687277277954
0.007042687277292244
0.007042687277290014
0.007042687277281022
0.007042687277285995
0.007042687277279888
0.007042687277255729
0.007042687277247398
0.007042687277240933
0.007042687277188727
0.007042687277222499
0.00704268727722304
0.007042687277167434
0.00704268727719066
0.00704268727719303
0.007042687277178658
0.007042687277182129
0.007042687277168449
0.007042687277129844
0.007042687277129817
0.007042687277114462
0.007042687277061462
0.007042687277120322
0.007042687277128709
0.007042687277061843
0.007042687277096682
0.007042687277096091
0.007042687277057738
0.00704268727709383
0.007042687277093691
0.007042687277070423
0.007042687277067008
0.007042687277058867
0.007042687277010162
0.007042687277019697
0.007042687277016446
0.007042687276967676
0.007042687277026981
0.007042687277031293
0.007042687276999293
0.007042687277004221
0.007042687277120934
0.007042687277198351
0.007042687277193194
0.007042687277167204
0.00704268727721686
0.007042687277393748
0.007042687277426169
0.007042687277395822
0.006480768003861009
0.00648076800391746
0.006480768003928443
0.006480768003863329
0.006480768003887019
0.006480768003887209
0.006480768003839126
0.006480768003898339
0.006480768003907296
0.006480768003852755
0.006480768003875766
0.006480768003874085
0.006480768003842883
0.006480768003855264
0.00648076800385503
0.006480768003825413
0.006480768003823191
0.006480768003818973
0.006480768003769699
0.006480768003824483
0.00648076800383087
0.006480768003760237
0.006480768003783225
0.006480768003785086
0.006480768003753115
0.006480768003756693
0.006480768003752369
0.006480768003707261
0.006480768003722596
0.006480768003717311
0.006480768003662494
0.006480768003731955
0.006480768003745811
0.006480768003670374
0.006480768003701806
0.006480768003700806
0.006480768003659107
0.006480768003706326
0.006480768003708729
0.006480768003685026
0.006480768003680937
0.006480768003666892
0.006480768003615782
0.006480768003650438
0.006480768003652259
0.006480768003581167
0.006480768003650331
0.006480768003659188
0.006480768003645042
0.006480768003636722
0.006480768003731097
0.006480768003797459
0.006480768003790303
0.006480768003757387
0.006480768003801004
0.006480768003978033
0.006480768004008414
0.006480768003973244
0.005874386425464367
0.005874386425524862
0.005874386425541766
0.005874386425464718
0.005874386425515204
0.005874386425520232
0.005874386425451524
0.00587438642552251
0.005874386425539006
0.005874386425472652
0.005874386425500974
0.005874386425499293
0.005874386425452772
0.005874386425479642
0.005874386425480461
0.005874386425432756
0.005874386425432196
0.005874386425430105
0.005874386425387491
0.005874386425461263
0.005874386425474876
0.005874386425392803
0.005874386425412397
0.005874386425413897
0.005874386425373704
0.005874386425389961
0.005874386425389196
0.005874386425335984
0.005874386425384129
0.005874386425382685
0.00587438642530651
0.005874386425381142
0.005874386425400643
0.005874386425317892
0.005874386425346712
0.005874386425345133
0.005874386425299121
0.005874386425356133
0.005874386425362123
0.005874386425331662
0.005874386425327532
0.005874386425312595
0.005874386425262957
0.005874386425312513
0.005874386425321764
0.005874386425235777
0.005874386425311744
0.005874386425324844
0.005874386425314724
0.005874386425296921
0.005874386425383164
0.005874386425437187
0.005874386425428002
0.005874386425387179
0.0058743864254281
0.005874386425602506
0.005874386425628726
0.005874386425589749
0.005231840605041448
0.005231840605103994
0.005231840605126575
0.005231840605041413
0.005231840605107756
0.005231840605120553
0.005231840605039253
0.005231840605116523
0.005231840605140737
0.005231840605066583
0.005231840605096814
0.005231840605095159
0.005231840605038897
0.005231840605092031
0.005231840605095722
0.00523184060502253
0.005231840605024077
0.005231840605022236
0.005231840604980269
0.005231840605066479
0.0052318406050871
0.005231840604996078
0.005231840605012481
0.005231840605013656
0.005231840604968463
0.00523184060501742
0.005231840605020742
0.005231840604943389
0.005231840605009017
0.005231840605012391
0.005231840604922482
0.005231840604998872
0.005231840605023916
0.005231840604935247
0.005231840604962087
0.005231840604960003
0.005231840604909726
0.005231840604975874
0.005231840604986597
0.005231840604928596
0.005231840604924556
0.005231840604918713
0.005231840604875293
0.00523184060493899
0.00523184060495737
0.005231840604860916
0.005231840604941747
0.005231840604958033
0.005231840604947757
0.005231840604922097
0.005231840605005673
0.005231840605047169
0.005231840605036102
0.005231840604987099
0.00523184060503034
0.005231840605198589
0.005231840605217168
0.005231840605175715
0.004566306413537391
0.004566306413601409
0.004566306413628638
0.004566306413537823
0.004566306413613625
0.004566306413634727
0.004566306413545552
0.00456630641362589
0.004566306413657161
0.004566306413578433
0.004566306413606817
0.00456630641360553
0.004566306413544389
0.004566306413613526
0.004566306413623678
0.004566306413537286
0.004566306413546249
0.004566306413544347
0.004566306413494032
0.004566306413586488
0.004566306413612681
0.004566306413514785
0.004566306413529636
0.004566306413530521
0.004566306413481123
0.004566306413550035
0.004566306413560588
0.004566306413469376
0.004566306413543527
0.004566306413551076
0.004566306413452998
0.004566306413529901
0.004566306413560143
0.004566306413466943
0.004566306413492107
0.004566306413489683
0.004566306413436275
0.004566306413509876
0.004566306413526907
0.004566306413454414
0.004566306413453159
0.004566306413448762
0.004566306413405884
0.004566306413477212
0.004566306413504549
0.00456630641340033
0.004566306413484724
0.004566306413502761
0.004566306413492194
0.004566306413459542
0.004566306413541738
0.004566306413570913
0.004566306413558317
0.00456630641350163
0.004566306413552883
0.004566306413708681
0.004566306413716774
0.004566306413675955
0.003895511569434366
0.003895511569499208
0.003895511569529209
0.003895511569434449
0.003895511569515854
0.003895511569544018
0.003895511569450126
0.003895511569531865
0.003895511569568804
0.0038955115694889
0.003895511569510515
0.003895511569509939
0.003895511569449309
0.003895511569528255
0.003895511569545548
0.003895511569454462
0.003895511569453391
0.003895511569452729
0.003895511569407755
0.00389551156950271
0.003895511569532121
0.003895511569429343
0.003895511569444409
0.00389551156944496
0.003895511569392016
0.003895511569472642
0.003895511569490933
0.003895511569392062
0.003895511569469996
0.003895511569480037
0.003895511569377792
0.003895511569455152
0.003895511569489716
0.003895511569393289
0.003895511569416766
0.00389551156941417
0.003895511569359487
0.003895511569438276
0.00389551156946219
0.003895511569385643
0.003895511569392199
0.003895511569386606
0.003895511569336954
0.003895511569409436
0.003895511569443935
0.003895511569333863
0.00389551156942104
0.003895511569439231
0.003895511569428273
0.003895511569389696
0.003895511569470411
0.003895511569488103
0.003895511569474423
0.003895511569411456
0.003895511569473898
0.003895511569606653
0.003895511569607781
0.003895511569575513
0.00324050222944365
0.003240502229509913
0.003240502229540471
0.003240502229443418
0.003240502229528188
0.003240502229560861
0.003240502229464744
0.003240502229547154
0.003240502229587643
0.003240502229511543
0.003240502229518077
0.003240502229518366
0.003240502229466959
0.003240502229550195
0.003240502229573184
0.003240502229485736
0.003240502229482474
0.003240502229482097
0.003240502229435149
0.003240502229527761
0.003240502229557273
0.003240502229451811
0.003240502229468363
0.003240502229468477
0.003240502229413196
0.003240502229500579
0.003240502229525028
0.003240502229422539
0.003240502229501708
0.003240502229512223
0.003240502229409197
0.003240502229487393
0.00324050222952458
0.003240502229426306
0.003240502229447908
0.003240502229445265
0.003240502229391535
0.00324050222947353
0.003240502229503221
0.003240502229434368
0.003240502229431618
0.003240502229423258
0.003240502229380269
0.00324050222944874
0.003240502229487441
0.003240502229373421
0.003240502229462803
0.00324050222947959
0.003240502229468216
0.00324050222942513
0.003240502229502227
0.003240502229510292
0.003240502229496075
0.003240502229429322
0.00324050222950127
0.00324050222961536
0.00324050222961336
0.003240502229583289
0.002623807847055071
0.002623807847124271
0.002623807847153218
0.002623807847056266
0.002623807847142768
0.002623807847176615
0.002623807847080899
0.002623807847163357
0.002623807847204537
0.002623807847141071
0.00262380784714243
0.002623807847139508
0.002623807847090455
0.002623807847171579
0.002623807847197489
0.002623807847125121
0.002623807847125089
0.00262380784712052
0.002623807847067392
0.002623807847152669
0.002623807847179108
0.002623807847073884
0.002623807847091979
0.002623807847091573
0.002623807847036378
0.002623807847127211
0.002623807847154848
0.002623807847052077
0.0026238078471306
0.002623807847139702
0.002623807847039501
0.002623807847118605
0.002623807847155775
0.00262380784705758
0.00262380784707693
0.002623807847074313
0.002623807847024083
0.002623807847107556
0.002623807847140203
0.002623807847067366
0.002623807847067536
0.002623807847065556
0.002623807847021956
0.002623807847086504
0.002623807847126014
0.002623807847010895
0.002623807847101423
0.002623807847115518
0.002623807847103912
0.002623807847058215
0.002623807847126712
0.002623807847128174
0.002623807847114658
0.002623807847047726
0.002623807847126461
0.002623807847216235
0.002623807847213924
0.002623807847189171
0.002066622966568367
0.002066622966640564
0.002066622966666081
0.002066622966572766
0.002066622966658866
0.002066622966690426
0.002066622966598514
0.002066622966679652
0.002066622966718176
0.002066622966659833
0.002066622966663983
0.002066622966658378
0.002066622966610981
0.002066622966691248
0.002066622966717195
0.002066622966654865
0.002066622966657597
0.002066622966649322
0.002066622966595744
0.002066622966675592
0.002066622966696841
0.002066622966595807
0.002066622966613296
0.002066622966612437
0.002066622966561603
0.002066622966652654
0.002066622966679932
0.002066622966580537
0.002066622966656034
0.00206662296666258
0.002066622966569277
0.002066622966648161
0.00206662296668213
0.002066622966587034
0.002066622966603373
0.002066622966600955
0.002066622966557019
0.002066622966639635
0.002066622966671687
0.00206662296660052
0.002066622966604216
0.002066622966602264
0.002066622966559263
0.002066622966621822
0.002066622966658626
0.002066622966546662
0.002066622966636085
0.002066622966646664
0.002066622966635168
0.002066622966589405
0.002066622966640404
0.002066622966639453
0.002066622966630973
0.002066622966567673
0.002066622966649487
0.002066622966720394
0.00206662296671727
0.002066622966695159
0.001584358928709512
0.001584358928783866
0.001584358928804872
0.0015843589287195
0.001584358928801939
0.001584358928828509
0.001584358928744401
0.001584358928821607
0.001584358928854606
0.001584358928795292
0.001584358928799906
0.00158435892879346
0.001584358928754802
0.001584358928834908
0.001584358928858195
0.001584358928801527
0.001584358928805326
0.001584358928794982
0.001584358928747086
0.001584358928821926
0.001584358928836987
0.001584358928744727
0.001584358928756273
0.001584358928755386
0.001584358928715624
0.001584358928802848
0.001584358928826655
0.001584358928734801
0.001584358928803993
0.001584358928807779
0.001584358928725685
0.001584358928801543
0.001584358928829613
0.001584358928741446
0.00158435892875363
0.001584358928751642
0.001584358928716763
0.001584358928795201
0.001584358928823301
0.001584358928758204
0.001584358928756882
0.001584358928752325
0.001584358928719458
0.001584358928780382
0.001584358928811354
0.001584358928707839
0.001584358928792586
0.001584358928799401
0.001584358928788581
0.001584358928745725
0.001584358928782291
0.001584358928781096
0.00158435892877523
0.001584358928718722
0.001584358928796811
0.001584358928851631
0.001584358928847548
0.001584358928827514
0.001182402645556903
0.00118240264563054
0.001182402645646828
0.001182402645573373
0.001182402645648243
0.001182402645668486
0.001182402645595869
0.001182402645665763
0.001182402645691567
0.001182402645630627
0.001182402645632659
0.001182402645630021
0.001182402645603855
0.001182402645679388
0.001182402645698089
0.001182402645647544
0.001182402645650986
0.001182402645641477
0.00118240264560212
0.001182402645668541
0.001182402645677696
0.001182402645598284
0.001182402645607254
0.001182402645606234
0.001182402645575602
0.001182402645654174
0.001182402645672625
0.001182402645592266
0.001182402645651484
0.001182402645653127
0.001182402645585773
0.001182402645654942
0.001182402645675724
0.001182402645598341
0.001182402645608313
0.001182402645606895
0.001182402645580159
0.001182402645650385
0.001182402645672408
0.001182402645612133
0.001182402645610357
0.001182402645606421
0.001182402645581817
0.001182402645638559
0.001182402645661789
0.001182402645571817
0.001182402645647567
0.001182402645651206
0.001182402645641603
0.001182402645604481
0.001182402645628837
0.00118240264562812
0.001182402645624031
0.001182402645577381
0.001182402645645514
0.001182402645686714
0.001182402645682151
0.001182402645664972
0.0008560932949886469
0.0008560932950571722
0.0008560932950692385
0.0008560932950103582
0.0008560932950739554
0.0008560932950879534
0.0008560932950293427
0.0008560932950886842
0.0008560932951071089
0.0008560932950530995
0.0008560932950574404
0.0008560932950558801
0.0008560932950366311
0.0008560932951015107
0.0008560932951148848
0.0008560932950717071
0.0008560932950728747
0.0008560932950662889
0.0008560932950376041
0.0008560932950923768
0.0008560932950970285
0.0008560932950331682
0.0008560932950407012
0.0008560932950396991
0.0008560932950170342
0.000856093295082921
0.0008560932950956382
0.0008560932950297239
0.000856093295075447
0.0008560932950758814
0.0008560932950257541
0.0008560932950846633
0.0008560932950983042
0.0008560932950346955
0.0008560932950445705
0.0008560932950436294
0.0008560932950228083
0.0008560932950815368
0.0008560932950969063
0.0008560932950436126
0.0008560932950422939
0.0008560932950399412
0.0008560932950230478
0.0008560932950726183
0.0008560932950879666
0.0008560932950151232
0.0008560932950779364
0.0008560932950794363
0.0008560932950716321
0.0008560932950423603
0.0008560932950558614
0.00085609329505583
0.0008560932950539272
0.0008560932950186611
0.0008560932950724661
0.0008560932951027267
0.0008560932950981733
0.0008560932950851106
0.0005956009344242194
0.0005956009344826305
0.0005956009344913446
0.0005956009344479572
0.0005956009344976538
0.0005956009345064993
0.0005956009344628201
0.0005956009345092416
0.0005956009345211681
0.0005956009344788044
0.0005956009344874328
0.0005956009344861027
0.000595600934469812
0.0005956009345202526
0.0005956009345287804
0.0005956009344927472
0.0005956009344932756
0.0005956009344908502
0.0005956009344713095
0.000595600934512702
0.0005956009345146552
0.0005956009344674144
0.0005956009344736938
0.000595600934472879
0.000595600934457056
0.0005956009345077163
0.0005956009345154645
0.000595600934465539
0.0005956009344982801
0.0005956009344981642
0.0005956009344635872
0.000595600934509661
0.0005956009345174758
0.000595600934469189
0.0005956009344783349
0.0005956009344777575
0.0005956009344622688
0.0005956009345075459
0.0005956009345170206
0.0005956009344726117
0.0005956009344723625
0.000595600934471375
0.0005956009344606739
0.0005956009345013147
0.0005956009345100307
0.0005956009344558293
0.0005956009345030235
0.0005956009345034862
0.0005956009344981041
0.0005956009344777323
0.0005956009344846685
0.0005956009344849935
0.0005956009344834235
0.0005956009344592299
0.0005956009344967692
0.000595600934518496
0.0005956009345137505
0.0005956009345060544
0.0003915795070616875
0.0003915795071057138
0.000391579507111859
0.0003915795070831708
0.0003915795071179788
0.0003915795071231837
0.0003915795070937831
0.0003915795071263784
0.0003915795071333444
0.0003915795071040409
0.0003915795071127129
0.000391579507111788
0.0003915795070998411
0.0003915795071347948
0.0003915795071396969
0.0003915795071138398
0.0003915795071151682
0.0003915795071142851
0.0003915795071012005
0.0003915795071287858
0.0003915795071295078
0.0003915795070984668
0.0003915795071034763
0.0003915795071029756
0.000391579507092546
0.0003915795071273937
0.0003915795071316004
0.0003915795070975108
0.0003915795071189528
0.0003915795071186792
0.0003915795070967477
0.0003915795071290406
0.0003915795071328728
0.0003915795070999164
0.0003915795071071052
0.0003915795071068608
0.0003915795070961902
0.0003915795071276353
0.0003915795071326938
0.0003915795071008117
0.0003915795071019424
0.0003915795071011724
0.0003915795070940605
0.0003915795071237212
0.0003915795071278293
0.0003915795070915738
0.00039157950712204
0.0003915795071223321
0.0003915795071201959
0.0003915795071087109
0.0003915795071121916
0.0003915795071120651
0.0003915795071097939
0.0003915795070955198
0.0003915795071173168
0.0003915795071324259
0.0003915795071254633
0.0003915795071236682
0.000237665091745918
0.0002376650917737008
0.0002376650917777808
0.0002376650917613266
0.0002376650917823249
0.000237665091785308
0.000237665091768011
0.0002376650917877556
0.0002376650917914389
0.0002376650917740367
0.0002376650917805307
0.0002376650917800408
0.0002376650917724107
0.0002376650917933039
0.0002376650917959128
0.0002376650917801793
0.0002376650917815655
0.0002376650917812648
0.0002376650917734309
0.0002376650917885283
0.0002376650917889106
0.0002376650917720913
0.0002376650917760688
0.0002376650917758669
0.0002376650917690836
0.0002376650917897052
0.0002376650917918843
0.0002376650917716706
0.0002376650917841162
0.0002376650917839946
0.0002376650917713342
0.0002376650917908832
0.0002376650917925097
0.0002376650917730601
0.0002376650917776324
0.0002376650917775915
0.0002376650917710011
0.0002376650917899641
0.0002376650917922829
0.0002376650917730356
0.000237665091775766
0.0002376650917751388
0.0002376650917692982
0.0002376650917878257
0.0002376650917894009
0.0002376650917684079
0.000237665091786847
0.0002376650917870121
0.0002376650917855534
0.00023766509178241
0.0002376650917813181
0.0002376650917799224
0.0002376650917789245
0.0002376650917723051
0.0002376650917816807
0.0002376650917915716
0.000237665091782207
0.000237665091785034
0.0001292715884588424
0.0001292715884726133
0.0001292715884749265
0.000129271588467077
0.0001292715884774773
0.0001292715884791703
0.0001292715884706012
0.0001292715884804609
0.0001292715884822315
0.0001292715884737014
0.0001292715884775433
0.0001292715884773426
0.0001292715884731465
0.000129271588483491
0.000129271588484811
0.0001292715884770763
0.0001292715884779862
0.000129271588477913
0.0001292715884738908
0.0001292715884818836
0.0001292715884821451
0.000129271588473585
0.0001292715884755785
0.0001292715884757392
0.0001292715884721531
0.0001292715884822255
0.000129271588483346
0.0001292715884734518
0.0001292715884796298
0.0001292715884797355
0.0001292715884730726
0.0001292715884828599
0.0001292715884835481
0.0001292715884740975
0.000129271588476325
0.0001292715884763872
0.0001292715884727997
0.000129271588482332
0.0001292715884832549
0.0001292715884738488
0.0001292715884759027
0.0001292715884756374
0.0001292715884717878
0.0001292715884813418
0.0001292715884818992
0.000129271588471836
0.0001292715884806378
0.0001292715884810306
0.0001292715884803292
0.0001292715884797253
0.0001292715884769965
0.0001292715884768594
0.0001292715884766702
0.0001292715884750437
0.0001292715884767443
0.0001292715884822943
0.0001292715884753942
0.0001292715884797051
6.062899070821618e-05
6.062899071332001e-05
6.062899071430194e-05
6.062899071127724e-05
6.062899071529213e-05
6.062899071618921e-05
6.062899071272825e-05
6.062899071662003e-05
6.06289907173912e-05
6.06289907140425e-05
6.062899071584244e-05
6.062899071582408e-05
6.062899071384942e-05
6.062899071790853e-05
6.062899071855674e-05
6.062899071571875e-05
6.062899071644144e-05
6.062899071638395e-05
6.062899071440668e-05
6.062899071763279e-05
6.06289907179015e-05
6.062899071446094e-05
6.062899071502638e-05
6.062899071531956e-05
6.062899071387235e-05
6.062899071770068e-05
6.062899071826579e-05
6.062899071444262e-05
6.062899071696217e-05
6.062899071712045e-05
6.06289907140465e-05
6.062899071793455e-05
6.062899071825238e-05
6.062899071463413e-05
6.062899071549112e-05
6.062899071555373e-05
6.062899071383326e-05
6.0628990717701e-05
6.062899071803221e-05
6.062899071443961e-05
6.062899071548655e-05
6.062899071551169e-05
6.062899071337978e-05
6.062899071730224e-05
6.062899071751651e-05
6.062899071371551e-05
6.062899071684281e-05
6.06289907173099e-05
6.062899071663636e-05
6.062899071663549e-05
6.062899071469473e-05
6.062899071541168e-05
6.06289907156134e-05
6.062899071628446e-05
6.062899071480584e-05
6.062899071689137e-05
6.06289907136598e-05
6.062899071680043e-05
2.309636064344227e-05
2.309636064485498e-05
2.309636064511523e-05
2.309636064419819e-05
2.309636064535024e-05
2.309636064571484e-05
2.309636064462103e-05
2.309636064578204e-05
2.309636064605901e-05
2.309636064504105e-05
2.309636064574218e-05
2.309636064578456e-05
2.309636064498494e-05
2.309636064617428e-05
2.309636064645992e-05
2.309636064593747e-05
2.309636064599082e-05
2.309636064578875e-05
2.309636064530506e-05
2.309636064626181e-05
2.30963606464602e-05
2.309636064542555e-05
2.309636064538602e-05
2.309636064564171e-05
2.309636064527521e-05
2.309636064625533e-05
2.30963606464682e-05
2.309636064539477e-05
2.309636064606344e-05
2.309636064610944e-05
2.30963606451118e-05
2.309636064625862e-05
2.309636064638476e-05
2.309636064537741e-05
2.309636064581358e-05
2.309636064586271e-05
2.309636064500698e-05
2.309636064622169e-05
2.309636064631143e-05
2.309636064527768e-05
2.309636064570248e-05
2.309636064582661e-05
2.309636064486193e-05
2.309636064606134e-05
2.309636064612132e-05
2.309636064508731e-05
2.309636064580891e-05
2.309636064612611e-05
2.309636064553191e-05
2.30963606456742e-05
2.309636064502315e-05
2.309636064549427e-05
2.3096360645514e-05
2.309636064613807e-05
2.309636064509344e-05
2.309636064577921e-05
2.309636064457725e-05
2.309636064591312e-05
6.492936686705159e-06
6.492936687006775e-06
6.492936687030646e-06
6.492936686842265e-06
6.492936687051318e-06
6.492936687142473e-06
6.492936686906205e-06
6.492936687138012e-06
6.492936687200355e-06
6.492936686991873e-06
6.492936687159224e-06
6.492936687185415e-06
6.492936686982858e-06
6.492936687208697e-06
6.492936687314485e-06
6.492936687292624e-06
6.492936687264747e-06
6.492936687170258e-06
6.492936687086002e-06
6.492936687281959e-06
6.492936687429518e-06
6.492936687177007e-06
6.492936687076313e-06
6.492936687224977e-06
6.492936687152944e-06
6.492936687273926e-06
6.492936687314336e-06
6.492936687196157e-06
6.492936687254215e-06
6.49293668718598e-06
6.492936687024949e-06
6.492936687184305e-06
6.492936687207727e-06
6.49293668709217e-06
6.492936687200351e-06
6.49293668723506e-06
6.49293668699483e-06
6.492936687252857e-06
6.492936687257305e-06
6.492936687066919e-06
6.492936687158509e-06
6.492936687223624e-06
6.492936686958142e-06
6.492936687126208e-06
6.492936687130013e-06
6.492936687062231e-06
6.492936687054304e-06
6.492936687151869e-06
6.492936687023131e-06
6.492936687100526e-06
6.49293668693711e-06
6.492936687073892e-06
6.49293668698406e-06
6.492936687160669e-06
6.492936686914705e-06
6.492936687113036e-06
6.492936686823316e-06
6.492936687131599e-06
1.506280000879199e-06
1.506280000924313e-06
1.506280000926802e-06
1.506280000896127e-06
1.506280000925767e-06
1.506280000937608e-06
1.506280000901657e-06
1.506280000934837e-06
1.506280000943101e-06
1.506280000910472e-06
1.506280000937352e-06
1.506280000942561e-06
1.506280000909424e-06
1.506280000942985e-06
1.50628000095458e-06
1.506280000935835e-06
1.506280000942885e-06
1.506280000949731e-06
1.506280000931559e-06
1.506280000935889e-06
1.506280000959957e-06
1.506280000944585e-06
1.506280000934158e-06
1.50628000095281e-06
1.506280000933322e-06
1.50628000095138e-06
1.506280000956236e-06
1.50628000094104e-06
1.506280000943396e-06
1.506280000935779e-06
1.506280000920448e-06
1.506280000944323e-06
1.50628000094722e-06
1.506280000922282e-06
1.506280000943477e-06
1.506280000949461e-06
1.506280000911351e-06
1.506280000947681e-06
1.506280000949003e-06
1.506280000919058e-06
1.506280000937956e-06
1.506280000948032e-06
1.506280000906848e-06
1.506280000920577e-06
1.506280000919e-06
1.506280000925127e-06
1.506280000938099e-06
1.506280000942219e-06
1.506280000910891e-06
1.506280000919082e-06
1.506280000900637e-06
1.506280000916574e-06
1.506280000903913e-06
1.506280000922348e-06
1.506280000897009e-06
1.506280000918002e-06
1.506280000889126e-06
1.506280000917179e-06
5.725664650885243e-06
5.725664650883759e-06
5.725664650883872e-06
5.725664650884451e-06
5.725664650882648e-06
5.72566465088386e-06
5.725664650884315e-06
5.725664650883839e-06
5.725664650884267e-06
5.725664650884153e-06
5.725664650883562e-06
5.725664650883922e-06
5.725664650885429e-06
5.725664650883944e-06
5.725664650883989e-06
5.725664650885962e-06
5.725664650885045e-06
5.725664650884022e-06
5.725664650882892e-06
5.725664650884601e-06
5.725664650885135e-06
5.725664650883722e-06
5.72566465088293e-06
5.725664650886575e-06
5.725664650885722e-06
5.72566465088551e-06
5.72566465088313e-06
5.725664650886159e-06
5.725664650887248e-06
5.725664650883642e-06
5.725664650882176e-06
5.725664650882287e-06
5.725664650883712e-06
5.725664650885213e-06
5.725664650884192e-06
5.725664650883905e-06
5.725664650885003e-06
5.725664650882765e-06
5.725664650883741e-06
5.72566465088436e-06
5.725664650884204e-06
5.725664650884214e-06
5.72566465088403e-06
5.725664650884154e-06
5.725664650884324e-06
5.72566465088436e-06
5.725664650883496e-06
5.725664650884197e-06
5.725664650884423e-06
5.725664650883869e-06
5.725664650883081e-06
5.72566465088414e-06
5.725664650883556e-06
5.725664650884095e-06
5.725664650884362e-06
5.725664650882921e-06
5.725664650883463e-06
5.725664650884041e-06
)
;

boundaryField
{
    inlet
    {
        type            cyclic;
    }
    outlet
    {
        type            cyclic;
    }
    bottomWall
    {
        type            nutUSpaldingWallFunction;
        Cmu             0.09;
        kappa           0.41;
        E               9.800000000000001;
        value           nonuniform List<scalar> 
58
(
2.046142726872544e-08
2.046142726894228e-08
2.046142726856281e-08
2.046142726948438e-08
2.046142726888807e-08
2.04614272695928e-08
2.046142726894228e-08
2.046142726970122e-08
2.04614272690507e-08
2.046142726980964e-08
2.046142726915912e-08
2.046142726975543e-08
2.046142726921333e-08
2.046142726964701e-08
2.046142726926754e-08
2.04614272695928e-08
2.046142726921333e-08
2.046142726953859e-08
2.046142726943017e-08
2.046142726953859e-08
2.046142726948438e-08
2.046142726964701e-08
2.046142726943017e-08
2.046142726964701e-08
2.046142726926754e-08
2.046142726948438e-08
2.046142726943017e-08
2.046142726953859e-08
2.046142726932175e-08
2.046142726948438e-08
2.046142726921333e-08
2.046142726937596e-08
2.046142726926754e-08
2.046142726937596e-08
2.046142726926754e-08
2.046142726926754e-08
2.046142726932175e-08
2.046142726937596e-08
2.046142726915912e-08
2.046142726915912e-08
2.046142726899649e-08
2.046142726910491e-08
2.04614272690507e-08
2.04614272690507e-08
2.046142726894228e-08
2.046142726899649e-08
2.046142726894228e-08
2.046142726883386e-08
2.046142726888807e-08
2.046142726877965e-08
2.046142726861702e-08
2.046142726872544e-08
2.046142726867123e-08
2.046142726856281e-08
2.04614272685086e-08
2.04614272685086e-08
2.046142726834597e-08
2.046142726872544e-08
)
;
    }
    topWall
    {
        type            nutUSpaldingWallFunction;
        Cmu             0.09;
        kappa           0.41;
        E               9.800000000000001;
        value           nonuniform List<scalar> 
58
(
2.046138868224117e-08
2.046138866874285e-08
2.046138868207854e-08
2.046138868251222e-08
2.046138869644422e-08
2.046138868207854e-08
2.046138868224117e-08
2.046138868213275e-08
2.046138866765865e-08
2.046138868207854e-08
2.046138866760444e-08
2.046138868202433e-08
2.046138863887308e-08
2.046138866760444e-08
2.046138868207854e-08
2.046138866771286e-08
2.046138868213275e-08
2.046138868207854e-08
2.046138868218696e-08
2.046138868213275e-08
2.046138868213275e-08
2.046138868213275e-08
2.046138868218696e-08
2.046138868218696e-08
2.046138868207854e-08
2.046138868224117e-08
2.046138868213275e-08
2.046138868229538e-08
2.046138868218696e-08
2.046138866787549e-08
2.046138868213275e-08
2.046138868224117e-08
2.046138868207854e-08
2.046138868224117e-08
2.046138868213275e-08
2.046138868224117e-08
2.046138868202433e-08
2.046138869660685e-08
2.04613886818617e-08
2.046138868218696e-08
2.046138868197012e-08
2.046138868218696e-08
2.046138868191591e-08
2.046138866771286e-08
2.046138868175328e-08
2.046138868207854e-08
2.046138868164486e-08
2.046138863881887e-08
2.046138863827677e-08
2.046138868202433e-08
2.046138868159065e-08
2.046138868213275e-08
2.046138868142802e-08
2.046138868213275e-08
2.046138868148223e-08
2.046138868180749e-08
2.046138868148223e-08
2.04613886813196e-08
)
;
    }
    left
    {
        type            cyclic;
    }
    right
    {
        type            cyclic;
    }
}


// ************************************************************************* //
