/*--------------------------------*- C++ -*----------------------------------*\
| =========                 |                                                 |
| \\      /  F ield         | OpenFOAM: The Open Source CFD Toolbox           |
|  \\    /   O peration     | Version:  v1812                                 |
|   \\  /    A nd           | Web:      www.OpenFOAM.com                      |
|    \\/     M anipulation  |                                                 |
\*---------------------------------------------------------------------------*/
FoamFile
{
    version     2.0;
    format      ascii;
    class       volScalarField;
    location    "10000";
    object      nut;
}
// * * * * * * * * * * * * * * * * * * * * * * * * * * * * * * * * * * * * * //

dimensions      [0 2 -1 0 0 0 0];


internalField   nonuniform List<scalar> 
3770
(
5.73486331133394e-06
5.734863311319332e-06
5.734863311316979e-06
5.734863311218221e-06
5.734863311159612e-06
5.734863311311908e-06
5.734863311386128e-06
5.734863311287822e-06
5.734863311232232e-06
5.7348633113397e-06
5.734863311423686e-06
5.73486331130404e-06
5.734863311307971e-06
5.734863311307966e-06
5.734863311255685e-06
5.734863311378821e-06
5.734863311417895e-06
5.734863311392312e-06
5.734863311426836e-06
5.73486331131818e-06
5.734863311271317e-06
5.734863311376156e-06
5.734863311448593e-06
5.734863311430147e-06
5.734863311416981e-06
5.734863311312729e-06
5.734863311244834e-06
5.73486331131997e-06
5.73486331133485e-06
5.734863311282978e-06
5.734863311375159e-06
5.734863311356646e-06
5.734863311281517e-06
5.734863311385327e-06
5.734863311361533e-06
5.734863311254812e-06
5.734863311326626e-06
5.734863311338163e-06
5.734863311288596e-06
5.734863311374953e-06
5.734863311357721e-06
5.734863311289611e-06
5.734863311427853e-06
5.734863311400058e-06
5.734863311223085e-06
5.734863311267913e-06
5.734863311324033e-06
5.734863311348366e-06
5.734863311255655e-06
5.734863311190774e-06
5.734863311212414e-06
5.734863311232524e-06
5.734863311326869e-06
5.734863311411791e-06
5.734863311329828e-06
5.734863311258302e-06
5.734863311325117e-06
5.734863311356969e-06
2.181607484578819e-06
2.181607483243486e-06
2.181607483908118e-06
2.181607482643388e-06
2.181607483298275e-06
2.181607483211263e-06
2.18160748426313e-06
2.18160748315375e-06
2.181607483113802e-06
2.181607483260086e-06
2.181607484108388e-06
2.18160748300692e-06
2.181607483291163e-06
2.181607483209452e-06
2.181607482944655e-06
2.181607483385816e-06
2.18160748400599e-06
2.181607483716681e-06
2.181607484126701e-06
2.181607483478362e-06
2.181607483147865e-06
2.181607483648644e-06
2.18160748414783e-06
2.181607483942343e-06
2.181607484095462e-06
2.181607483521669e-06
2.181607482909263e-06
2.181607483308705e-06
2.18160748346013e-06
2.18160748300042e-06
2.181607483764944e-06
2.181607483791839e-06
2.181607483050771e-06
2.181607483869647e-06
2.181607483895184e-06
2.181607483036487e-06
2.181607483472138e-06
2.181607483597861e-06
2.181607483188196e-06
2.181607483856032e-06
2.181607483933908e-06
2.181607483298636e-06
2.181607484291263e-06
2.181607484313979e-06
2.181607483358938e-06
2.181607483813693e-06
2.181607483989648e-06
2.181607484147935e-06
2.181607483790836e-06
2.181607483564551e-06
2.181607483682888e-06
2.181607484090147e-06
2.181607484615145e-06
2.181607485056856e-06
2.181607484701782e-06
2.181607484592005e-06
2.181607484898884e-06
2.181607485302597e-06
1.146746525790612e-05
1.146746524967963e-05
1.146746525417851e-05
1.146746524794221e-05
1.146746525388972e-05
1.146746525074689e-05
1.14674652535187e-05
1.146746525134553e-05
1.146746524909639e-05
1.146746524958704e-05
1.146746525456892e-05
1.146746524767855e-05
1.146746524988986e-05
1.146746525225314e-05
1.146746524790363e-05
1.146746524945868e-05
1.14674652538648e-05
1.146746524877459e-05
1.14674652509599e-05
1.146746525269178e-05
1.146746524809741e-05
1.146746525030888e-05
1.146746525465888e-05
1.146746524967146e-05
1.146746525117181e-05
1.146746525311487e-05
1.14674652479835e-05
1.146746525004303e-05
1.14674652535934e-05
1.146746524850318e-05
1.146746525099912e-05
1.146746525403523e-05
1.146746524874395e-05
1.146746525123165e-05
1.146746525434099e-05
1.146746524871634e-05
1.146746525098118e-05
1.146746525440951e-05
1.146746524944496e-05
1.146746525189539e-05
1.146746525512665e-05
1.146746524999955e-05
1.146746525303882e-05
1.146746525619916e-05
1.146746524992951e-05
1.146746525064205e-05
1.146746525427425e-05
1.146746525411057e-05
1.146746525246918e-05
1.146746525430832e-05
1.14674652546121e-05
1.146746525424925e-05
1.146746525762861e-05
1.146746525933143e-05
1.146746525729132e-05
1.14674652595337e-05
1.14674652589322e-05
1.146746525944147e-05
4.115653201359351e-05
4.115653198393338e-05
4.115653199735202e-05
4.115653198103116e-05
4.115653200527021e-05
4.115653198540431e-05
4.115653197200603e-05
4.115653199318699e-05
4.115653198291543e-05
4.115653197010077e-05
4.115653199821451e-05
4.115653197893185e-05
4.115653196830125e-05
4.115653199580379e-05
4.115653197828482e-05
4.115653196754197e-05
4.115653199729321e-05
4.115653197949806e-05
4.115653196900018e-05
4.115653199586648e-05
4.115653197846584e-05
4.115653196853523e-05
4.115653199862032e-05
4.115653198131993e-05
4.115653197025732e-05
4.115653199747528e-05
4.115653197908469e-05
4.115653196902436e-05
4.115653199798095e-05
4.115653198035342e-05
4.115653197066472e-05
4.115653199887124e-05
4.1156531980715e-05
4.115653197127946e-05
4.115653199970689e-05
4.115653198119676e-05
4.115653197161169e-05
4.115653200039202e-05
4.115653198235823e-05
4.115653197280593e-05
4.115653200123269e-05
4.115653198339011e-05
4.115653197483606e-05
4.115653200389352e-05
4.11565319845134e-05
4.115653197379501e-05
4.115653200321597e-05
4.115653199005539e-05
4.115653197680426e-05
4.115653200413603e-05
4.115653199214334e-05
4.115653198170695e-05
4.115653201116452e-05
4.115653200294045e-05
4.115653199103153e-05
4.115653202308047e-05
4.115653201201934e-05
4.115653200391564e-05
0.0001062964444650877
0.0001062964444017188
0.0001062964444225182
0.0001062964443958346
0.0001062964444476254
0.0001062964443993203
0.0001062964443302963
0.000106296444419171
0.0001062964443813867
0.0001062964443401759
0.0001062964444231106
0.000106296444379484
0.0001062964443265533
0.0001062964444258223
0.0001062964443720537
0.0001062964443271511
0.0001062964444215611
0.0001062964443748639
0.0001062964443258877
0.0001062964444231862
0.0001062964443725414
0.0001062964443272003
0.0001062964444242391
0.0001062964443785372
0.0001062964443306658
0.0001062964444272801
0.0001062964443750481
0.0001062964443288155
0.0001062964444259007
0.0001062964443780647
0.0001062964443314997
0.0001062964444283706
0.0001062964443778496
0.0001062964443326428
0.0001062964444297514
0.0001062964443793876
0.0001062964443334331
0.0001062964444308821
0.0001062964443796883
0.0001062964443334229
0.0001062964444301977
0.0001062964443800631
0.000106296444335503
0.0001062964444336352
0.0001062964443816811
0.0001062964443349308
0.0001062964444324226
0.0001062964443853384
0.0001062964443383782
0.0001062964444365434
0.0001062964443898059
0.0001062964443456187
0.0001062964444449472
0.0001062964444074134
0.0001062964443652466
0.0001062964444760385
0.0001062964444407615
0.0001062964444095473
0.0002199143647003671
0.000219914364637637
0.0002199143646505748
0.000219914364621207
0.0002199143646992941
0.0002199143646112615
0.0002199143644203867
0.0002199143646473705
0.0002199143645483879
0.0002199143644618688
0.0002199143646469091
0.0002199143645600423
0.0002199143644188399
0.0002199143646636602
0.0002199143645350751
0.0002199143644254875
0.0002199143646450199
0.0002199143645440819
0.0002199143644163865
0.0002199143646538419
0.0002199143645361108
0.0002199143644220424
0.0002199143646504001
0.0002199143645504454
0.0002199143644283264
0.0002199143646623005
0.0002199143645419459
0.0002199143644241078
0.0002199143646550805
0.0002199143645483818
0.0002199143644284164
0.0002199143646607709
0.0002199143645454223
0.000219914364429441
0.0002199143646617493
0.0002199143645481091
0.0002199143644296421
0.0002199143646625932
0.0002199143645449439
0.0002199143644250909
0.0002199143646557045
0.0002199143645405584
0.0002199143644242922
0.0002199143646583038
0.000219914364539901
0.0002199143644190731
0.0002199143646498617
0.0002199143645351582
0.0002199143644179836
0.000219914364652882
0.0002199143645372569
0.0002199143644215201
0.0002199143646567715
0.0002199143645589905
0.0002199143644537808
0.0002199143647154219
0.0002199143646338029
0.000219914364552563
0.0003874703348242278
0.000387470334862907
0.0003874703348557995
0.0003874703348237588
0.0003874703349073812
0.0003874703347664086
0.0003874703343984558
0.000387470334827281
0.0003874703346327441
0.0003874703344943473
0.000387470334823053
0.0003874703346709547
0.0003874703344061232
0.0003874703348628886
0.0003874703346184179
0.0003874703344240104
0.0003874703348216742
0.000387470334638246
0.0003874703344018561
0.0003874703348418505
0.0003874703346203206
0.0003874703344145384
0.0003874703348311154
0.0003874703346484174
0.000387470334424998
0.0003874703348570854
0.0003874703346308609
0.0003874703344159423
0.0003874703348394022
0.0003874703346422756
0.0003874703344225011
0.0003874703348498585
0.0003874703346336052
0.0003874703344218057
0.0003874703348484871
0.0003874703346368564
0.0003874703344199245
0.0003874703348481239
0.0003874703346271716
0.0003874703344063894
0.000387470334828779
0.0003874703346120585
0.0003874703343981326
0.0003874703348272026
0.0003874703346044669
0.000387470334380836
0.0003874703348018694
0.0003874703345819517
0.000387470334367338
0.0003874703347965741
0.0003874703345741797
0.0003874703343572849
0.0003874703347861385
0.0003874703345921982
0.0003874703343990592
0.0003874703348726255
0.0003874703347134485
0.0003874703345619935
0.0006079092613834406
0.0006079092615917757
0.0006079092615914556
0.0006079092616102775
0.000607909261658014
0.0006079092614506416
0.0006079092608875407
0.0006079092615489369
0.0006079092612378147
0.0006079092610544658
0.0006079092615465985
0.0006079092613113979
0.000607909260915168
0.0006079092616151406
0.0006079092612266801
0.0006079092609476938
0.0006079092615473588
0.0006079092612596272
0.0006079092609095337
0.0006079092615813259
0.0006079092612298735
0.0006079092609311928
0.0006079092615622497
0.0006079092612755466
0.0006079092609474821
0.0006079092616061352
0.0006079092612462447
0.0006079092609311459
0.0006079092615744174
0.0006079092612634514
0.0006079092609405522
0.000607909261590457
0.0006079092612462578
0.0006079092609359527
0.0006079092615843121
0.0006079092612490876
0.0006079092609309254
0.0006079092615823907
0.0006079092612308061
0.0006079092609044373
0.000607909261544714
0.0006079092611989446
0.000607909260884115
0.0006079092615355407
0.0006079092611801347
0.0006079092608478988
0.0006079092614843231
0.0006079092611307037
0.0006079092608143563
0.0006079092614638106
0.0006079092611058434
0.0006079092607809667
0.000607909261428936
0.0006079092611101888
0.0006079092608242928
0.0006079092615348873
0.0006079092612645412
0.0006079092610248177
0.0008791883230380162
0.000879188323556009
0.0008791883235249195
0.0008791883236354749
0.0008791883236753441
0.0008791883233921151
0.0008791883226504278
0.0008791883235395919
0.000879188323108356
0.0008791883228947276
0.0008791883235487927
0.0008791883232218599
0.0008791883227093484
0.0008791883236475259
0.0008791883231065745
0.0008791883227576694
0.0008791883235540101
0.0008791883231521942
0.0008791883227033134
0.000879188323602148
0.0008791883231116167
0.0008791883227349618
0.0008791883235757695
0.0008791883231766273
0.0008791883227590174
0.000879188323639671
0.0008791883231347782
0.0008791883227332914
0.0008791883235918727
0.0008791883231576478
0.0008791883227461025
0.0008791883236135156
0.0008791883231297231
0.0008791883227351361
0.0008791883236001309
0.0008791883231312278
0.0008791883227269717
0.0008791883235975025
0.0008791883231040223
0.0008791883226848773
0.0008791883235369479
0.0008791883230502927
0.00087918832264884
0.0008791883235177321
0.0008791883230175978
0.0008791883225888806
0.0008791883234339554
0.000879188322934102
0.0008791883225295221
0.0008791883233932974
0.0008791883228870363
0.0008791883224654818
0.0008791883233257873
0.0008791883228681286
0.0008791883224998063
0.0008791883234370276
0.0008791883230275952
0.0008791883226371696
0.001202658417141829
0.00120265841813965
0.001202658418072436
0.001202658418251113
0.001202658418295218
0.001202658417933543
0.001202658417052162
0.001202658418135358
0.001202658417596627
0.001202658417370562
0.001202658418170018
0.001202658417753669
0.0012026584171523
0.00120265841829719
0.001202658417614522
0.001202658417215841
0.001202658418182636
0.001202658417670136
0.001202658417147356
0.001202658418243714
0.001202658417622152
0.00120265841718927
0.001202658418212734
0.001202658417706566
0.001202658417223352
0.00120265841829758
0.001202658417653182
0.001202658417186425
0.001202658418232811
0.001202658417680638
0.001202658417203216
0.001202658418259564
0.001202658417640406
0.001202658417183196
0.001202658418236504
0.001202658417640107
0.001202658417173299
0.001202658418235613
0.001202658417605582
0.001202658417114374
0.001202658418148964
0.001202658417525797
0.001202658417060082
0.001202658418118575
0.001202658417478507
0.001202658416973789
0.001202658417997941
0.001202658417355918
0.001202658416884848
0.001202658417934457
0.00120265841728409
0.001202658416785731
0.001202658417828433
0.001202658417233584
0.001202658416799519
0.001202658417927878
0.00120265841736389
0.001202658416756005
0.001584029515912647
0.001584029517534195
0.001584029517466917
0.001584029517674719
0.001584029517720607
0.001584029517286447
0.001584029516316401
0.001584029517546402
0.001584029516924195
0.001584029516698898
0.001584029517616774
0.001584029517124272
0.001584029516465935
0.001584029517768562
0.001584029516971886
0.001584029516543106
0.001584029517640497
0.001584029517033169
0.001584029516464155
0.001584029517712236
0.001584029516983141
0.001584029516516217
0.001584029517680577
0.001584029517085819
0.001584029516563025
0.001584029517786962
0.00158402951702363
0.001584029516513242
0.001584029517704897
0.001584029517053667
0.00158402951653474
0.001584029517736162
0.001584029517000105
0.001584029516502646
0.001584029517700847
0.001584029516998113
0.001584029516493987
0.001584029517706028
0.00158402951695982
0.001584029516418284
0.001584029517591048
0.001584029516850366
0.00158402951634414
0.001584029517549743
0.001584029516789789
0.001584029516230975
0.001584029517389854
0.001584029516624668
0.001584029516110303
0.001584029517302941
0.001584029516528084
0.001584029515974365
0.001584029517154529
0.00158402951643891
0.001584029515955931
0.001584029517224276
0.001584029516507103
0.001584029515599479
0.002030466083638466
0.002030466086010411
0.002030466086008837
0.002030466086187808
0.002030466086228431
0.002030466085737925
0.002030466084735598
0.002030466086070562
0.002030466085395633
0.002030466085168809
0.002030466086170036
0.002030466085625133
0.002030466084941541
0.002030466086341608
0.002030466085473261
0.002030466085030445
0.002030466086209672
0.00203046608553475
0.002030466084945763
0.002030466086289259
0.002030466085489654
0.002030466085007816
0.002030466086261712
0.002030466085608701
0.002030466085070647
0.002030466086390785
0.002030466085542263
0.002030466085006406
0.002030466086291104
0.002030466085571884
0.002030466085033676
0.002030466086326674
0.002030466085504569
0.002030466084986027
0.002030466086276087
0.002030466085501582
0.002030466084983298
0.002030466086293929
0.002030466085465174
0.002030466084892062
0.002030466086149059
0.002030466085322647
0.002030466084797189
0.002030466086098562
0.002030466085252326
0.002030466084658651
0.002030466085898578
0.002030466085042264
0.002030466084505339
0.002030466085789643
0.002030466084923676
0.002030466084333451
0.002030466085596725
0.002030466084790072
0.002030466084271724
0.002030466085620098
0.002030466084774257
0.002030466083459264
0.002545399166020742
0.002545399169268147
0.00254539916942154
0.002545399169493552
0.002545399169517409
0.002545399168996904
0.002545399168017487
0.002545399169424059
0.002545399168733712
0.002545399168488561
0.002545399169532727
0.002545399168967794
0.002545399168287357
0.002545399169719532
0.00254539916883237
0.002545399168386712
0.00254539916959463
0.002545399168888201
0.002545399168301471
0.002545399169679353
0.002545399168856176
0.002545399168373749
0.002545399169661175
0.002545399168989481
0.002545399168456623
0.002545399169815715
0.002545399168925356
0.002545399168376274
0.002545399169697436
0.002545399168950451
0.002545399168410935
0.00254539916973815
0.002545399168869696
0.002545399168343668
0.002545399169668389
0.00254539916886698
0.002545399168353458
0.002545399169708207
0.002545399168840438
0.002545399168249093
0.002545399169532284
0.00254539916866121
0.002545399168133088
0.002545399169475929
0.002545399168587269
0.00254539916797279
0.002545399169236227
0.002545399168330266
0.002545399167786781
0.0025453991691087
0.00254539916819548
0.002545399167582501
0.002545399168870802
0.002545399168013309
0.002545399167468169
0.00254539916883505
0.002545399167918096
0.002545399166051965
0.003124458017205775
0.003124458021023298
0.003124458021412072
0.003124458021497769
0.003124458021535334
0.003124458021017898
0.003124458020108989
0.003124458021551706
0.003124458020890567
0.003124458020610404
0.003124458021655199
0.003124458021107267
0.003124458020453929
0.003124458021854785
0.003124458021005047
0.003124458020564347
0.003124458021747996
0.003124458021050012
0.003124458020483312
0.003124458021836036
0.003124458021039631
0.003124458020566983
0.003124458021832396
0.00312445802118562
0.003124458020674621
0.003124458022018106
0.003124458021132504
0.003124458020576356
0.003124458021878759
0.003124458021147673
0.003124458020620702
0.003124458021927227
0.003124458021054641
0.003124458020529012
0.003124458021832803
0.003124458021053871
0.003124458020560085
0.003124458021907303
0.003124458021047871
0.003124458020446025
0.003124458021699117
0.003124458020827395
0.003124458020308448
0.003124458021641883
0.003124458020758837
0.003124458020132137
0.003124458021363554
0.003124458020452351
0.003124458019913496
0.003124458021222587
0.003124458020310395
0.003124458019682955
0.003124458020940656
0.003124458020077424
0.003124458019509794
0.003124458020839277
0.00312445801994656
0.00312445801756475
0.003755003265303034
0.003755003269503898
0.003755003270223477
0.00375500327035845
0.003755003270411506
0.003755003269932966
0.003755003269132693
0.003755003270552754
0.003755003269972587
0.003755003269666214
0.003755003270668082
0.003755003270174322
0.003755003269570643
0.003755003270881889
0.003755003270121614
0.003755003269695872
0.00375500327080353
0.00375500327015214
0.003755003269622472
0.003755003270894585
0.003755003270171816
0.003755003269720273
0.003755003270910027
0.003755003270330032
0.003755003269857793
0.003755003271136699
0.003755003270298896
0.003755003269739475
0.00375500327097159
0.003755003270297149
0.003755003269796485
0.003755003271032835
0.00375500327019399
0.003755003269674593
0.003755003270905514
0.003755003270197035
0.003755003269738329
0.003755003271031798
0.003755003270225365
0.003755003269618796
0.003755003270789673
0.003755003269957462
0.003755003269458602
0.003755003270738134
0.003755003269906348
0.003755003269274125
0.00375500327042247
0.003755003269546339
0.003755003269022188
0.003755003270274524
0.00375500326940946
0.003755003268773892
0.003755003269950641
0.003755003269125532
0.00375500326853962
0.003755003269782931
0.003755003268967365
0.003755003266119026
0.004418508762168628
0.004418508766566858
0.004418508767660394
0.004418508767880559
0.004418508767981795
0.004418508767582287
0.004418508766924588
0.00441850876825443
0.004418508767802109
0.004418508767501068
0.004418508768411175
0.004418508768006839
0.004418508767479812
0.004418508768645197
0.004418508768018479
0.004418508767627186
0.004418508768604493
0.004418508768032371
0.004418508767563028
0.004418508768699935
0.004418508768090045
0.004418508767679363
0.004418508768737993
0.004418508768261896
0.004418508767851437
0.004418508769020284
0.004418508768265417
0.00441850876771093
0.004418508768822099
0.004418508768237852
0.004418508767783972
0.004418508768904292
0.004418508768127902
0.004418508767624943
0.004418508768731123
0.004418508768137226
0.00441850876773571
0.004418508768932268
0.004418508768216386
0.004418508767615627
0.004418508768653768
0.004418508767893156
0.004418508767430929
0.004418508768616321
0.004418508767874567
0.004418508767248252
0.004418508768264729
0.004418508767455162
0.004418508766961067
0.004418508768117076
0.004418508767338611
0.004418508766705818
0.004418508767754576
0.004418508767005756
0.004418508766412282
0.004418508767524624
0.004418508766787423
0.004418508763573709
0.005093682537891569
0.005093682542255829
0.005093682543737082
0.005093682544099334
0.005093682544275241
0.00509368254399304
0.005093682543516471
0.005093682544702279
0.005093682544407735
0.005093682544153184
0.005093682544913989
0.005093682544628042
0.00509368254421641
0.005093682545177766
0.005093682544716224
0.00509368254439619
0.005093682545182705
0.005093682544712598
0.005093682544339857
0.005093682545285113
0.005093682544814956
0.005093682544480954
0.005093682545348152
0.005093682545003646
0.005093682544691168
0.00509368254570447
0.005093682545057212
0.005093682544525863
0.005093682545463822
0.005093682544992865
0.005093682544618298
0.005093682545578318
0.005093682544881106
0.005093682544414098
0.005093682545340852
0.005093682544898113
0.005093682544590135
0.005093682545645854
0.005093682545048117
0.005093682544473893
0.005093682545328134
0.005093682544660494
0.005093682544262283
0.005093682545314848
0.005093682544691998
0.0050936825440933
0.005093682544929245
0.005093682544205758
0.005093682543767598
0.005093682544789303
0.005093682544127389
0.005093682543518137
0.005093682544392982
0.005093682543749734
0.005093682543170742
0.005093682544109064
0.005093682543386621
0.005093682539989151
0.005759459962038528
0.005759459966100461
0.005759459967948491
0.005759459968523904
0.005759459968779135
0.005759459968639228
0.005759459968393743
0.005759459969389232
0.005759459969263732
0.005759459969111512
0.005759459969658248
0.005759459969507006
0.005759459969266629
0.005759459969962633
0.005759459969679258
0.005759459969489448
0.005759459970020178
0.005759459969657603
0.00575945996943436
0.005759459970132473
0.005759459969808691
0.005759459969607584
0.005759459970221336
0.005759459970020128
0.00575945996985916
0.005759459970671528
0.00575945997014404
0.005759459969664428
0.005759459970378527
0.005759459970028981
0.005759459969779445
0.005759459970539322
0.005759459969923303
0.005759459969521322
0.005759459970213575
0.005759459969944705
0.005759459969785686
0.00575945997065583
0.005759459970191195
0.005759459969674535
0.005759459970296606
0.005759459969729087
0.005759459969434014
0.00575945997031826
0.005759459969830465
0.005759459969291221
0.005759459969901752
0.005759459969268305
0.005759459968922656
0.005759459969775804
0.005759459969247904
0.005759459968692578
0.005759459969351488
0.005759459968831155
0.005759459968298975
0.005759459969027311
0.00575945996826831
0.005759459964890285
0.006397690445754839
0.006397690449253451
0.006397690451423655
0.006397690452276499
0.006397690452571714
0.006397690452580038
0.006397690452629863
0.006397690453390209
0.006397690453425624
0.006397690453445498
0.006397690453712935
0.006397690453697966
0.006397690453701498
0.006397690454067555
0.006397690453952509
0.006397690453972345
0.006397690454183693
0.006397690453910334
0.006397690453904379
0.006397690454308698
0.006397690454104397
0.006397690454111202
0.006397690454422351
0.006397690454355225
0.006397690454415112
0.006397690454985483
0.006397690454576836
0.006397690454181966
0.006397690454631632
0.00639769045439261
0.006397690454322856
0.006397690454854561
0.006397690454305297
0.006397690454001551
0.006397690454411412
0.006397690454319339
0.006397690454382338
0.00639769045502659
0.006397690454696174
0.006397690454271865
0.006397690454625112
0.006397690454147852
0.006397690454002713
0.006397690454692063
0.006397690454340976
0.006397690453896507
0.006397690454249356
0.006397690453691284
0.006397690453480152
0.006397690454141089
0.006397690453750366
0.006397690453281931
0.006397690453695118
0.006397690453300743
0.00639769045285013
0.006397690453348469
0.006397690452547607
0.006397690449363424
0.006994964393820533
0.006994964396580159
0.006994964398968493
0.006994964400130889
0.00699496440051932
0.006994964400544293
0.006994964400826235
0.006994964401449993
0.006994964401489833
0.006994964401729154
0.006994964401933486
0.006994964401891774
0.006994964402101736
0.006994964402346595
0.006994964402212887
0.006994964402414042
0.006994964402520515
0.006994964402277722
0.006994964402444338
0.006994964402667995
0.006994964402469865
0.006994964402644232
0.006994964402801893
0.006994964402685373
0.006994964402922126
0.006994964403352138
0.006994964403050382
0.006994964402767395
0.006994964402990527
0.006994964402824267
0.006994964402938154
0.006994964403233537
0.006994964402721171
0.006994964402542904
0.006994964402782673
0.006994964402694669
0.006994964402940996
0.006994964403463561
0.00699496440325654
0.006994964402952153
0.006994964403081657
0.006994964402659645
0.00699496440266094
0.006994964403142927
0.006994964402916513
0.006994964402594376
0.006994964402717825
0.006994964402194678
0.006994964402125949
0.006994964402590138
0.006994964402325787
0.006994964401968938
0.006994964402128784
0.006994964401849797
0.006994964401505981
0.006994964401777901
0.006994964400957339
0.006994964398094162
0.007543088796488483
0.007543088798441226
0.007543088800886754
0.00754308880233709
0.007543088802722544
0.007543088802684007
0.00754308880322771
0.007543088803768749
0.007543088803735312
0.007543088804226837
0.007543088804451571
0.007543088804303177
0.007543088804713834
0.007543088804926894
0.007543088804688638
0.007543088805071216
0.007543088805160017
0.007543088804833355
0.007543088805174996
0.007543088805331369
0.007543088805030474
0.007543088805375815
0.007543088805483962
0.007543088805235617
0.007543088805641112
0.007543088805986974
0.007543088805768605
0.007543088805604725
0.007543088805676028
0.007543088805467376
0.007543088805745577
0.007543088805916272
0.007543088805396502
0.007543088805322971
0.00754308880544761
0.00754308880529358
0.007543088805718461
0.007543088806181063
0.007543088806074683
0.007543088805895465
0.007543088805881258
0.007543088805419939
0.007543088805546131
0.007543088805881923
0.007543088805757277
0.007543088805563813
0.007543088805529807
0.007543088804988578
0.007543088805041836
0.007543088805332633
0.007543088805172542
0.007543088804932274
0.007543088804861904
0.007543088804677884
0.007543088804444536
0.007543088804521993
0.007543088803723601
0.007543088801242794
0.008038349179808942
0.008038349180985793
0.008038349183320168
0.008038349184980592
0.008038349185287071
0.008038349185143458
0.008038349185935056
0.008038349186428257
0.008038349186284918
0.008038349187015249
0.008038349187261273
0.008038349186985479
0.008038349187607159
0.008038349187798088
0.008038349187433185
0.008038349188011582
0.008038349188087515
0.008038349187643439
0.008038349188176362
0.008038349188284267
0.008038349187852033
0.008038349188384605
0.008038349188455219
0.008038349188056588
0.00803834918864312
0.008038349188940141
0.008038349188772456
0.008038349188706074
0.008038349188664983
0.008038349188385179
0.008038349188823887
0.008038349188916648
0.00803834918834999
0.008038349188351149
0.008038349188391023
0.008038349188167693
0.00803834918878223
0.008038349189226543
0.00803834918919042
0.008038349189109582
0.008038349188990605
0.008038349188461823
0.008038349188714107
0.008038349188955407
0.008038349188898775
0.008038349188809305
0.00803834918866763
0.008038349188064363
0.008038349188236591
0.008038349188412421
0.008038349188325845
0.008038349188178792
0.008038349187935719
0.00803834918782438
0.008038349187672995
0.008038349187618884
0.008038349186901397
0.008038349184788213
0.008480157412997688
0.008480157413471653
0.008480157415494323
0.008480157417308204
0.00848015741750871
0.008480157417245834
0.008480157418244207
0.008480157418712378
0.008480157418448831
0.008480157419382319
0.008480157419654022
0.008480157419253061
0.008480157420064964
0.008480157420248206
0.008480157419757892
0.008480157420515558
0.008480157420589014
0.008480157420023924
0.008480157420733068
0.008480157420811995
0.008480157420248014
0.008480157420952778
0.008480157421000391
0.008480157420456635
0.008480157421207219
0.008480157421480965
0.008480157421321625
0.00848015742129196
0.008480157421209049
0.008480157420885348
0.008480157421454816
0.008480157421506243
0.008480157420915275
0.008480157420915499
0.008480157420892503
0.008480157420635875
0.008480157421408721
0.008480157421863272
0.008480157421862703
0.008480157421818783
0.008480157421647941
0.008480157421076481
0.008480157421439833
0.008480157421628639
0.008480157421593151
0.008480157421547818
0.008480157421364759
0.008480157420715414
0.008480157420989546
0.008480157421091499
0.008480157421042829
0.008480157420932201
0.008480157420543701
0.008480157420498329
0.008480157420412044
0.008480157420313408
0.008480157419711726
0.008480157417929467
0.008869689117780704
0.008869689117682137
0.008869689119197369
0.008869689121065978
0.008869689121167704
0.008869689120788978
0.008869689121942493
0.008869689122396865
0.008869689122017251
0.008869689123109328
0.008869689123410159
0.00886968912289765
0.008869689123865189
0.008869689124054213
0.008869689123451961
0.008869689124358232
0.008869689124440121
0.008869689123765737
0.008869689124621681
0.008869689124689075
0.008869689124007117
0.00886968912485487
0.008869689124893712
0.00886968912422212
0.008869689125106786
0.008869689125375127
0.008869689125167557
0.008869689125153494
0.008869689125092577
0.008869689124734275
0.008869689125411567
0.008869689125450936
0.008869689124917672
0.008869689124914808
0.008869689124813788
0.008869689124501324
0.008869689125369846
0.008869689125847489
0.008869689125847008
0.008869689125811995
0.008869689125624658
0.008869689125029567
0.008869689125491789
0.008869689125666651
0.008869689125620667
0.008869689125581545
0.008869689125392863
0.008869689124708804
0.00886968912507015
0.008869689125130047
0.008869689125091111
0.008869689124987786
0.008869689124455243
0.008869689124442118
0.008869689124402334
0.008869689124332452
0.008869689123873016
0.008869689122393422
0.009208851296208869
0.009208851295755448
0.009208851296723905
0.009208851298480071
0.009208851298521852
0.009208851298042386
0.009208851299297376
0.009208851299739328
0.009208851299254976
0.00920885130045968
0.009208851300789947
0.009208851300184312
0.009208851301268703
0.009208851301473494
0.009208851300778578
0.009208851301797985
0.00920885130189732
0.009208851301132455
0.009208851302100902
0.009208851302170763
0.009208851301391341
0.009208851302348192
0.00920885130239024
0.009208851301613676
0.009208851302598436
0.009208851302874651
0.009208851302667463
0.009208851302646363
0.009208851302579606
0.009208851302193415
0.009208851302950283
0.009208851302997704
0.009208851302496353
0.009208851302509403
0.00920885130236972
0.009208851301992055
0.009208851302919959
0.009208851303423575
0.009208851303384421
0.009208851303352276
0.009208851303173808
0.009208851302568911
0.009208851303121593
0.009208851303335363
0.009208851303255989
0.009208851303181014
0.009208851303008889
0.00920885130229716
0.009208851302729843
0.00920885130277573
0.009208851302732126
0.009208851302631622
0.009208851301971594
0.009208851302059676
0.009208851302033099
0.009208851301938121
0.009208851301630704
0.00920885130041253
0.009499649489278738
0.0094996494887032
0.009499649489084635
0.009499649490557855
0.009499649490620573
0.009499649490062859
0.009499649491366989
0.009499649491789846
0.009499649491215456
0.009499649492489116
0.009499649492845609
0.009499649492166489
0.009499649493329309
0.009499649493555874
0.009499649492789695
0.009499649493886861
0.009499649494009743
0.009499649493175971
0.00949964949422262
0.009499649494305115
0.009499649493451294
0.009499649494483465
0.009499649494537705
0.009499649493680972
0.009499649494732346
0.009499649495024182
0.009499649494872843
0.009499649494849256
0.009499649494714751
0.009499649494299517
0.009499649495120143
0.009499649495189182
0.009499649494694206
0.009499649494720019
0.009499649494556967
0.009499649494130791
0.009499649495106458
0.00949964949563477
0.009499649495553287
0.009499649495525682
0.009499649495365085
0.009499649494754471
0.00949964949537547
0.009499649495535415
0.009499649495483289
0.00949964949545045
0.009499649495253996
0.009499649494523288
0.009499649495014067
0.009499649495074116
0.009499649495019229
0.009499649494928906
0.009499649494265823
0.009499649494378645
0.009499649494372139
0.009499649494267647
0.00949964949403056
0.009499649493026983
0.009743869430772659
0.009743869430318413
0.009743869430159815
0.009743869431192931
0.009743869431290532
0.009743869430678695
0.009743869431980818
0.009743869432371828
0.009743869431723643
0.009743869433026598
0.009743869433402778
0.009743869432669163
0.009743869433874622
0.009743869434125182
0.009743869433309228
0.009743869434451064
0.009743869434600627
0.009743869433719991
0.009743869434812676
0.009743869434914407
0.009743869434009631
0.009743869435085664
0.009743869435158087
0.009743869434245942
0.009743869435333079
0.009743869435642106
0.009743869435473163
0.009743869435479641
0.00974386943531368
0.009743869434868378
0.00974386943574522
0.009743869435845008
0.009743869435346083
0.009743869435377008
0.009743869435201806
0.009743869434743072
0.009743869435752287
0.009743869436300564
0.009743869436134082
0.00974386943613139
0.009743869436037528
0.009743869435411896
0.009743869436076441
0.009743869436226696
0.009743869436114007
0.009743869436100011
0.009743869435953161
0.009743869435213229
0.009743869435743473
0.009743869435848084
0.009743869435779701
0.009743869435716162
0.009743869435163121
0.009743869435232696
0.00974386943521432
0.009743869435096149
0.009743869434893958
0.009743869434062741
0.009942949480382841
0.009942949480029687
0.009942949479518725
0.009942949480187353
0.009942949480255595
0.009942949479615829
0.009942949480863788
0.009942949481206264
0.009942949480501739
0.009942949481798842
0.009942949482185288
0.009942949481414847
0.009942949482630538
0.009942949482904119
0.009942949482058951
0.009942949483215502
0.009942949483392234
0.00994294948248598
0.009942949483595647
0.009942949483720081
0.009942949482786985
0.009942949483878534
0.009942949483972553
0.009942949483028686
0.009942949484124034
0.009942949484449067
0.00994294948421622
0.009942949484288297
0.009942949484102365
0.009942949483616024
0.009942949484549062
0.009942949484685241
0.009942949484224278
0.009942949484237022
0.009942949484066373
0.009942949483590407
0.009942949484580445
0.009942949485138219
0.009942949484971687
0.009942949484999439
0.009942949484913095
0.009942949484262978
0.009942949484946192
0.009942949485097091
0.009942949484947752
0.009942949484940983
0.009942949484812768
0.009942949484074882
0.009942949484637793
0.009942949484812672
0.009942949484732535
0.009942949484727452
0.009942949484417971
0.009942949484370868
0.009942949484326995
0.009942949484185708
0.009942949483945881
0.00994294948324361
0.01009794420853057
0.01009794420824361
0.0100979442075738
0.01009794420792621
0.0100979442079436
0.01009794420731612
0.01009794420845195
0.01009794420872778
0.01009794420798629
0.01009794420924665
0.01009794420963169
0.01009794420884058
0.01009794421003766
0.01009794421033075
0.01009794420947558
0.01009794421062018
0.01009794421082236
0.01009794420991048
0.01009794421101123
0.01009794421115924
0.01009794421021912
0.01009794421130109
0.01009794421141788
0.01009794421046452
0.01009794421154392
0.01009794421188305
0.01009794421160481
0.01009794421168038
0.01009794421149833
0.01009794421101655
0.01009794421197187
0.0100979442121431
0.01009794421167279
0.01009794421164543
0.01009794421150453
0.0100979442110579
0.0100979442120272
0.01009794421256508
0.01009794421239009
0.01009794421241981
0.01009794421234755
0.01009794421172502
0.01009794421242158
0.01009794421255669
0.01009794421239254
0.01009794421237189
0.01009794421224402
0.01009794421154674
0.01009794421213391
0.01009794421232756
0.01009794421226141
0.01009794421229446
0.0100979442121172
0.0100979442119566
0.01009794421191266
0.01009794421183131
0.01009794421161921
0.01009794421099363
0.01020951853498573
0.0102095185347632
0.01020951853412297
0.01020951853414574
0.01020951853411058
0.01020951853356685
0.0102095185345149
0.01020951853470955
0.0102095185339537
0.01020951853514975
0.01020951853551996
0.01020951853472303
0.0102095185358761
0.01020951853618334
0.0102095185353359
0.01020951853644501
0.01020951853666918
0.01020951853577019
0.0102095185368392
0.01020951853700956
0.01020951853608215
0.01020951853713248
0.01020951853727141
0.01020951853632917
0.0102095185373716
0.01020951853772109
0.01020951853740358
0.01020951853743489
0.01020951853729116
0.0102095185368515
0.01020951853779348
0.01020951853799475
0.01020951853741438
0.0102095185373756
0.01020951853732928
0.010209518536919
0.01020951853787072
0.01020951853836394
0.01020951853814831
0.01020951853815742
0.01020951853811054
0.01020951853756748
0.01020951853828073
0.01020951853840371
0.01020951853825941
0.01020951853822751
0.01020951853803553
0.01020951853739285
0.01020951853801091
0.01020951853816961
0.01020951853813989
0.0102095185381961
0.0102095185380395
0.01020951853768082
0.01020951853764685
0.01020951853767772
0.01020951853759708
0.01020951853708568
0.0102779420077219
0.01027794200757758
0.01027794200715907
0.01027794200707165
0.01027794200691479
0.01027794200631693
0.01027794200699893
0.01027794200710905
0.01027794200636771
0.01027794200747343
0.01027794200781415
0.01027794200702528
0.01027794200811226
0.01027794200842704
0.01027794200760367
0.01027794200865664
0.01027794200889795
0.01027794200802893
0.0102779420090461
0.01027794200923592
0.01027794200833944
0.01027794200933878
0.01027794200949777
0.01027794200858565
0.01027794200957289
0.01027794200992721
0.01027794200952983
0.01027794200952787
0.01027794200948498
0.01027794200908761
0.01027794200998051
0.01027794201020795
0.01027794200960932
0.01027794200957332
0.01027794200955397
0.01027794200916307
0.01027794201007741
0.01027794201052963
0.01027794201021883
0.01027794201020786
0.01027794201018498
0.01027794200973889
0.01027794201048967
0.01027794201060949
0.01027794201038786
0.01027794201038575
0.01027794201018774
0.01027794200958859
0.01027794201023787
0.01027794201037876
0.01027794201037841
0.01027794201038736
0.01027794201022151
0.01027794200977014
0.01027794200984978
0.01027794200990428
0.01027794200987992
0.01027794200950763
0.01030306937963115
0.0103030693795457
0.0103030693792548
0.01030306937913471
0.01030306937894596
0.01030306937835471
0.01030306937875722
0.0103030693787968
0.01030306937811289
0.01030306937910015
0.01030306937939606
0.0103030693786289
0.01030306937963089
0.01030306937994585
0.01030306937916167
0.0103030693801404
0.01030306938039302
0.01030306937956969
0.01030306938051733
0.01030306938072244
0.01030306937987365
0.01030306938080505
0.01030306938098087
0.01030306938011641
0.01030306938103265
0.01030306938138642
0.01030306938096661
0.01030306938095129
0.01030306938093804
0.01030306938057565
0.01030306938141821
0.01030306938166772
0.01030306938109096
0.01030306938106035
0.01030306938104128
0.01030306938067043
0.01030306938153337
0.01030306938195554
0.01030306938158855
0.0103030693815707
0.01030306938155531
0.01030306938117939
0.01030306938193862
0.01030306938206306
0.01030306938178825
0.01030306938180714
0.0103030693816131
0.0103030693810564
0.01030306938170612
0.01030306938183789
0.01030306938180317
0.0103030693817918
0.01030306938162719
0.01030306938115251
0.01030306938141932
0.01030306938143652
0.01030306938136865
0.01030306938113483
0.01028429995436094
0.01028429995431022
0.01028429995408646
0.01028429995396357
0.01028429995379117
0.0102842999532978
0.01028429995338973
0.01028429995338604
0.01028429995283219
0.01028429995366212
0.01028429995389822
0.01028429995316699
0.01028429995406814
0.01028429995437547
0.01028429995364442
0.01028429995453319
0.01028429995479047
0.01028429995402728
0.01028429995488992
0.01028429995510505
0.01028429995431935
0.01028429995516798
0.01028429995535639
0.01028429995455577
0.01028429995538737
0.01028429995573458
0.01028429995529999
0.01028429995528532
0.01028429995527658
0.01028429995495036
0.01028429995574432
0.01028429995601154
0.01028429995549121
0.01028429995547642
0.01028429995543054
0.01028429995507622
0.01028429995587715
0.0102842999562766
0.01028429995589872
0.01028429995587982
0.0102842999558602
0.01028429995553502
0.01028429995626894
0.01028429995640292
0.01028429995611121
0.01028429995613022
0.01028429995594552
0.01028429995544032
0.01028429995605879
0.01028429995618093
0.01028429995604208
0.01028429995601801
0.0102842999558849
0.010284299955446
0.01028429995581089
0.01028429995584542
0.0102842999557747
0.01028429995561395
0.01022050838294656
0.01022050838291929
0.0102205083827464
0.01022050838264968
0.01022050838251034
0.01022050838216789
0.01022050838213927
0.0102205083820969
0.01022050838154912
0.01022050838217415
0.01022050838234028
0.01022050838166119
0.01022050838244884
0.01022050838274069
0.0102205083820758
0.01022050838286118
0.01022050838311594
0.01022050838242625
0.01022050838319049
0.01022050838340953
0.01022050838270108
0.01022050838345417
0.01022050838365004
0.01022050838292816
0.0102205083836635
0.01022050838399858
0.01022050838358567
0.0102205083835928
0.01022050838357839
0.01022050838326977
0.01022050838398758
0.01022050838426682
0.01022050838387352
0.01022050838392744
0.01022050838378984
0.01022050838341054
0.01022050838413739
0.01022050838451594
0.01022050838417291
0.01022050838416578
0.01022050838412257
0.01022050838382956
0.01022050838451016
0.01022050838465563
0.01022050838437954
0.01022050838442266
0.01022050838424477
0.01022050838376805
0.01022050838432644
0.01022050838443548
0.01022050838415832
0.01022050838413621
0.01022050838408874
0.01022050838369748
0.01022050838408595
0.01022050838415166
0.01022050838409922
0.01022050838398389
0.0101130654652134
0.01011306546520208
0.01011306546507862
0.01011306546499324
0.01011306546487102
0.01011306546466929
0.01011306546460996
0.01011306546454836
0.01011306546400382
0.0101130654644273
0.01011306546452432
0.01011306546391677
0.01011306546458163
0.01011306546485017
0.01011306546426307
0.01011306546493456
0.01011306546517923
0.01011306546457479
0.01011306546522996
0.01011306546544603
0.01011306546482733
0.0101130654654747
0.01011306546567207
0.01011306546504209
0.01011306546567211
0.01011306546598937
0.01011306546562311
0.01011306546570049
0.01011306546567417
0.01011306546534021
0.01011306546596075
0.01011306546624404
0.01011306546593094
0.01011306546599494
0.01011306546584319
0.01011306546549603
0.01011306546612791
0.01011306546648269
0.01011306546624285
0.01011306546629955
0.01011306546617866
0.01011306546587089
0.01011306546647669
0.0101130654666328
0.01011306546639857
0.01011306546646504
0.01011306546629935
0.01011306546584849
0.01011306546632377
0.010113065466417
0.01011306546609434
0.01011306546607645
0.01011306546605436
0.01011306546570657
0.01011306546607027
0.01011306546616746
0.01011306546614179
0.01011306546606034
0.009962872384096818
0.009962872384092356
0.009962872384016887
0.009962872383941002
0.009962872383802288
0.009962872383692563
0.009962872383695134
0.00996287238363182
0.009962872383096181
0.009962872383330894
0.00996287238336669
0.009962872382855443
0.009962872383390881
0.009962872383627563
0.009962872383127649
0.00996287238367834
0.009962872383904489
0.009962872383394876
0.009962872383933603
0.00996287238413877
0.009962872383620171
0.009962872384154985
0.009962872384346698
0.009962872383819644
0.009962872384338579
0.009962872384631496
0.009962872384326747
0.009962872384404067
0.009962872384366366
0.009962872384071
0.009962872384589096
0.009962872384868177
0.009962872384625003
0.0099628723846813
0.009962872384545293
0.009962872384249694
0.009962872384774125
0.009962872385099108
0.009962872384906259
0.009962872384967753
0.00996287238484257
0.009962872384576833
0.009962872385096473
0.009962872385259045
0.009962872385085112
0.009962872385136847
0.009962872384996468
0.009962872384600639
0.00996287238497694
0.009962872385052149
0.009962872384728238
0.009962872384710832
0.009962872384695193
0.009962872384393529
0.009962872384698205
0.009962872384820061
0.009962872384792858
0.009962872384744399
0.009770423198481192
0.009770423198406611
0.00977042319835583
0.009770423198363909
0.009770423198256131
0.009770423198212945
0.009770423198214003
0.009770423198148611
0.009770423197712754
0.009770423197749864
0.009770423197733028
0.009770423197352725
0.009770423197752485
0.009770423197947572
0.009770423197540973
0.009770423197969298
0.009770423198167243
0.009770423197758848
0.009770423198178793
0.009770423198363532
0.009770423197952299
0.009770423198372733
0.009770423198549812
0.009770423198133591
0.009770423198540629
0.009770423198801337
0.009770423198589152
0.00977042319864513
0.009770423198568419
0.009770423198335987
0.009770423198750423
0.00977042319901571
0.00977042319883535
0.009770423198877824
0.009770423198771984
0.009770423198538589
0.009770423198953321
0.009770423199242033
0.009770423199085793
0.009770423199132334
0.009770423199030117
0.009770423198825047
0.009770423199249789
0.00977042319940989
0.009770423199303565
0.009770423199311422
0.009770423199202691
0.009770423198892505
0.009770423199162468
0.009770423199217891
0.009770423198920724
0.009770423198903417
0.009770423198885714
0.009770423198631323
0.009770423198853411
0.009770423198989317
0.0097704231989224
0.009770423198906662
0.009535843401382952
0.009535843401309608
0.009535843401325435
0.009535843401352641
0.009535843401246922
0.009535843401257309
0.009535843401259448
0.00953584340117585
0.009535843400862543
0.009535843400843378
0.00953584340075817
0.009535843400408826
0.009535843400671214
0.009535843400812734
0.009535843400500277
0.009535843400814127
0.009535843400970962
0.009535843400665066
0.009535843400972467
0.009535843401123923
0.009535843400822639
0.00953584340113544
0.009535843401285179
0.009535843400983049
0.009535843401285845
0.009535843401502707
0.00953584340134541
0.009535843401378278
0.009535843401315667
0.009535843401151265
0.009535843401452967
0.009535843401691446
0.009535843401569133
0.009535843401589153
0.00953584340152047
0.009535843401362622
0.009535843401673851
0.009535843401916452
0.00953584340179715
0.009535843401811461
0.009535843401744137
0.009535843401616064
0.009535843401945177
0.00953584340208815
0.009535843402013909
0.009535843402016839
0.009535843401937234
0.009535843401706053
0.009535843401886415
0.009535843401917666
0.009535843401666143
0.009535843401656047
0.009535843401625837
0.009535843401416324
0.009535843401546396
0.009535843401684818
0.00953584340154299
0.009535843401560468
0.009258910607915867
0.009258910607863212
0.009258910607904836
0.009258910607981705
0.009258910607903927
0.009258910607886653
0.009258910607900475
0.009258910607815867
0.009258910607536452
0.00925891060750933
0.009258910607390923
0.009258910607073102
0.009258910607246396
0.009258910607318718
0.009258910607091235
0.009258910607317006
0.009258910607412343
0.009258910607200844
0.009258910607418297
0.009258910607516241
0.00925891060731935
0.009258910607547565
0.009258910607649251
0.009258910607456502
0.009258910607678927
0.009258910607832842
0.00925891060772137
0.009258910607765515
0.009258910607720688
0.009258910607601235
0.00925891060779882
0.0092589106079933
0.009258910607925644
0.00925891060797435
0.009258910607928756
0.009258910607812126
0.009258910608041833
0.009258910608219867
0.009258910608134319
0.009258910608146455
0.009258910608108883
0.009258910608037973
0.009258910608286104
0.009258910608390819
0.00925891060832076
0.009258910608348448
0.009258910608296766
0.009258910608138788
0.009258910608253292
0.009258910608246905
0.009258910608051531
0.009258910608067817
0.009258910608000681
0.009258910607829407
0.009258910607882103
0.009258910608010196
0.009258910607867984
0.009258910607913937
0.008939064632230478
0.008939064632199359
0.008939064632225879
0.008939064632356815
0.008939064632253224
0.008939064632218802
0.00893906463231316
0.008939064632176415
0.008939064631885124
0.008939064631908708
0.00893906463173617
0.008939064631435225
0.00893906463159754
0.008939064631572256
0.008939064631397674
0.008939064631598834
0.008939064631598579
0.008939064631452722
0.008939064631635919
0.008939064631646168
0.008939064631530521
0.0089390646317298
0.008939064631747758
0.008939064631642585
0.008939064631840988
0.008939064631897784
0.008939064631849172
0.008939064631962888
0.008939064631861669
0.008939064631755608
0.008939064631904003
0.008939064632029271
0.008939064632037627
0.008939064632161589
0.008939064632063563
0.008939064631963069
0.008939064632179323
0.008939064632259065
0.00893906463219548
0.008939064632206938
0.008939064632188024
0.008939064632178523
0.008939064632390753
0.00893906463242454
0.008939064632383637
0.0089390646324737
0.008939064632391736
0.008939064632293875
0.008939064632429102
0.008939064632356289
0.00893906463216613
0.008939064632252735
0.008939064632095463
0.008939064631953431
0.008939064631985976
0.008939064632082577
0.008939064631963707
0.008939064632025019
0.008575421491791644
0.008575421491782755
0.00857542149180719
0.008575421492011083
0.008575421491835523
0.008575421491783999
0.008575421492003644
0.008575421491771186
0.008575421491465672
0.008575421491598926
0.008575421491323469
0.008575421491018396
0.008575421491246264
0.008575421491076781
0.008575421490902251
0.008575421491176878
0.00857542149103149
0.008575421490897555
0.008575421491171652
0.008575421491035799
0.008575421490935922
0.008575421491229735
0.00857542149110258
0.008575421491022046
0.008575421491320265
0.00857542149121803
0.008575421491187431
0.008575421491439804
0.00857542149123742
0.008575421491130133
0.008575421491313871
0.008575421491356436
0.008575421491403215
0.00857542149162893
0.008575421491433784
0.008575421491333588
0.008575421491638372
0.008575421491556889
0.008575421491473141
0.008575421491532061
0.008575421491513264
0.00857542149154864
0.008575421491805154
0.008575421491709831
0.008575421491664029
0.00857542149187864
0.008575421491737265
0.008575421491692083
0.008575421491902052
0.008575421491714417
0.008575421491505798
0.008575421491720171
0.00857542149143733
0.008575421491313063
0.008575421491391745
0.008575421491413465
0.008575421491301827
0.008575421491384624
0.008166823122891513
0.008166823122886049
0.008166823122941929
0.0081668231232655
0.008166823123001033
0.008166823122924697
0.008166823123297902
0.00816682312294576
0.008166823122617524
0.008166823122896526
0.008166823122494608
0.008166823122165053
0.008166823122507542
0.008166823122179952
0.00816682312197535
0.008166823122369177
0.008166823122065287
0.008166823121912581
0.00816682312231787
0.008166823122025766
0.008166823121911118
0.00816682312233977
0.008166823122056632
0.008166823121970207
0.008166823122407159
0.008166823122142473
0.008166823122100233
0.008166823122517604
0.008166823122192168
0.008166823122072495
0.008166823122426435
0.008166823122437699
0.008166823122454597
0.008166823122728302
0.008166823122389614
0.008166823122270262
0.008166823122705481
0.008166823122460887
0.008166823122355117
0.008166823122537336
0.008166823122536521
0.008166823122547873
0.00816682312283042
0.008166823122597229
0.00816682312252583
0.008166823122887409
0.008166823122694487
0.00816682312268858
0.00816682312299111
0.008166823122667135
0.008166823122422716
0.008166823122798513
0.008166823122370753
0.008166823122253555
0.00816682312250451
0.008166823122356033
0.008166823122148358
0.008166823122302429
0.007711983923126033
0.007711983923068151
0.007711983923235679
0.007711983923728732
0.007711983923353807
0.007711983923236603
0.007711983923780083
0.00771198392329712
0.007711983922933741
0.007711983923381524
0.00771198392284474
0.00771198392247282
0.007711983922961277
0.007711983922475234
0.00771198392221681
0.007711983922758407
0.007711983922294871
0.007711983922098825
0.007711983922660216
0.007711983922212296
0.007711983922057982
0.007711983922646492
0.007711983922206854
0.007711983922089846
0.007711983922689444
0.00771198392226678
0.007711983922188092
0.007711983922785723
0.00771198392232763
0.007711983922183659
0.007711983922732521
0.007711983922642386
0.007711983922647422
0.007711983923031992
0.007711983922529978
0.00771198392237468
0.007711983922966945
0.007711983922566067
0.007711983922413877
0.007711983922745646
0.007711983922728516
0.007711983922730272
0.007711983923069948
0.007711983922689711
0.007711983922569178
0.007711983923089005
0.007711983922887214
0.007711983922902404
0.007711983923279066
0.007711983922812008
0.007711983922515639
0.007711983923076341
0.0077119839224945
0.007711983922373274
0.007711983922803683
0.007711983922510038
0.007711983922198724
0.00771198392240809
0.007209829542483042
0.007209829542384668
0.007209829542610559
0.007209829543235641
0.007209829542724217
0.007209829542543513
0.007209829543265245
0.007209829542649399
0.00720982954223732
0.007209829542867573
0.00720982954219704
0.007209829541768124
0.007209829542421795
0.00720982954178511
0.007209829541454786
0.007209829542161364
0.007209829541544514
0.007209829541286103
0.007209829542017956
0.007209829541421422
0.007209829541207354
0.0072098295419703
0.007209829541380072
0.007209829541212965
0.007209829541988629
0.007209829541417558
0.00720982954128206
0.007209829542067996
0.007209829541475519
0.00720982954129466
0.007209829542041628
0.007209829541650485
0.0072098295416311
0.007209829542316165
0.007209829541676633
0.007209829541477654
0.007209829542243161
0.0072098295416983
0.007209829541480249
0.007209829542008431
0.007209829541929405
0.007209829541926478
0.007209829542357018
0.007209829541820595
0.007209829541625039
0.007209829542308525
0.007209829542116694
0.007209829542136954
0.00720982954258124
0.007209829541976459
0.007209829541613353
0.007209829542375494
0.007209829541636872
0.007209829541501903
0.007209829542114839
0.007209829541695945
0.00720982954127869
0.007209829541541114
0.006660136697384401
0.006660136697292471
0.006660136697512104
0.006660136698238972
0.006660136697593246
0.006660136697323324
0.006660136698224117
0.0066601366974806
0.006660136697007045
0.006660136697825824
0.006660136697029353
0.006660136696532418
0.006660136697361181
0.006660136696587365
0.00666013669617212
0.006660136697052398
0.00666013669629386
0.006660136695959266
0.006660136696867704
0.006660136696134912
0.006660136695845274
0.006660136696789238
0.00666013669605904
0.006660136695827054
0.006660136696783802
0.006660136696078055
0.006660136695869194
0.006660136696845676
0.006660136696123141
0.00666013669589354
0.006660136696835552
0.006660136696224421
0.006660136696132143
0.006660136697072091
0.00666013669631308
0.006660136696066711
0.006660136697012812
0.00666013669634054
0.006660136696041502
0.006660136696776989
0.006660136696554506
0.006660136696550895
0.006660136697144801
0.006660136696472265
0.006660136696180384
0.006660136697035092
0.006660136696958288
0.00666013669696823
0.006660136697381991
0.006660136696645742
0.006660136696201571
0.006660136697175831
0.006660136696282011
0.006660136696125859
0.006660136696919452
0.006660136696393116
0.006660136695871382
0.006660136696182418
0.006064529571392676
0.006064529571307692
0.006064529571360494
0.006064529572088789
0.006064529571227281
0.006064529570841305
0.006064529571916098
0.006064529571056996
0.006064529570511579
0.006064529571517703
0.006064529570608657
0.00606452957003654
0.00606452957104183
0.006064529570149202
0.006064529569640653
0.006064529570695859
0.006064529569811935
0.00606452956939243
0.006064529570476037
0.006064529569624238
0.006064529569247146
0.006064529570371506
0.006064529569516312
0.006064529569209285
0.00606452957034432
0.006064529569521849
0.006064529569226422
0.006064529570389957
0.006064529569547206
0.00606452956925919
0.006064529570388101
0.006064529569615152
0.006064529569421116
0.006064529570584452
0.006064529569717168
0.006064529569420808
0.006064529570545724
0.006064529569766671
0.006064529569374207
0.006064529570311137
0.006064529569930134
0.006064529569932287
0.006064529570701687
0.006064529569917434
0.006064529569511521
0.006064529570542545
0.006064529570441434
0.006064529570449484
0.006064529570932255
0.006064529570091078
0.006064529569557143
0.006064529570748089
0.006064529569703652
0.006064529569521842
0.006064529570488356
0.00606452956987308
0.006064529569250529
0.006064529569628449
0.005427730037939559
0.005427730037439784
0.005427730037416523
0.005427730038547803
0.005427730037560031
0.005427730037061857
0.005427730038301984
0.005427730037346616
0.005427730036722213
0.005427730037907262
0.005427730036904227
0.005427730036253583
0.005427730037428588
0.00542773003644014
0.005427730035834072
0.005427730037058117
0.005427730036069831
0.005427730035561597
0.005427730036811332
0.005427730035862855
0.005427730035390188
0.005427730036687214
0.005427730035726591
0.005427730035338927
0.005427730036641435
0.005427730035724927
0.005427730035332767
0.0054277300366737
0.005427730035726205
0.005427730035373168
0.005427730036674545
0.00542773003578628
0.005427730035474297
0.005427730036834944
0.005427730035870629
0.005427730035522327
0.005427730036814618
0.005427730035953546
0.005427730035457078
0.005427730036584434
0.00542773003589241
0.005427730035905313
0.005427730036988223
0.005427730036131477
0.005427730035596049
0.005427730036800474
0.005427730036550704
0.005427730036570551
0.005427730037202001
0.005427730036281921
0.005427730035662335
0.005427730037065686
0.005427730035877354
0.0054277300356686
0.005427730036794102
0.005427730036111374
0.005427730035391172
0.005427730035819961
0.00475873229599692
0.004758732295281845
0.004758732295143899
0.004758732296547707
0.004758732295498164
0.004758732294903838
0.004758732296296413
0.004758732295271051
0.004758732294563529
0.00475873229591219
0.004758732294839044
0.004758732294109298
0.004758732295439359
0.004758732294382867
0.00475873229367807
0.004758732295058089
0.004758732293991448
0.004758732293394458
0.004758732294794096
0.004758732293776493
0.004758732293203123
0.004758732294658445
0.004758732293617026
0.004758732293146673
0.00475873229459829
0.004758732293615303
0.004758732293118586
0.004758732294621277
0.004758732293590484
0.004758732293168464
0.004758732294621004
0.004758732293658616
0.004758732293219595
0.004758732294752851
0.004758732293707517
0.00475873229330559
0.00475873229474462
0.004758732293829843
0.004758732293220536
0.004758732294529592
0.004758732293714262
0.004758732293719445
0.004758732294956083
0.004758732294045278
0.004758732293362826
0.004758732294728624
0.004758732294388578
0.004758732294440663
0.004758732295128135
0.004758732294141122
0.004758732293457858
0.004758732295053545
0.004758732293730027
0.004758732293496017
0.004758732294761553
0.004758732294036729
0.00475873229321935
0.004758732293681434
0.004071467879186747
0.004071467878367133
0.004071467878105384
0.004071467879705385
0.004071467878635365
0.004071467877958147
0.004071467879485155
0.004071467878423088
0.0040714678776282
0.004071467879119339
0.004071467878006545
0.0040714678771966
0.004071467878660649
0.004071467877569719
0.004071467876764975
0.004071467878282388
0.004071467877170074
0.004071467876484573
0.004071467878011887
0.004071467876958938
0.004071467876280158
0.00407146787787388
0.004071467876783291
0.004071467876228042
0.004071467877804089
0.004071467876787969
0.004071467876179035
0.004071467877822677
0.004071467876737898
0.004071467876242343
0.004071467877818563
0.004071467876822388
0.004071467876249749
0.004071467877930317
0.004071467876828888
0.004071467876368985
0.00407146787792684
0.004071467876989907
0.004071467876260503
0.004071467877740666
0.004071467876906958
0.004071467876908133
0.004071467878204446
0.004071467877253061
0.004071467876404406
0.004071467877889564
0.004071467877453426
0.004071467877558623
0.004071467878236864
0.004071467877245065
0.004071467876566114
0.00407146787830042
0.004071467876855694
0.004071467876598889
0.004071467877982974
0.004071467877244751
0.004071467876325329
0.00407146787680814
0.003384804896294008
0.003384804895444952
0.003384804895051291
0.00338480489679336
0.00338480489574805
0.003384804894986249
0.003384804896622267
0.003384804895570339
0.003384804894675543
0.003384804896281707
0.003384804895174683
0.003384804894274118
0.003384804895844866
0.003384804894766715
0.003384804893852985
0.003384804895483119
0.003384804894372951
0.00338480489358998
0.003384804895216801
0.003384804894175925
0.003384804893379903
0.00338480489508605
0.003384804893993669
0.003384804893341313
0.003384804895011033
0.003384804894008061
0.003384804893272625
0.003384804895030401
0.003384804893937937
0.003384804893353578
0.003384804895020071
0.003384804894038935
0.003384804893320973
0.00338480489511998
0.003384804894006527
0.003384804893471736
0.003384804895114312
0.003384804894196275
0.003384804893336739
0.003384804894974285
0.003384804894271632
0.003384804894251762
0.00338480489547188
0.003384804894508415
0.003384804893476058
0.003384804894967325
0.003384804894635761
0.003384804894785841
0.003384804895144814
0.003384804894317817
0.003384804893819732
0.003384804895548992
0.00338480489401971
0.003384804893735974
0.003384804895215082
0.003384804894495968
0.003384804893463029
0.003384804893958357
0.002722168994524691
0.002722168993739206
0.002722168993166995
0.002722168994994712
0.002722168994059112
0.002722168993172255
0.002722168994877144
0.002722168993923248
0.002722168992885867
0.00272216899456676
0.002722168993554918
0.002722168992521549
0.002722168994159596
0.002722168993183501
0.002722168992122513
0.002722168993827696
0.002722168992811898
0.002722168991889282
0.002722168993575592
0.002722168992635964
0.002722168991682163
0.002722168993461435
0.002722168992459951
0.002722168991663446
0.002722168993384351
0.00272216899248184
0.002722168991578084
0.002722168993409574
0.002722168992402376
0.002722168991677997
0.002722168993390252
0.002722168992510803
0.002722168991609825
0.002722168993485705
0.002722168992453616
0.002722168991788729
0.002722168993471369
0.002722168992649289
0.002722168991628268
0.002722168993384473
0.002722168992583158
0.002722168992456101
0.002722168993847526
0.002722168992988411
0.002722168991756056
0.002722168992999872
0.002722168992969733
0.002722168993685267
0.002722168993216411
0.002722168992535319
0.002722168992593339
0.002722168993914358
0.002722168992430263
0.002722168992085621
0.00272216899362644
0.002722168992973879
0.002722168991810605
0.002722168992306663
0.002110460921221257
0.00211046092056959
0.002110460919786018
0.002110460921622404
0.002110460920869606
0.00211046091984169
0.002110460921551327
0.002110460920769683
0.002110460919582211
0.00211046092127515
0.002110460920439442
0.002110460919261752
0.002110460920906957
0.002110460920110328
0.002110460918898652
0.002110460920617882
0.002110460919781255
0.002110460918703728
0.002110460920389014
0.002110460919627692
0.002110460918510152
0.00211046092029937
0.002110460919475433
0.002110460918511977
0.002110460920222041
0.002110460919493768
0.00211046091841704
0.002110460920257106
0.002110460919423529
0.0021104609185303
0.002110460920225809
0.002110460919519432
0.002110460918436104
0.002110460920322394
0.002110460919462694
0.002110460918632547
0.002110460920293746
0.002110460919622663
0.002110460918457097
0.002110460920260494
0.00211046091950125
0.002110460919177706
0.002110460920648642
0.00211046091995157
0.002110460918574762
0.002110460919752001
0.00211046091976935
0.002110460920777609
0.002110460920063709
0.002110460919267653
0.002110460919447918
0.002110460920585869
0.002110460919385209
0.002110460918965059
0.002110460920512165
0.002110460919905528
0.002110460918703688
0.002110460919166277
0.001576042096802806
0.0015760420962652
0.001576042095341682
0.001576042097083461
0.001576042096487891
0.00157604209542255
0.001576042097044333
0.00157604209640821
0.001576042095192864
0.001576042096806564
0.001576042096136128
0.001576042094921012
0.001576042096487701
0.001576042095850572
0.001576042094609519
0.001576042096251784
0.001576042095587978
0.001576042094454679
0.00157604209605366
0.001576042095450763
0.00157604209428704
0.001576042095992773
0.001576042095345422
0.001576042094302178
0.001576042095916768
0.001576042095334077
0.001576042094211228
0.00157604209596264
0.001576042095305661
0.001576042094322481
0.001576042095918334
0.001576042095354587
0.001576042094219804
0.001576042096017879
0.00157604209533745
0.001576042094412958
0.00157604209597277
0.001576042095389116
0.001576042094248914
0.001576042095986436
0.00157604209533442
0.001576042094843595
0.001576042096281195
0.001576042095675957
0.001576042094362839
0.001576042095459607
0.001576042095485711
0.001576042096569318
0.001576042095840326
0.001576042094914628
0.001576042095106197
0.001576042096071271
0.001576042095230554
0.001576042094783775
0.001576042096252411
0.001576042095684069
0.001576042094501395
0.001576042094927379
0.001136669800528737
0.001136669800051501
0.001136669799114981
0.001136669800648366
0.001136669800125649
0.001136669799202965
0.001136669800625342
0.001136669800067316
0.001136669799003347
0.001136669800429189
0.001136669799870074
0.001136669798781183
0.001136669800168234
0.001136669799631254
0.00113666979853331
0.001136669799988854
0.001136669799445573
0.00113666979841365
0.001136669799826772
0.001136669799315491
0.001136669798283016
0.001136669799792442
0.001136669799284611
0.001136669798297062
0.00113666979972107
0.001136669799205023
0.001136669798229665
0.001136669799773619
0.001136669799263444
0.001136669798315127
0.001136669799720434
0.001136669799216093
0.00113666979822913
0.001136669799818387
0.001136669799291504
0.001136669798390066
0.001136669799761972
0.001136669799258467
0.001136669798257148
0.001136669799806552
0.001136669799279649
0.001136669798712333
0.001136669800009574
0.001136669799484104
0.001136669798345623
0.001136669799307645
0.001136669799319341
0.001136669800344807
0.001136669799706055
0.001136669798750107
0.00113666979892097
0.001136669799666382
0.001136669799200065
0.001136669798796764
0.001136669800081401
0.001136669799558741
0.001136669798454363
0.001136669798845275
0.0007947373325457132
0.0007947373321170051
0.0007947373312622662
0.000794737332503943
0.0007947373320794501
0.0007947373313323495
0.0007947373324845358
0.0007947373320479922
0.0007947373311600276
0.0007947373323306691
0.0007947373318884171
0.000794737330997828
0.0007947373321311918
0.0007947373317040008
0.0007947373308098714
0.0007947373320031093
0.0007947373315435793
0.0007947373307313856
0.0007947373318796424
0.000794737331469943
0.0007947373306301321
0.0007947373318632009
0.0007947373314527061
0.0007947373306453101
0.0007947373318025651
0.0007947373313777574
0.0007947373305936378
0.0007947373318522821
0.0007947373314589028
0.0007947373306559852
0.0007947373318001792
0.0007947373313814638
0.0007947373305895563
0.0007947373318861449
0.0007947373314860695
0.0007947373307133688
0.0007947373318303078
0.0007947373314139621
0.0007947373306099597
0.0007947373318849349
0.0007947373314839813
0.0007947373309364815
0.0007947373320139367
0.0007947373315985433
0.0007947373306781601
0.0007947373314669452
0.000794737331460452
0.0007947373323160038
0.0007947373318125151
0.0007947373309476075
0.0007947373310967191
0.0007947373315694353
0.0007947373314329006
0.0007947373311576507
0.0007947373321551631
0.0007947373317053466
0.0007947373307608158
0.000794737331080279
0.0005388378200020721
0.0005388378196440762
0.0005388378189310146
0.0005388378198489289
0.0005388378195312385
0.0005388378189682619
0.0005388378198271726
0.0005388378195063031
0.0005388378188369031
0.000538837819713944
0.0005388378193890493
0.0005388378187236894
0.0005388378195720763
0.0005388378192511878
0.0005388378185919256
0.0005388378194855868
0.000538837819133083
0.000538837818543579
0.0005388378193983897
0.0005388378190971954
0.0005388378184691259
0.0005388378193909629
0.00053883781908596
0.0005388378184817587
0.0005388378193451335
0.0005388378190276282
0.0005388378184437094
0.0005388378193842149
0.0005388378190924803
0.0005388378184877148
0.0005388378193421611
0.0005388378190350905
0.0005388378184390499
0.0005388378194071889
0.0005388378191125647
0.000538837818529576
0.0005388378193631198
0.0005388378190412801
0.0005388378184522781
0.0005388378194104939
0.0005388378191288755
0.0005388378186685339
0.0005388378194886622
0.0005388378191773823
0.0005388378185078926
0.00053883781909976
0.0005388378190830015
0.0005388378197184057
0.0005388378193565679
0.0005388378186690419
0.0005388378188574105
0.0005388378190015586
0.0005388378190749943
0.0005388378190417885
0.0005388378196588343
0.0005388378192956139
0.0005388378185664811
0.0005388378187905663
0.000351893434165225
0.0003518934338946496
0.0003518934333662624
0.0003518934339761954
0.0003518934337712756
0.0003518934333692096
0.0003518934339520321
0.0003518934337342766
0.0003518934332829719
0.0003518934338745606
0.00035189343365587
0.000351893433208415
0.0003518934337817373
0.0003518934335540931
0.0003518934331271902
0.0003518934337264499
0.0003518934334885022
0.000351893433095158
0.0003518934336699488
0.000351893433465282
0.0003518934330462756
0.0003518934336656101
0.0003518934334636467
0.0003518934330512436
0.0003518934336351552
0.0003518934334372794
0.0003518934330258024
0.0003518934336604185
0.0003518934334625162
0.0003518934330541402
0.0003518934336325701
0.0003518934334358679
0.0003518934330223737
0.0003518934336736614
0.0003518934334768394
0.0003518934330828781
0.0003518934336466611
0.0003518934334223641
0.0003518934330309518
0.0003518934336776436
0.0003518934334993811
0.000351893433159332
0.000351893433725352
0.0003518934335116811
0.0003518934330723348
0.0003518934334744424
0.0003518934334543918
0.0003518934338742378
0.0003518934336327103
0.0003518934331624313
0.0003518934333535696
0.0003518934333705295
0.0003518934335479841
0.0003518934335028746
0.0003518934338822232
0.0003518934336073053
0.0003518934331149407
0.0003518934332388108
0.0002182468415843916
0.0002182468414014008
0.0002182468410711813
0.0002182468414258717
0.0002182468413062339
0.0002182468410541812
0.0002182468414026909
0.0002182468412740079
0.0002182468410020183
0.0002182468413539658
0.0002182468412164419
0.0002182468409592075
0.0002182468412993379
0.0002182468411646535
0.0002182468409132808
0.0002182468412659516
0.000218246841127201
0.0002182468408915658
0.0002182468412331712
0.000218246841108003
0.0002182468408663785
0.0002182468412293212
0.0002182468411122506
0.0002182468408614534
0.0002182468412119188
0.0002182468411009364
0.0002182468408495818
0.0002182468412246021
0.0002182468411081187
0.0002182468408621737
0.0002182468412101498
0.0002182468410988552
0.0002182468408466295
0.0002182468412302787
0.0002182468411178231
0.0002182468408802621
0.0002182468412192142
0.0002182468410809345
0.0002182468408506853
0.0002182468412325337
0.0002182468411286727
0.0002182468409182647
0.0002182468412641033
0.0002182468411349839
0.0002182468408771004
0.0002182468411193233
0.0002182468411040527
0.0002182468413440293
0.0002182468411995723
0.000218246840926049
0.0002182468410898493
0.0002182468410876527
0.0002182468412148193
0.0002182468411597425
0.0002182468413839302
0.0002182468411962347
0.0002182468409082762
0.0002182468409445872
0.0001259737161447797
0.0001259737160430416
0.0001259737158745608
0.0001259737160495236
0.0001259737159924809
0.0001259737158521681
0.0001259737160310943
0.0001259737159708621
0.0001259737158235704
0.0001259737160035505
0.0001259737159359436
0.0001259737158045647
0.0001259737159756106
0.0001259737159106802
0.0001259737157809049
0.0001259737159568776
0.0001259737158896533
0.0001259737157658322
0.0001259737159403472
0.000125973715880363
0.0001259737157567115
0.0001259737159366823
0.0001259737158825289
0.0001259737157467297
0.0001259737159285709
0.0001259737158784488
0.0001259737157425228
0.0001259737159325162
0.0001259737158786754
0.0001259737157455798
0.0001259737159275239
0.0001259737158759287
0.0001259737157404363
0.0001259737159333825
0.0001259737158862312
0.0001259737157555167
0.0001259737159327096
0.0001259737158590092
0.0001259737157427477
0.0001259737159336692
0.0001259737158888186
0.0001259737157745752
0.0001259737159561447
0.0001259737158879675
0.0001259737157552979
0.0001259737158831206
0.0001259737158788882
0.0001259737159862732
0.0001259737159269185
0.000125973715783784
0.0001259737158924387
0.0001259737158790814
0.0001259737159580392
0.0001259737159108594
0.0001259737160334654
0.0001259737159211993
0.0001259737157780617
0.0001259737157388429
6.58916544378034e-05
6.589165439659348e-05
6.58916543255492e-05
6.589165439653789e-05
6.589165437470553e-05
6.58916543066019e-05
6.589165438480945e-05
6.589165436247513e-05
6.589165429323095e-05
6.589165437130376e-05
6.58916543455616e-05
6.589165428813567e-05
6.58916543594751e-05
6.589165433375472e-05
6.58916542776244e-05
6.589165435006481e-05
6.58916543229462e-05
6.58916542664933e-05
6.589165434300397e-05
6.589165431970742e-05
6.589165426661395e-05
6.589165434024872e-05
6.589165431987816e-05
6.58916542572883e-05
6.589165433748042e-05
6.58916543189434e-05
6.589165425576543e-05
6.589165433716093e-05
6.589165431950667e-05
6.589165425470091e-05
6.589165433684973e-05
6.589165431688139e-05
6.589165425460744e-05
6.589165433612337e-05
6.5891654324851e-05
6.58916542593127e-05
6.589165433893358e-05
6.589165430391538e-05
6.589165425578347e-05
6.589165433481183e-05
6.589165431775729e-05
6.589165427237739e-05
6.589165435041837e-05
6.589165431922431e-05
6.589165425951136e-05
6.589165431710998e-05
6.589165431473034e-05
6.589165435144424e-05
6.58916543445216e-05
6.589165428606846e-05
6.58916543360333e-05
6.589165432144441e-05
6.589165436349359e-05
6.589165433304133e-05
6.589165439244485e-05
6.589165433462314e-05
6.589165427908434e-05
6.589165423158416e-05
3.00709775272654e-05
3.007097751372754e-05
3.007097749058529e-05
3.007097751445063e-05
3.007097750690565e-05
3.007097747946639e-05
3.007097750883538e-05
3.007097750131716e-05
3.007097747448487e-05
3.007097750339407e-05
3.007097749493193e-05
3.007097747455678e-05
3.007097749957647e-05
3.007097748997983e-05
3.007097747069125e-05
3.007097749558641e-05
3.007097748639822e-05
3.007097746223255e-05
3.00709774931165e-05
3.007097748438907e-05
3.007097746638617e-05
3.007097749162969e-05
3.007097748257217e-05
3.007097746283173e-05
3.007097749128765e-05
3.007097748418295e-05
3.007097746023153e-05
3.007097748987361e-05
3.007097748550861e-05
3.007097745907712e-05
3.007097749090446e-05
3.007097748305152e-05
3.007097745975693e-05
3.007097748869744e-05
3.007097748877568e-05
3.00709774616633e-05
3.007097749043988e-05
3.007097747525012e-05
3.007097745951315e-05
3.007097748678938e-05
3.007097748584391e-05
3.007097746665927e-05
3.007097749634172e-05
3.007097748161647e-05
3.007097746113684e-05
3.007097748194603e-05
3.007097748297063e-05
3.00709774856568e-05
3.007097749195738e-05
3.007097747400899e-05
3.007097749663411e-05
3.007097748731991e-05
3.007097750592633e-05
3.007097749092397e-05
3.007097751518349e-05
3.007097748959051e-05
3.007097747275036e-05
3.007097744546745e-05
1.130168899338125e-05
1.130168898744343e-05
1.130168898232261e-05
1.13016889900172e-05
1.1301688986611e-05
1.130168897880629e-05
1.130168898828982e-05
1.130168898470879e-05
1.130168897748214e-05
1.130168898665372e-05
1.130168898303648e-05
1.130168897776469e-05
1.130168898587048e-05
1.130168898123888e-05
1.130168897658661e-05
1.130168898456108e-05
1.130168897992997e-05
1.130168897398819e-05
1.130168898404521e-05
1.130168897946289e-05
1.130168897525494e-05
1.130168898337422e-05
1.130168897989378e-05
1.130168897461531e-05
1.130168898365598e-05
1.130168897959563e-05
1.130168897346544e-05
1.130168898269403e-05
1.130168898084802e-05
1.130168897312128e-05
1.13016889835459e-05
1.130168897959489e-05
1.130168897338707e-05
1.130168898171872e-05
1.130168898252539e-05
1.130168897557661e-05
1.130168898068971e-05
1.13016889774589e-05
1.130168897313474e-05
1.130168898016031e-05
1.130168898215759e-05
1.130168897862028e-05
1.130168898519963e-05
1.130168897927762e-05
1.130168897417252e-05
1.130168897749015e-05
1.13016889804169e-05
1.130168897498581e-05
1.130168898176699e-05
1.130168897951739e-05
1.130168898696625e-05
1.130168898305991e-05
1.130168898951251e-05
1.130168898403755e-05
1.13016889918145e-05
1.130168898204607e-05
1.13016889779202e-05
1.130168897046184e-05
3.29016781388359e-06
3.290167811511481e-06
3.290167811028329e-06
3.290167812732124e-06
3.29016781149398e-06
3.290167810315662e-06
3.290167812505742e-06
3.290167811131712e-06
3.29016781017805e-06
3.290167812205956e-06
3.290167810921889e-06
3.290167810134544e-06
3.290167812174091e-06
3.290167810595737e-06
3.290167810044471e-06
3.290167811898059e-06
3.290167810525185e-06
3.290167809582135e-06
3.290167811900926e-06
3.290167810304289e-06
3.290167809865222e-06
3.29016781169021e-06
3.290167810507069e-06
3.290167809604224e-06
3.290167811870921e-06
3.29016781030217e-06
3.29016780964383e-06
3.290167811528187e-06
3.290167810666791e-06
3.290167809382373e-06
3.290167811884399e-06
3.290167810226057e-06
3.290167809690511e-06
3.290167811383053e-06
3.290167811075631e-06
3.290167809685898e-06
3.290167811645285e-06
3.290167809893881e-06
3.290167809277713e-06
3.29016780967658e-06
3.290167810745539e-06
3.290167810510904e-06
3.290167811442657e-06
3.290167810213845e-06
3.290167810634557e-06
3.290167810350001e-06
3.290167811061174e-06
3.29016780821707e-06
3.29016781084784e-06
3.290167810382725e-06
3.290167812688137e-06
3.290167811830298e-06
3.290167813433674e-06
3.290167812064838e-06
3.290167813810509e-06
3.290167811987874e-06
3.290167812561804e-06
3.290167810522885e-06
1.102546385591615e-06
1.102546385108167e-06
1.102546385012067e-06
1.102546385393572e-06
1.102546385094392e-06
1.102546384932277e-06
1.102546385369284e-06
1.102546385050676e-06
1.10254638491776e-06
1.10254638533352e-06
1.102546385032139e-06
1.102546384902094e-06
1.102546385329461e-06
1.102546384992411e-06
1.102546384894291e-06
1.102546385296101e-06
1.102546384986815e-06
1.102546384840151e-06
1.102546385296687e-06
1.102546384957256e-06
1.102546384873945e-06
1.102546385271087e-06
1.102546384983564e-06
1.102546384839253e-06
1.102546385294095e-06
1.102546384949691e-06
1.102546384855018e-06
1.102546385252179e-06
1.10254638499661e-06
1.102546384813411e-06
1.102546385294865e-06
1.102546384941083e-06
1.1025463848605e-06
1.102546385230211e-06
1.102546385038045e-06
1.102546384861648e-06
1.102546385284715e-06
1.102546384910622e-06
1.102546384801152e-06
1.102546384883292e-06
1.102546385014271e-06
1.102546385093269e-06
1.102546385084927e-06
1.102546384953058e-06
1.102546385157629e-06
1.102546385041501e-06
1.102546385072011e-06
1.102546384611471e-06
1.102546385034275e-06
1.102546385040771e-06
1.102546385393734e-06
1.102546385337377e-06
1.102546385534298e-06
1.102546385380855e-06
1.102546385583141e-06
1.102546385381455e-06
1.102546385444127e-06
1.102546385209504e-06
5.71987562137028e-06
5.719875621360399e-06
5.719875621371286e-06
5.719875621367977e-06
5.719875621371651e-06
5.719875621369383e-06
5.719875621369057e-06
5.719875621373019e-06
5.71987562137135e-06
5.719875621369758e-06
5.719875621370744e-06
5.719875621376624e-06
5.719875621373587e-06
5.719875621371555e-06
5.719875621377283e-06
5.719875621372787e-06
5.719875621372768e-06
5.719875621374763e-06
5.719875621372373e-06
5.719875621372235e-06
5.719875621377586e-06
5.719875621371979e-06
5.719875621372858e-06
5.719875621377406e-06
5.719875621373261e-06
5.719875621377261e-06
5.719875621373415e-06
5.719875621371861e-06
5.71987562137957e-06
5.719875621377966e-06
5.719875621373962e-06
5.719875621373976e-06
5.719875621376395e-06
5.719875621375277e-06
5.719875621382011e-06
5.719875621369065e-06
5.719875621370042e-06
5.719875621368225e-06
5.719875621385767e-06
5.719875621364317e-06
5.719875621354337e-06
5.719875621371142e-06
5.719875621367825e-06
5.719875621345819e-06
5.719875621371789e-06
5.719875621392216e-06
5.719875621369916e-06
5.719875621321838e-06
5.71987562135661e-06
5.719875621360886e-06
5.719875621365974e-06
5.719875621373179e-06
5.719875621376334e-06
5.719875621371745e-06
5.719875621376727e-06
5.719875621373768e-06
5.719875621374814e-06
5.719875621381243e-06
)
;

boundaryField
{
    inlet
    {
        type            cyclic;
    }
    outlet
    {
        type            cyclic;
    }
    bottomWall
    {
        type            nutUSpaldingWallFunction;
        Cmu             0.09;
        kappa           0.41;
        E               9.800000000000001;
        value           nonuniform List<scalar> 
58
(
3.322855800653697e-08
3.322855798398557e-08
3.322855799547811e-08
3.322855797373986e-08
3.32285579868587e-08
3.322855796972831e-08
3.3228557983064e-08
3.322855796891516e-08
3.322855797954034e-08
3.322855796994515e-08
3.322855797710089e-08
3.322855796902358e-08
3.322855797672141e-08
3.322855796945726e-08
3.322855797476985e-08
3.32285579713004e-08
3.322855797390249e-08
3.322855797086672e-08
3.32285579750409e-08
3.322855797124619e-08
3.322855797401091e-08
3.322855797303513e-08
3.322855797363144e-08
3.322855797249303e-08
3.322855797493248e-08
3.322855797260145e-08
3.322855797422775e-08
3.322855797455301e-08
3.322855797417354e-08
3.322855797390249e-08
3.322855797563721e-08
3.322855797411933e-08
3.322855797514932e-08
3.322855797617931e-08
3.322855797531195e-08
3.322855797563721e-08
3.322855797731773e-08
3.322855797617931e-08
3.322855797726352e-08
3.32285579787814e-08
3.32285579782393e-08
3.32285579793235e-08
3.322855798100401e-08
3.322855798051612e-08
3.322855798170874e-08
3.322855798409399e-08
3.322855798371452e-08
3.322855798555766e-08
3.322855798756344e-08
3.322855798815975e-08
3.322855798946079e-08
3.322855799314708e-08
3.322855799222551e-08
3.322855799591179e-08
3.322855799672494e-08
3.322855800068228e-08
3.322855800263385e-08
3.322855800838012e-08
)
;
    }
    topWall
    {
        type            nutUSpaldingWallFunction;
        Cmu             0.09;
        kappa           0.41;
        E               9.800000000000001;
        value           nonuniform List<scalar> 
58
(
1.114041295720508e-08
1.114041292684742e-08
1.11404129535188e-08
1.114041295124197e-08
1.114041296869763e-08
1.114041295411511e-08
1.11404129551451e-08
1.114041295454879e-08
1.114041294159257e-08
1.114041295552457e-08
1.114041294170099e-08
1.114041295633772e-08
1.114041291367437e-08
1.114041294197204e-08
1.114041295785561e-08
1.114041294273099e-08
1.114041295790982e-08
1.114041295769298e-08
1.114041295839771e-08
1.114041295736772e-08
1.114041295904823e-08
1.114041295769298e-08
1.114041295872297e-08
1.114041295796403e-08
1.114041295910244e-08
1.114041295736772e-08
1.114041295953612e-08
1.114041295758456e-08
1.114041295926507e-08
1.114041294327309e-08
1.114041295959033e-08
1.114041295715087e-08
1.114041296007822e-08
1.114041295731351e-08
1.114041295991559e-08
1.114041295758456e-08
1.114041296034927e-08
1.114041297146234e-08
1.114041296099979e-08
1.114041295720508e-08
1.114041296089137e-08
1.114041295747614e-08
1.114041296148768e-08
1.114041294256836e-08
1.114041296240926e-08
1.114041295753035e-08
1.114041296295136e-08
1.114041291443331e-08
1.114041292007116e-08
1.114041295823508e-08
1.114041296441503e-08
1.114041295931928e-08
1.114041296463187e-08
1.114041296072874e-08
1.114041296501134e-08
1.114041296240926e-08
1.11404129615961e-08
1.114041296923973e-08
)
;
    }
    left
    {
        type            cyclic;
    }
    right
    {
        type            cyclic;
    }
}


// ************************************************************************* //
