/*--------------------------------*- C++ -*----------------------------------*\
| =========                 |                                                 |
| \\      /  F ield         | OpenFOAM: The Open Source CFD Toolbox           |
|  \\    /   O peration     | Version:  v1812                                 |
|   \\  /    A nd           | Web:      www.OpenFOAM.com                      |
|    \\/     M anipulation  |                                                 |
\*---------------------------------------------------------------------------*/
FoamFile
{
    version     2.0;
    format      ascii;
    class       volScalarField;
    location    "10000";
    object      nuTilda;
}
// * * * * * * * * * * * * * * * * * * * * * * * * * * * * * * * * * * * * * //

dimensions      [0 2 -1 0 0 0 0];


internalField   nonuniform List<scalar> 
3770
(
0.0004959443652321099
0.0004959443652309489
0.000495944365231874
0.00049594436523528
0.0004959443652388039
0.0004959443652292776
0.0004959443652266814
0.0004959443652314322
0.0004959443652348195
0.0004959443652292674
0.0004959443652260457
0.0004959443652308064
0.0004959443652317812
0.0004959443652312807
0.0004959443652342232
0.0004959443652287641
0.0004959443652257865
0.0004959443652261663
0.0004959443652258551
0.0004959443652303028
0.0004959443652328598
0.0004959443652277873
0.0004959443652249631
0.0004959443652257711
0.0004959443652264711
0.0004959443652305769
0.0004959443652338122
0.0004959443652303094
0.0004959443652297075
0.0004959443652320721
0.0004959443652287841
0.0004959443652290527
0.0004959443652321118
0.00049594436522832
0.0004959443652289428
0.0004959443652334222
0.0004959443652301554
0.0004959443652296867
0.0004959443652319818
0.0004959443652277996
0.0004959443652283491
0.0004959443652319433
0.0004959443652272535
0.0004959443652282828
0.0004959443652349619
0.0004959443652340666
0.0004959443652313828
0.0004959443652299385
0.000495944365233819
0.0004959443652370313
0.000495944365236213
0.0004959443652355045
0.0004959443652310435
0.0004959443652281053
0.00049594436523107
0.000495944365234811
0.0004959443652316624
0.0004959443652308102
0.0003889056998938559
0.0003889056998212243
0.0003889056998621447
0.0003889056998639677
0.0003889056999476186
0.000388905699796783
0.0003889056997942974
0.0003889056998276691
0.0003889056998757898
0.000388905699801386
0.0003889056997824342
0.0003889056998110285
0.0003889056998399811
0.0003889056998293501
0.0003889056998619352
0.0003889056998011359
0.0003889056997742337
0.0003889056997671394
0.0003889056997801413
0.0003889056998230159
0.0003889056998475459
0.0003889056997942317
0.0003889056997682577
0.000388905699772285
0.0003889056997894699
0.0003889056998288001
0.0003889056998531247
0.0003889056998174866
0.000388905699812361
0.0003889056998307308
0.0003889056998122537
0.0003889056998177177
0.0003889056998332172
0.000388905699809412
0.0003889056998200726
0.0003889056998523372
0.0003889056998214321
0.000388905699817607
0.0003889056998370862
0.0003889056997984456
0.0003889056998088977
0.00038890569984058
0.0003889056998114674
0.0003889056998284249
0.0003889056998870925
0.0003889056998966307
0.0003889056998637164
0.0003889056998428404
0.0003889056998883881
0.0003889056999288984
0.0003889056999200989
0.0003889056999261293
0.000388905699883115
0.0003889056998523411
0.0003889056998835047
0.000388905699936455
0.0003889056999024959
0.0003889056999047231
0.0005909271214294149
0.0005909271212781108
0.000590927121346166
0.0005909271213066357
0.0005909271214382183
0.0005909271212561105
0.0005909271212531306
0.0005909271213203979
0.0005909271213515833
0.000590927121245291
0.0005909271212587665
0.0005909271212992338
0.0005909271212753039
0.0005909271212778636
0.0005909271213276435
0.0005909271212447225
0.000590927121251666
0.0005909271212461619
0.0005909271212181004
0.0005909271212744882
0.0005909271213181425
0.0005909271212416161
0.0005909271212489278
0.0005909271212777564
0.0005909271212443873
0.0005909271212829999
0.0005909271213277818
0.0005909271212638418
0.0005909271212785691
0.0005909271213177192
0.0005909271212588466
0.0005909271212774172
0.0005909271213209672
0.0005909271212593091
0.0005909271212822501
0.0005909271213331323
0.0005909271212743006
0.0005909271212881034
0.0005909271213281955
0.0005909271212637658
0.0005909271212849803
0.0005909271213334213
0.000590927121270137
0.0005909271213019055
0.0005909271213713932
0.0005909271213746301
0.0005909271213649173
0.0005909271212920746
0.0005909271213563204
0.0005909271214351006
0.0005909271213431472
0.0005909271213870978
0.0005909271214156726
0.0005909271213225652
0.0005909271213450054
0.0005909271214533078
0.0005909271214414101
0.0005909271214681838
0.0008198623799281761
0.000819862379759869
0.0008198623798331786
0.0008198623797650586
0.00081986237990789
0.0008198623797503282
0.0008198623796723405
0.0008198623798189365
0.0008198623797847128
0.0008198623796725207
0.0008198623797936772
0.0008198623797484643
0.0008198623796750782
0.0008198623798003533
0.0008198623797534389
0.0008198623796603151
0.0008198623797929279
0.0008198623797266782
0.0008198623796516355
0.0008198623797946563
0.0008198623797480061
0.0008198623796605436
0.0008198623797962929
0.0008198623797448597
0.0008198623796667409
0.0008198623798043656
0.000819862379756194
0.0008198623796732722
0.0008198623798023366
0.0008198623797554636
0.0008198623796744385
0.0008198623798022558
0.0008198623797562722
0.0008198623796769562
0.0008198623798073564
0.0008198623797643018
0.0008198623796859564
0.0008198623798132143
0.0008198623797643184
0.0008198623796831427
0.0008198623798091367
0.0008198623797662367
0.0008198623796905491
0.0008198623798336834
0.0008198623797975829
0.0008198623797369104
0.0008198623798696481
0.0008198623797759122
0.0008198623797410821
0.0008198623799109056
0.0008198623798080206
0.0008198623797678789
0.0008198623799171127
0.000819862379826794
0.0008198623797850971
0.0008198623799828543
0.0008198623799191508
0.0008198623798827346
0.001053694293377077
0.00105369429320219
0.001053694293259354
0.001053694293193492
0.001053694293337962
0.00105369429319071
0.001053694293005335
0.001053694293257782
0.001053694293155414
0.001053694293030138
0.001053694293246946
0.001053694293147873
0.001053694292999546
0.001053694293260322
0.00105369429313049
0.001053694292997582
0.001053694293243766
0.001053694293127068
0.001053694292989126
0.001053694293251247
0.00105369429312971
0.001053694292996144
0.00105369429324984
0.001053694293139851
0.001053694293004626
0.001053694293262625
0.001053694293138054
0.001053694293003697
0.001053694293257307
0.001053694293143514
0.001053694293008305
0.001053694293262193
0.001053694293142534
0.001053694293011092
0.001053694293266139
0.001053694293148779
0.001053694293015947
0.001053694293270355
0.001053694293147771
0.001053694293013025
0.001053694293265688
0.001053694293147608
0.001053694293017716
0.001053694293278579
0.001053694293160748
0.00105369429303299
0.001053694293287963
0.001053694293153634
0.001053694293039035
0.001053694293311092
0.00105369429317236
0.001053694293058648
0.001053694293323544
0.001053694293207208
0.001053694293101309
0.001053694293408441
0.001053694293311654
0.001053694293229663
0.001289451665973918
0.001289451665865072
0.001289451665888096
0.001289451665841559
0.001289451665974956
0.001289451665822214
0.001289451665503808
0.001289451665893283
0.00128945166571597
0.001289451665566413
0.001289451665879105
0.001289451665738321
0.001289451665499073
0.001289451665908865
0.001289451665697097
0.001289451665509202
0.001289451665875977
0.001289451665708897
0.001289451665492422
0.001289451665891742
0.001289451665698201
0.001289451665502946
0.001289451665884683
0.001289451665720476
0.001289451665513226
0.001289451665905976
0.001289451665708371
0.001289451665507233
0.001289451665893272
0.001289451665718132
0.001289451665513406
0.001289451665901993
0.001289451665712855
0.001289451665514893
0.001289451665903631
0.001289451665718398
0.001289451665516652
0.001289451665906154
0.001289451665712962
0.001289451665508249
0.001289451665893617
0.001289451665705099
0.001289451665506688
0.001289451665899235
0.001289451665706776
0.001289451665502982
0.00128945166588874
0.001289451665693585
0.001289451665500174
0.001289451665897375
0.001289451665699105
0.001289451665506147
0.001289451665900897
0.001289451665731892
0.001289451665557338
0.001289451665999774
0.001289451665862066
0.00128945166572623
0.001525504676951044
0.001525504676990747
0.001525504676984588
0.001525504676950349
0.00152550467705318
0.001525504676881183
0.001525504676437648
0.001525504676966171
0.001525504676713111
0.001525504676543667
0.001525504676948145
0.001525504676764662
0.001525504676442192
0.001525504676996829
0.00152550467670099
0.001525504676463635
0.00152550467694626
0.001525504676724088
0.001525504676436285
0.001525504676971058
0.001525504676703113
0.001525504676451997
0.001525504676957636
0.001525504676736683
0.001525504676464553
0.001525504676989448
0.001525504676715852
0.001525504676453753
0.001525504676967672
0.001525504676729077
0.001525504676461019
0.001525504676979716
0.00152550467671818
0.001525504676459868
0.001525504676977898
0.001525504676722957
0.001525504676458854
0.001525504676978829
0.001525504676711753
0.001525504676442344
0.001525504676954891
0.001525504676693033
0.001525504676432259
0.001525504676953509
0.001525504676684749
0.001525504676412757
0.001525504676923766
0.001525504676655756
0.001525504676395985
0.001525504676918297
0.001525504676646881
0.001525504676383781
0.001525504676904747
0.001525504676667646
0.001525504676433581
0.001525504677009784
0.001525504676816133
0.001525504676632983
0.001763559084020486
0.001763559084204203
0.001763559084208917
0.001763559084243754
0.001763559084291042
0.001763559084089054
0.001763559083543048
0.001763559084197011
0.001763559083873246
0.001763559083693477
0.00176355908418126
0.001763559083951651
0.001763559083564048
0.001763559084248197
0.001763559083868813
0.001763559083595764
0.001763559084181767
0.001763559083900715
0.001763559083558338
0.001763559084215055
0.001763559083871877
0.001763559083579602
0.001763559084196293
0.0017635590839163
0.001763559083595386
0.001763559084239111
0.001763559083887634
0.001763559083579335
0.001763559084207864
0.001763559083903863
0.001763559083587858
0.00176355908422286
0.001763559083886594
0.001763559083582927
0.001763559084216567
0.001763559083890265
0.001763559083579504
0.001763559084216445
0.001763559083873306
0.00176355908355379
0.001763559084179313
0.001763559083841805
0.001763559083533912
0.001763559084170699
0.001763559083823837
0.001763559083498992
0.001763559084120899
0.001763559083774925
0.001763559083465982
0.001763559084101035
0.001763559083750773
0.001763559083433344
0.00176355908406669
0.001763559083754626
0.00176355908347531
0.001763559084170072
0.001763559083905615
0.001763559083671539
0.002009284251552412
0.002009284251985153
0.002009284251961959
0.002009284252061623
0.002009284252095061
0.002009284251855788
0.00200928425123029
0.00200928425199227
0.002009284251605519
0.002009284251424088
0.00200928425198745
0.002009284251709689
0.002009284251273893
0.002009284252071269
0.002009284251611585
0.002009284251314941
0.002009284251991706
0.002009284251650256
0.002009284251268706
0.002009284252032642
0.002009284251615852
0.002009284251295632
0.002009284252010182
0.00200928425167097
0.002009284251315924
0.002009284252064288
0.002009284251635195
0.002009284251293863
0.002009284252023394
0.002009284251654007
0.00200928425130404
0.002009284252041055
0.002009284251629696
0.002009284251294118
0.002009284252029227
0.002009284251632034
0.002009284251289002
0.002009284252029172
0.002009284251610052
0.002009284251253502
0.00200928425197742
0.002009284251564005
0.002009284251222875
0.00200928425196142
0.002009284251536499
0.002009284251172096
0.002009284251890244
0.002009284251465223
0.002009284251121439
0.002009284251855626
0.002009284251425245
0.002009284251067
0.00200928425179816
0.002009284251408974
0.002009284251095935
0.002009284251892456
0.002009284251544276
0.00200928425121256
0.002271957532047895
0.002271957532824509
0.002271957532773821
0.002271957532915907
0.002271957532950779
0.002271957532669806
0.00227195753198476
0.002271957532835527
0.002271957532395256
0.002271957532220235
0.002271957532853479
0.002271957532527718
0.002271957532056767
0.002271957532952986
0.002271957532418604
0.002271957532106491
0.002271957532863256
0.002271957532462095
0.00227195753205287
0.00227195753291107
0.002271957532424575
0.002271957532085687
0.002271957532886797
0.002271957532490528
0.002271957532112192
0.002271957532952952
0.002271957532448455
0.00227195753208303
0.002271957532901934
0.002271957532469275
0.002271957532095426
0.002271957532922112
0.002271957532437088
0.002271957532078951
0.00227195753290339
0.002271957532438079
0.002271957532073393
0.002271957532905307
0.00227195753241236
0.002271957532027582
0.002271957532837183
0.002271957532349511
0.002271957531985106
0.002271957532813751
0.002271957532312744
0.002271957531917646
0.002271957532719265
0.002271957532216533
0.002271957531847793
0.002271957532669409
0.002271957532160284
0.002271957531770187
0.002271957532586372
0.002271957532120593
0.002271957531780768
0.00227195753266392
0.002271957532222236
0.00227195753174648
0.00256395138550256
0.002563951386721393
0.002563951386673546
0.002563951386829549
0.002563951386864216
0.002563951386539926
0.002563951385813379
0.002563951386741515
0.002563951386256394
0.002563951386089005
0.002563951386787531
0.002563951386416596
0.002563951385920205
0.002563951386901951
0.0025639513863015
0.002563951385978337
0.002563951386805377
0.002563951386347668
0.002563951385918833
0.002563951386859439
0.00256395138630999
0.002563951385958067
0.00256395138683556
0.002563951386387241
0.002563951385993153
0.002563951386915446
0.002563951386340051
0.00256395138595534
0.002563951386853232
0.002563951386361982
0.00256395138597078
0.002563951386876043
0.002563951386320813
0.002563951385945558
0.002563951386848478
0.002563951386320693
0.002563951385941595
0.00256395138685542
0.002563951386293242
0.002563951385884851
0.002563951386768456
0.002563951386210364
0.002563951385829022
0.002563951386737718
0.002563951386164958
0.002563951385743792
0.002563951386617123
0.002563951386040257
0.002563951385652579
0.0025639513865514
0.002563951385967417
0.002563951385550103
0.00256395138643952
0.002563951385900064
0.002563951385535996
0.002563951386491756
0.002563951385951041
0.002563951385267087
0.002899233681528403
0.0028992336833095
0.002899233683315551
0.002899233683445901
0.002899233683473259
0.002899233683108032
0.002899233682358611
0.002899233683362408
0.002899233682841818
0.002899233682673485
0.002899233683431594
0.002899233683022358
0.002899233682508356
0.002899233683560602
0.002899233682907936
0.002899233682575126
0.002899233683461386
0.002899233682954161
0.002899233682511495
0.002899233683521197
0.002899233682920269
0.002899233682558113
0.00289923368350047
0.002899233683009603
0.002899233682605134
0.002899233683597174
0.002899233682959334
0.002899233682556537
0.002899233683521853
0.00289923368298088
0.002899233682576292
0.0028992336835479
0.002899233682929405
0.002899233682539201
0.002899233683508597
0.002899233682928681
0.002899233682540074
0.00289923368352542
0.00289923368290274
0.002899233682471756
0.002899233683416227
0.002899233682795265
0.002899233682400541
0.002899233683378703
0.002899233682742665
0.002899233682296462
0.002899233683228289
0.002899233682584513
0.002899233682180931
0.002899233683146146
0.002899233682495312
0.002899233682051716
0.002899233683001138
0.00289923368239476
0.002899233682005105
0.002899233683018356
0.002899233682382417
0.002899233681394189
0.003290410816557245
0.003290410819056782
0.003290410819193482
0.003290410819240866
0.003290410819246464
0.003290410818848942
0.003290410818098388
0.003290410819180811
0.003290410818639363
0.003290410818452544
0.003290410819260286
0.003290410818825848
0.003290410818302055
0.003290410819404097
0.003290410818721389
0.003290410818378458
0.003290410819307939
0.003290410818764417
0.003290410818312913
0.003290410819373125
0.003290410818739719
0.003290410818368473
0.003290410819359108
0.003290410818842163
0.003290410818432048
0.003290410819477727
0.003290410818792489
0.003290410818369901
0.003290410819386286
0.0032904108188111
0.00329041081839589
0.003290410819417056
0.003290410818748049
0.003290410818342623
0.003290410819361735
0.003290410818747593
0.003290410818353395
0.003290410819396066
0.003290410818728485
0.003290410818273216
0.003290410819260381
0.003290410818590271
0.003290410818184085
0.003290410819217478
0.003290410818533623
0.003290410818060769
0.003290410819032918
0.003290410818335574
0.003290410817917296
0.003290410818934461
0.003290410818231751
0.003290410817760072
0.003290410818751401
0.003290410818091447
0.00329041081767188
0.003290410818723542
0.003290410818017674
0.003290410816581782
0.003744814479489213
0.003744814482549867
0.003744814482882233
0.003744814482939768
0.003744814482954027
0.00374481448254163
0.003744814481816462
0.003744814482971321
0.003744814482434782
0.003744814482211843
0.003744814483051044
0.003744814482612649
0.003744814482089593
0.003744814483210851
0.003744814482530695
0.003744814482177962
0.003744814483125356
0.00374481448256682
0.003744814482113198
0.003744814483195802
0.003744814482558393
0.003744814482180065
0.003744814483192855
0.00374481448267511
0.003744814482266032
0.003744814483341219
0.003744814482632291
0.003744814482187078
0.003744814483229254
0.003744814482643775
0.003744814482221978
0.003744814483267678
0.003744814482568453
0.003744814482146923
0.003744814483190135
0.003744814482569542
0.003744814482175257
0.003744814483253574
0.003744814482565818
0.003744814482083899
0.003744814483086636
0.003744814482389137
0.003744814481973973
0.003744814483041312
0.003744814482334498
0.003744814481832878
0.003744814482818443
0.003744814482088903
0.003744814481657516
0.003744814482705241
0.003744814481975141
0.003744814481472957
0.003744814482479607
0.003744814481788575
0.003744814481334166
0.003744814482398132
0.003744814481683338
0.003744814479777028
0.00426107348900555
0.004261073492521399
0.004261073493133626
0.004261073493241702
0.004261073493278316
0.004261073492878787
0.004261073492211102
0.004261073493400395
0.004261073492909904
0.004261073492653531
0.004261073493493403
0.004261073493080413
0.004261073492575414
0.004261073493672307
0.00426107349303635
0.004261073492680238
0.004261073493606783
0.004261073493062047
0.004261073492618953
0.004261073493682905
0.004261073493078418
0.004261073492700673
0.004261073493695785
0.004261073493210582
0.004261073492815503
0.004261073493885141
0.004261073493184273
0.00426107349271626
0.004261073493746611
0.004261073493182211
0.004261073492763461
0.004261073493797707
0.004261073493095209
0.00426107349265978
0.004261073493689001
0.004261073493099452
0.004261073492716647
0.00426107349379837
0.004261073493123902
0.004261073492616356
0.004261073493595543
0.004261073492899705
0.004261073492482619
0.004261073493552933
0.00426107349285715
0.004261073492328312
0.004261073493288822
0.00426107349255575
0.004261073492117204
0.004261073493164658
0.00426107349244108
0.004261073491909476
0.004261073492893789
0.004261073492203518
0.004261073491713347
0.004261073492753198
0.00426107349207079
0.004261073489688309
0.004827914968459532
0.004827914972290437
0.004827914973245917
0.004827914973436199
0.004827914973521814
0.004827914973174107
0.004827914972602547
0.004827914973762107
0.004827914973365049
0.004827914973102472
0.004827914973896117
0.004827914973543933
0.004827914973084927
0.004827914974099997
0.00482791497355419
0.004827914973213424
0.004827914974064607
0.004827914973566371
0.004827914973157607
0.004827914974147676
0.004827914973616521
0.004827914973258904
0.004827914974180776
0.004827914973766096
0.004827914973408567
0.00482791497442641
0.004827914973768943
0.004827914973285967
0.004827914974253409
0.004827914973744401
0.004827914973349201
0.004827914974325115
0.004827914973648158
0.004827914973209038
0.004827914974171971
0.004827914973657846
0.004827914973308985
0.004827914974350642
0.004827914973727213
0.004827914973203871
0.004827914974107808
0.004827914973445719
0.004827914973043345
0.0048279149740757
0.004827914973429687
0.004827914972884228
0.004827914973769461
0.004827914973064199
0.004827914972633756
0.00482791497364043
0.004827914972962481
0.004827914972411417
0.004827914973324805
0.004827914972672566
0.004827914972155635
0.004827914973124257
0.004827914972482061
0.004827914969683265
0.005426127289109699
0.005426127293036482
0.005426127294369853
0.005426127294695365
0.005426127294852538
0.005426127294598746
0.00542612729417092
0.00542612729523886
0.005426127294972252
0.005426127294742894
0.005426127295427945
0.005426127295170746
0.005426127294800309
0.005426127295665349
0.005426127295250088
0.00542612729496215
0.005426127295669868
0.005426127295246679
0.005426127294911354
0.005426127295761935
0.005426127295338554
0.005426127295038312
0.005426127295818624
0.005426127295508623
0.005426127295227423
0.005426127296139048
0.005426127295556657
0.00542612729507851
0.005426127295922152
0.005426127295498274
0.005426127295161378
0.005426127296025532
0.005426127295397506
0.005426127294976143
0.005426127295809541
0.0054261272954141
0.00542612729513776
0.0054261272960871
0.005426127295549272
0.0054261272950325
0.005426127295800953
0.005426127295200662
0.005426127294842507
0.005426127295789501
0.005426127295229072
0.005426127294690401
0.005426127295442551
0.005426127294791395
0.005426127294397006
0.005426127295316179
0.005426127294720639
0.005426127294172509
0.005426127294959705
0.005426127294380851
0.005426127293859825
0.005426127294703975
0.005426127294053833
0.005426127290996979
0.006032954774398141
0.006032954778143162
0.006032954779846864
0.006032954780377072
0.006032954780611277
0.006032954780482847
0.006032954780257574
0.006032954781175655
0.006032954781059323
0.006032954780918942
0.006032954781423281
0.006032954781284405
0.006032954781062606
0.006032954781703979
0.006032954781442714
0.006032954781267721
0.006032954781757089
0.006032954781422267
0.00603295478121654
0.006032954781860523
0.006032954781560684
0.006032954781375804
0.006032954781942461
0.006032954781756935
0.006032954781608482
0.006032954782357407
0.00603295478187109
0.006032954781428834
0.006032954782086926
0.00603295478176454
0.006032954781534612
0.006032954782235722
0.00603295478166718
0.006032954781295342
0.006032954781933165
0.006032954781687758
0.006032954781541866
0.006032954782343641
0.006032954781915206
0.006032954781438752
0.006032954782012183
0.006032954781489489
0.006032954781217488
0.006032954782032623
0.006032954781582863
0.006032954781085689
0.00603295478164863
0.006032954781064412
0.006032954780745553
0.00603295478153204
0.006032954781045332
0.006032954780533379
0.006032954781140996
0.006032954780661151
0.006032954780170387
0.006032954780841812
0.006032954780141919
0.00603295477702741
0.006626908029946041
0.006626908033228996
0.006626908035265134
0.006626908036064741
0.00662690803634032
0.006626908036351176
0.006626908036399113
0.006626908037109832
0.006626908037143017
0.006626908037162498
0.006626908037413597
0.006626908037400809
0.006626908037403896
0.006626908037746406
0.006626908037638442
0.006626908037657059
0.006626908037855364
0.006626908037598203
0.006626908037592744
0.006626908037972601
0.006626908037776803
0.006626908037783937
0.006626908038079268
0.006626908038016294
0.006626908038072454
0.00662690803860763
0.006626908038224263
0.006626908037853693
0.006626908038275312
0.006626908038050897
0.006626908037985583
0.006626908038485096
0.006626908037969297
0.00662690803768306
0.006626908038067271
0.00662690803798275
0.006626908038042546
0.006626908038646835
0.006626908038336748
0.006626908037938506
0.006626908038269882
0.006626908037822821
0.006626908037686606
0.006626908038333131
0.006626908038003678
0.006626908037586598
0.006626908037917757
0.006626908037393905
0.006626908037195591
0.006626908037815691
0.00662690803744905
0.006626908037009546
0.00662690803739745
0.006626908037027259
0.006626908036604286
0.006626908037071826
0.006626908036320223
0.006626908033332241
0.007191100258805371
0.00719110026142758
0.007191100263696936
0.007191100264801214
0.007191100265169727
0.007191100265193913
0.007191100265462344
0.007191100266054854
0.00719110026609266
0.007191100266320158
0.007191100266514369
0.007191100266475061
0.007191100266674517
0.007191100266906961
0.00719110026677991
0.007191100266971052
0.007191100267072241
0.007191100266841274
0.007191100266999626
0.007191100267212322
0.007191100267023244
0.007191100267189111
0.007191100267339561
0.007191100267228841
0.007191100267453778
0.007191100267862367
0.007191100267575875
0.007191100267306971
0.007191100267518776
0.007191100267360577
0.00719110026746876
0.007191100267749948
0.007191100267262994
0.007191100267092414
0.007191100267319904
0.007191100267237576
0.007191100267472198
0.007191100267968781
0.007191100267772129
0.007191100267482829
0.007191100267605774
0.007191100267206336
0.007191100267207459
0.00719110026766431
0.007191100267449193
0.007191100267143088
0.007191100267260406
0.007191100266763156
0.007191100266697682
0.007191100267138662
0.007191100266887459
0.007191100266548451
0.007191100266700613
0.007191100266435374
0.007191100266108503
0.007191100266366801
0.007191100265586984
0.007191100262866283
0.007714405373896375
0.007714405375768581
0.007714405378113266
0.007714405379503755
0.007714405379873134
0.00771440537983622
0.007714405380357686
0.007714405380876483
0.007714405380844399
0.007714405381315649
0.007714405381531135
0.007714405381388924
0.007714405381782652
0.00771440538198691
0.00771440538175848
0.007714405382125286
0.007714405382210439
0.007714405381897175
0.007714405382224732
0.0077144053823747
0.007714405382086048
0.007714405382417193
0.007714405382520998
0.007714405382282885
0.007714405382671643
0.007714405383003268
0.007714405382794338
0.007714405382637205
0.007714405382705448
0.007714405382505067
0.007714405382771601
0.007714405382935502
0.007714405382437511
0.007714405382365864
0.007714405382485086
0.007714405382338279
0.007714405382746017
0.007714405383189729
0.007714405383087984
0.007714405382916108
0.007714405382902341
0.007714405382460406
0.007714405382581435
0.007714405382903133
0.007714405382783678
0.007714405382598214
0.007714405382565601
0.007714405382046571
0.007714405382097496
0.007714405382376206
0.0077144053822227
0.007714405381992415
0.007714405381925391
0.007714405381748747
0.007714405381524824
0.007714405381598973
0.007714405380833373
0.007714405378454753
0.008190871720956698
0.008190871722092334
0.008190871724345015
0.008190871725947332
0.008190871726243044
0.008190871726104451
0.008190871726868408
0.008190871727344397
0.008190871727206067
0.008190871727910829
0.008190871728148251
0.008190871727882128
0.008190871728482069
0.008190871728666331
0.008190871728314199
0.008190871728872359
0.008190871728945642
0.008190871728517093
0.008190871729031367
0.008190871729135497
0.008190871728718354
0.008190871729232298
0.008190871729300463
0.008190871728915772
0.008190871729481769
0.008190871729768463
0.008190871729607191
0.008190871729542984
0.008190871729503484
0.008190871729233135
0.008190871729656076
0.008190871729745721
0.008190871729199849
0.008190871729199564
0.008190871729237761
0.008190871729022955
0.00819087172961607
0.008190871730044924
0.008190871730010596
0.008190871729932511
0.008190871729817552
0.008190871729307395
0.008190871729550854
0.008190871729783661
0.00819087172972888
0.008190871729642649
0.008190871729506057
0.008190871728923818
0.008190871729089881
0.008190871729259461
0.008190871729175963
0.008190871729034099
0.008190871728800288
0.008190871728692527
0.008190871728546201
0.008190871728493724
0.008190871727801183
0.008190871725761844
0.008618290605400879
0.008618290605860401
0.008618290607821594
0.008618290609580366
0.008618290609774778
0.008618290609519892
0.008618290610487953
0.008618290610941921
0.008618290610686382
0.008618290611591499
0.008618290611854951
0.008618290611466187
0.008618290612253436
0.008618290612431126
0.008618290611955712
0.008618290612690363
0.008618290612761587
0.008618290612213668
0.008618290612901265
0.008618290612977787
0.008618290612430933
0.008618290613114287
0.008618290613160457
0.008618290612633214
0.008618290613360988
0.008618290613626518
0.008618290613472317
0.008618290613442523
0.008618290613363007
0.008618290613049537
0.008618290613601004
0.008618290613650957
0.008618290613079792
0.008618290613077903
0.008618290613055283
0.008618290612807519
0.008618290613556373
0.008618290613996903
0.008618290613997203
0.008618290613954331
0.008618290613788569
0.008618290613234774
0.008618290613587012
0.008618290613770244
0.008618290613734968
0.008618290613691201
0.00861829061351436
0.008618290612884695
0.008618290613150342
0.008618290613249115
0.008618290613202344
0.008618290613094999
0.008618290612719473
0.008618290612675324
0.008618290612591213
0.008618290612494703
0.00861829061191099
0.00861829061018292
0.00899669306622636
0.008996693066130398
0.008996693067604792
0.00899669306942307
0.008996693069522067
0.008996693069153551
0.008996693070276009
0.008996693070718154
0.008996693070348765
0.008996693071411422
0.008996693071704153
0.008996693071205463
0.008996693072146955
0.008996693072330902
0.008996693071744876
0.008996693072626741
0.008996693072706428
0.008996693072050208
0.008996693072883097
0.008996693072948671
0.008996693072285077
0.008996693073109997
0.008996693073147792
0.008996693072494285
0.008996693073355121
0.008996693073616358
0.008996693073413119
0.008996693073398126
0.00899669307334164
0.008996693072993778
0.008996693073651725
0.008996693073690091
0.008996693073174139
0.008996693073172352
0.008996693073073238
0.008996693072767396
0.008996693073611117
0.008996693074075458
0.008996693074076093
0.008996693074041532
0.008996693073858929
0.008996693073280392
0.008996693073730189
0.008996693073901146
0.008996693073854941
0.008996693073816762
0.008996693073634137
0.008996693072968433
0.008996693073319892
0.008996693073378154
0.008996693073341198
0.008996693073240389
0.008996693072724608
0.008996693072711347
0.008996693072671822
0.008996693072602379
0.008996693072154147
0.008996693070714906
0.009327185726282699
0.009327185725840242
0.009327185726785111
0.009327185728498553
0.009327185728539333
0.009327185728071541
0.009327185729296014
0.009327185729727225
0.009327185729254653
0.00932718573043005
0.009327185730752283
0.009327185730161393
0.00932718573121942
0.009327185731419243
0.009327185730741237
0.009327185731735852
0.009327185731832775
0.009327185731086512
0.009327185732031402
0.009327185732099562
0.009327185731339095
0.009327185732272673
0.009327185732313698
0.009327185731556017
0.009327185732516827
0.009327185732786472
0.009327185732582802
0.009327185732561225
0.009327185732498928
0.009327185732122772
0.009327185732860226
0.009327185732906494
0.009327185732420241
0.009327185732435309
0.009327185732297863
0.009327185731926584
0.00932718573283056
0.009327185733321402
0.009327185733285408
0.009327185733253187
0.009327185733077283
0.009327185732487997
0.009327185733027665
0.00932718573323889
0.009327185733158336
0.009327185733083651
0.009327185732918094
0.009327185732223566
0.009327185732645467
0.009327185732690335
0.009327185732649054
0.009327185732550558
0.009327185731906964
0.009327185731993922
0.009327185731966722
0.009327185731870576
0.009327185731571213
0.009327185730384211
0.00961121507038163
0.009611215069818843
0.009611215070191723
0.009611215071632024
0.009611215071693355
0.009611215071148111
0.009611215072423121
0.009611215072836538
0.009611215072274979
0.009611215073520184
0.009611215073868713
0.00961121507320477
0.009611215074341626
0.009611215074563148
0.009611215073814091
0.009611215074886756
0.009611215075006896
0.009611215074191748
0.009611215075215018
0.009611215075295667
0.009611215074460916
0.009611215075470031
0.009611215075523058
0.009611215074685459
0.00961121507571335
0.009611215075998865
0.009611215075851789
0.009611215075828246
0.009611215075697068
0.009611215075291221
0.009611215076092652
0.009611215076160111
0.009611215075679524
0.009611215075707813
0.009611215075546584
0.009611215075126507
0.009611215076079134
0.009611215076595094
0.009611215076516912
0.00961121507648899
0.009611215076330509
0.009611215075734758
0.009611215076342484
0.009611215076499421
0.009611215076447018
0.009611215076414652
0.009611215076224167
0.009611215075509803
0.009611215075989221
0.009611215076048146
0.009611215075995981
0.009611215075907316
0.009611215075258845
0.009611215075370678
0.009611215075363925
0.009611215075257074
0.00961121507502539
0.009611215074046326
0.009850175269479799
0.009850175269034832
0.009850175268879506
0.0098501752698911
0.009850175269986671
0.009850175269387579
0.009850175270662592
0.009850175271045467
0.00985017527041078
0.009850175271686594
0.009850175272054935
0.009850175271336603
0.009850175272516968
0.009850175272762328
0.009850175271963376
0.00985017527308144
0.009850175273227891
0.009850175272365596
0.009850175273435525
0.009850175273535135
0.009850175272649199
0.009850175273702824
0.009850175273773737
0.009850175272880585
0.009850175273945083
0.009850175274247877
0.009850175274084126
0.009850175274091351
0.009850175273927465
0.009850175273490646
0.009850175274348819
0.009850175274446489
0.009850175273962442
0.009850175273995621
0.009850175273820634
0.009850175273368103
0.009850175274355574
0.009850175274891772
0.009850175274727346
0.009850175274724295
0.009850175274633551
0.009850175274022172
0.009850175274673325
0.009850175274820258
0.00985017527470634
0.009850175274692383
0.009850175274552158
0.009850175273828431
0.009850175274347372
0.009850175274449915
0.009850175274384703
0.009850175274322973
0.009850175273780968
0.009850175273850664
0.009850175273831991
0.009850175273711081
0.009850175273513534
0.009850175272701812
0.01004523004320479
0.01004523004285832
0.01004523004235739
0.01004523004301286
0.01004523004307976
0.01004523004245258
0.01004523004367596
0.0100452300440117
0.01004523004332105
0.01004523004459261
0.01004523004497144
0.01004523004421617
0.01004523004540793
0.01004523004567615
0.01004523004484763
0.01004523004598142
0.01004523004615467
0.01004523004526626
0.01004523004635408
0.01004523004647606
0.01004523004556134
0.0100452300466314
0.01004523004672356
0.01004523004579828
0.01004523004687206
0.01004523004719088
0.01004523004696583
0.01004523004703922
0.01004523004685255
0.01004523004637363
0.01004523004728886
0.01004523004742233
0.01004523004697315
0.01004523004698767
0.01004523004681926
0.01004523004635012
0.01004523004731951
0.01004523004786523
0.01004523004769875
0.01004523004772501
0.01004523004764401
0.01004523004700871
0.01004523004767838
0.01004523004782552
0.01004523004767551
0.01004523004766806
0.01004523004754627
0.01004523004682455
0.01004523004737614
0.01004523004754616
0.01004523004746999
0.01004523004746868
0.01004523004716414
0.01004523004711789
0.01004523004707517
0.01004523004693262
0.01004523004669699
0.01004523004600993
0.01019724260786567
0.01019724260758385
0.01019724260692664
0.01019724260727237
0.01019724260728949
0.01019724260667383
0.01019724260778823
0.01019724260805887
0.01019724260733137
0.01019724260856795
0.01019724260894571
0.01019724260816952
0.01019724260934404
0.01019724260963161
0.01019724260879258
0.0101972426099156
0.01019724261011398
0.0101972426092193
0.01019724261029929
0.01019724261044451
0.01019724260952212
0.01019724261058368
0.01019724261069827
0.01019724260976288
0.01019724261082193
0.01019724261115483
0.010197242610885
0.0101972426109616
0.01019724261077841
0.01019724261030376
0.0101972426112419
0.01019724261140987
0.01019724261094993
0.01019724261092271
0.01019724261078438
0.01019724261034596
0.01019724261129613
0.01019724261182296
0.01019724261164751
0.01019724261167585
0.01019724261160898
0.01019724261100011
0.01019724261168337
0.01019724261181567
0.01019724261165135
0.01019724261163028
0.01019724261150798
0.01019724261082512
0.01019724261140121
0.01019724261158977
0.01019724261152721
0.01019724261156389
0.01019724261138841
0.01019724261122906
0.01019724261118597
0.01019724261110607
0.01019724261089772
0.01019724261028323
0.01030674798463106
0.01030674798441242
0.01030674798378386
0.01030674798380593
0.01030674798377162
0.01030674798323796
0.01030674798416864
0.01030674798435973
0.01030674798361771
0.01030674798479187
0.0103067479851553
0.01030674798437293
0.01030674798550492
0.01030674798580656
0.01030674798497463
0.01030674798606347
0.01030674798628354
0.010306747985401
0.01030674798645046
0.0103067479866177
0.01030674798570725
0.01030674798673837
0.01030674798687476
0.01030674798594975
0.01030674798697312
0.01030674798731633
0.01030674798700689
0.01030674798703876
0.01030674798689481
0.01030674798646217
0.01030674798738736
0.01030674798758487
0.01030674798701434
0.01030674798697507
0.01030674798692978
0.01030674798652832
0.01030674798746311
0.01030674798794715
0.01030674798773128
0.01030674798773971
0.01030674798769714
0.01030674798716542
0.01030674798786589
0.01030674798798667
0.01030674798784527
0.01030674798781321
0.01030674798762454
0.01030674798699424
0.01030674798760113
0.01030674798775692
0.01030674798772943
0.0103067479877872
0.01030674798763138
0.01030674798727641
0.0103067479872414
0.01030674798727587
0.01030674798719904
0.01030674798669403
0.01037393362409339
0.01037393362395178
0.01037393362354075
0.01037393362345323
0.01037393362329964
0.01037393362271352
0.01037393362338326
0.01037393362349142
0.01037393362276339
0.01037393362384925
0.01037393362418382
0.01037393362340911
0.01037393362447658
0.01037393362478573
0.01037393362397716
0.01037393362501124
0.01037393362524822
0.01037393362439481
0.01037393362539372
0.01037393362558013
0.01037393362469974
0.01037393362568114
0.01037393362583728
0.01037393362494153
0.01037393362591105
0.01037393362625906
0.01037393362586745
0.01037393362586486
0.01037393362582513
0.01037393362543541
0.01037393362631145
0.01037393362653467
0.01037393362594519
0.01037393362590833
0.0103739336258895
0.01037393362550753
0.0103739336264065
0.01037393362685065
0.01037393362654322
0.0103739336265319
0.01037393362651036
0.01037393362607348
0.01037393362681157
0.01037393362692941
0.01037393362671448
0.01037393362671279
0.01037393362651491
0.01037393362592613
0.01037393362656446
0.01037393362670292
0.01037393362670316
0.0103739336267128
0.01037393362654929
0.01037393362610561
0.01037393362618106
0.01037393362623714
0.01037393362621568
0.01037393362584774
0.01039861219076948
0.01039861219068623
0.01039861219040072
0.01039861219028048
0.01039861219009559
0.01039861218951564
0.01039861218991079
0.01039861218994983
0.01039861218927816
0.0103986121902478
0.01039861219053839
0.01039861218978491
0.01039861219076903
0.0103986121910784
0.01039861219030821
0.01039861219126951
0.01039861219151764
0.01039861219070898
0.01039861219163974
0.01039861219184119
0.01039861219100753
0.01039861219192231
0.01039861219209501
0.01039861219124595
0.01039861219214586
0.01039861219249334
0.01039861219207894
0.01039861219206305
0.01039861219205299
0.01039861219169792
0.01039861219252465
0.01039861219276957
0.01039861219220157
0.01039861219217002
0.01039861219215119
0.0103986121917889
0.01039861219263764
0.0103986121930523
0.01039861219269009
0.01039861219267165
0.01039861219265666
0.01039861219228894
0.0103986121930358
0.01039861219315828
0.01039861219289153
0.01039861219291088
0.010398612192716
0.01039861219216859
0.01039861219280767
0.01039861219293716
0.01039861219290355
0.01039861219289257
0.01039861219273023
0.01039861219226416
0.0103986121925256
0.01039861219254286
0.01039861219247638
0.01039861219224622
0.01038017771978328
0.01038017771973467
0.01038017771951585
0.01038017771939244
0.01038017771922363
0.01038017771873897
0.0103801777188283
0.01038017771882537
0.01038017771828178
0.01038017771909674
0.01038017771932855
0.01038017771861043
0.01038017771949543
0.01038017771979728
0.01038017771907934
0.01038017771995219
0.01038017772020488
0.01038017771945537
0.01038017772030256
0.01038017772051383
0.0103801777197422
0.01038017772057563
0.01038017772076067
0.01038017771997438
0.01038017772079108
0.01038017772113207
0.01038017772070382
0.01038017772068854
0.01038017772068055
0.0103801777203615
0.01038017772114171
0.01038017772140406
0.01038017772089249
0.01038017772087709
0.01038017772083108
0.01038017772048441
0.01038017772127206
0.01038017772166434
0.01038017772129177
0.01038017772127224
0.01038017772125264
0.01038017772093483
0.01038017772165693
0.01038017772178881
0.01038017772150551
0.01038017772152482
0.01038017772133901
0.01038017772084242
0.01038017772145083
0.01038017772157082
0.01038017772143563
0.01038017772141141
0.0103801777212787
0.01038017772084845
0.01038017772120725
0.01038017772124109
0.01038017772117099
0.01038017772101315
0.01031753745378042
0.01031753745375497
0.01031753745358636
0.01031753745348987
0.01031753745335355
0.0103175374530143
0.01031753745298352
0.01031753745294456
0.01031753745240831
0.01031753745302175
0.01031753745318478
0.01031753745251809
0.01031753745329138
0.01031753745357793
0.01031753745292518
0.01031753745369625
0.01031753745394638
0.01031753745326927
0.01031753745401958
0.01031753745423463
0.01031753745353909
0.01031753745427845
0.01031753745447074
0.01031753745376203
0.01031753745448396
0.01031753745481292
0.01031753745440609
0.01031753745441278
0.01031753745439834
0.0103175374540965
0.01031753745480218
0.01031753745507631
0.01031753745469251
0.01031753745474721
0.0103175374546085
0.01031753745423489
0.01031753745494917
0.0103175374553208
0.01031753745498331
0.01031753745497594
0.01031753745493244
0.01031753745464573
0.01031753745531521
0.01031753745545835
0.0103175374551903
0.01031753745523399
0.0103175374550549
0.010317537454586
0.01031753745513517
0.0103175374552422
0.01031753745496892
0.01031753745494638
0.01031753745489944
0.01031753745451664
0.01031753745489891
0.0103175374549633
0.01031753745491143
0.01031753745479826
0.01021207972928889
0.01021207972927887
0.01021207972915867
0.01021207972907632
0.01021207972895569
0.01021207972875226
0.01021207972869203
0.01021207972863437
0.01021207972810156
0.01021207972851711
0.01021207972861223
0.01021207972801613
0.0102120797286685
0.01021207972893201
0.01021207972835595
0.01021207972901485
0.01021207972925493
0.01021207972866186
0.01021207972930472
0.01021207972951674
0.01021207972890966
0.01021207972954487
0.01021207972973853
0.01021207972912038
0.01021207972973856
0.01021207973004986
0.01021207972968915
0.01021207972976692
0.01021207972974029
0.01021207972941194
0.01021207973002182
0.0102120797302998
0.01021207972999529
0.01021207973006051
0.01021207972990744
0.01021207972956503
0.01021207973018574
0.01021207973053389
0.01021207973030017
0.01021207973035768
0.01021207973023574
0.01021207972993258
0.01021207973052803
0.01021207973068153
0.01021207973045436
0.01021207973052184
0.01021207973035506
0.01021207972991115
0.01021207973037835
0.01021207973046979
0.01021207973015165
0.01021207973013297
0.01021207973011148
0.01021207972977173
0.01021207973012941
0.01021207973022466
0.01021207973019993
0.01021207973011996
0.01006476237548434
0.01006476237548135
0.0100647623754074
0.01006476237533452
0.01006476237519508
0.01006476237508374
0.01006476237508754
0.010064762375027
0.01006476237450278
0.010064762374733
0.01006476237476803
0.01006476237426684
0.01006476237479177
0.01006476237502382
0.01006476237453371
0.01006476237507363
0.01006476237529538
0.01006476237479575
0.01006476237532393
0.01006476237552508
0.01006476237501664
0.01006476237554098
0.01006476237572894
0.0100647623752122
0.01006476237572097
0.01006476237600815
0.01006476237570876
0.01006476237578675
0.01006476237574863
0.01006476237545783
0.01006476237596659
0.01006476237624023
0.01006476237600423
0.01006476237606186
0.01006476237592461
0.01006476237563304
0.01006476237614789
0.0100647623764666
0.01006476237627978
0.01006476237634241
0.01006476237621611
0.01006476237595383
0.010064762376464
0.01006476237662369
0.01006476237645525
0.0100647623765081
0.01006476237636717
0.01006476237597763
0.01006476237634718
0.01006476237642088
0.01006476237610194
0.01006476237608374
0.01006476237606873
0.01006476237577434
0.01006476237607368
0.01006476237619305
0.01006476237616647
0.01006476237611897
0.009876178964998705
0.009876178964926383
0.009876178964874964
0.00987617896488438
0.00987617896477805
0.009876178964732795
0.009876178964734191
0.009876178964671795
0.009876178964245969
0.009876178964282278
0.009876178964265734
0.009876178963893293
0.009876178964284723
0.009876178964475757
0.009876178964077574
0.00987617896449706
0.009876178964690941
0.009876178964290999
0.009876178964702271
0.009876178964883192
0.009876178964480455
0.009876178964892198
0.009876178965065615
0.009876178964657997
0.009876178965056621
0.00987617896531197
0.009876178965105653
0.009876178965162552
0.009876178965085062
0.009876178964855892
0.009876178965262062
0.009876178965521891
0.009876178965347279
0.009876178965390848
0.009876178965284031
0.009876178965053989
0.009876178965460685
0.009876178965743523
0.009876178965592642
0.009876178965640098
0.009876178965536931
0.009876178965334593
0.009876178965751041
0.009876178965908124
0.009876178965804807
0.00987617896581303
0.009876178965705383
0.009876178965401331
0.00987617896566593
0.009876178965720147
0.009876178965428067
0.009876178965410135
0.009876178965393166
0.009876178965145114
0.009876178965363025
0.009876178965496016
0.009876178965430504
0.009876178965415107
0.009646605972131961
0.009646605972060487
0.009646605972075282
0.009646605972102073
0.009646605971997815
0.009646605972007978
0.00964660597201005
0.00964660597192827
0.009646605971623045
0.009646605971604527
0.009646605971521121
0.009646605971179291
0.009646605971435769
0.009646605971574124
0.009646605971268582
0.00964660597157551
0.009646605971728906
0.009646605971429788
0.009646605971730402
0.009646605971878509
0.009646605971583884
0.009646605971889767
0.009646605972036195
0.009646605971740742
0.009646605972036846
0.009646605972248944
0.009646605972096621
0.009646605972129955
0.009646605972066893
0.009646605971905135
0.009646605972200236
0.009646605972433468
0.009646605972315326
0.009646605972335617
0.00964660597226647
0.009646605972111564
0.009646605972416199
0.009646605972653498
0.009646605972538407
0.009646605972552905
0.009646605972484932
0.009646605972359243
0.009646605972681433
0.009646605972821545
0.009646605972749432
0.009646605972752567
0.009646605972674183
0.009646605972448003
0.0096466059726244
0.009646605972654898
0.009646605972408281
0.009646605972397726
0.009646605972368539
0.009646605972164329
0.009646605972291679
0.009646605972426937
0.009646605972288261
0.009646605972305355
0.009376038227764432
0.009376038227713088
0.009376038227753491
0.009376038227828419
0.009376038227752048
0.009376038227735082
0.009376038227748707
0.009376038227666373
0.009376038227394334
0.009376038227367971
0.009376038227252326
0.009376038226941925
0.00937603822711095
0.00937603822718149
0.009376038226959465
0.009376038227179844
0.009376038227272928
0.009376038227066516
0.009376038227278765
0.009376038227374362
0.009376038227182188
0.009376038227404933
0.009376038227504178
0.009376038227316049
0.009376038227533143
0.009376038227683377
0.009376038227575026
0.009376038227618426
0.009376038227574133
0.009376038227457249
0.009376038227650126
0.009376038227839962
0.009376038227774301
0.009376038227822025
0.009376038227776948
0.009376038227662985
0.009376038227887296
0.009376038228061087
0.009376038227978369
0.009376038227990805
0.009376038227952875
0.009376038227883165
0.00937603822812548
0.009376038228227987
0.009376038228159862
0.009376038228186999
0.009376038228136326
0.00937603822798219
0.009376038228093908
0.009376038228087632
0.009376038227896781
0.009376038227912437
0.009376038227847086
0.009376038227680078
0.009376038227731434
0.009376038227856334
0.009376038227717588
0.009376038227762444
0.009064222440100501
0.009064222440070184
0.009064222440095771
0.009064222440223041
0.009064222440121934
0.009064222440088412
0.009064222440180399
0.009064222440047429
0.009064222439764224
0.009064222439787233
0.009064222439619178
0.009064222439325973
0.009064222439483901
0.00906422243945923
0.009064222439289251
0.009064222439485136
0.009064222439484921
0.009064222439342941
0.009064222439521308
0.00906422243953129
0.009064222439418691
0.009064222439612713
0.009064222439630195
0.009064222439527793
0.009064222439720965
0.009064222439776257
0.009064222439729043
0.009064222439839821
0.00906422243974111
0.009064222439637769
0.009064222439782353
0.009064222439904374
0.009064222439912591
0.009064222440033241
0.009064222439937644
0.009064222439839764
0.00906422244005033
0.009064222440127971
0.009064222440066411
0.00906422244007795
0.009064222440058833
0.009064222440049431
0.0090642224402559
0.009064222440288998
0.009064222440249455
0.009064222440337293
0.009064222440257312
0.009064222440162107
0.009064222440293737
0.009064222440222794
0.009064222440037651
0.009064222440121918
0.009064222439968855
0.009064222439830507
0.009064222439862119
0.009064222439956061
0.009064222439840343
0.00906422243990008
0.008710707451010199
0.008710707451001616
0.008710707451024719
0.008710707451222278
0.008710707451051762
0.0087107074510018
0.008710707451215051
0.008710707450989537
0.008710707450693297
0.008710707450822646
0.008710707450555256
0.008710707450258986
0.008710707450480037
0.008710707450315502
0.008710707450146125
0.008710707450412681
0.008710707450271606
0.008710707450141658
0.008710707450407681
0.008710707450275837
0.008710707450178906
0.008710707450464053
0.008710707450340645
0.008710707450262482
0.008710707450551908
0.00871070745045268
0.008710707450422992
0.008710707450667916
0.00871070745047145
0.008710707450367323
0.008710707450546007
0.008710707450587517
0.008710707450632993
0.008710707450851691
0.008710707450662086
0.008710707450564811
0.008710707450860585
0.008710707450781504
0.008710707450700999
0.00871070745075842
0.008710707450738309
0.008710707450773824
0.008710707451022693
0.008710707450929773
0.00871070745088566
0.008710707451094247
0.008710707450956572
0.008710707450912892
0.008710707451116764
0.008710707450934585
0.008710707450732144
0.008710707450940177
0.008710707450665676
0.008710707450544947
0.008710707450621231
0.00871070745064222
0.008710707450533888
0.008710707450614306
0.008314949317187108
0.008314949317182173
0.008314949317234005
0.008314949317546227
0.008314949317291011
0.008314949317217329
0.008314949317578074
0.008314949317237804
0.008314949316920764
0.00831494931719041
0.008314949316801936
0.008314949316483255
0.00831494931681416
0.008314949316497519
0.008314949316299801
0.008314949316680436
0.008314949316386768
0.008314949316239231
0.00831494931663093
0.008314949316348637
0.008314949316237838
0.008314949316652101
0.008314949316378464
0.008314949316294935
0.00831494931671722
0.008314949316461415
0.008314949316420569
0.008314949316823911
0.008314949316509376
0.00831494931639375
0.008314949316736863
0.008314949316748798
0.008314949316765173
0.008314949317028343
0.008314949316700303
0.008314949316584897
0.008314949317005473
0.008314949316769097
0.008314949316666872
0.008314949316846416
0.008314949316845998
0.008314949316857235
0.008314949317127942
0.008314949316900751
0.008314949316832026
0.008314949317182137
0.008314949316994228
0.008314949316989074
0.008314949317282039
0.008314949316968669
0.008314949316732437
0.008314949317095607
0.008314949316682186
0.008314949316568771
0.008314949316811222
0.008314949316667649
0.008314949316466961
0.008314949316615789
0.007876541168101174
0.007876541168038995
0.007876541168203821
0.00787654116868242
0.007876541168322627
0.007876541168210125
0.007876541168732494
0.007876541168268388
0.007876541167919276
0.007876541168349606
0.007876541167833694
0.007876541167476088
0.007876541167945436
0.007876541167478284
0.007876541167229951
0.007876541167750476
0.007876541167305021
0.007876541167116663
0.007876541167656202
0.007876541167225739
0.007876541167077441
0.007876541167643024
0.007876541167220511
0.007876541167108056
0.007876541167684293
0.007876541167278093
0.00787654116720244
0.007876541167776771
0.00787654116733651
0.007876541167198173
0.007876541167726151
0.007876541167640038
0.007876541167644939
0.007876541168013885
0.007876541167531063
0.007876541167381762
0.007876541167950916
0.007876541167565658
0.007876541167419452
0.007876541167743775
0.007876541167729567
0.007876541167731132
0.007876541168053317
0.007876541167684525
0.00787654116756884
0.007876541168069878
0.007876541167871082
0.007876541167887051
0.007876541168252196
0.007876541167802427
0.007876541167517428
0.00787654116805628
0.007876541167497092
0.007876541167380425
0.007876541167793976
0.007876541167511693
0.007876541167212528
0.007876541167413648
0.007395673856491573
0.007395673856387203
0.007395673856616192
0.007395673857218918
0.007395673856729484
0.007395673856557238
0.007395673857245689
0.007395673856658334
0.00739567385626535
0.00739567385686646
0.007395673856226866
0.007395673855817601
0.007395673856441002
0.007395673855833691
0.00739567385551866
0.007395673856192626
0.007395673855604296
0.007395673855357882
0.007395673856055945
0.007395673855486983
0.007395673855282812
0.007395673856010509
0.007395673855447549
0.007395673855288156
0.00739567385602798
0.007395673855483293
0.007395673855354026
0.007395673856103635
0.007395673855538519
0.007395673855366034
0.007395673856078664
0.007395673855705776
0.007395673855687166
0.007395673856340416
0.007395673855730401
0.00739567385554057
0.007395673856270675
0.007395673855750975
0.007395673855543204
0.007395673856052071
0.007395673855982884
0.007395673855978775
0.007395673856382785
0.007395673855867788
0.007395673855681353
0.007395673856336249
0.007395673856148736
0.007395673856169733
0.007395673856596382
0.007395673856017053
0.007395673855670183
0.007395673856397118
0.007395673855692631
0.007395673855563723
0.007395673856148244
0.007395673855748618
0.007395673855350663
0.007395673855601311
0.006873944077727991
0.006873944077628541
0.006873944077844757
0.006873944078539294
0.006873944077928876
0.006873944077674356
0.006873944078524715
0.006873944077822928
0.006873944077375933
0.006873944078148763
0.006873944077396906
0.006873944076927679
0.006873944077709913
0.006873944076979445
0.006873944076587523
0.006873944077418482
0.006873944076702495
0.006873944076386728
0.00687394407724426
0.006873944076552569
0.006873944076279182
0.006873944077170221
0.006873944076480963
0.006873944076261977
0.006873944077165079
0.0068739440764989
0.006873944076301724
0.006873944077223445
0.006873944076541409
0.006873944076324695
0.006873944077213945
0.006873944076637137
0.006873944076549973
0.006873944077437183
0.006873944076720739
0.006873944076488134
0.006873944077381158
0.006873944076746549
0.00687394407646465
0.006873944077164526
0.006873944076970865
0.006873944076964496
0.006873944077509943
0.006873944076871218
0.00687394407659569
0.006873944077407507
0.006873944077343415
0.006873944077353374
0.006873944077736026
0.006873944077035891
0.006873944076615569
0.006873944077535243
0.00687394407669159
0.006873944076544019
0.006873944077293011
0.006873944076796089
0.006873944076303615
0.006873944076596953
0.006315556223361138
0.00631555622328477
0.006315556223337419
0.006315556224012156
0.006315556223209584
0.006315556222850717
0.006315556223850708
0.006315556223051492
0.006315556222544034
0.006315556223480019
0.006315556222634245
0.006315556222101836
0.006315556223037048
0.006315556222206564
0.00631555622173349
0.006315556222715235
0.006315556221892905
0.006315556221502698
0.00631555622251086
0.006315556221718412
0.006315556221367604
0.006315556222413649
0.006315556221618023
0.006315556221332375
0.006315556222388344
0.006315556221623162
0.00631555622134829
0.006315556222430766
0.006315556221646709
0.006315556221378766
0.006315556222429062
0.006315556221709972
0.006315556221529434
0.006315556222611725
0.006315556221804858
0.006315556221529088
0.006315556222575617
0.006315556221850777
0.006315556221486205
0.006315556222365002
0.006315556222028781
0.00631555622202926
0.006315556222726631
0.006315556221991602
0.006315556221613741
0.006315556222580081
0.006315556222505464
0.006315556222511736
0.006315556222944056
0.006315556222154232
0.006315556221655946
0.006315556222764042
0.006315556221792484
0.006315556221623178
0.006315556222522254
0.00631555622194973
0.006315556221370536
0.006315556221721872
0.005728750517207388
0.005728750516754011
0.005728750516733694
0.005728750517763182
0.005728750516862585
0.005728750516408638
0.005728750517539198
0.005728750516668317
0.005728750516099036
0.005728750517179268
0.005728750516264838
0.005728750515671569
0.005728750516742672
0.005728750515841561
0.005728750515289128
0.005728750516405028
0.00572875051550412
0.005728750515040897
0.005728750516180209
0.005728750515315591
0.005728750514884727
0.005728750516067115
0.005728750515191403
0.005728750514837995
0.005728750516025369
0.005728750515189869
0.005728750514832352
0.00572875051605475
0.005728750515190994
0.00572875051486917
0.00572875051605553
0.005728750515245784
0.005728750514961375
0.005728750516201747
0.005728750515322663
0.005728750515005094
0.00572875051618313
0.005728750515398091
0.005728750514946254
0.0057287505159832
0.005728750515344932
0.00572875051535877
0.005728750516347618
0.00572875051556106
0.005728750515072511
0.005728750516180204
0.005728750515994451
0.005728750516009306
0.005728750516547932
0.005728750515699556
0.005728750515132546
0.005728750516412066
0.00572875051532901
0.005728750515138585
0.005728750516164489
0.005728750515541997
0.005728750514885425
0.005728750515276174
0.00512692690747551
0.005126926906842555
0.005126926906720642
0.005126926907964164
0.005126926907034033
0.005126926906507461
0.005126926907741641
0.00512692690683296
0.005126926906205823
0.005126926907400977
0.00512692690644985
0.005126926905802998
0.005126926906981718
0.005126926906045388
0.005126926905420842
0.005126926906643929
0.005126926905698654
0.005126926905169677
0.005126926906410141
0.005126926905508328
0.005126926905000217
0.005126926906289991
0.005126926905367045
0.00512692690495019
0.005126926906236664
0.005126926905365502
0.005126926904925268
0.005126926906257003
0.005126926905343464
0.005126926904969457
0.005126926906256763
0.005126926905403859
0.005126926905014784
0.005126926906373605
0.005126926905447179
0.005126926905090925
0.005126926906366224
0.005126926905555408
0.00512692690501635
0.005126926906188526
0.005126926905443239
0.005126926905451091
0.005126926906559897
0.005126926905747342
0.005126926905141715
0.005126926906362632
0.005126926906101086
0.005126926906152999
0.00512692690672262
0.00512692690583383
0.005126926905225345
0.005126926906639889
0.005126926905467336
0.005126926905259903
0.005126926906381364
0.005126926905738897
0.005126926905014451
0.005126926905423905
0.004528579737009886
0.004528579736310392
0.004528579736087109
0.004528579737452658
0.004528579736539411
0.004528579735961478
0.004528579737264835
0.004528579736358327
0.004528579735679735
0.00452857973695239
0.004528579736002517
0.004528579735311077
0.004528579736560683
0.004528579735629524
0.004528579734942713
0.004528579736237954
0.004528579735288576
0.004528579734703581
0.004528579736007262
0.004528579735108558
0.004528579734529238
0.004528579735889555
0.004528579734958694
0.004528579734484756
0.004528579735829972
0.004528579734962666
0.004528579734442898
0.004528579735845802
0.00452857973491989
0.004528579734496909
0.004528579735842283
0.004528579734992019
0.004528579734503241
0.00452857973593766
0.00452857973499753
0.004528579734604947
0.004528579735934611
0.004528579735134758
0.004528579734513236
0.004528579735791064
0.00452857973503977
0.004528579735043103
0.004528579736175748
0.004528579735360163
0.004528579734634891
0.004528579735907739
0.004528579735487189
0.004528579735609082
0.004528579736221095
0.004528579735355028
0.004528579734772051
0.004528579736253035
0.004528579735020561
0.004528579734801461
0.004528579735982753
0.004528579735352477
0.004528579734567744
0.004528579734979944
0.003955209200029551
0.003955209199336738
0.00395520919901569
0.003955209200436153
0.003955209199583814
0.003955209198962821
0.003955209200296747
0.003955209199438897
0.003955209198709256
0.0039552092000188
0.003955209199116172
0.003955209198381673
0.003955209199662426
0.003955209198783416
0.003955209198038359
0.003955209199367616
0.003955209198462424
0.003955209197824131
0.003955209199150675
0.003955209198302024
0.003955209197652991
0.003955209199044169
0.003955209198153473
0.003955209197621525
0.003955209198982986
0.003955209198165091
0.003955209197565503
0.003955209198998747
0.003955209198107961
0.00395520919763146
0.003955209198990299
0.003955209198190313
0.003955209197604883
0.00395520919907175
0.003955209198163832
0.003955209197727763
0.003955209199067055
0.003955209198318302
0.003955209197618434
0.003955209198966916
0.003955209198305942
0.003955209198290375
0.003955209199356602
0.003955209198572235
0.003955209197730336
0.003955209198933778
0.003955209198592467
0.003955209198804463
0.003955209199149637
0.003955209198420208
0.003955209198009184
0.003955209199420349
0.003955209198174582
0.003955209197943559
0.003955209199149562
0.003955209198562251
0.003955209197720701
0.003955209198125618
0.003427246228228758
0.003427246227615609
0.003427246227169939
0.003427246228592316
0.003427246227863906
0.00342724622717423
0.003427246228500888
0.00342724622775816
0.003427246226950966
0.003427246228259012
0.003427246227471811
0.003427246226667255
0.003427246227941993
0.003427246227182627
0.00342724622635685
0.003427246227683867
0.003427246226893266
0.003427246226175511
0.003427246227487896
0.003427246226756795
0.0034272462260145
0.003427246227399176
0.003427246226619938
0.00342724622599992
0.003427246227339157
0.003427246226636504
0.003427246225933501
0.003427246227358778
0.003427246226574975
0.003427246226011171
0.003427246227343683
0.003427246226659424
0.003427246225958093
0.003427246227417944
0.003427246226614703
0.00342724622609734
0.003427246227406742
0.003427246226767121
0.003427246225972836
0.003427246227349231
0.003427246226692566
0.003427246226588001
0.003427246227695745
0.003427246227029412
0.003427246226069834
0.003427246226956447
0.003427246226909905
0.003427246227562162
0.003427246227218432
0.003427246226675947
0.003427246226718449
0.003427246227748602
0.003427246226596307
0.003427246226328764
0.003427246227527852
0.003427246227015489
0.003427246226113346
0.003427246226504004
0.002959449705988692
0.002959449705492995
0.002959449704902408
0.002959449706285696
0.002959449705718114
0.002959449704944388
0.002959449706232202
0.00295944970564362
0.002959449704748231
0.002959449706023729
0.002959449705393857
0.002959449704507166
0.002959449705746296
0.00295944970514515
0.002959449704234136
0.002959449705528736
0.002959449704898193
0.002959449704086848
0.002959449705356482
0.002959449704782853
0.002959449703941248
0.002959449705289079
0.002959449704668797
0.002959449703942608
0.002959449705230768
0.002959449704682305
0.002959449703870925
0.002959449705257205
0.002959449704629421
0.002959449703956305
0.002959449705233536
0.002959449704702942
0.002959449703885065
0.002959449705306216
0.002959449704658545
0.002959449704033391
0.002959449705284696
0.002959449704783207
0.002959449703900489
0.0029594497052652
0.002959449704678106
0.002959449704428472
0.00295944970554754
0.002959449705031177
0.002959449703985542
0.002959449704792712
0.002959449704769423
0.002959449705627492
0.002959449705108624
0.002959449704507977
0.002959449704642781
0.002959449705502043
0.002959449704600031
0.002959449704284265
0.002959449705449693
0.002959449704975854
0.002959449704079571
0.002959449704443553
0.002557927338108677
0.002557927337696388
0.002557927337002997
0.00255792733831565
0.00255792733786959
0.002557927337062484
0.00255792733828613
0.002557927337813557
0.00255792733688808
0.002557927338106293
0.002557927337593716
0.002557927336686399
0.00255792733786611
0.002557927337374701
0.002557927336453637
0.00255792733768859
0.002557927337188629
0.002557927336333174
0.002557927337539046
0.002557927337081605
0.00255792733620747
0.002557927337493287
0.002557927337004809
0.002557927336218903
0.002557927337435935
0.002557927337003212
0.002557927336148491
0.002557927337470467
0.002557927336975818
0.002557927336233841
0.002557927337437015
0.00255792733702089
0.0025579273361548
0.0025579273375118
0.002557927336998929
0.002557927336302225
0.002557927337478138
0.00255792733706408
0.002557927336172813
0.002557927337490331
0.002557927336991563
0.002557927336617436
0.00255792733770671
0.002557927337281021
0.002557927336252075
0.002557927337041031
0.002557927337023858
0.00255792733791139
0.002557927337373291
0.002557927336676924
0.002557927336821032
0.002557927337550353
0.002557927336918463
0.002557927336582181
0.002557927337689436
0.002557927337245833
0.00255792733635977
0.002557927336697203
0.002219971731695899
0.002219971731300971
0.002219971730577623
0.00221997173178961
0.002219971731402075
0.00221997173063739
0.002219971731771046
0.002219971731358399
0.002219971730478989
0.002219971731614962
0.002219971731132446
0.00221997173031785
0.002219971731409074
0.00221997173094347
0.002219971730126527
0.002219971731267482
0.002219971730846123
0.002219971730016774
0.002219971731138283
0.002219971730715521
0.002219971729917624
0.002219971731111324
0.002219971730700958
0.002219971729928274
0.002219971731054848
0.002219971730677704
0.002219971729865542
0.002219971731096098
0.002219971730694301
0.002219971729940638
0.002219971731054092
0.002219971730690298
0.002219971729865709
0.002219971731131139
0.002219971730714862
0.002219971730000317
0.002219971731087152
0.002219971730724635
0.002219971729884041
0.002219971731122268
0.002219971730701849
0.002219971730250247
0.002219971731280655
0.002219971730891458
0.002219971729956932
0.002219971730759138
0.002219971730793741
0.002219971731551234
0.002219971731038928
0.002219971730282929
0.002219971730418089
0.002219971731009894
0.002219971730642208
0.002219971730322956
0.002219971731340704
0.002219971730943144
0.002219971730044104
0.002219971730362739
0.001936265299002212
0.001936265298602786
0.001936265297878779
0.001936265298966702
0.001936265298622457
0.001936265297926333
0.00193626529894913
0.001936265298585783
0.001936265297779958
0.001936265298813245
0.001936265298371593
0.001936265297653688
0.001936265298638846
0.00193626529821963
0.001936265297490035
0.001936265298526532
0.001936265298148273
0.001936265297401888
0.001936265298417059
0.001936265298039593
0.001936265297320234
0.001936265298402844
0.001936265298000925
0.001936265297339626
0.0019362652983499
0.001936265298011807
0.001936265297277604
0.001936265298392968
0.001936265298053482
0.001936265297340222
0.001936265298347174
0.001936265298019131
0.00193626529727452
0.001936265298422287
0.001936265298074804
0.001936265297391002
0.001936265298373874
0.001936265298047515
0.001936265297289834
0.001936265298421095
0.001936265298067599
0.001936265297585253
0.001936265298534176
0.001936265298146388
0.001936265297367478
0.001936265298095459
0.001936265298128633
0.001936265298808129
0.00193626529835592
0.001936265297595577
0.001936265297726856
0.001936265298142982
0.001936265298024899
0.001936265297782745
0.001936265298660083
0.001936265298250101
0.001936265297434302
0.001936265297712797
0.00169420298620215
0.001694202985820837
0.001694202985100526
0.001694202986045298
0.001694202985745576
0.001694202985128207
0.001694202986022337
0.00169420298569151
0.001694202985000553
0.001694202985905128
0.001694202985520024
0.001694202984894692
0.00169420298575963
0.001694202985408493
0.001694202984753399
0.001694202985670421
0.001694202985337068
0.001694202984691211
0.001694202985580014
0.00169420298526559
0.001694202984621588
0.001694202985572491
0.001694202985204113
0.001694202984646056
0.001694202985525796
0.001694202985226257
0.001694202984589574
0.001694202985565399
0.001694202985279321
0.001694202984638351
0.001694202985521788
0.00169420298522995
0.001694202984585724
0.00169420298558877
0.001694202985297157
0.001694202984681515
0.001694202985543542
0.001694202985253279
0.001694202984595212
0.001694202985591832
0.001694202985300748
0.001694202984826822
0.001694202985673289
0.001694202985315458
0.001694202984669203
0.001694202985306394
0.001694202985332099
0.001694202985917996
0.001694202985539191
0.001694202984825568
0.001694202985022757
0.001694202985170428
0.001694202985246073
0.001694202985212697
0.001694202985849327
0.00169420298547434
0.001694202984720904
0.001694202984951664
0.001481133340141045
0.001481133339795461
0.001481133339118922
0.00148113333989972
0.001481133339648771
0.001481133339120741
0.001481133339868476
0.001481133339576588
0.001481133339014958
0.001481133339769053
0.001481133339468029
0.001481133338919641
0.001481133339650607
0.001481133339384122
0.001481133338806729
0.001481133339579758
0.001481133339306643
0.001481133338762505
0.001481133339507457
0.001481133339268724
0.001481133338703463
0.001481133339501841
0.001481133339190375
0.001481133338730966
0.001481133339463886
0.001481133339195982
0.001481133338687215
0.001481133339495551
0.001481133339258535
0.001481133338717533
0.001481133339459398
0.001481133339184689
0.001481133338685206
0.001481133339512504
0.001481133339274597
0.001481133338753617
0.001481133339477308
0.001481133339232849
0.001481133338681251
0.001481133339516862
0.001481133339283603
0.001481133338856262
0.001481133339579375
0.001481133339262928
0.001481133338748794
0.001481133339279746
0.001481133339299343
0.001481133339776095
0.001481133339478825
0.001481133338853276
0.001481133339105332
0.00148113333912415
0.001481133339347273
0.001481133339294215
0.001481133339779684
0.001481133339428971
0.001481133338796629
0.001481133338955281
0.001286642289826336
0.001286642289536164
0.001286642288955355
0.001286642289558766
0.001286642289326568
0.001286642288941248
0.001286642289520107
0.001286642289268454
0.001286642288852979
0.001286642289437633
0.001286642289230925
0.001286642288761098
0.001286642289344631
0.001286642289152005
0.001286642288678886
0.001286642289288297
0.00128664228908853
0.001286642288643032
0.001286642289233265
0.001286642289058633
0.001286642288599049
0.001286642289226402
0.00128664228898328
0.001286642288625326
0.00128664228919895
0.001286642288978302
0.00128664228860086
0.001286642289219871
0.001286642289016736
0.001286642288612926
0.001286642289194978
0.001286642288972428
0.001286642288597149
0.001286642289230145
0.001286642289033009
0.001286642288643562
0.001286642289209726
0.001286642289020995
0.001286642288576949
0.001286642289230875
0.00128664228902929
0.001286642288711106
0.001286642289287442
0.001286642289026435
0.001286642288637652
0.001286642289048328
0.001286642289054173
0.001286642289421857
0.001286642289219786
0.001286642288706402
0.001286642288995855
0.001286642289003891
0.001286642289204287
0.001286642289110318
0.001286642289488474
0.001286642289172102
0.00128664228868498
0.001286642288746544
0.001103495084136519
0.001103495083931763
0.001103495083475658
0.001103495083907602
0.00110349508373669
0.001103495083459158
0.001103495083865629
0.001103495083683794
0.001103495083389757
0.001103495083799523
0.001103495083669979
0.00110349508329736
0.001103495083729802
0.001103495083609053
0.001103495083238425
0.001103495083685022
0.001103495083559482
0.001103495083208591
0.001103495083646276
0.001103495083536646
0.001103495083178752
0.001103495083636554
0.001103495083468643
0.001103495083208175
0.001103495083620422
0.001103495083466541
0.001103495083201567
0.001103495083630018
0.001103495083477178
0.001103495083205174
0.001103495083618183
0.001103495083459254
0.001103495083195865
0.001103495083632005
0.00110349508350083
0.001103495083234827
0.001103495083630864
0.001103495083499
0.001103495083157985
0.001103495083625437
0.001103495083489734
0.001103495083268245
0.001103495083687083
0.001103495083477908
0.001103495083210768
0.001103495083498178
0.001103495083445813
0.001103495083745444
0.001103495083657519
0.001103495083264849
0.001103495083535075
0.001103495083510862
0.001103495083691409
0.001103495083577092
0.00110349508387031
0.001103495083601673
0.001103495083258197
0.001103495083164617
0.0009273618525385222
0.0009273618524250011
0.0009273618520944023
0.0009273618523832892
0.0009273618522729773
0.0009273618520885942
0.0009273618523444906
0.0009273618522274082
0.0009273618520385924
0.0009273618522941982
0.0009273618522246542
0.0009273618519423486
0.0009273618522444367
0.0009273618521799667
0.0009273618519027836
0.0009273618522095822
0.0009273618521363528
0.0009273618518816463
0.0009273618521855443
0.000927361852127123
0.0009273618518603461
0.000927361852173035
0.000927361852068939
0.0009273618518890195
0.0009273618521669359
0.0009273618520677848
0.0009273618519025087
0.0009273618521676226
0.000927361852083645
0.0009273618519078321
0.0009273618521679005
0.0009273618520597659
0.0009273618518956276
0.0009273618521603864
0.0009273618521128697
0.0009273618519386862
0.0009273618521801053
0.0009273618520899586
0.0009273618518415884
0.000927361852144912
0.0009273618520634324
0.0009273618519338396
0.0009273618522164897
0.0009273618520696744
0.0009273618518829032
0.0009273618520729858
0.0009273618519911623
0.0009273618521872238
0.0009273618521998352
0.0009273618519758673
0.0009273618521623311
0.0009273618521106937
0.0009273618522637463
0.0009273618521498998
0.0009273618523703504
0.0009273618521556691
0.0009273618519488383
0.0009273618517711
0.0007559334669574559
0.0007559334669034086
0.0007559334666860939
0.0007559334668721906
0.0007559334668014615
0.0007559334666923908
0.0007559334668428465
0.0007559334667656504
0.0007559334666598399
0.0007559334668074625
0.0007559334667701266
0.0007559334665692517
0.0007559334667743622
0.0007559334667388553
0.0007559334665460986
0.0007559334667487936
0.0007559334666790901
0.0007559334665449312
0.0007559334667372252
0.0007559334667033824
0.0007559334665184897
0.0007559334667232798
0.0007559334666615592
0.0007559334665195422
0.0007559334667236378
0.00075593346665065
0.0007559334665639539
0.000755933466719526
0.0007559334666837234
0.0007559334665795617
0.000755933466729114
0.0007559334666483742
0.0007559334665567781
0.0007559334667013546
0.0007559334667068075
0.0007559334666137583
0.0007559334667430394
0.0007559334666665316
0.0007559334665022821
0.0007559334666779066
0.0007559334666221077
0.000755933466598802
0.0007559334667598918
0.0007559334666816513
0.0007559334665320473
0.0007559334666419613
0.0007559334665839455
0.0007559334666371227
0.0007559334667481614
0.0007559334666387069
0.0007559334667600875
0.0007559334667005989
0.0007559334668204823
0.0007559334667231831
0.0007559334668801269
0.0007559334667144743
0.00075593346660776
0.0007559334664227374
0.0005887483146815307
0.000588748314632809
0.0005887483145199182
0.0005887483146364414
0.0005887483145764664
0.0005887483145205071
0.0005887483146199359
0.0005887483145500262
0.0005887483145005523
0.0005887483145980406
0.0005887483145610608
0.0005887483144438751
0.0005887483145797638
0.0005887483145411335
0.000588748314433842
0.0005887483145630451
0.0005887483145206893
0.0005887483144239513
0.0005887483145597621
0.0005887483145206532
0.0005887483144189381
0.0005887483145476685
0.0005887483145091089
0.0005887483144098016
0.0005887483145521005
0.0005887483144706313
0.000588748314435572
0.0005887483145445765
0.0005887483145209528
0.0005887483144652495
0.0005887483145595127
0.0005887483144948668
0.0005887483144301568
0.0005887483145029555
0.000588748314500558
0.0005887483145042679
0.0005887483145738209
0.0005887483144761723
0.0005887483144022857
0.000588748314485468
0.0005887483144688256
0.0005887483144611696
0.000588748314569579
0.0005887483145197418
0.0005887483144328264
0.0005887483144498206
0.0005887483144557502
0.0005887483145382875
0.0005887483146001616
0.0005887483144969256
0.0005887483145899316
0.0005887483145454102
0.0005887483146320442
0.0005887483145601282
0.0005887483146628192
0.0005887483145334689
0.0005887483144903983
0.0005887483143622925
0.0004311967929693403
0.0004311967929027649
0.0004311967928708872
0.0004311967929311896
0.0004311967928848885
0.000431196792863515
0.0004311967929277329
0.0004311967928730917
0.0004311967928581246
0.0004311967929176662
0.0004311967928791411
0.0004311967928353836
0.0004311967929114645
0.0004311967928689764
0.0004311967928344441
0.0004311967929027946
0.0004311967928651507
0.0004311967928280751
0.0004311967929050927
0.0004311967928607568
0.0004311967928296249
0.0004311967928961799
0.0004311967928610807
0.0004311967928207021
0.0004311967929024352
0.0004311967928412674
0.0004311967928360462
0.0004311967928944816
0.0004311967928642673
0.000431196792837642
0.0004311967929078195
0.0004311967928478064
0.0004311967928362451
0.0004311967928798062
0.0004311967928820316
0.0004311967928746098
0.0004311967929200493
0.0004311967928463753
0.0004311967927768281
0.000431196792839748
0.0004311967928549792
0.0004311967927539628
0.0004311967928733753
0.0004311967929003963
0.0004311967928492287
0.0004311967927541305
0.0004311967928455177
0.0004311967929246654
0.0004311967929209881
0.0004311967927868484
0.0004311967928965874
0.0004311967928983103
0.0004311967929549881
0.0004311967929108976
0.0004311967929684556
0.0004311967929080979
0.0004311967929305185
0.0004311967928543432
0.0003277211638445373
0.0003277211638106091
0.0003277211638007253
0.0003277211638297518
0.00032772116380648
0.00032772116379748
0.0003277211638287673
0.0003277211638033028
0.0003277211637962468
0.0003277211638260604
0.0003277211638042939
0.0003277211637914483
0.0003277211638246866
0.0003277211638013588
0.0003277211637912239
0.0003277211638222934
0.0003277211638006448
0.0003277211637887437
0.0003277211638228009
0.0003277211637990134
0.0003277211637899101
0.0003277211638204829
0.0003277211637997923
0.0003277211637872345
0.0003277211638222366
0.000327721163794925
0.0003277211637907205
0.0003277211638198014
0.0003277211638006751
0.000327721163790094
0.0003277211638235525
0.0003277211637960459
0.0003277211637910363
0.0003277211638165799
0.0003277211638046135
0.0003277211637983677
0.0003277211638263451
0.0003277211637957908
0.0003277211637783232
0.0003277211638009715
0.0003277211637973331
0.0003277211637776655
0.0003277211638008229
0.0003277211638047532
0.0003277211638114235
0.000327721163780211
0.0003277211637973193
0.0003277211638132378
0.0003277211638137969
0.0003277211637690084
0.00032772116381213
0.0003277211638237072
0.0003277211638402676
0.0003277211638291143
0.0003277211638442166
0.0003277211638291869
0.0003277211638344197
0.0003277211638154813
0.00049561718381624
0.0004956171838162332
0.000495617183816204
0.0004956171838161802
0.0004956171838161592
0.0004956171838164017
0.0004956171838162808
0.0004956171838161976
0.000495617183816432
0.0004956171838162813
0.0004956171838163667
0.0004956171838162008
0.0004956171838162626
0.0004956171838163927
0.0004956171838162487
0.0004956171838162534
0.0004956171838163884
0.0004956171838163479
0.0004956171838162918
0.0004956171838164251
0.0004956171838162831
0.0004956171838162542
0.0004956171838163461
0.0004956171838162696
0.0004956171838162902
0.0004956171838162364
0.000495617183816408
0.0004956171838163102
0.0004956171838163768
0.000495617183816529
0.0004956171838163491
0.000495617183816277
0.0004956171838164402
0.0004956171838162275
0.0004956171838163899
0.0004956171838168103
0.0004956171838166337
0.000495617183816418
0.0004956171838159509
0.0004956171838168786
0.0004956171838162774
0.0004956171838146824
0.0004956171838160564
0.0004956171838168957
0.0004956171838163795
0.0004956171838148873
0.0004956171838159252
0.0004956171838190089
0.0004956171838172163
0.000495617183814476
0.0004956171838154128
0.0004956171838161642
0.000495617183816358
0.0004956171838163074
0.0004956171838163966
0.0004956171838162918
0.0004956171838163928
0.0004956171838164169
)
;

boundaryField
{
    inlet
    {
        type            cyclic;
    }
    outlet
    {
        type            cyclic;
    }
    bottomWall
    {
        type            fixedValue;
        value           uniform 0.0015;
    }
    topWall
    {
        type            fixedValue;
        value           uniform 0.0015;
    }
    left
    {
        type            cyclic;
    }
    right
    {
        type            cyclic;
    }
}


// ************************************************************************* //
