/*--------------------------------*- C++ -*----------------------------------*\
| =========                 |                                                 |
| \\      /  F ield         | OpenFOAM: The Open Source CFD Toolbox           |
|  \\    /   O peration     | Version:  v1812                                 |
|   \\  /    A nd           | Web:      www.OpenFOAM.com                      |
|    \\/     M anipulation  |                                                 |
\*---------------------------------------------------------------------------*/
FoamFile
{
    version     2.0;
    format      ascii;
    class       volScalarField;
    location    "10000";
    object      nut;
}
// * * * * * * * * * * * * * * * * * * * * * * * * * * * * * * * * * * * * * //

dimensions      [0 2 -1 0 0 0 0];


internalField   nonuniform List<scalar> 
3132
(
5.721367420654606e-06
5.721362225391123e-06
5.721364201894125e-06
5.721363183152097e-06
5.72136373314418e-06
5.721363433257625e-06
5.721363697472004e-06
5.721363352215335e-06
5.721363699172757e-06
5.721363292075039e-06
5.721363619566735e-06
5.721363452597833e-06
5.721363488557565e-06
5.721363650441218e-06
5.721363413598884e-06
5.72136355115591e-06
5.721363651612644e-06
5.721363381264748e-06
5.721363583542898e-06
5.721363483098919e-06
5.721363496719076e-06
5.721363531993475e-06
5.72136345160267e-06
5.721363562567852e-06
5.721363500817755e-06
5.72136355175193e-06
5.721363432927402e-06
5.721363755309409e-06
5.721363196596389e-06
5.721363926710197e-06
5.721363543948482e-06
5.721363623779076e-06
5.721363806115076e-06
5.721363385458969e-06
5.721363912313885e-06
5.72136326715632e-06
5.721363581234494e-06
5.721363362537236e-06
5.721363533786677e-06
5.721363556930755e-06
5.721363291237762e-06
5.721363698906028e-06
5.72136328519115e-06
5.72136363419801e-06
5.721363049811138e-06
5.721363764370564e-06
5.721363419652131e-06
5.721363673287695e-06
5.721363639407392e-06
5.721363565418393e-06
5.721363654450074e-06
5.721363599156822e-06
5.721363670393768e-06
5.721363765013566e-06
5.72136368790051e-06
5.721363908066543e-06
5.721364048538117e-06
5.721364559045404e-06
9.322324698819243e-07
9.322385591490946e-07
9.322332596595497e-07
9.3223589217846e-07
9.322346551914982e-07
9.322349771244559e-07
9.322350185941649e-07
9.322345260205268e-07
9.322347971440129e-07
9.322338108431927e-07
9.322340227655476e-07
9.322339042263458e-07
9.322334667059545e-07
9.322343162185033e-07
9.322333815094344e-07
9.322337583097723e-07
9.322334888799764e-07
9.322329313280339e-07
9.322326920807836e-07
9.322330314579977e-07
9.322322791100491e-07
9.322329754007759e-07
9.322323129106356e-07
9.322327989144269e-07
9.322327471174876e-07
9.322328457252357e-07
9.32232917687665e-07
9.322332784582121e-07
9.322333032524385e-07
9.322338421402559e-07
9.32234551223349e-07
9.322334718331736e-07
9.322344251195589e-07
9.322332438624278e-07
9.322333583291865e-07
9.322330658654299e-07
9.322320886547323e-07
9.322328823518277e-07
9.322319331697874e-07
9.322329121980063e-07
9.32232122673077e-07
9.32232936280872e-07
9.322327005514519e-07
9.322329273903133e-07
9.322329123754295e-07
9.322330371393103e-07
9.322335766105299e-07
9.322332835253395e-07
9.322337993017664e-07
9.32233501479375e-07
9.322339098796875e-07
9.3223381609924e-07
9.322340277426943e-07
9.322336154189776e-07
9.322328626314193e-07
9.322320120439549e-07
9.322303200756797e-07
9.322297531833494e-07
2.054617088382927e-06
2.054644985141677e-06
2.054607905778268e-06
2.054631316467229e-06
2.054618623028317e-06
2.054623924928969e-06
2.054621906253815e-06
2.054620993138189e-06
2.054621060649146e-06
2.054617078239031e-06
2.054616884304629e-06
2.054617838520087e-06
2.054614492832981e-06
2.054618990623634e-06
2.054614001442231e-06
2.05461569656699e-06
2.054612840454983e-06
2.054612894144198e-06
2.054610032648753e-06
2.054612493946504e-06
2.054608326463217e-06
2.054611834075349e-06
2.054608473860509e-06
2.054610082148614e-06
2.054610502828993e-06
2.054610596512524e-06
2.054611783452099e-06
2.054611867873158e-06
2.054615106429119e-06
2.054614365689376e-06
2.054619812466359e-06
2.054614799363136e-06
2.054616770275879e-06
2.054614695873697e-06
2.054611203797087e-06
2.054614354235275e-06
2.054606616972789e-06
2.054612600755404e-06
2.054606825277624e-06
2.054611738700877e-06
2.054609269276079e-06
2.054610368512441e-06
2.05461192703041e-06
2.05461065055142e-06
2.054614004593051e-06
2.054611538272353e-06
2.054616240712468e-06
2.054614281569829e-06
2.054616116426399e-06
2.054615327531628e-06
2.054616965476547e-06
2.054616276669748e-06
2.054616765186119e-06
2.054612326141835e-06
2.0546081289924e-06
2.054602552636594e-06
2.054594550127814e-06
2.054593186994198e-06
5.373086280061144e-06
5.373073277746754e-06
5.373038203095174e-06
5.373070171368169e-06
5.373046485168057e-06
5.373054719130764e-06
5.373050062589008e-06
5.373047726913394e-06
5.373045449545972e-06
5.373043748866468e-06
5.373040929428489e-06
5.373045131085144e-06
5.37304056176735e-06
5.373044179914776e-06
5.373042771709614e-06
5.373036214819279e-06
5.37303362857128e-06
5.373036274382966e-06
5.37303156572853e-06
5.373032191874775e-06
5.37303514071149e-06
5.373030819952834e-06
5.373032943532645e-06
5.373030339688386e-06
5.373030806967959e-06
5.373034118019984e-06
5.373034369262551e-06
5.373034626999003e-06
5.373044913636891e-06
5.373041980509292e-06
5.373047597307062e-06
5.373049401008409e-06
5.373035956896101e-06
5.373047933332972e-06
5.373030445184541e-06
5.373042375791743e-06
5.373031451264665e-06
5.373036557564181e-06
5.373034415091869e-06
5.37303105944441e-06
5.373042267274667e-06
5.373030185611636e-06
5.373042069813906e-06
5.373034962274361e-06
5.373043862492298e-06
5.373041440794727e-06
5.373045695446278e-06
5.373050395787697e-06
5.373045257350941e-06
5.373052397965704e-06
5.373049318550479e-06
5.373048743907734e-06
5.37304950279451e-06
5.373032777727698e-06
5.373025393264082e-06
5.373020301737948e-06
5.373018992786316e-06
5.373031167305381e-06
1.163773640039615e-05
1.163767309162288e-05
1.163764844919528e-05
1.163768449972347e-05
1.163764482672553e-05
1.163765316989599e-05
1.163764178154171e-05
1.163763883534724e-05
1.163763766500675e-05
1.163764555360095e-05
1.163763518880228e-05
1.163764305423002e-05
1.163763855090122e-05
1.163763427308308e-05
1.163764867177464e-05
1.163762665121437e-05
1.163762438569806e-05
1.163762652751037e-05
1.163762371768176e-05
1.163762627786483e-05
1.1637641201209e-05
1.16376251486993e-05
1.163763142014775e-05
1.163762635260947e-05
1.163762795472578e-05
1.163763328989369e-05
1.16376293669584e-05
1.163762987192102e-05
1.163765115719579e-05
1.163764114737995e-05
1.163764416345932e-05
1.16376645280578e-05
1.163761894278557e-05
1.163766224966413e-05
1.163762203201754e-05
1.163764506176341e-05
1.163764299934315e-05
1.16376365561637e-05
1.163764993290753e-05
1.163762387714611e-05
1.163766466953659e-05
1.163762465278822e-05
1.16376557861638e-05
1.163763526820556e-05
1.163765560837334e-05
1.163765392537703e-05
1.163765457535556e-05
1.163767289171525e-05
1.163765216668977e-05
1.163767431634863e-05
1.163766260398159e-05
1.163766188842173e-05
1.163766261518973e-05
1.163762793054023e-05
1.16376239370819e-05
1.163762188291422e-05
1.163762381303704e-05
1.163764973974567e-05
2.167469933028517e-05
2.167461081274008e-05
2.167457029675289e-05
2.167461239783546e-05
2.167456423533533e-05
2.16745539223834e-05
2.167454666444695e-05
2.167454429791128e-05
2.167452958380776e-05
2.16745679372412e-05
2.167453922024042e-05
2.167454576091613e-05
2.167455742533689e-05
2.167452850155217e-05
2.167458157035835e-05
2.167452432560033e-05
2.167452462881961e-05
2.167453186234107e-05
2.167453110303305e-05
2.167453255047396e-05
2.167457286426463e-05
2.167453133680972e-05
2.167456289278706e-05
2.16745316766277e-05
2.167453508296769e-05
2.167454430942039e-05
2.167452971297233e-05
2.167453078644743e-05
2.167457464053611e-05
2.167454307202452e-05
2.167454965945635e-05
2.167460622606506e-05
2.167450446308646e-05
2.167460788442234e-05
2.167452664151162e-05
2.167457079415983e-05
2.167458856239108e-05
2.167455664904205e-05
2.167459644199323e-05
2.167452422134602e-05
2.167461872153363e-05
2.167452563746889e-05
2.167459060621199e-05
2.167456002897251e-05
2.167459331422231e-05
2.167459083126154e-05
2.167458615115294e-05
2.167462568691538e-05
2.167457746854164e-05
2.167462546269595e-05
2.167459720193166e-05
2.16745992738979e-05
2.1674595660764e-05
2.167454290618588e-05
2.167454558813544e-05
2.167454068885851e-05
2.167454941356451e-05
2.167457659115114e-05
3.670686899581188e-05
3.670683350404508e-05
3.670671471800969e-05
3.670678050635566e-05
3.670670881626082e-05
3.670668641024184e-05
3.670667347127409e-05
3.670667404515704e-05
3.670666211880406e-05
3.670674061723166e-05
3.670665918649512e-05
3.670669227087705e-05
3.670670823826305e-05
3.670662947567385e-05
3.670675392347554e-05
3.670663387957611e-05
3.670663994888892e-05
3.670668667648857e-05
3.670665839860881e-05
3.670666418779229e-05
3.670674481572687e-05
3.670665456413543e-05
3.670673649986965e-05
3.670664071777294e-05
3.670666443972065e-05
3.670668276656021e-05
3.670664655930358e-05
3.670665246266079e-05
3.670673191548244e-05
3.670662985736222e-05
3.670665217840159e-05
3.670677824503038e-05
3.670658643479193e-05
3.670679419739851e-05
3.670665362110412e-05
3.670674042400405e-05
3.670678827372247e-05
3.670670837174993e-05
3.670679846506012e-05
3.670664457248191e-05
3.670683207855523e-05
3.670664532589146e-05
3.670677871292986e-05
3.670670692746896e-05
3.670677151196394e-05
3.670676034589589e-05
3.670674928860733e-05
3.670681991730105e-05
3.670672384966894e-05
3.670681545803065e-05
3.670675273711459e-05
3.670677469370466e-05
3.670673894275627e-05
3.670667463022041e-05
3.670668108856501e-05
3.670667043480785e-05
3.670671005118985e-05
3.670672959335174e-05
5.970757101089528e-05
5.97075967992768e-05
5.97073855455826e-05
5.970751167683625e-05
5.970734688015228e-05
5.970733338734872e-05
5.970728722775067e-05
5.970731542001219e-05
5.970729128434583e-05
5.970742250194642e-05
5.970727066387074e-05
5.970732096073278e-05
5.970735235488587e-05
5.970721040848109e-05
5.970742001017539e-05
5.970721668680324e-05
5.970722333209499e-05
5.970733430217158e-05
5.970726513640142e-05
5.970726681856995e-05
5.970739575688379e-05
5.970724349903943e-05
5.970736600056898e-05
5.970721513751336e-05
5.970723978693497e-05
5.970726069891958e-05
5.970722353655276e-05
5.97072216808458e-05
5.970736268660642e-05
5.97071876808644e-05
5.970722898721387e-05
5.97074358206124e-05
5.970715784676218e-05
5.970748122790145e-05
5.970727004907737e-05
5.970741284014237e-05
5.970747607899985e-05
5.970733833299164e-05
5.970747112801941e-05
5.970723965834983e-05
5.970752495361109e-05
5.970724571903135e-05
5.970745499886287e-05
5.970735519060169e-05
5.970746023761897e-05
5.970740041288986e-05
5.970739910636972e-05
5.970748919185815e-05
5.970735377250564e-05
5.970748342594957e-05
5.970738492407761e-05
5.970744446588624e-05
5.970733333311438e-05
5.970728725161026e-05
5.970728253534135e-05
5.970728632587984e-05
5.97073648821867e-05
5.970742154086332e-05
0.0001037346117419201
0.000103734330787962
0.0001037342643399704
0.0001037342904568319
0.0001037340672952867
0.000103734021954411
0.0001037339641178561
0.0001037339571862139
0.0001037339735231739
0.0001037339911792499
0.0001037338929184198
0.0001037339122035244
0.0001037338404134119
0.000103733830693533
0.0001037338905691236
0.0001037337261791282
0.0001037337561536341
0.0001037338088204629
0.0001037337509190424
0.000103733761736421
0.0001037338130971426
0.0001037337084823283
0.0001037337367822855
0.0001037335922246891
0.0001037336132234478
0.0001037335921975203
0.0001037335847617067
0.0001037336416760405
0.0001037336827382826
0.0001037336324099431
0.0001037337335009356
0.0001037338642062724
0.0001037337886707814
0.0001037340138940562
0.0001037339270832335
0.0001037340233411089
0.000103733999836183
0.0001037338824187686
0.0001037339204030029
0.0001037338419163106
0.0001037339665385915
0.000103733853422646
0.0001037339716189811
0.0001037339462571491
0.0001037339008721569
0.0001037338762259208
0.0001037338969493794
0.0001037339479089729
0.0001037338865911482
0.0001037339516285438
0.0001037338929765473
0.0001037339092003443
0.0001037337929301325
0.0001037337944373201
0.0001037338081447761
0.0001037339178016294
0.0001037341349113037
0.0001037343471707019
0.0001868063090494345
0.0001868057889339407
0.0001868057570505267
0.0001868056514510571
0.0001868053302518506
0.0001868052552762625
0.00018680519410219
0.0001868051689371474
0.0001868052092129747
0.0001868050819830409
0.000186804978685665
0.0001868049502070145
0.0001868048264127508
0.0001868048655439685
0.0001868048171913683
0.0001868046365610407
0.000186804721435994
0.0001868046875309904
0.0001868046215075767
0.000186804654310837
0.0001868046166414
0.0001868044903849104
0.0001868044282695178
0.0001868042542350909
0.0001868042699582515
0.0001868042585531425
0.0001868042614571418
0.0001868044182913015
0.0001868044046899651
0.0001868044571992443
0.0001868047195513516
0.0001868048225478616
0.0001868048425122082
0.0001868051033890065
0.000186805053225217
0.0001868051685125762
0.0001868049458567762
0.0001868048272987679
0.0001868048162700663
0.0001868048001274823
0.0001868048692688815
0.0001868048406386737
0.000186804964697044
0.0001868049358148643
0.0001868047906426838
0.0001868048050232837
0.0001868048091887469
0.0001868048544789714
0.0001868048315752458
0.0001868048772830859
0.0001868048192428118
0.0001868047990305982
0.0001868047042200027
0.0001868047191634807
0.0001868048462582952
0.0001868051440625543
0.0001868055765689621
0.0001868059749690936
0.0003404914006936837
0.0003404905938147604
0.0003404905337471211
0.000340490244729826
0.0003404898140385498
0.0003404897069929341
0.0003404896289052949
0.0003404896033946342
0.0003404896172842812
0.0003404892897233185
0.0003404891094634541
0.0003404890527617771
0.0003404888201739737
0.0003404889050786514
0.0003404887165132993
0.0003404885252815922
0.0003404887069072591
0.0003404885224802158
0.0003404884380277167
0.0003404885101877741
0.0003404882653656649
0.0003404880702579069
0.0003404879400487481
0.0003404877113193164
0.0003404877427712943
0.0003404877231663521
0.0003404877533554391
0.0003404880104699514
0.0003404879327757955
0.000340488148341666
0.0003404887025704509
0.0003404887337745126
0.0003404889643825283
0.0003404893054771974
0.0003404892846010521
0.0003404893863566214
0.0003404889089382011
0.0003404887689813319
0.000340488737335256
0.0003404887655365233
0.000340488783679896
0.0003404888014714491
0.0003404889458758049
0.000340488855310819
0.0003404886200522034
0.0003404886497474682
0.000340488688567144
0.0003404887363418112
0.0003404887367147311
0.0003404887870276886
0.0003404886833697774
0.0003404886378213711
0.0003404885664400162
0.0003404886531564942
0.0003404890219116024
0.000340489640866865
0.0003404903607509551
0.0003404909597861313
0.0006165972946766907
0.0006165961608873231
0.0006165960968273357
0.0006165954789228605
0.0006165949805273569
0.0006165948227916791
0.000616594716387821
0.0006165946345740484
0.0006165945694064767
0.0006165939684299403
0.0006165936514925526
0.0006165935606080746
0.0006165931851738173
0.0006165932995821418
0.0006165929567842994
0.0006165927359910976
0.0006165929855702292
0.000616592625014521
0.00061659250476116
0.0006165925733800248
0.0006165920783927405
0.0006165917977050073
0.0006165915750176664
0.0006165912733031643
0.00061659135320664
0.0006165913463499515
0.0006165914138177795
0.0006165918275373806
0.0006165917751077484
0.0006165922682058485
0.0006165931971063439
0.0006165931635933362
0.0006165936599869849
0.0006165940259088043
0.0006165939506012443
0.0006165939740646604
0.0006165931952337602
0.0006165930399704999
0.0006165929785375084
0.0006165930564602544
0.0006165930032970484
0.0006165930957040426
0.0006165932448672203
0.0006165930910844302
0.0006165927942541709
0.0006165928621347473
0.0006165929605851493
0.0006165929994274349
0.0006165930094187708
0.0006165930803111062
0.0006165929469860758
0.0006165929144242317
0.0006165928939735994
0.0006165931662099859
0.0006165939210252851
0.0006165949443586449
0.0006165960043764575
0.0006165967873815434
0.001079331582001728
0.001079330165946093
0.001079330072049753
0.001079329120819129
0.001079328681899093
0.001079328437268438
0.001079328296837454
0.001079328053290303
0.001079327857771596
0.001079326881929356
0.001079326404182262
0.001079326242482307
0.001079325705172525
0.001079325846074118
0.001079325333213489
0.001079325108884741
0.001079325385364386
0.001079324815728164
0.001079324635142211
0.001079324638003744
0.001079323837633553
0.00107932352129647
0.001079323188273745
0.001079322857273839
0.001079322990323074
0.001079323000357014
0.001079323088733739
0.001079323673551408
0.001079323665589268
0.001079324519320397
0.001079325808371556
0.0010793257761971
0.001079326614571915
0.001079326940838826
0.001079326788578143
0.00107932669757456
0.001079325650221175
0.001079325518876802
0.00107932540858231
0.001079325489068364
0.001079325372317419
0.001079325530259599
0.001079325610800089
0.001079325407779948
0.001079325070427173
0.001079325203766967
0.001079325390618616
0.001079325415272512
0.001079325501460805
0.001079325571531291
0.001079325449965574
0.001079325450975694
0.001079325507829473
0.001079326078433447
0.001079327340085433
0.001079328744054277
0.001079330090673844
0.001079330988444535
0.001767838555753371
0.001767837058743127
0.001767836908476123
0.00176783582093796
0.001767835466248325
0.001767835101311288
0.001767834902888427
0.00176783442787932
0.001767834070316149
0.001767832765786658
0.001767832128754552
0.00176783184066071
0.001767831221797998
0.001767831326608537
0.001767830677178474
0.001767830458223835
0.001767830674136558
0.001767829909614466
0.001767829657702485
0.001767829535631396
0.001767828551145254
0.001767828225231929
0.001767827820065151
0.001767827507964388
0.00176782766726884
0.001767827690253198
0.001767827799960717
0.001767828553692973
0.00176782866548834
0.001767829835648444
0.001767831411958182
0.001767831483345894
0.001767832510564474
0.001767832777373633
0.001767832473585521
0.001767832251580285
0.001767831121227086
0.001767830979534169
0.001767830811336162
0.001767830833310534
0.001767830679707706
0.001767830832010255
0.0017678308680949
0.001767830688538255
0.001767830371709447
0.001767830612859687
0.001767830883956617
0.00176783096334179
0.001767831097322595
0.001767831168075071
0.001767831111525266
0.001767831153509823
0.001767831368007028
0.00176783223958537
0.001767833930207534
0.001767835534352869
0.001767837019365687
0.001767837941966878
0.002664651870187851
0.002664650508765483
0.002664650363951506
0.002664649399709161
0.002664649117151781
0.002664648621469104
0.002664648370095516
0.002664647626953879
0.002664647121849853
0.002664645533294838
0.002664644818854615
0.002664644320492706
0.002664643693914493
0.002664643690342344
0.002664642955727619
0.002664642726870666
0.00266464281617459
0.002664641909458984
0.002664641565563595
0.002664641326454316
0.002664640292785817
0.002664640007887912
0.002664639575832267
0.002664639357957523
0.002664639508393721
0.002664639565969542
0.002664639656769026
0.002664640489553451
0.002664640677912155
0.002664642077953028
0.002664643778929491
0.002664643934190516
0.002664645110056181
0.002664645316906656
0.002664644917403418
0.002664644636200782
0.002664643558502358
0.002664643393870446
0.002664643160870719
0.002664643134661056
0.00266464298132302
0.002664643075271849
0.002664643081809089
0.002664642945175386
0.002664642701068992
0.002664643043566727
0.0026646434011911
0.002664643575141732
0.002664643738698585
0.002664643846834497
0.00266464384751202
0.002664643953388796
0.002664644290127445
0.0026646453792246
0.002664647306236769
0.002664648883650573
0.002664650378999107
0.002664651243384063
0.003717196807907182
0.003717195713328437
0.003717195583307102
0.003717194882913299
0.003717194617521282
0.003717194005425602
0.003717193706871593
0.003717192670721439
0.003717192034550518
0.003717190208517344
0.003717189535342392
0.003717188740885939
0.003717188150550364
0.003717187998712158
0.003717187229633164
0.003717186873468818
0.00371718676195684
0.003717185802246438
0.003717185324808075
0.003717184994887129
0.003717184048179662
0.003717183805156872
0.003717183434621333
0.003717183322645558
0.003717183423352519
0.003717183531831537
0.00371718357154884
0.003717184392895596
0.003717184600215937
0.003717186167824576
0.003717187922481192
0.00371718819559418
0.003717189476499838
0.003717189643466162
0.003717189207018241
0.003717188913680376
0.003717187957660168
0.003717187772843829
0.003717187428026485
0.003717187358880642
0.003717187247233824
0.00371718726138432
0.00371718724839079
0.003717187172246655
0.003717187007395545
0.003717187492357177
0.003717187926514512
0.003717188212698527
0.00371718843324042
0.003717188585979424
0.003717188602709971
0.003717188818108901
0.003717189217050394
0.003717190433706915
0.003717192437381202
0.003717193891493868
0.003717195365343204
0.003717196122473153
0.004895015185450048
0.004895014293674627
0.004895014143200481
0.004895013847363033
0.004895013659364152
0.004895012841697628
0.00489501264534731
0.004895011115782226
0.004895010461519521
0.004895008369931775
0.004895007839923541
0.004895006588135607
0.004895006061534563
0.004895005690200458
0.004895004932319333
0.00489500425494554
0.004895004069204372
0.004895002917720231
0.004895002313572998
0.004895001953626165
0.004895001064531424
0.004895000976691028
0.004895000710778508
0.004895000682712557
0.004895000730177717
0.004895000948903855
0.004895000824633215
0.004895001665536291
0.004895001726360653
0.004895003553752876
0.00489500532354809
0.004895005657272382
0.004895007145708182
0.004895007225407484
0.004895006813561867
0.004895006536357745
0.004895005667885799
0.004895005575901644
0.004895005022865629
0.004895004974385998
0.004895004906856904
0.004895004888913367
0.004895004812959129
0.004895004903233065
0.004895004703242305
0.004895005434583312
0.004895005924559103
0.004895006341400956
0.004895006644616482
0.004895006817151291
0.004895006914541365
0.004895007266732912
0.004895007605326011
0.004895008987161489
0.004895010965812538
0.004895012237679941
0.00489501377108012
0.004895014281793664
0.006167054713160207
0.006167054197806617
0.006167054252383701
0.00616705411065411
0.006167054091050725
0.006167052989102164
0.006167052681504863
0.00616705094435998
0.00616705020622978
0.006167048133884081
0.006167047451503919
0.006167046078867726
0.006167045330666836
0.006167044740921905
0.006167043818245457
0.00616704276976981
0.006167042352133076
0.006167040987904749
0.006167040147928377
0.006167039652285555
0.006167038875653248
0.006167038753379261
0.006167038521510047
0.006167038488323417
0.006167038629647037
0.006167038871734387
0.006167038704510144
0.006167039405881348
0.006167039521944696
0.006167041248410621
0.006167043259581715
0.006167043834741493
0.006167045552233347
0.006167045783563756
0.006167045601490229
0.006167045316733423
0.006167044449169158
0.006167044197967192
0.006167043512580554
0.006167043457754402
0.006167043377702327
0.006167043197218675
0.0061670432053601
0.006167043391224235
0.006167043236628556
0.006167043888065843
0.006167044412190955
0.006167044989084657
0.00616704537250587
0.006167045644419084
0.006167045873026336
0.006167046128257809
0.006167046503408411
0.006167047977265271
0.006167049831483155
0.006167051351436735
0.006167053095532933
0.006167053635678607
0.007409298442477886
0.007409298195338082
0.00740929876189398
0.007409298701000347
0.007409298791415298
0.007409297506975402
0.007409296959540745
0.007409295183423017
0.007409294340557785
0.007409292409276644
0.007409291552841561
0.007409290259406971
0.007409289043885177
0.007409288301928296
0.007409286943622286
0.007409285673948542
0.00740928472477474
0.007409283065184592
0.007409281858293986
0.00740928104614392
0.0074092804556686
0.007409280084331099
0.007409279772786694
0.007409279846732788
0.007409279859709846
0.007409280222847658
0.007409280151835585
0.007409280430017607
0.007409280829475033
0.007409282354153781
0.007409284559906185
0.007409285707646998
0.007409287498813298
0.007409288220538709
0.007409288225856057
0.00740928825154511
0.007409287321622976
0.007409286524173352
0.007409285834115704
0.007409285821165919
0.007409285298830386
0.007409285264256136
0.007409285291598609
0.007409285449088226
0.007409285417964164
0.007409285689998088
0.007409286121439082
0.007409286780998401
0.007409287309238076
0.007409287558682994
0.00740928819912698
0.00740928834928596
0.007409288712537717
0.007409290196397572
0.007409291918847235
0.007409294016234779
0.007409295979845447
0.007409297107196305
0.008562624428430385
0.008562624512903984
0.00856262561073878
0.008562625199451121
0.008562625692171259
0.008562624527088284
0.008562623796159538
0.008562622038771566
0.008562621027914389
0.008562619314976075
0.008562618350491494
0.00856261708628935
0.008562615482624039
0.008562614548986498
0.008562612764952507
0.008562611384580863
0.008562609723241212
0.008562607690166646
0.008562606090946534
0.008562604897964709
0.008562604335190072
0.008562603762036623
0.008562603359333978
0.008562603563005401
0.00856260348731556
0.008562603989079065
0.008562603616938419
0.008562603942387526
0.008562604539524413
0.008562605899721973
0.008562608208059666
0.008562609817164717
0.008562611670651905
0.008562612604339465
0.008562613200822831
0.008562613019228872
0.008562612927379993
0.008562611191116374
0.008562610483652304
0.008562610497471422
0.008562609773347957
0.008562609598624989
0.008562609710927481
0.008562609804689033
0.008562609734882782
0.008562610073808577
0.008562610326409934
0.008562610796066803
0.008562611428099137
0.008562611779705152
0.008562612705729576
0.008562612838146478
0.008562613236560105
0.008562614815291508
0.008562616320231704
0.008562619012176175
0.00856262112589491
0.008562622767755199
0.009608658026319305
0.009608658002396729
0.009608659680211623
0.00960865922431387
0.009608659940043411
0.009608659186948343
0.009608658278894873
0.009608656704502687
0.009608655515796238
0.009608654010043264
0.009608653053562151
0.009608651777910584
0.009608649964482597
0.009608648795685201
0.009608646663790639
0.009608645165203279
0.009608642785764225
0.009608640321910394
0.009608638348336687
0.009608636652482488
0.009608635915719232
0.009608635574685538
0.009608634931892337
0.00960863497271917
0.009608635088560118
0.009608635353427384
0.009608634910159921
0.009608635354243809
0.009608636014363015
0.009608637341353877
0.009608639700828826
0.009608641653701408
0.009608643525922183
0.009608644780353984
0.009608645640092096
0.009608645729832756
0.009608645735263762
0.00960864386104864
0.009608643395391005
0.009608642616603547
0.009608641938395496
0.009608641900098937
0.009608641919850678
0.0096086419734321
0.009608641532536693
0.009608642077001359
0.009608642259212374
0.009608642528043625
0.009608643268714858
0.009608643750146719
0.009608644866748506
0.009608645089598472
0.009608645596942819
0.009608647446667893
0.009608648618348268
0.009608651745230059
0.009608653971482415
0.009608656011867299
0.01054273232749924
0.01054273281304261
0.01054273453093164
0.01054273440576776
0.01054273504990808
0.01054273464675348
0.01054273400581796
0.01054273279712115
0.01054273129172885
0.01054273001505768
0.01054272916568785
0.01054272786583253
0.01054272606180287
0.01054272464180385
0.01054272223869923
0.0105427206280635
0.01054271756141899
0.01054271461999026
0.01054271224138072
0.0105427099920388
0.01054270900938904
0.01054270831926323
0.01054270820553814
0.0105427080690134
0.01054270786636302
0.01054270829386374
0.0105427081877874
0.01054270826535434
0.010542709099668
0.01054271031899041
0.0105427127090102
0.01054271491803009
0.01054271676896548
0.01054271837634463
0.01054271889457519
0.01054271999935638
0.01054271925839484
0.01054271847344448
0.0105427172255752
0.010542716222747
0.01054271577162508
0.01054271569567707
0.01054271547141578
0.01054271521073673
0.01054271471655802
0.01054271528285643
0.01054271551317525
0.01054271566693079
0.01054271646330403
0.01054271708042242
0.01054271836563147
0.01054271858731189
0.01054271927061664
0.01054272111187414
0.01054272266082613
0.01054272586254858
0.01054272824659
0.01054273051774974
0.01136486783828438
0.01136486876647512
0.01136487058555431
0.01136487059145872
0.01136487129343415
0.01136487078822289
0.0113648705357514
0.01136486990796256
0.01136486837616794
0.01136486729634402
0.01136486662765357
0.01136486528381606
0.01136486369775546
0.01136486209115981
0.01136485948194268
0.01136485777378839
0.0113648540734087
0.01136485061286149
0.01136484779629689
0.0113648449542144
0.01136484388616567
0.01136484267070086
0.0113648428819125
0.01136484226957174
0.0113648425232534
0.01136484307972705
0.01136484267085288
0.01136484292831115
0.01136484384319903
0.01136484498305237
0.01136484727360607
0.01136484970795116
0.01136485150173406
0.01136485316541896
0.01136485382630195
0.01136485505002603
0.01136485444209501
0.01136485430044386
0.01136485282913587
0.0113648517930955
0.01136485096491602
0.01136485114117667
0.01136485006174994
0.01136484990097227
0.01136484938898456
0.01136484960614696
0.01136484992662916
0.01136485041180124
0.01136485099235874
0.01136485170130235
0.01136485319907588
0.01136485351028694
0.01136485434687627
0.01136485614233458
0.01136485841172007
0.01136486147082092
0.01136486406862111
0.01136486650154939
0.01207640221113186
0.01207640340593187
0.01207640525668092
0.01207640554862998
0.01207640608622132
0.01207640545514842
0.01207640596682956
0.01207640499507711
0.01207640416101276
0.01207640345577597
0.01207640292136879
0.01207640148938543
0.01207640031062843
0.0120763986488661
0.01207639591037103
0.01207639410357344
0.01207638984411013
0.01207638582087634
0.01207638254388259
0.01207637907082696
0.01207637794019032
0.01207637639955658
0.01207637617874065
0.01207637614997475
0.01207637590407714
0.01207637615056432
0.01207637664024429
0.01207637696531
0.01207637770274549
0.01207637908038259
0.01207638096987922
0.01207638361709303
0.01207638536527629
0.01207638691850517
0.01207638777157316
0.01207638909961371
0.01207638850266983
0.01207638860399929
0.0120763875906974
0.01207638663940648
0.01207638571379782
0.01207638530711901
0.01207638373210977
0.01207638335424857
0.01207638318841072
0.01207638309056502
0.01207638321743259
0.01207638440317659
0.01207638463135159
0.01207638529980314
0.01207638703301229
0.01207638713630689
0.0120763885907742
0.01207639047731112
0.01207639324921097
0.01207639618109772
0.01207639899238106
0.01207640180964508
0.01267846276368994
0.01267846391363915
0.01267846577876852
0.0126784660956587
0.01267846647517414
0.01267846586599576
0.01267846654218996
0.01267846586828919
0.01267846532540598
0.01267846520368983
0.01267846537333424
0.01267846353827539
0.01267846285545608
0.01267846137338442
0.0126784585426181
0.0126784566590604
0.01267845194716768
0.01267844732516059
0.01267844359321599
0.01267843953570055
0.01267843801105006
0.01267843617768983
0.01267843587270653
0.01267843586504708
0.01267843595386393
0.01267843581095649
0.01267843684288912
0.01267843673543163
0.01267843783558262
0.01267843989964412
0.0126784409555686
0.01267844378257495
0.01267844559501672
0.01267844670759328
0.01267844777793311
0.01267844917358392
0.01267844870849941
0.01267844912358231
0.01267844792671325
0.0126784472595115
0.01267844676611573
0.01267844617677064
0.01267844386676795
0.01267844330714191
0.01267844287638358
0.01267844260274038
0.01267844276234585
0.01267844371579741
0.01267844431703356
0.01267844493621256
0.01267844649082376
0.01267844685973551
0.01267844907983042
0.01267845112862682
0.01267845426821409
0.01267845705948457
0.01267845984845492
0.01267846260810574
0.01317114621383598
0.01317114704690994
0.01317114884636606
0.01317114898256835
0.01317114908443882
0.0131711490180827
0.01317114945050111
0.0131711488890629
0.01317114905864604
0.01317114887923346
0.01317114941010575
0.01317114820136402
0.01317114776473804
0.01317114683579879
0.01317114393967015
0.01317114206115162
0.01317113701146912
0.01317113176818276
0.01317112761742735
0.01317112297590477
0.01317112055051631
0.01317111891888976
0.0131711188074213
0.01317111824671244
0.01317111879886612
0.01317111854415558
0.01317111953221024
0.01317111984489086
0.01317112095307933
0.01317112329658076
0.01317112401325203
0.01317112680894755
0.01317112905740637
0.01317112927506928
0.01317113045071519
0.0131711319357463
0.01317113157089363
0.01317113182789155
0.01317113116224633
0.01317113102556425
0.01317113055674185
0.01317113064736801
0.01317112734347769
0.01317112655283424
0.01317112501456832
0.01317112498888927
0.01317112494285705
0.0131711256793551
0.01317112630030443
0.01317112750538066
0.01317112825677559
0.01317112965842711
0.0131711323641416
0.01317113471931126
0.01317113819515212
0.01317114081792185
0.01317114343253767
0.01317114610120671
0.01355303680573844
0.01355303712153408
0.0135530386383659
0.013553038536976
0.0135530385021566
0.01355303862695523
0.01355303842178087
0.01355303858425334
0.01355303904109375
0.01355303884091582
0.01355303956086778
0.01355303906691428
0.01355303898664848
0.01355303903181064
0.0135530360536444
0.01355303438220887
0.01355302910292579
0.0135530232743471
0.01355301873639273
0.01355301333880856
0.01355301026705544
0.01355300861843304
0.01355300828868337
0.01355300803199667
0.01355300845607276
0.01355300840995435
0.01355300964179186
0.01355300968221336
0.01355301125784133
0.01355301379685665
0.01355301409718006
0.0135530167562915
0.01355301870447461
0.013553019272554
0.01355301987041675
0.01355302145401839
0.01355302137857651
0.01355302163391691
0.01355302145226953
0.01355302158947888
0.01355302145742572
0.01355302164725206
0.01355301831453578
0.01355301621692227
0.01355301439818285
0.0135530143646415
0.01355301398548082
0.01355301451663359
0.01355301523769136
0.01355301671872755
0.01355301685315764
0.01355301936052767
0.01355302254481329
0.01355302536951958
0.01355302923143499
0.01355303166396782
0.01355303398106657
0.01355303646259554
0.01382085234498913
0.01382085189865183
0.01382085282497473
0.01382085224638783
0.01382085162181494
0.01382085213935154
0.01382085207442134
0.01382085213244927
0.01382085294951906
0.01382085293948712
0.01382085409763528
0.01382085326401363
0.01382085361760227
0.0138208544644782
0.01382085237623129
0.0138208510675494
0.01382084560934729
0.01382083932946772
0.01382083444011523
0.013820828192931
0.01382082434694206
0.01382082284305301
0.01382082257574128
0.01382082188483937
0.01382082249815648
0.01382082280870823
0.01382082387447681
0.01382082454237646
0.01382082620828478
0.01382082866058872
0.01382082879474824
0.01382083126882614
0.01382083287455207
0.01382083344840374
0.01382083364559498
0.0138208352608635
0.01382083547260248
0.01382083616209666
0.01382083580039872
0.01382083663028497
0.01382083661054269
0.01382083694903242
0.01382083419649382
0.01382083108909022
0.01382082852806005
0.01382082792067407
0.01382082764663081
0.01382082772815162
0.01382082828998854
0.01382083000888239
0.0138208301283891
0.0138208333187162
0.01382083709289689
0.01382084057159719
0.01382084491755449
0.01382084718506666
0.01382084916775347
0.01382085062516857
0.01397391246511272
0.01397391167055024
0.01397391178852347
0.01397391020089861
0.01397390979151865
0.01397391010122512
0.01397391019624768
0.01397391033965186
0.01397391147384526
0.01397391122876576
0.01397391278291002
0.01397391222701445
0.01397391263703489
0.01397391376535831
0.01397391308975963
0.01397391265173589
0.01397390672188284
0.01397390032945828
0.01397389514435769
0.01397388796504287
0.01397388339672965
0.01397388222975422
0.01397388116821734
0.01397388127255694
0.01397388194630428
0.01397388208371255
0.01397388335284879
0.01397388419580983
0.01397388635567286
0.01397388863788623
0.01397388871670208
0.01397389086653691
0.01397389186684267
0.01397389236814076
0.01397389222598062
0.01397389363109546
0.01397389392103081
0.01397389500783143
0.01397389542539605
0.01397389665562078
0.0139738966112837
0.01397389712423586
0.01397389527428481
0.0139738914431207
0.01397388823695148
0.01397388693854413
0.01397388571001123
0.01397388555771254
0.01397388615723397
0.01397388783925178
0.01397388817698345
0.01397389187320342
0.01397389634659739
0.01397390069700058
0.01397390568847078
0.01397390788953448
0.01397390989309823
0.01397391043354742
0.01401373971984182
0.01401373861649203
0.01401373733477953
0.01401373517656188
0.014013734700902
0.01401373485837555
0.014013734478913
0.01401373520438883
0.01401373625876862
0.01401373620200407
0.01401373813632893
0.01401373749046399
0.01401373823050548
0.0140137398459438
0.01401373983383735
0.01401374003745039
0.01401373430324305
0.01401372824002284
0.01401372282682937
0.01401371463701574
0.01401370959370839
0.01401370821672018
0.01401370713992482
0.01401370750255496
0.01401370765917349
0.0140137085031095
0.01401370981140594
0.01401371142464227
0.01401371363409819
0.01401371563754407
0.01401371611288882
0.01401371777180401
0.01401371786641104
0.01401371774806338
0.01401371764786189
0.01401371831845593
0.01401371883869938
0.01401372069444735
0.01401372145920632
0.01401372350930432
0.01401372373659329
0.01401372466559447
0.01401372318640139
0.01401371928216167
0.01401371572952809
0.01401371286452605
0.01401371084650538
0.01401371046882812
0.01401371112084458
0.01401371192518329
0.01401371300997919
0.01401371684746541
0.01401372212036719
0.0140137275850661
0.01401373342644312
0.01401373572497453
0.01401373764326172
0.01401373782599601
0.01393950705267196
0.01393950522313442
0.01393950287037101
0.01393949979770572
0.01393949913507718
0.01393949837934771
0.01393949866029504
0.01393949958966966
0.01393950027690929
0.01393950093459859
0.01393950298937374
0.01393950222004465
0.013939503237519
0.01393950545766144
0.01393950539249943
0.01393950629955773
0.01393950095625586
0.01393949578127864
0.01393949036617115
0.01393948125399019
0.01393947555647976
0.01393947362881863
0.01393947336580384
0.01393947321533072
0.01393947363294168
0.01393947465843861
0.01393947661592066
0.01393947899015624
0.01393948105923561
0.01393948308217867
0.01393948342112306
0.01393948455363372
0.01393948304659478
0.01393948281778388
0.01393948198317693
0.01393948266641742
0.01393948304577729
0.01393948490375335
0.01393948734659773
0.01393949012259859
0.01393949058428487
0.01393949229116783
0.01393949093731406
0.01393948746911646
0.01393948381875156
0.01393947899498196
0.013939476303999
0.01393947549963256
0.01393947549961668
0.01393947602390757
0.01393947739810382
0.01393948099852504
0.01393948703782759
0.01393949384215978
0.01393950083676989
0.01393950364087267
0.01393950499790817
0.01393950543093051
0.01374860856940936
0.01374860613764431
0.01374860298275748
0.01374859907802713
0.01374859740779815
0.01374859654113187
0.01374859679803167
0.01374859779464718
0.01374859861885157
0.01374859981948759
0.01374860177133839
0.01374860094128364
0.01374860199001879
0.013748604547762
0.01374860467773161
0.01374860589522103
0.01374860089027651
0.01374859713089436
0.01374859216472023
0.01374858233492552
0.01374857580789661
0.01374857348101864
0.01374857333322545
0.01374857318072964
0.01374857370724259
0.01374857502021494
0.01374857798579679
0.01374858112926042
0.01374858302130594
0.01374858524786243
0.01374858544534441
0.01374858590978022
0.01374858243695608
0.01374858085490063
0.01374858034959578
0.01374858035442613
0.01374858076218853
0.01374858305173549
0.01374858689206771
0.01374859005694092
0.0137485919206947
0.01374859399372647
0.0137485929856269
0.01374859027122421
0.01374858665802124
0.01374858093702755
0.01374857683193226
0.01374857474041423
0.0137485745886619
0.0137485745144305
0.01374857583628797
0.01374857873456307
0.01374858531708656
0.01374859365037221
0.01374860211045336
0.01374860591744359
0.01374860702326372
0.01374860698575393
0.01343736732548574
0.01343736456515369
0.01343736059032654
0.01343735648681088
0.01343735350167082
0.01343735184472174
0.01343735189386403
0.01343735303395338
0.01343735447359143
0.01343735630466025
0.01343735796298435
0.01343735709182478
0.0134373577002873
0.01343736039368327
0.01343736096510479
0.01343736185279923
0.01343735713695492
0.01343735504065902
0.01343735129623967
0.01343734125143701
0.01343733364552258
0.01343733074987319
0.01343733046522924
0.01343733030966015
0.01343733087764057
0.01343733257432112
0.01343733690333558
0.01343734088225068
0.01343734251202687
0.01343734518419763
0.01343734538014966
0.01343734510750134
0.01343733886630598
0.01343733635039942
0.01343733516168022
0.01343733508511661
0.01343733518632255
0.01343733807205143
0.01343734307209444
0.01343734685566199
0.01343735030689042
0.01343735256476205
0.01343735244728419
0.01343735052859736
0.01343734748844072
0.01343734155681185
0.01343733617755027
0.01343733229776322
0.01343733088743691
0.01343733085289097
0.01343733158624334
0.01343733335683798
0.01343733989610857
0.01343734977041145
0.01343735998960664
0.01343736504557018
0.01343736593821445
0.01343736598838681
0.01300222746047385
0.01300222456547496
0.01300221975479046
0.01300221599416261
0.01300221257836228
0.01300220886728827
0.01300220837295534
0.01300220960058832
0.01300221196737017
0.01300221474756543
0.01300221609091311
0.01300221476648987
0.01300221487182758
0.0130022176594552
0.01300221885950745
0.01300221824995833
0.01300221418749237
0.01300221315180378
0.01300221164116407
0.01300220216945131
0.01300219365110813
0.01300218970689574
0.01300218909855268
0.01300218879393973
0.01300218930351477
0.01300219132184857
0.01300219745260259
0.01300220248232337
0.01300220354329066
0.01300220705698733
0.01300220755136651
0.0130022063891668
0.01300219706466709
0.01300219366481887
0.01300219127134944
0.01300219044879843
0.01300219049945089
0.01300219402442964
0.01300219988832608
0.01300220431274396
0.01300220965492913
0.01300221251372365
0.01300221279942078
0.01300221201001014
0.0130022104062113
0.01300220501512682
0.0130021986993758
0.01300219233438084
0.01300218929993115
0.01300218884800378
0.01300218917675651
0.01300218955906016
0.01300219497249803
0.01300220621394203
0.01300221833991174
0.01300222515111271
0.01300222620297115
0.0130022260609905
0.01244177003740363
0.01244176698290279
0.01244176161554297
0.01244175873820111
0.0124417560226119
0.01244174946692505
0.01244174766353753
0.01244174863322557
0.01244175216734974
0.01244175644875778
0.01244175755365833
0.01244175532806039
0.01244175519340948
0.01244175827445972
0.01244176013261515
0.01244175675600117
0.01244175232864307
0.01244175229326268
0.01244175368797941
0.01244174626607854
0.01244173751563748
0.01244173190241159
0.01244173064380233
0.01244172983049859
0.01244173026716275
0.0124417321819951
0.012441740406095
0.01244174620006929
0.0124417469871624
0.01244175126372008
0.01244175325543215
0.01244175072052383
0.01244173876126101
0.01244173422118884
0.01244173097606551
0.01244172799065461
0.01244172796580947
0.01244173215648612
0.01244173846892618
0.01244174325526115
0.01244175084464257
0.01244175466981019
0.01244175507365081
0.01244175527174524
0.01244175606178401
0.01244175227731381
0.01244174557110151
0.0124417363665107
0.0124417321127291
0.01244173094204398
0.01244172979738184
0.01244172864079323
0.01244173213670821
0.01244174406936253
0.01244175803117051
0.01244176743163885
0.01244176889929933
0.01244176849229407
0.01175966705454283
0.01175966362287862
0.01175965811391429
0.01175965630825385
0.01175965556249767
0.01175964716234238
0.011759642318545
0.01175964245645676
0.01175964686934149
0.01175965315401735
0.0117596545193385
0.0117596508992725
0.01175965080349276
0.01175965478277279
0.01175965730315875
0.01175965136599365
0.01175964408235025
0.01175964417929988
0.01175964884775534
0.01175964493386537
0.01175963715506803
0.01175962984222851
0.01175962762689307
0.01175962623711028
0.01175962586576989
0.01175962709932071
0.01175963743301202
0.01175964435073454
0.0117596449180317
0.01175965004332594
0.01175965384834433
0.01175965087817886
0.0117596362289563
0.01175963057099472
0.01175962682929452
0.01175962025024115
0.01175961942076435
0.01175962458274814
0.0117596309499254
0.0117596355288266
0.01175964558433966
0.01175965039198059
0.01175965074506475
0.01175965232233889
0.01175965537098719
0.01175965467126466
0.01175964847529456
0.01175963667137406
0.01175963032667102
0.01175962946095606
0.01175962764504995
0.01175962302301937
0.01175962426758483
0.01175963588770195
0.01175965116036088
0.01175966371673186
0.01175966583760799
0.01175966513659401
0.0109681287967162
0.01096812556865219
0.01096811892297153
0.01096811756370556
0.01096812025514382
0.01096811300717075
0.01096810342183065
0.01096810137505764
0.01096810613947955
0.010968114924205
0.01096811727829884
0.01096811199674485
0.01096811141433666
0.01096811730161089
0.01096812127940516
0.01096811385602657
0.01096809986155655
0.01096809889444144
0.01096810731997139
0.01096810767899747
0.01096810258587081
0.01096809440339838
0.01096809078242964
0.01096808889284297
0.01096808632655375
0.01096808624343265
0.01096809810835162
0.01096810706380244
0.01096810743728541
0.01096811286117623
0.01096811954852165
0.01096811712811207
0.01096809985270415
0.01096809336400587
0.01096808973226088
0.01096807803033509
0.01096807565849207
0.0109680818104997
0.01096808793851186
0.01096809133486923
0.01096810395909744
0.0109681096032117
0.01096810972665812
0.01096811202976052
0.01096811803151462
0.01096812103449053
0.01096811764777728
0.0109681038189677
0.0109680941286646
0.0109680941755931
0.01096809387779633
0.01096808357211674
0.01096808250982103
0.01096809244168346
0.01096810810740774
0.01096812420770557
0.01096812726022359
0.01096812613529862
0.01009059644966246
0.01009059452337033
0.01009058504482371
0.01009058298471725
0.0100905901884297
0.0100905870642796
0.01009057374323695
0.01009056771348266
0.01009057133807262
0.0100905825218531
0.0100905866731454
0.01009057952880036
0.01009057799994897
0.01009058614214061
0.01009059312774049
0.0100905873702692
0.0100905629458018
0.01009055774408705
0.01009056970972038
0.01009057414603812
0.01009057346084371
0.01009056611939308
0.01009056152202225
0.01009056003531496
0.01009055426059762
0.01009055114791284
0.01009056296119509
0.01009057580988086
0.01009057556931115
0.01009058024533452
0.01009059102996952
0.01009059032568764
0.01009057080501874
0.01009056387704391
0.01009056136259379
0.01009054292569968
0.01009053795975028
0.01009054493900627
0.01009055076782171
0.01009055225784716
0.01009056711031414
0.01009057363542931
0.01009057336440083
0.01009057556905979
0.01009058374177187
0.01009059147657067
0.01009059243977184
0.01009057868614989
0.0100905641014037
0.01009056554796602
0.01009056952128616
0.01009055273189294
0.0100905485577406
0.01009055638526687
0.01009057132158664
0.01009059004979675
0.01009059398213928
0.01009059211124344
0.009161838366609587
0.009161839274117159
0.009161825833286256
0.009161820237849666
0.009161832714786574
0.009161834688026728
0.009161822885764379
0.009161810487485123
0.009161811664911602
0.009161824340154808
0.009161831140765773
0.009161821833700725
0.00916181816079531
0.009161827816303149
0.009161839819977547
0.009161839964762879
0.009161804554825535
0.009161791383996604
0.009161802774410937
0.009161813692041772
0.00916181734463343
0.009161812820133546
0.009161807513712665
0.009161807135194449
0.00916179964993386
0.009161790958272025
0.009161799901662514
0.00916181862530604
0.009161817679776942
0.009161820181923902
0.009161835998995367
0.009161838054042774
0.009161817634482389
0.009161809635821073
0.009161810320900955
0.009161784568374232
0.00916177523581241
0.009161782301022841
0.009161788010274178
0.009161787214225812
0.009161803478987039
0.00916181120542172
0.009161810449556416
0.009161811384718924
0.009161819217272885
0.009161833775854056
0.009161839829857327
0.009161830366807965
0.009161808220785224
0.009161810136961887
0.009161821550333989
0.009161800025307682
0.009161791287490255
0.009161796221145234
0.009161809537923999
0.009161830224091469
0.009161835110206216
0.009161831767741364
0.00822393966166161
0.008223944449123813
0.008223930139550478
0.008223916745432561
0.008223931672075949
0.008223940071996403
0.008223936083120439
0.008223917195721955
0.008223914217219516
0.008223926281255425
0.00822393608034981
0.008223925899254324
0.008223918166771338
0.008223926955184736
0.008223945309276327
0.008223954741030869
0.008223914917398238
0.008223887699315622
0.008223893851577421
0.008223910601278936
0.008223919041422653
0.008223918394603421
0.008223913383241365
0.008223915787199327
0.008223909725609534
0.008223893498085735
0.008223895561450589
0.008223921106419436
0.008223920695289743
0.008223920007649516
0.008223938835364576
0.008223945271966907
0.008223926237162938
0.008223915967123074
0.008223921162773899
0.008223889808925702
0.008223873596200061
0.008223879161468588
0.008223886496901501
0.008223883026156481
0.008223899283577347
0.008223909147369328
0.008223908136619443
0.008223907684938338
0.008223911779039837
0.008223931372292952
0.008223943844029401
0.00822394295667765
0.008223912506004259
0.008223912928600412
0.008223934386881902
0.008223912325464702
0.008223896842757695
0.008223899207326394
0.008223910321781417
0.00822393138965118
0.008223936988696747
0.008223931137724414
0.007318355148814867
0.007318365466582609
0.007318354287837624
0.007318329950856363
0.007318340637065174
0.007318357029463526
0.007318363816565609
0.007318343269475378
0.007318334655630877
0.007318343897916621
0.007318356799049283
0.007318346924818834
0.007318332679855005
0.007318339059724075
0.007318360398815804
0.007318383487059741
0.00731834869873074
0.007318301951835974
0.007318301379420712
0.007318321595436982
0.007318335216962537
0.007318338023060134
0.007318333361407278
0.007318339025232007
0.007318338046579011
0.007318313646975359
0.007318306163123752
0.007318337611996451
0.00731834037514715
0.007318335533029993
0.007318353142694739
0.007318366372434573
0.007318350872668745
0.007318336364607225
0.007318347189192587
0.007318315353054276
0.007318288559475207
0.007318290944249449
0.007318301495330046
0.007318294931374006
0.007318309624693331
0.007318322520105005
0.007318322922825154
0.00731832018398366
0.007318317916482876
0.007318338555221829
0.007318360841244123
0.007318371267039019
0.007318332522354531
0.007318327955749615
0.007318361339213299
0.007318344880968774
0.007318319330889595
0.007318318613119724
0.007318327306806126
0.007318348649111629
0.007318356129952386
0.007318347594579009
0.00647658449202078
0.006476600737667865
0.006476597328543215
0.006476560428930206
0.006476562252073008
0.006476583691466154
0.006476603586663515
0.006476587931581701
0.006476572614230547
0.006476576876856128
0.006476592184107772
0.006476585381368341
0.006476562374001485
0.006476564042542147
0.006476584195339809
0.006476624878092929
0.006476602353997007
0.006476534065897506
0.006476526547782782
0.006476547720018919
0.006476563343526635
0.006476569360483112
0.006476565530098334
0.006476576030771669
0.006476581479491284
0.006476554583113139
0.006476532586142426
0.006476567221425414
0.006476577194622018
0.006476567978092885
0.006476578897905127
0.006476599886503807
0.006476589817572737
0.006476569941663731
0.006476586358497963
0.006476559148659695
0.006476519404766483
0.006476516595803831
0.006476531519306546
0.006476523460806158
0.006476534121355874
0.006476550531341403
0.006476555032684815
0.006476551221956626
0.00647654003358434
0.006476557861442922
0.006476586609428511
0.006476611867703953
0.006476569413467203
0.006476556282641131
0.006476602192980682
0.006476594633884651
0.006476558247070056
0.006476554884824747
0.00647656115041285
0.006476581293739595
0.006476591573131227
0.006476580669183978
0.005713427226603332
0.0057134489819287
0.005713456370520498
0.005713405930529274
0.005713396791616228
0.005713418809468848
0.005713452584580473
0.005713445627568569
0.005713425042970708
0.00571342310449019
0.005713440394230415
0.005713439074017768
0.005713404515583888
0.005713400486807281
0.005713415590240713
0.005713476172042782
0.005713468061702195
0.005713381227616337
0.005713368571521672
0.00571339024996328
0.005713403306267578
0.005713412345059543
0.005713408800900715
0.005713423782289508
0.005713435512869091
0.005713412625586058
0.005713374177555866
0.005713407482493897
0.00571342886892802
0.005713414781771438
0.005713414470240729
0.00571344467074623
0.005713440820328951
0.005713413927274091
0.005713435786333981
0.005713417861105358
0.005713364764755356
0.005713354968420748
0.005713374952711107
0.005713366636487181
0.005713371357137793
0.005713390960677648
0.005713402853450232
0.005713398201534909
0.005713375705946737
0.005713389262546676
0.005713421935635944
0.005713463865231657
0.005713422900546853
0.005713396335870051
0.005713455996241419
0.005713458382092987
0.005713410474886845
0.005713403717977582
0.005713407439756664
0.005713426179135573
0.005713441979281746
0.005713430622432438
0.005025682195475354
0.005025705734132357
0.005025726618661893
0.005025664312862423
0.005025642493437265
0.005025663940330293
0.005025710100402328
0.005025710369511441
0.005025688429601334
0.005025679331591391
0.005025699292798365
0.00502570579371902
0.005025658047448265
0.005025646879704802
0.005025654608709565
0.005025736269801985
0.005025740870119518
0.005025640372958153
0.00502562570259946
0.005025646929118407
0.005025651175635634
0.005025663148403427
0.005025660140463912
0.005025680991741888
0.0050256992558977
0.005025684113621203
0.0050256288626587
0.005025655927644456
0.005025693829503251
0.005025674111637774
0.005025659470479765
0.00502569935142828
0.005025701421046526
0.005025666142536478
0.005025692212310009
0.005025686945359815
0.00502562236990753
0.005025603372502027
0.00502562891435714
0.005025622901261212
0.005025619354660695
0.005025640771075468
0.005025664539998195
0.005025659396327029
0.005025623909592475
0.005025632895876682
0.005025665203470589
0.005025723971924067
0.005025691024606446
0.005025648248257782
0.005025720783531145
0.005025732321025442
0.005025673969742029
0.005025663844012727
0.005025664551780977
0.005025680699585473
0.005025703844446482
0.005025694683340648
0.004396182736251673
0.004396204079895476
0.004396238685976051
0.00439616756588191
0.004396131801022867
0.004396154427519274
0.004396207870708684
0.00439621165702164
0.004396193281264877
0.00439617643150177
0.004396201623688953
0.004396217130052639
0.004396155279742846
0.004396136317406249
0.004396136544466946
0.004396237092663805
0.004396250905955544
0.004396142947293236
0.004396131446644047
0.004396150567151156
0.004396140791978195
0.004396156513041866
0.004396153335522779
0.004396180586229256
0.004396204924757154
0.004396197956905872
0.004396127827155957
0.004396146931959956
0.004396203276783929
0.004396177471059516
0.004396147329777042
0.00439619885048121
0.004396205257709271
0.004396158468552304
0.004396188272098729
0.004396198234310161
0.004396124464626798
0.004396095311085963
0.004396126971440218
0.004396124685292164
0.004396110117657783
0.004396134175614062
0.00439617258316269
0.004396164994029892
0.004396115967427633
0.004396122818890456
0.004396152053169968
0.004396228552448899
0.00439620664983443
0.004396144797069196
0.004396228319946606
0.004396248715280766
0.004396180892834818
0.004396165579698534
0.004396162582759456
0.004396176458089936
0.004396210071212333
0.00439620655765202
0.003800528999009676
0.003800545223083822
0.003800591539043925
0.003800515554768389
0.003800466283796463
0.003800494854687282
0.003800547030144422
0.003800548303968053
0.003800537936031881
0.003800513524527666
0.003800550849372375
0.003800574110190883
0.003800498691819717
0.003800472464082179
0.003800464697722315
0.003800580659414741
0.003800599785632278
0.003800491950102716
0.003800488294956134
0.00380050160696451
0.003800471720252195
0.003800493561178181
0.003800489710351029
0.003800524393199016
0.003800555558052435
0.003800552938327317
0.003800471023561224
0.00380048263974868
0.003800558350156315
0.003800525277047617
0.003800482456470675
0.003800548149216296
0.003800554544468359
0.003800492203565571
0.003800524347976889
0.003800552406418003
0.003800471376403355
0.00380043278615779
0.00380047078248015
0.003800473437705594
0.003800444168144059
0.003800474061585503
0.003800528036031182
0.003800515009649273
0.003800454120230552
0.003800462912149387
0.003800484896552919
0.003800579836059497
0.003800570872271384
0.00380048730717343
0.00380057802947804
0.003800607140810209
0.003800533521569842
0.003800510052157303
0.003800502229308612
0.00380051589045183
0.003800563092549538
0.003800565318381727
0.003213489692321435
0.003213498855869628
0.003213550151389
0.003213475584182486
0.003213414976123023
0.003213452101023057
0.003213494322842222
0.003213487013003586
0.003213488469206211
0.003213456994366385
0.003213519191150899
0.003213542055886468
0.003213455218354171
0.003213427987266749
0.003213408082782869
0.003213535509537009
0.003213555080898272
0.003213459046675161
0.00321346637093402
0.003213467762863703
0.003213415031304324
0.003213446221835491
0.003213437138178675
0.003213478062812781
0.003213517928225099
0.003213511887958239
0.003213426247942204
0.003213432320228221
0.003213524167393136
0.003213482794792357
0.003213435961151341
0.003213521063938847
0.003213517594054866
0.003213433666304858
0.00321346983596099
0.00321351709519638
0.003213429879607326
0.003213386575165762
0.003213429571026071
0.003213437504685818
0.003213388371615541
0.003213432593808249
0.003213496238423175
0.003213472369081482
0.003213407014555676
0.003213423071258294
0.003213434943363892
0.003213549943743706
0.003213550062370484
0.003213440710973194
0.003213535410396794
0.003213572474091182
0.00321349829593722
0.003213461650754715
0.003213447498477968
0.003213468033710482
0.003213534412366879
0.003213538505535859
0.002613941281764412
0.00261394297506082
0.002613986632158254
0.002613924949746095
0.002613858975900662
0.002613900246711263
0.002613924123410527
0.002613904913083493
0.002613918817217547
0.002613885847040303
0.002613987328667623
0.002613995703816561
0.002613902238314643
0.002613884337746656
0.002613846228398786
0.002613977551650097
0.002613994316952866
0.002613926361752438
0.002613942628829298
0.002613924211237568
0.002613851315791797
0.002613895099483142
0.002613875444771281
0.002613915038563522
0.002613966161010158
0.002613945028121753
0.002613871485485495
0.002613872207640479
0.002613973148082499
0.002613925240179692
0.002613889786460165
0.00261399952718832
0.002613967455710653
0.002613859177759163
0.002613902409602565
0.002613967450420745
0.002613873480926231
0.002613837376312403
0.002613880099857438
0.002613890739177719
0.002613822522567726
0.00261388989033366
0.002613952599767304
0.002613909033608244
0.002613852457759931
0.002613883100960647
0.002613883539413426
0.002614015889328106
0.002614013866962048
0.002613879243109623
0.002613971248608451
0.002614018049493252
0.002613951108685354
0.002613893961124226
0.002613875970633166
0.002613915018673436
0.002614004532602395
0.002613998201716654
0.001989778093491261
0.001989776241886148
0.00198980016987642
0.001989762035050411
0.001989710056768419
0.001989729683309565
0.001989743472345864
0.001989712561481588
0.001989746152352816
0.001989712377125016
0.001989859192192547
0.001989836054407273
0.001989741896445857
0.001989746480455393
0.00198967642650859
0.001989819658762083
0.001989815600314027
0.00198981054266053
0.001989817987148009
0.001989764768892632
0.001989691607834271
0.001989751686518625
0.001989715112835627
0.001989729285778169
0.001989792858343858
0.001989745628853169
0.001989708592531569
0.001989698861409734
0.001989812807169119
0.001989752403706383
0.001989740701969785
0.001989883592575489
0.001989792719889119
0.00198967489845218
0.001989731191994598
0.001989802687474381
0.00198970276531577
0.001989692167463432
0.001989720705762768
0.001989745772693018
0.001989657139869082
0.001989752346529685
0.001989789631598387
0.001989717798324431
0.001989705719010675
0.001989744165737077
0.001989744758090731
0.001989883904410452
0.001989845415041573
0.001989712371451857
0.001989802388080672
0.001989858710761671
0.001989791321354013
0.00198971433787408
0.001989691472583574
0.001989756292145182
0.001989890672146466
0.001989849620520635
0.001347421066136551
0.001347413785100374
0.001347401325945572
0.001347401582327005
0.001347363967682363
0.001347357714392855
0.001347359308587254
0.001347332444164771
0.001347380165020454
0.001347360934357299
0.001347515120891213
0.001347481327111941
0.001347390280509384
0.001347409376399815
0.001347333169525813
0.001347455653869043
0.001347444476583799
0.001347492501354421
0.001347485708362328
0.001347400725408832
0.001347349048162401
0.001347425657516423
0.00134738964407382
0.001347357416607042
0.001347406647484927
0.00134734425050189
0.001347352785982317
0.001347343700537768
0.001347445597235533
0.001347388710353021
0.001347402552513813
0.001347548598664969
0.001347411972080862
0.001347297163818606
0.001347369016230114
0.001347430228220651
0.001347337072856611
0.001347354367704155
0.001347372820735496
0.001347396881570915
0.00134732912104283
0.001347417252931279
0.00134743488984908
0.001347329987801993
0.001347369081214838
0.001347418951921815
0.001347426547313262
0.00134754047702687
0.001347464052240872
0.001347346834663782
0.001347439750014871
0.001347492204902294
0.00134742406823668
0.001347345801650263
0.001347339566397679
0.001347420119248997
0.001347572945976754
0.001347494616679662
0.0007374485314620922
0.000737784775361793
0.0007377350016233897
0.0007378753351652266
0.0007378139522782239
0.0007378601108391526
0.0007379328773032096
0.0007377374303951947
0.0007379828378140071
0.0007378353026337439
0.0007378615677139962
0.0007381079271189617
0.0007378875045788687
0.0007377569551110549
0.0007378408265120148
0.0007381066834046057
0.0007379595382954186
0.0007381141212498659
0.0007378899101732536
0.0007378359298451771
0.000737760963897645
0.0007380748427162191
0.0007382153430747357
0.0007379698758142406
0.0007378060980030703
0.0007378079285135651
0.0007377643340129299
0.0007378219749952129
0.0007380483954160567
0.0007379223435202037
0.0007379163795951496
0.0007379436662461438
0.0007378511836783989
0.0007378521485438973
0.0007377555792224311
0.0007378230289322117
0.0007377816765487594
0.0007377808399211628
0.0007378877184292169
0.0007380210452987912
0.0007379779464315453
0.0007378838968963298
0.00073798916342513
0.000737881533042589
0.0007380249521687525
0.0007380137182158234
0.0007381091016304145
0.0007379873804715621
0.0007379154662083691
0.0007379856821965891
0.000738105753295813
0.0007381684388889751
0.000737891431665878
0.0007380815303964524
0.0007379975039287913
0.0007379929086873071
0.0007382204646643466
0.0007379155631395012
0.0002542195105646401
0.0002543695820055078
0.0002543419008565584
0.0002544396643585537
0.0002543872596224059
0.0002543581331207442
0.0002545760449532585
0.0002544206875789307
0.0002545984159392005
0.0002545591219338645
0.0002543312723038779
0.000254567177375418
0.0002546094495134034
0.0002543132789772214
0.0002543595368412786
0.0002546763712362815
0.0002545400631807729
0.0002546624396029655
0.0002543458666112536
0.0002542109044059067
0.0002543109756072118
0.000254475693824511
0.0002549597695026597
0.0002546963108486804
0.0002543036789609291
0.0002544202009003375
0.000254405678265638
0.0002544638070991133
0.0002547183807117938
0.0002545634014896185
0.0002543780604669052
0.0002543335001188282
0.0002543112585530335
0.0002545208825801092
0.0002543934986217201
0.0002543613376034291
0.0002544654104465335
0.0002543754320966279
0.000254426409230343
0.0002545161015672248
0.000254707919511104
0.0002543302594804934
0.0002545011547375627
0.0002545153711332964
0.0002545551263476763
0.0002546643431859418
0.0002547641205783881
0.0002543750668193451
0.0002544772826365866
0.000254573228162848
0.0002546391277523993
0.0002548166993049663
0.000254547356563635
0.0002546999467807243
0.0002547865604637662
0.0002546476439417317
0.000254719717763609
0.0002543787582078335
4.159222116051994e-05
4.167513125477008e-05
4.162054711791254e-05
4.166792503066163e-05
4.164873752046448e-05
4.162734911697331e-05
4.174978548526992e-05
4.171601416025382e-05
4.18604806971842e-05
4.185431487621686e-05
4.159821830153399e-05
4.182730532121322e-05
4.185695037095165e-05
4.160333603707144e-05
4.163209102254203e-05
4.188793119805433e-05
4.186204573322787e-05
4.186528468752404e-05
4.175120950290108e-05
4.153004563195087e-05
4.157869896503565e-05
4.173699968707736e-05
4.211211016157565e-05
4.196808997070828e-05
4.158356653644162e-05
4.161746171269047e-05
4.165139916146529e-05
4.168629829314362e-05
4.192868309242631e-05
4.187150723299188e-05
4.162787677662434e-05
4.15795625561166e-05
4.160798316288395e-05
4.171468883479652e-05
4.168581457231651e-05
4.167224674696083e-05
4.171648314125079e-05
4.164088991557777e-05
4.166233909726945e-05
4.182670538745271e-05
4.197197387022861e-05
4.167679570313419e-05
4.168612368932923e-05
4.176748371138219e-05
4.181176111576125e-05
4.191672293183598e-05
4.197214733366883e-05
4.176338037100384e-05
4.165568967088295e-05
4.183919545854057e-05
4.196135358038903e-05
4.207638338568748e-05
4.186348552400231e-05
4.189195853312484e-05
4.194230317554153e-05
4.179147503059521e-05
4.193081722838825e-05
4.175427973621486e-05
6.26461834195016e-06
6.266579523410866e-06
6.263423819225557e-06
6.265306860530619e-06
6.265262090866645e-06
6.264330511524066e-06
6.265118003719532e-06
6.2663624042966e-06
6.267709501145839e-06
6.267476512272559e-06
6.266569525680231e-06
6.270220240987149e-06
6.26829557443123e-06
6.26311060684566e-06
6.266146484756445e-06
6.268991606530245e-06
6.2690991079285e-06
6.270525225969729e-06
6.265894699587073e-06
6.262469616714059e-06
6.263397967908163e-06
6.26550447275368e-06
6.270001542140491e-06
6.270845279369836e-06
6.265404912060321e-06
6.263740630458723e-06
6.264303982902706e-06
6.265425899169487e-06
6.269491833214774e-06
6.268063689938461e-06
6.264336718674381e-06
6.265305543814027e-06
6.266377527391226e-06
6.264982341707732e-06
6.265175092116285e-06
6.265390752496671e-06
6.266247137594759e-06
6.266573497560903e-06
6.267481352432403e-06
6.26998898153353e-06
6.270359739567824e-06
6.264849115522148e-06
6.265230725795456e-06
6.267507506168427e-06
6.266605949810084e-06
6.267175428753675e-06
6.268090547238064e-06
6.264982150973487e-06
6.265000426830131e-06
6.266638234835782e-06
6.267829470514488e-06
6.271320576282795e-06
6.267772505503773e-06
6.268839909964387e-06
6.272311450824298e-06
6.269576031161708e-06
6.26966853305457e-06
6.265800562061973e-06
)
;

boundaryField
{
    inlet
    {
        type            cyclic;
    }
    outlet
    {
        type            cyclic;
    }
    bottomWall
    {
        type            nutUSpaldingWallFunction;
        Cmu             0.09;
        kappa           0.41;
        E               9.800000000000001;
        value           nonuniform List<scalar> 
58
(
1.194219875809768e-08
1.193460215506356e-08
1.193828293622086e-08
1.19362768841039e-08
1.193727637766907e-08
1.193669244800881e-08
1.193705917944786e-08
1.193663846130004e-08
1.193710923153273e-08
1.193663564156124e-08
1.193712537237573e-08
1.193685734881666e-08
1.193695152408103e-08
1.193705681176715e-08
1.193676608539406e-08
1.193695943301062e-08
1.193703255897771e-08
1.193677776718458e-08
1.193704056228709e-08
1.193686454098019e-08
1.193690300516645e-08
1.193692125510794e-08
1.193683628406949e-08
1.193697696282503e-08
1.193689427435741e-08
1.19370287014948e-08
1.193693456661695e-08
1.193727025517941e-08
1.193666373589582e-08
1.193741566593532e-08
1.193687530526462e-08
1.193702748068315e-08
1.193719331683222e-08
1.19367037478349e-08
1.193734105775545e-08
1.19365703857093e-08
1.193704146553592e-08
1.193672832246976e-08
1.193697152050959e-08
1.193699533717871e-08
1.193670978066105e-08
1.19372122140424e-08
1.193663683071418e-08
1.193714831973156e-08
1.193639298388777e-08
1.193730500131116e-08
1.193670266460851e-08
1.193716810810172e-08
1.19370222592197e-08
1.193701333482636e-08
1.193708643986834e-08
1.193704106898898e-08
1.193713665154778e-08
1.193724053654734e-08
1.19372586125828e-08
1.19375613349482e-08
1.193796628543541e-08
1.193883522739806e-08
)
;
    }
    topWall
    {
        type            nutUSpaldingWallFunction;
        Cmu             0.09;
        kappa           0.41;
        E               9.800000000000001;
        value           nonuniform List<scalar> 
58
(
4.463402225414123e-07
4.463481665722079e-07
4.463147583877859e-07
4.462453807226605e-07
4.463197657207673e-07
4.462301906298246e-07
4.462275264375528e-07
4.462936838407305e-07
4.463357140824307e-07
4.463036599772923e-07
4.463219894546597e-07
4.463125922621086e-07
4.462665078930946e-07
4.46347379137583e-07
4.462543882269299e-07
4.462887455443224e-07
4.462593826990509e-07
4.463134366792013e-07
4.463679725033544e-07
4.462817362862938e-07
4.463076358824009e-07
4.463016564789052e-07
4.462898794926722e-07
4.461819964219228e-07
4.462260693797711e-07
4.461747485015599e-07
4.462402422699004e-07
4.461933751244277e-07
4.462358907211567e-07
4.462844672393986e-07
4.461714812784251e-07
4.462934351603682e-07
4.462648134717986e-07
4.46264686003125e-07
4.463074811831766e-07
4.463278478080129e-07
4.46251612462882e-07
4.462987532047671e-07
4.462124016140672e-07
4.462710332642206e-07
4.462663430037251e-07
4.462876026430649e-07
4.463085647948384e-07
4.461918531999142e-07
4.462322909690956e-07
4.462528910667324e-07
4.462899445384057e-07
4.463561527059349e-07
4.462505937116094e-07
4.462550517960102e-07
4.463231951223326e-07
4.463453579100509e-07
4.463398632539427e-07
4.462679655220883e-07
4.462218017800426e-07
4.461365192003791e-07
4.463029768129925e-07
4.463560694426233e-07
)
;
    }
    left
    {
        type            cyclic;
    }
    right
    {
        type            cyclic;
    }
}


// ************************************************************************* //
