0.0
0.018035345303154794
0.03607982646534083
0.05425780732355277
0.07354204011946325
0.09803750469672047
0.1365177828053564
0.19641007891769213
0.27501973973748883
0.3629688541468841
0.4535750686417685
0.5446115224548257
0.6356875332896935
0.7267656040137573
0.8178437353362591
0.9089218676634461
1.0000000000000002
1.0910781323365542
1.1821562646637411
1.2732343959862427
1.3643124667103066
1.4553884775451744
1.546424931358232
1.6370311458531162
1.7249802602625115
1.803589921082308
1.8634822171946437
1.9019624953032797
1.926457959880537
1.9457421926764473
1.9639201735346592
1.9819646546968452
2.0
