/*--------------------------------*- C++ -*----------------------------------*\
| =========                 |                                                 |
| \\      /  F ield         | OpenFOAM: The Open Source CFD Toolbox           |
|  \\    /   O peration     | Version:  v1812                                 |
|   \\  /    A nd           | Web:      www.OpenFOAM.com                      |
|    \\/     M anipulation  |                                                 |
\*---------------------------------------------------------------------------*/
FoamFile
{
    version     2.0;
    format      ascii;
    class       volScalarField;
    location    "10000";
    object      p;
}
// * * * * * * * * * * * * * * * * * * * * * * * * * * * * * * * * * * * * * //

dimensions      [0 2 -2 0 0 0 0];


internalField   nonuniform List<scalar> 
2494
(
6.108185122741818e-13
1.760329906871759e-09
1.275483555252911e-09
1.606096221358325e-09
1.616441249701965e-09
1.660103557758951e-09
1.876554541862267e-09
1.843613439264348e-09
2.119776758911561e-09
2.069517189507679e-09
2.330478977340178e-09
2.309958777652515e-09
2.544460021629375e-09
2.533476171696049e-09
2.771910530175914e-09
2.768001129818396e-09
2.962844206940711e-09
3.002639020134575e-09
3.168996189688777e-09
3.209711833746615e-09
3.380170585287109e-09
3.426041104674309e-09
3.577434425234473e-09
3.644329128763391e-09
3.781875798139605e-09
3.859592526225054e-09
3.974306027871213e-09
4.046658375547097e-09
4.195874382859048e-09
4.257809166865134e-09
4.377900703540839e-09
4.483495873594469e-09
4.590427417953868e-09
4.677687258516405e-09
4.815994116021603e-09
4.896890441126904e-09
5.019911368274062e-09
5.123598724378697e-09
5.223962520323657e-09
5.311409728352182e-09
5.426140682079653e-09
5.489784794768953e-09
5.588053842442585e-09
5.675491589778351e-09
5.753884547258792e-09
5.833399044078166e-09
5.940929367880964e-09
6.012495101028288e-09
6.120334904052957e-09
6.230109229865716e-09
6.332688349718835e-09
6.468654618348564e-09
6.62598471482675e-09
6.602577646983171e-09
6.8575071556848e-09
7.613516157909873e-09
6.692094451265178e-09
2.524791095484555e-09
-1.887595092370771e-11
1.755974489400029e-09
1.281153766885662e-09
1.603064596695033e-09
1.617991559817014e-09
1.659032709543897e-09
1.876949142510625e-09
1.84323314921618e-09
2.119953959219311e-09
2.069461304160281e-09
2.330348892965958e-09
2.310024884121086e-09
2.544378913543914e-09
2.533413118583656e-09
2.771900160544448e-09
2.76810356478089e-09
2.96260385683242e-09
3.002798462660311e-09
3.168939168050095e-09
3.209593210871505e-09
3.38017078486483e-09
3.426063972475126e-09
3.577301916789512e-09
3.644425817267242e-09
3.781809118804514e-09
3.859500530135396e-09
3.974238768486648e-09
4.046553701635641e-09
4.195964205606652e-09
4.257786254493908e-09
4.377614355879889e-09
4.483540136616063e-09
4.590420738052532e-09
4.677415764875985e-09
4.815954202341673e-09
4.896860581548898e-09
5.019697474296729e-09
5.123565524180529e-09
5.223922497693425e-09
5.311239992226818e-09
5.426099344290729e-09
5.489751795357877e-09
5.58789188843926e-09
5.675420538297598e-09
5.753759058060821e-09
5.833156154395523e-09
5.940760054202248e-09
6.012244233291127e-09
6.119942702628769e-09
6.229734054676867e-09
6.3321935672445e-09
6.467788030791182e-09
6.625403434150136e-09
6.601658264927082e-09
6.85609372117193e-09
7.618386944172411e-09
6.708393781290604e-09
2.531992261208437e-09
-5.836517697211449e-11
1.744513152057443e-09
1.292622554329436e-09
1.596984851727683e-09
1.621159742082341e-09
1.656768191446417e-09
1.87762041677392e-09
1.84284498396999e-09
2.119991349819468e-09
2.069547403086096e-09
2.33019950886706e-09
2.310076255320199e-09
2.544156240477995e-09
2.533639265627876e-09
2.771592920115298e-09
2.768467713161394e-09
2.962278435147804e-09
3.002978014079433e-09
3.168825069010699e-09
3.20967255106102e-09
3.379909393904346e-09
3.426214454046977e-09
3.57726735927275e-09
3.644471597273097e-09
3.781547335614819e-09
3.859410252283942e-09
3.974366139165667e-09
4.046653307842424e-09
4.19579895432969e-09
4.25778556572044e-09
4.377209017296437e-09
4.483522668208017e-09
4.590478556504231e-09
4.677071425130218e-09
4.816129478843189e-09
4.89691621296094e-09
5.019082569189915e-09
5.123606042521502e-09
5.224021977881549e-09
5.310926475836846e-09
5.426207696577938e-09
5.489956665317124e-09
5.587446145912594e-09
5.675404619028477e-09
5.753844217219827e-09
5.832620110331326e-09
5.940606585817365e-09
6.012171029140803e-09
6.119193823489665e-09
6.229324841332919e-09
6.331813161617586e-09
6.466389841906934e-09
6.624678668897461e-09
6.600908212274865e-09
6.854158440060741e-09
7.627208074585959e-09
6.738871405885393e-09
2.54574073968427e-09
-1.185911851936392e-10
1.725209263297756e-09
1.308822137515531e-09
1.588109936722864e-09
1.626157251865504e-09
1.652920319514592e-09
1.878782125006963e-09
1.842563652761032e-09
2.11965726764464e-09
2.069805553477321e-09
2.330327245697928e-09
2.309710339725168e-09
2.543982031431436e-09
2.534288299388312e-09
2.770729552535614e-09
2.769154551602789e-09
2.962104785177144e-09
3.002778096422206e-09
3.168840628389025e-09
3.210116910371142e-09
3.379054300710626e-09
3.426623509212353e-09
3.577550389764243e-09
3.644047110756464e-09
3.781089821640594e-09
3.859279921014441e-09
3.974790545236083e-09
4.047138639669016e-09
4.195124537017034e-09
4.258039424843032e-09
4.376943108691478e-09
4.482945508730992e-09
4.590545945669918e-09
4.676744773564524e-09
4.816612559217785e-09
4.897177833925697e-09
5.017858604856024e-09
5.124000172665789e-09
5.224511364066584e-09
5.310052512838333e-09
5.426554002520664e-09
5.490575308875977e-09
5.586344126702132e-09
5.675592127456433e-09
5.754331781377282e-09
5.831401792804383e-09
5.940575445847506e-09
6.012451625293654e-09
6.11771075573328e-09
6.229029539624426e-09
6.331832351195836e-09
6.46423808939347e-09
6.624187767508336e-09
6.601259567705695e-09
6.851522193522071e-09
7.638652289381446e-09
6.784539159353382e-09
2.56790534632392e-09
-1.999358389091181e-10
1.696215119658782e-09
1.330118617787546e-09
1.576073762237143e-09
1.633086169446686e-09
1.647600625484569e-09
1.880315091724125e-09
1.842374116322458e-09
2.118992989549342e-09
2.070160666360232e-09
2.330685359807594e-09
2.309032825945363e-09
2.543758462243803e-09
2.535356878742041e-09
2.769368558622815e-09
2.770100735110411e-09
2.962005978741196e-09
3.002322555479366e-09
3.168891667235308e-09
3.210927561276783e-09
3.377803904132841e-09
3.427219361008049e-09
3.578051756729241e-09
3.643231820724844e-09
3.780255487177178e-09
3.859121332193817e-09
3.975376496614865e-09
4.047997282650849e-09
4.194260183033143e-09
4.258460794908723e-09
4.376889504858648e-09
4.481914937677103e-09
4.590376264909722e-09
4.676456346357748e-09
4.817367565439563e-09
4.897742929630302e-09
5.016080104008633e-09
5.124569837354547e-09
5.225506003421766e-09
5.308554787970228e-09
5.426937332053725e-09
5.491658710875521e-09
5.584697229572467e-09
5.675858638815459e-09
5.755193305074222e-09
5.829569871897852e-09
5.94051404722388e-09
6.012911177959208e-09
6.11566398116285e-09
6.228863964117223e-09
6.332179000895117e-09
6.461350186321624e-09
6.623709206806585e-09
6.603020288255563e-09
6.847386840429229e-09
7.649842532400746e-09
6.846747514297116e-09
2.603326760540358e-09
-3.010172016591153e-10
1.655888799695381e-09
1.356643710750655e-09
1.56105403842201e-09
1.641407644782404e-09
1.641165982675722e-09
1.882196921248994e-09
1.841968193278591e-09
2.118256019267768e-09
2.070653346310707e-09
2.330914615700175e-09
2.308344175280949e-09
2.543498766439051e-09
2.536516777703672e-09
2.767806791669156e-09
2.771254985430526e-09
2.961562561053304e-09
3.00210641412524e-09
3.168971240714415e-09
3.211595856723438e-09
3.3767813498083e-09
3.428070360290084e-09
3.578275986625947e-09
3.642352485816481e-09
3.779152328255381e-09
3.859079052338903e-09
3.976214822871372e-09
4.048712995561485e-09
4.193305510988303e-09
4.258832447411563e-09
4.3767521041459e-09
4.481054049412533e-09
4.590086907385406e-09
4.675985828678841e-09
4.818307632575859e-09
4.898517460505256e-09
5.014056660554515e-09
5.12520109803636e-09
5.226623185443783e-09
5.306804405893504e-09
5.42741953537679e-09
5.492868538067798e-09
5.582826519091987e-09
5.676208159369122e-09
5.756120789176161e-09
5.827451516210687e-09
5.940519358040052e-09
6.013399320366851e-09
6.113277846970247e-09
6.228738231155334e-09
6.332527511549472e-09
6.457959859143785e-09
6.623312767666355e-09
6.606192531973141e-09
6.841502585980054e-09
7.658231283357421e-09
6.924781671226784e-09
2.655659077420826e-09
-4.187960956554854e-10
1.60368530390731e-09
1.387740092406304e-09
1.543335509720415e-09
1.650608627855475e-09
1.633996574457436e-09
1.88433125290188e-09
1.841075689423427e-09
2.117798170482537e-09
2.071250635623382e-09
2.330724650790737e-09
2.307978976649897e-09
2.543125639360457e-09
2.537492367679107e-09
2.766406268631315e-09
2.77254313732671e-09
2.960689318988338e-09
3.00250888114042e-09
3.16889435354938e-09
3.211693431173126e-09
3.376391520843449e-09
3.429036575580382e-09
3.57781322189556e-09
3.64198048558732e-09
3.778359465844979e-09
3.859040056814605e-09
3.976918173121955e-09
4.048862703085296e-09
4.192528414750034e-09
4.259322121457556e-09
4.376102410476624e-09
4.480727325958632e-09
4.590029913983741e-09
4.674977818507753e-09
4.819080804234822e-09
4.899434846607752e-09
5.012191376133175e-09
5.125844370536467e-09
5.227571173273644e-09
5.305135766683175e-09
5.428016575082384e-09
5.493903790406928e-09
5.581035184217784e-09
5.676626286193491e-09
5.756850440503776e-09
5.825382650867432e-09
5.940601212912674e-09
6.013780747066255e-09
6.110831795005989e-09
6.228462189203999e-09
6.332580971194521e-09
6.454342415410142e-09
6.6229530582636e-09
6.610508625180031e-09
6.834082085224362e-09
7.662388892918519e-09
7.016453265804307e-09
2.726594198750804e-09
-5.493879343218873e-10
1.540570543054627e-09
1.421811779003294e-09
1.523110568304947e-09
1.660511800314141e-09
1.626378405659573e-09
1.886538077159623e-09
1.839603142655338e-09
2.117868646217503e-09
2.071771723119092e-09
2.330106109035238e-09
2.308107492999337e-09
2.542513581004691e-09
2.53822222413002e-09
2.765457840475727e-09
2.773943566445836e-09
2.959353130637792e-09
3.003376630579519e-09
3.168819463228796e-09
3.211465745017082e-09
3.376217325917128e-09
3.429927474027773e-09
3.576869476334947e-09
3.64225369277456e-09
3.778102261647847e-09
3.858917331612879e-09
3.977178978185068e-09
4.048414961248646e-09
4.192323970413996e-09
4.26001784473836e-09
4.374812086899888e-09
4.4808515906803e-09
4.590383166898603e-09
4.673551431129416e-09
4.819432320213374e-09
4.90032923237651e-09
5.010719020222645e-09
5.126343199751034e-09
5.228353322166711e-09
5.303746571846183e-09
5.428596690946418e-09
5.494757002244284e-09
5.579536019904898e-09
5.676962575487406e-09
5.757377233070568e-09
5.823554760894666e-09
5.940586561080013e-09
6.013895173550586e-09
6.108589819620172e-09
6.227981243056054e-09
6.33229993158847e-09
6.450740843389628e-09
6.62242483655584e-09
6.615733132089897e-09
6.825748489185563e-09
7.662117927596332e-09
7.11862488238615e-09
2.815335339141161e-09
-6.896210137684065e-10
1.469148278362696e-09
1.456765738237636e-09
1.5005547006776e-09
1.671182184760997e-09
1.618171079952201e-09
1.888965278874636e-09
1.837454699908007e-09
2.118482461996758e-09
2.072205099993636e-09
2.329183564304843e-09
2.308614226237562e-09
2.541748931658444e-09
2.538667180806055e-09
2.764921484980811e-09
2.775523671007329e-09
2.957591672571833e-09
3.0043957224433e-09
3.168912013668914e-09
3.211248001657663e-09
3.375806846556562e-09
3.430738538525055e-09
3.576090909789596e-09
3.642709564127379e-09
3.77801921446532e-09
3.858907217964979e-09
3.977242360078847e-09
4.047482907685376e-09
4.192529333954323e-09
4.260903492378195e-09
4.373154058339283e-09
4.481152332612008e-09
4.591003515188252e-09
4.67203316461903e-09
4.819624014023886e-09
4.901041282219363e-09
5.009504371104746e-09
5.126862980913623e-09
5.229059637319618e-09
5.302553226296466e-09
5.429229882572484e-09
5.495521729543097e-09
5.57825620753646e-09
5.677312437277847e-09
5.757797886262065e-09
5.821859151970505e-09
5.940564132007749e-09
6.013810272149482e-09
6.106425537633978e-09
6.227380880392925e-09
6.331795753055152e-09
6.447091526703933e-09
6.621774528211436e-09
6.621650055951756e-09
6.817082163408369e-09
7.658746413063815e-09
7.228570877257923e-09
2.918342450111375e-09
-8.385708718398211e-10
1.392973177065842e-09
1.490861773012099e-09
1.475441581009004e-09
1.682926063880627e-09
1.608915775379316e-09
1.891867724068228e-09
1.834504859938076e-09
2.119646228649237e-09
2.072552323974327e-09
2.328072822295183e-09
2.309346313969962e-09
2.541034725959543e-09
2.538871170162505e-09
2.764530822691423e-09
2.777264628692742e-09
2.955697858252543e-09
3.005429651636672e-09
3.169002167857386e-09
3.211175203438607e-09
3.375247132265305e-09
3.431436803874195e-09
3.575772094495988e-09
3.643246968001154e-09
3.77777016710423e-09
3.858902680870186e-09
3.977345758280853e-09
4.046401387646353e-09
4.192787206311504e-09
4.261845673000793e-09
4.371477089963311e-09
4.481517520537762e-09
4.591660681251494e-09
4.670501808162638e-09
4.819967237308427e-09
4.901694870667068e-09
5.008295444199848e-09
5.127550175702622e-09
5.229851374580002e-09
5.301392408534786e-09
5.43004262412323e-09
5.496333781277758e-09
5.57699966459176e-09
5.677800706794961e-09
5.758232416176598e-09
5.820094715484516e-09
5.940618237113722e-09
6.013652532937424e-09
6.104131231025831e-09
6.226730733538164e-09
6.33117122742719e-09
6.443220468924621e-09
6.621127362608984e-09
6.62813964470484e-09
6.808337450521698e-09
7.654474454938732e-09
7.34570289962871e-09
3.030810564312452e-09
-9.960585324022901e-10
1.315351045948756e-09
1.522713553685612e-09
1.447182333187828e-09
1.696038857876863e-09
1.598086759829928e-09
1.895430215072151e-09
1.830569959813033e-09
2.121464068460504e-09
2.072774310792833e-09
2.3267658322987e-09
2.310285448557698e-09
2.540553878843165e-09
2.538987221000637e-09
2.763988227526569e-09
2.779027548656555e-09
2.953811457833665e-09
3.006493398524704e-09
3.169076689651935e-09
3.211310287240494e-09
3.374637952438259e-09
3.432090824655931e-09
3.57585941231432e-09
3.64390196364901e-09
3.777269786707918e-09
3.858842302901413e-09
3.977468128346152e-09
4.045321438596622e-09
4.193075705845106e-09
4.262762279339139e-09
4.369751679507152e-09
4.482035738668856e-09
4.592374681889903e-09
4.66882875418071e-09
4.820470636634067e-09
4.902484823659553e-09
5.00699929832806e-09
5.128490105821774e-09
5.230867714186671e-09
5.300174814271827e-09
5.43108642820236e-09
5.49734388226239e-09
5.575653912809813e-09
5.678445929462993e-09
5.758766671868156e-09
5.818148750354815e-09
5.940694992573345e-09
6.013485040450585e-09
6.1015282634405e-09
6.225989947680083e-09
6.330417768992917e-09
6.438893508327455e-09
6.620419758258236e-09
6.635086680192049e-09
6.799520293650621e-09
7.651367207154475e-09
7.470956979872026e-09
3.148634937233771e-09
-1.160078277251114e-09
1.238353345091263e-09
1.550671005697362e-09
1.415173573908973e-09
1.710581974483763e-09
1.585215935208239e-09
1.899761028399924e-09
1.82535372800558e-09
2.124066235062438e-09
2.072836115847902e-09
2.325135450777805e-09
2.31152313213863e-09
2.540363933745694e-09
2.539090359691921e-09
2.763241756734483e-09
2.780806368576632e-09
2.951870925477555e-09
3.007654038215132e-09
3.16919163196381e-09
3.211777888011551e-09
3.374000410685011e-09
3.432714415308918e-09
3.57625940831682e-09
3.644634838950193e-09
3.776368727991006e-09
3.859131927243454e-09
3.977637683646202e-09
4.043952185952575e-09
4.19349415299224e-09
4.26376602921388e-09
4.36771694010606e-09
4.482807487880027e-09
4.593236588555043e-09
4.66685255458761e-09
4.821060269907764e-09
4.903574736953495e-09
5.005558574284072e-09
5.129794127193655e-09
5.232222575089884e-09
5.298824874623017e-09
5.432411015918394e-09
5.498686985201334e-09
5.574102509136072e-09
5.679287074015845e-09
5.759430969155371e-09
5.815851326363606e-09
5.940728477263067e-09
6.013290834655621e-09
6.09834586941775e-09
6.225125602804677e-09
6.32941066341593e-09
6.433720967576373e-09
6.619397115517453e-09
6.642326657673509e-09
6.790561203195372e-09
7.65057959673984e-09
7.604921833350558e-09
3.269894041657212e-09
-1.325930489218648e-09
1.161723631621499e-09
1.572804996658418e-09
1.37904254914111e-09
1.726226541612152e-09
1.569865990425221e-09
1.904785391610794e-09
1.818489818691202e-09
2.127756182368688e-09
2.072684538285381e-09
2.322974217958632e-09
2.313360034992394e-09
2.540539382848213e-09
2.538857528628804e-09
2.762628208633063e-09
2.782884148416373e-09
2.949473543251078e-09
3.008905970276105e-09
3.169384719287864e-09
3.212835707546107e-09
3.373492165502463e-09
3.433197449807088e-09
3.576702500277658e-09
3.645373423730851e-09
3.774927155192653e-09
3.860471855950064e-09
3.977955875119427e-09
4.04168915572317e-09
4.194033053313839e-09
4.265072077754105e-09
4.365094119403143e-09
4.4837948711133e-09
4.594311715539054e-09
4.664485631839828e-09
4.821875079963736e-09
4.905136765786473e-09
5.00369325431888e-09
5.131449105703672e-09
5.234082894265478e-09
5.29740825688945e-09
5.434247687447239e-09
5.500506705872141e-09
5.572005346871678e-09
5.680538824186752e-09
5.760236092010945e-09
5.812858647636204e-09
5.940792046889044e-09
6.013009490528236e-09
6.094078374931057e-09
6.224080259280188e-09
6.327948484647773e-09
6.427142630493425e-09
6.617941683831715e-09
6.649631774774846e-09
6.781018027246365e-09
7.651542786455321e-09
7.746737352202429e-09
3.396782733180686e-09
-1.487336185621945e-09
1.08170372137073e-09
1.587797774110576e-09
1.338358751739772e-09
1.742220487912055e-09
1.552058617418251e-09
1.910654765383683e-09
1.809512555216277e-09
2.132718190163082e-09
2.072181492429554e-09
2.319944777070326e-09
2.316392585205617e-09
2.541333861578261e-09
2.5375973293731e-09
2.76203631801768e-09
2.785496002983633e-09
2.94667260893897e-09
3.010292866916415e-09
3.169628991272257e-09
3.214871981204345e-09
3.373502523290759e-09
3.433233747828803e-09
3.576818348487178e-09
3.645799515555573e-09
3.772176801205013e-09
3.863343446139624e-09
3.9791607501707e-09
4.038411318539707e-09
4.194640123053747e-09
4.266858332025648e-09
4.361581210984036e-09
4.484951778368483e-09
4.595645970659475e-09
4.661634392478789e-09
4.82322429665831e-09
4.907261824240704e-09
5.000980033830115e-09
5.133519834429909e-09
5.236674584298565e-09
5.296001691735284e-09
5.436720977264617e-09
5.503083674320677e-09
5.569122809689597e-09
5.682221441929336e-09
5.761248110108196e-09
5.808912034243426e-09
5.940810550997436e-09
6.012593464297388e-09
6.088191792798564e-09
6.222634234284763e-09
6.325863647898017e-09
6.418615798020937e-09
6.615754929443898e-09
6.656780910381175e-09
6.770168171358757e-09
7.65137057157701e-09
7.894098155879274e-09
3.537367859457029e-09
-1.636258451231133e-09
9.913592258112621e-10
1.596189032082967e-09
1.29246785633762e-09
1.757214723585618e-09
1.533212803776075e-09
1.917130627234457e-09
1.797664344810734e-09
2.139644430664908e-09
2.071397451385835e-09
2.315836473542309e-09
2.320820525773752e-09
2.542643024144108e-09
2.534818612181877e-09
2.760507579661481e-09
2.788415217099478e-09
2.944712526092705e-09
3.011694627836246e-09
3.16948089775797e-09
3.218746991266182e-09
3.374046950989178e-09
3.432010407121483e-09
3.577114536529313e-09
3.645594989445642e-09
3.766535422665386e-09
3.868275859462027e-09
3.982457624798335e-09
4.034322584816315e-09
4.194728566837224e-09
4.269010449901242e-09
4.35762719789223e-09
4.486303375083466e-09
4.59698224644517e-09
4.658360259473686e-09
4.82464969548754e-09
4.909922659678816e-09
4.998051243936494e-09
5.136076658707775e-09
5.240077987731472e-09
5.294951274547639e-09
5.43916357405729e-09
5.506622036607848e-09
5.566281570546991e-09
5.68357206673942e-09
5.762394986853131e-09
5.804561528211236e-09
5.939759662424934e-09
6.01190283999526e-09
6.081192312493301e-09
6.21985897036231e-09
6.322824238587005e-09
6.408390611317211e-09
6.61136044302386e-09
6.663381181821559e-09
6.758102605761855e-09
7.643839229650228e-09
8.04195791224138e-09
3.705784389309153e-09
-1.760393367592362e-09
8.842187450441697e-10
1.60016613271088e-09
1.241325673072988e-09
1.769049603827024e-09
1.516286749480238e-09
1.924343877476152e-09
1.782438129538971e-09
2.149177825201803e-09
2.069708536526096e-09
2.308698182004519e-09
2.326722249650801e-09
2.544703328657588e-09
2.530791713232917e-09
2.758219043593606e-09
2.790439748854125e-09
2.945131349763734e-09
3.012624130988669e-09
3.16771285525545e-09
3.226075961656369e-09
3.374659668446473e-09
3.427971803657794e-09
3.580013080563074e-09
3.646070998989892e-09
3.756830002752816e-09
3.875060569021269e-09
3.986423135569063e-09
4.02932565788121e-09
4.194183882887601e-09
4.270952457941958e-09
4.354376710193391e-09
4.487807592937909e-09
4.597628046670235e-09
4.655252676639189e-09
4.825790499344836e-09
4.912524704885682e-09
4.995981631435339e-09
5.139249749661569e-09
5.244017825413634e-09
5.295203507303844e-09
5.440865286901683e-09
5.510605042610982e-09
5.564714245594985e-09
5.684100108108919e-09
5.763217166266021e-09
5.800745385283228e-09
5.937049690760574e-09
6.010297164547751e-09
6.073963805495177e-09
6.214954688428518e-09
6.317931144963309e-09
6.397317013187151e-09
6.603273362551148e-09
6.668252231703188e-09
6.745413764678648e-09
7.620117847184031e-09
8.179746744935619e-09
3.91724388987535e-09
-1.844908936014462e-09
7.595995737521282e-10
1.602289659714568e-09
1.18596396323384e-09
1.774980202432954e-09
1.504100850578023e-09
1.937152506534041e-09
1.764741798492051e-09
2.155298107685434e-09
2.067109369970663e-09
2.296596029180349e-09
2.330580230839419e-09
2.549791669950124e-09
2.5281458760173e-09
2.756391469464638e-09
2.790514408379496e-09
2.949160390937612e-09
3.012830662513701e-09
3.162747552808844e-09
3.237824206649964e-09
3.373802326034654e-09
3.419659883704019e-09
3.589408098556134e-09
3.650280829794184e-09
3.741650605986926e-09
3.878321595244974e-09
3.990188030426008e-09
4.02667349829956e-09
4.194670211641496e-09
4.27220111636914e-09
4.350903311482888e-09
4.488007564038783e-09
4.597537715261324e-09
4.653887354865815e-09
4.825369706673082e-09
4.915018080081974e-09
4.995796791740481e-09
5.142330729537223e-09
5.248042800837341e-09
5.297671118863846e-09
5.442562689621296e-09
5.514656170964572e-09
5.564826718348386e-09
5.686236103872229e-09
5.762590148027433e-09
5.795848832932291e-09
5.934278253664937e-09
6.00695061106028e-09
6.066018947031464e-09
6.208086635979645e-09
6.310602495151844e-09
6.385547634609859e-09
6.590949281608446e-09
6.669754849397666e-09
6.731730799484863e-09
7.573715324502404e-09
8.293067170233269e-09
4.177875301001988e-09
-1.876163296731735e-09
6.245957909588703e-10
1.605576319606987e-09
1.128695678771809e-09
1.7724922928851e-09
1.49890752749851e-09
1.957387069873265e-09
1.743889820342238e-09
2.14741871835721e-09
2.061944666350892e-09
2.295447346854374e-09
2.328880955655762e-09
2.552001280686818e-09
2.532142872662764e-09
2.754748849284386e-09
2.789381210564125e-09
2.957718414760052e-09
3.012021532137884e-09
3.152782508983397e-09
3.255768778735e-09
3.375901409418801e-09
3.404715790980421e-09
3.60310219535712e-09
3.659696771840666e-09
3.723615080436689e-09
3.874342910807387e-09
3.991092434862886e-09
4.028245072960353e-09
4.194026252560215e-09
4.273239170572162e-09
4.348303140192472e-09
4.486116178106204e-09
4.597310565204784e-09
4.654883969262193e-09
4.823204768645671e-09
4.917798646857798e-09
4.997528369407247e-09
5.144626464273903e-09
5.251846580696129e-09
5.302427874382944e-09
5.44526809383348e-09
5.518781583889764e-09
5.565911125997632e-09
5.688425500204081e-09
5.761337441550892e-09
5.791528203225511e-09
5.930667145251331e-09
6.002261571772909e-09
6.057490407986034e-09
6.199058163672092e-09
6.301040474782074e-09
6.372658874380239e-09
6.573567201421164e-09
6.666296678000553e-09
6.715913269348276e-09
7.502295953094351e-09
8.367688933692819e-09
4.481085332470187e-09
-1.845369773991829e-09
4.914029600515316e-10
1.6133910019241e-09
1.073888953730892e-09
1.762566447015897e-09
1.501796478511552e-09
1.97623699683643e-09
1.718476064737697e-09
2.132739531635417e-09
2.052922985391622e-09
2.309442192463467e-09
2.324401001793033e-09
2.547428514856751e-09
2.543043686923007e-09
2.751765450845333e-09
2.787326334588427e-09
2.972174909979688e-09
3.009095070690351e-09
3.137704669391398e-09
3.282258130188357e-09
3.386443725107851e-09
3.387636621416781e-09
3.602403275485827e-09
3.663675258404299e-09
3.718056274201407e-09
3.871698041720029e-09
3.98726062558e-09
4.029177560185181e-09
4.19051981035181e-09
4.27430350851131e-09
4.348426575854421e-09
4.4860926368205e-09
4.595707418769298e-09
4.654195545756756e-09
4.821945323327986e-09
4.920593029445703e-09
5.000316510176679e-09
5.147126814425119e-09
5.256199587399592e-09
5.309154870812918e-09
5.448172523229971e-09
5.522814020284654e-09
5.567885499543949e-09
5.687302386453614e-09
5.760473815528584e-09
5.790566449717855e-09
5.926026728423537e-09
5.996373807282095e-09
6.047685593441514e-09
6.18804333747531e-09
6.289330592752472e-09
6.35799070327887e-09
6.550800483034226e-09
6.656668567596045e-09
6.696567995040903e-09
7.407043124448061e-09
8.392762659392754e-09
4.81035801281324e-09
-1.752408508286618e-09
3.706019163145698e-10
1.631307872257248e-09
1.046254995924885e-09
1.75273591680288e-09
1.480114073986254e-09
1.979599184352775e-09
1.704372625470589e-09
2.127348367758673e-09
2.044011082894346e-09
2.322441245590439e-09
2.318801153544794e-09
2.541883795170416e-09
2.557486584609944e-09
2.746192589198836e-09
2.779312823147175e-09
2.995749649359181e-09
3.024699649960145e-09
3.124459964066077e-09
3.283493746897984e-09
3.388598664111207e-09
3.386133502258462e-09
3.591139912173804e-09
3.657930026609988e-09
3.724061578726781e-09
3.874705892806001e-09
3.984174069174585e-09
4.028990097356481e-09
4.189488405402746e-09
4.275162809243295e-09
4.346637165509135e-09
4.484593365478765e-09
4.593878821645942e-09
4.654136671499985e-09
4.820121641940263e-09
4.923226008078215e-09
5.004101436723661e-09
5.150047636173448e-09
5.261783254727021e-09
5.317782076060247e-09
5.451047377977594e-09
5.527731923304797e-09
5.57148006803526e-09
5.685598027165026e-09
5.758840633881676e-09
5.789088249874374e-09
5.919379300274877e-09
5.989899590607252e-09
6.038312724457001e-09
6.175070732065403e-09
6.275707675171911e-09
6.341074085416328e-09
6.52478183800453e-09
6.638701918054538e-09
6.670692049616451e-09
7.29313113597333e-09
8.362473347315745e-09
5.144117799076364e-09
-1.601897305620709e-09
2.743767035472459e-10
1.663350468110882e-09
1.041076321734987e-09
1.741956440105867e-09
1.435992858070678e-09
1.969976109047645e-09
1.704357039909251e-09
2.127398120230781e-09
2.03685780619732e-09
2.337949316252613e-09
2.313950340512789e-09
2.533579685308207e-09
2.574745859063997e-09
2.741283091535261e-09
2.7633160663114e-09
3.027332903758489e-09
3.054169874216899e-09
3.112679597687819e-09
3.260286349803234e-09
3.376648653692124e-09
3.395655534023686e-09
3.587227717604445e-09
3.655069401332616e-09
3.727239608051929e-09
3.875285459790361e-09
3.98341675444967e-09
4.031480750371443e-09
4.188377124170435e-09
4.276396874822598e-09
4.345061705946639e-09
4.479717020089915e-09
4.593027800289592e-09
4.656941044694134e-09
4.817234040316923e-09
4.925086473344333e-09
5.007972333155594e-09
5.15314001612035e-09
5.268402249681251e-09
5.329449888698884e-09
5.457903085127632e-09
5.533433239766081e-09
5.573304028960451e-09
5.682990133131268e-09
5.756877487369963e-09
5.786889775404602e-09
5.908631465250453e-09
5.983183738696927e-09
6.031203714812282e-09
6.160352235636885e-09
6.260793264648546e-09
6.322241335439925e-09
6.496681115448196e-09
6.611894173607038e-09
6.637331650620885e-09
7.165898255562988e-09
8.276109792532802e-09
5.463001782504109e-09
-1.378448909991368e-09
2.219251022220382e-10
1.67096946428001e-09
1.021093998649035e-09
1.739903159747955e-09
1.408916416333197e-09
1.964190972168651e-09
1.705436162643554e-09
2.125421939950149e-09
2.029763612347077e-09
2.359253031868346e-09
2.308514273030934e-09
2.517297258396029e-09
2.597679136010967e-09
2.763630481577739e-09
2.752996127816194e-09
3.024527892321114e-09
3.058568852343322e-09
3.110901516196103e-09
3.25106287687364e-09
3.367943897904737e-09
3.402103680514671e-09
3.584136377111585e-09
3.657230256166029e-09
3.730911438257282e-09
3.871236568139411e-09
3.983832018678154e-09
4.036949512813324e-09
4.184561361131698e-09
4.276601331285871e-09
4.345696171245708e-09
4.476484427902291e-09
4.591607614810373e-09
4.658065354791099e-09
4.814358059529635e-09
4.926614345129389e-09
5.012418270149118e-09
5.156511540108756e-09
5.275773052463228e-09
5.343345251889152e-09
5.466623623088284e-09
5.539607511047071e-09
5.575431404859635e-09
5.679979845598735e-09
5.754506724662543e-09
5.78462322243817e-09
5.896597401733463e-09
5.975165685659561e-09
6.023991569310288e-09
6.14457237560184e-09
6.245163401030879e-09
6.30269791760053e-09
6.464456279812407e-09
6.579934709343602e-09
6.600227199490745e-09
7.025327066178433e-09
8.132290864673713e-09
5.755296218436651e-09
-1.102244297221765e-09
2.087898151811437e-10
1.654762398014755e-09
9.963672852437678e-10
1.752609507480496e-09
1.391659516269049e-09
1.965741625895802e-09
1.710472073835589e-09
2.120369723060095e-09
2.017566079952188e-09
2.387694888878139e-09
2.304125425920602e-09
2.494580210757158e-09
2.628453373873503e-09
2.799873646058848e-09
2.746005742107801e-09
2.995627305431971e-09
3.045615458109279e-09
3.120261242262523e-09
3.247450964838884e-09
3.366596562167411e-09
3.40939236810326e-09
3.579801243455933e-09
3.660845646853264e-09
3.734943372326217e-09
3.865983212503337e-09
3.984251667500912e-09
4.043548781486437e-09
4.181889204059364e-09
4.275417846639993e-09
4.345729314550838e-09
4.47342767488691e-09
4.588983214967627e-09
4.657986692530364e-09
4.811737108451384e-09
4.927672721325157e-09
5.017476448482073e-09
5.16052439282274e-09
5.283314282022052e-09
5.358382760605289e-09
5.475247149755088e-09
5.545870758462173e-09
5.579855086768607e-09
5.677419831002253e-09
5.75155410576673e-09
5.782273307180791e-09
5.883529204682279e-09
5.966191423753756e-09
6.017126109545132e-09
6.128002104153433e-09
6.229489008562634e-09
6.283914689301713e-09
6.429945944014885e-09
6.544568327208718e-09
6.560930639028918e-09
6.876645174097218e-09
7.937668630597854e-09
6.014862048505821e-09
-8.310603207914693e-10
2.333389291418868e-10
1.658310169124306e-09
9.864865538455727e-10
1.766712015472733e-09
1.377104512784704e-09
1.971601954692311e-09
1.718183242619002e-09
2.11199237197125e-09
1.996028249704285e-09
2.42420746186718e-09
2.32696584328312e-09
2.482329598114974e-09
2.626523843020332e-09
2.805500732908411e-09
2.745749701725518e-09
2.984040325297403e-09
3.03805137924238e-09
3.129661537505913e-09
3.243454975712884e-09
3.367795745964632e-09
3.417085576417894e-09
3.575814034227865e-09
3.663480992925194e-09
3.7380151219335e-09
3.860779610689217e-09
3.984319981468845e-09
4.050987118096387e-09
4.180405792892848e-09
4.27370233988452e-09
4.346166758978603e-09
4.470047810247418e-09
4.584585800343097e-09
4.656915956516136e-09
4.809313243121629e-09
4.927572418486485e-09
5.022398681424991e-09
5.164886512439639e-09
5.291545163499756e-09
5.376623745197823e-09
5.484359254938526e-09
5.552717151693561e-09
5.586175946545459e-09
5.673219222447962e-09
5.747828356013201e-09
5.780352200228292e-09
5.869105534087982e-09
5.956176012449493e-09
6.01137160371312e-09
6.110786830771747e-09
6.2135481628445e-09
6.265572201477359e-09
6.39424459164445e-09
6.503377710632394e-09
6.51993713439523e-09
6.75260031016542e-09
7.720286874709142e-09
6.201805418635958e-09
-5.6795638922226e-10
2.943205566506256e-10
1.674809657480645e-09
9.898925533044105e-10
1.781765082800545e-09
1.361093088346448e-09
1.976270104848133e-09
1.727198124413955e-09
2.1279241163163e-09
1.988841652391732e-09
2.430100235882291e-09
2.342021732166066e-09
2.493284630333912e-09
2.598892085841667e-09
2.794973986347587e-09
2.759888091676512e-09
2.977362696299486e-09
3.037242173631406e-09
3.142304380622184e-09
3.239150732324647e-09
3.368226911997083e-09
3.423642567728697e-09
3.572946278862666e-09
3.665447245954745e-09
3.741163004256543e-09
3.855073960227713e-09
3.983628353404197e-09
4.059753730917893e-09
4.180221029386552e-09
4.270746433386645e-09
4.346700964160835e-09
4.466708334919592e-09
4.578723726099551e-09
4.654900344066964e-09
4.806997099119189e-09
4.926980774373475e-09
5.027930566922986e-09
5.167657896243826e-09
5.301328130952872e-09
5.400413125038267e-09
5.491477190148748e-09
5.559219069889529e-09
5.595318941020869e-09
5.66690973816389e-09
5.742924247391343e-09
5.779301673310588e-09
5.85424775070003e-09
5.94536678771758e-09
6.006802042776108e-09
6.09311368257222e-09
6.197451743360975e-09
6.248718147660703e-09
6.359188263748255e-09
6.460483165782185e-09
6.480918797384126e-09
6.645699004660642e-09
7.484596873208582e-09
6.322995493761951e-09
-3.010291820648034e-10
3.717236290332777e-10
1.694770256675408e-09
1.000123336279652e-09
1.798177720352713e-09
1.343673161557085e-09
1.981544537507934e-09
1.74069498367195e-09
2.158575867964431e-09
1.996963470889471e-09
2.411059551894126e-09
2.321840741593011e-09
2.512891942302195e-09
2.583420915822816e-09
2.790561746767605e-09
2.775236722082983e-09
2.971100255260241e-09
3.037831496794154e-09
3.155193613906453e-09
3.235864326044282e-09
3.367492238407205e-09
3.429933996969231e-09
3.570627568971646e-09
3.666706893771655e-09
3.745057214566506e-09
3.848615519365235e-09
3.981538019835889e-09
4.069653857179222e-09
4.181474782186467e-09
4.266936256378205e-09
4.347207309067091e-09
4.463469113574569e-09
4.572316047718557e-09
4.653031571860538e-09
4.804054438096154e-09
4.92713047503894e-09
5.036131527928825e-09
5.167573677363643e-09
5.310474754059114e-09
5.429186461874552e-09
5.498805449366367e-09
5.56273152823707e-09
5.604683342456899e-09
5.660050306580365e-09
5.737111132427561e-09
5.779312168106288e-09
5.840308187467594e-09
5.933824641856147e-09
6.003263981624034e-09
6.07620636644753e-09
6.1818021488742e-09
6.235255270759047e-09
6.327729300126958e-09
6.421008155558326e-09
6.447266585440207e-09
6.535425312002472e-09
7.222441302416155e-09
6.419234147448707e-09
-4.405262548069119e-11
4.589874928272186e-10
1.715712779277837e-09
1.012184122194639e-09
1.81640713869402e-09
1.325406646436563e-09
1.98949014293761e-09
1.759774598991154e-09
2.177599245112242e-09
1.995724521031145e-09
2.402063318010302e-09
2.300374556039451e-09
2.527996060043378e-09
2.57207717192862e-09
2.791506494766808e-09
2.788725758364661e-09
2.965410993909572e-09
3.038167071593908e-09
3.168628630670009e-09
3.233549302506785e-09
3.365290340489109e-09
3.436411765134426e-09
3.568647320702114e-09
3.667157787893529e-09
3.749992724622415e-09
3.841760661479623e-09
3.97778028653602e-09
4.080752232544125e-09
4.183707318544996e-09
4.262892625219546e-09
4.348771807593142e-09
4.459758740582707e-09
4.566415695608932e-09
4.65262087074971e-09
4.799968907857461e-09
4.926770491297762e-09
5.04658127475366e-09
5.166371836916336e-09
5.316322570740415e-09
5.459836593002388e-09
5.507732643933515e-09
5.563508165897701e-09
5.61403762987523e-09
5.655272721713204e-09
5.730789639708098e-09
5.779278492984279e-09
5.827640101738621e-09
5.920753395454388e-09
6.001452313662213e-09
6.060910701552272e-09
6.166579547475107e-09
6.225337321223939e-09
6.299529134213728e-09
6.383842547448385e-09
6.419256452298537e-09
6.438068429530871e-09
6.952209756772347e-09
6.487209598774076e-09
1.835780808912696e-10
5.520619989245344e-10
1.736638887009197e-09
1.022222043128024e-09
1.835049032084726e-09
1.304335038588709e-09
1.995458074755458e-09
1.780909801752404e-09
2.195210208910243e-09
1.987912996919693e-09
2.397385688528114e-09
2.281643630384963e-09
2.540174933217653e-09
2.569307367380053e-09
2.793929130687425e-09
2.795560590033219e-09
2.961159733661757e-09
3.037382442055563e-09
3.182606369393755e-09
3.232519455211373e-09
3.361587975175268e-09
3.442926758444751e-09
3.567067823261575e-09
3.666785927579584e-09
3.755798604179189e-09
3.835252960082641e-09
3.972586566447624e-09
4.093014107112086e-09
4.186916802805391e-09
4.258161476962665e-09
4.35163127444866e-09
4.455905250196102e-09
4.560121565725793e-09
4.653245237051794e-09
4.796408940116103e-09
4.925022200138564e-09
5.057926635544984e-09
5.165920631566746e-09
5.318824698815356e-09
5.490446472205141e-09
5.52057938474885e-09
5.561506467521722e-09
5.621307154899695e-09
5.653751717063354e-09
5.723583753402982e-09
5.779295694046292e-09
5.816053449008065e-09
5.906731221679302e-09
6.002167377375944e-09
6.047583532884393e-09
6.152147649594461e-09
6.21902456923612e-09
6.2752967836389e-09
6.349832736679054e-09
6.397367250046721e-09
6.359363094893434e-09
6.695553955810909e-09
6.526505291282385e-09
3.659177928657213e-10
6.493667759620445e-10
1.757224946700226e-09
1.028262727857155e-09
1.852631231770946e-09
1.280741549006423e-09
1.997724362019033e-09
1.801684740994491e-09
2.213177196414461e-09
1.977892407570916e-09
2.396903265813336e-09
2.26534371934602e-09
2.549417903889786e-09
2.571091780665787e-09
2.796307732271923e-09
2.799031631521114e-09
2.958376345912787e-09
3.035447036435296e-09
3.19640459857761e-09
3.233189845659694e-09
3.356770283033529e-09
3.448823485683548e-09
3.566115602218252e-09
3.665744858028893e-09
3.761700782923883e-09
3.829811219110568e-09
3.966282245187321e-09
4.105166698277475e-09
4.191998746465566e-09
4.252581585485188e-09
4.353922694106852e-09
4.453496861948346e-09
4.553100039385147e-09
4.653529540761112e-09
4.79454659264816e-09
4.922038844791915e-09
5.06875916566945e-09
5.169338353432824e-09
5.322599162976388e-09
5.517459973588484e-09
5.532721112936806e-09
5.557014464139478e-09
5.627070800063e-09
5.654197270130951e-09
5.716196397124508e-09
5.780056195836002e-09
5.80573650994031e-09
5.893403243698278e-09
6.005170698562791e-09
6.036965750046514e-09
6.139262010557392e-09
6.215990260274437e-09
6.256012837430239e-09
6.320413470752763e-09
6.381678659595389e-09
6.300758685594139e-09
6.470867205497688e-09
6.53575849996484e-09
4.944311583301044e-10
7.499029676049085e-10
1.77707365722026e-09
1.030162559336238e-09
1.867884275042818e-09
1.256500895140674e-09
1.996617183890004e-09
1.820203467465218e-09
2.2309357219729e-09
1.967835184730278e-09
2.40017011166612e-09
2.251886115540607e-09
2.555282761213833e-09
2.572454478442331e-09
2.799076578802893e-09
2.802940854713056e-09
2.9563210929399e-09
3.032873342003629e-09
3.20893831922085e-09
3.235835774254996e-09
3.351638842070275e-09
3.453203300655343e-09
3.565966015861626e-09
3.664467803310878e-09
3.766663022361953e-09
3.826044945971703e-09
3.959473925861324e-09
4.115715590026853e-09
4.199230709975313e-09
4.246933279898437e-09
4.354185686520276e-09
4.453238614864835e-09
4.546370314736438e-09
4.652418974015629e-09
4.794182687819696e-09
4.91693200146033e-09
5.074069401015078e-09
5.182098774791816e-09
5.34246634110198e-09
5.532949550068927e-09
5.531427208307236e-09
5.553534608232141e-09
5.632432195482933e-09
5.656240510237956e-09
5.70987012294556e-09
5.780908350293506e-09
5.797365797948206e-09
5.881955450134993e-09
6.009435797962716e-09
6.029668305057616e-09
6.128870185718684e-09
6.215493268128587e-09
6.2424240335134e-09
6.296910301612779e-09
6.371316168503442e-09
6.260419335487741e-09
6.290826347295335e-09
6.515211134650326e-09
5.707516154861069e-10
8.508015997123083e-10
1.794641544828084e-09
1.029209868060443e-09
1.87993907416893e-09
1.234023191025104e-09
1.99351133442487e-09
1.834568439151261e-09
2.24726808008866e-09
1.959329289111359e-09
2.405780315617389e-09
2.241402499271742e-09
2.557318497003763e-09
2.575111337923079e-09
2.803036142833694e-09
2.804971374553992e-09
2.954622005923247e-09
3.03037756985402e-09
3.219321730195885e-09
3.240314342577747e-09
3.347131468891427e-09
3.455382311412801e-09
3.566564827148673e-09
3.663609002652936e-09
3.769797990948169e-09
3.82421074974969e-09
3.953142692865389e-09
4.123626712570954e-09
4.208032984731926e-09
4.241946966604132e-09
4.351772915635537e-09
4.454818130202515e-09
4.541026326699869e-09
4.649870576413286e-09
4.795825268037951e-09
4.911783948997694e-09
5.074978776377512e-09
5.198442010428481e-09
5.374385562890267e-09
5.540511088441045e-09
5.518070776953368e-09
5.551179468974184e-09
5.636599331200422e-09
5.659489707938604e-09
5.705376703686779e-09
5.78126491060808e-09
5.791230415693112e-09
5.873187957449139e-09
6.013648931782258e-09
6.025700788654695e-09
6.121792683470199e-09
6.216395491183074e-09
6.234443906728018e-09
6.280235166248117e-09
6.365230227686741e-09
6.234465398617089e-09
6.159969662030634e-09
6.46896085288391e-09
6.052555921944711e-10
9.4664370028984e-10
1.806750454836923e-09
1.027341403358414e-09
1.888389901016263e-09
1.215257663457592e-09
1.990495002632739e-09
1.843639244884377e-09
2.260717840050288e-09
1.953465605514524e-09
2.411941176502153e-09
2.234059414183014e-09
2.556038561858136e-09
2.57886035866305e-09
2.807865499397083e-09
2.804963887164213e-09
2.953413596913445e-09
3.028488372205578e-09
3.22713169477321e-09
3.246047681973425e-09
3.344173509388614e-09
3.455183616184614e-09
3.567495329001868e-09
3.663932670615386e-09
3.770761471984332e-09
3.823882201897956e-09
3.948096454017706e-09
4.128601642120126e-09
4.217604639658901e-09
4.238247829783005e-09
4.346628428714222e-09
4.45731468305531e-09
4.537795277931766e-09
4.646228329718373e-09
4.799825446456795e-09
4.909130849234918e-09
5.074974933241955e-09
5.211556786776464e-09
5.404110694532133e-09
5.546702648779315e-09
5.502329621949223e-09
5.548266260703739e-09
5.639251049096027e-09
5.663030866317399e-09
5.703050909931941e-09
5.781049744736733e-09
5.787081494993155e-09
5.867454936985716e-09
6.016671784422865e-09
6.024473170134187e-09
6.118628527637818e-09
6.21753133574784e-09
6.230932216051126e-09
6.270523189452338e-09
6.362680430969872e-09
6.218689517576013e-09
6.075344451413458e-09
6.404833180086087e-09
6.119276671874873e-10
1.031987433222985e-09
1.810439363310871e-09
1.025531766575347e-09
1.893329405409355e-09
1.200959484024358e-09
1.990149313032249e-09
1.848958890698581e-09
2.26934243718226e-09
1.949821454616985e-09
2.417638850682682e-09
2.229238320884446e-09
2.552714961013168e-09
2.5828293276169e-09
2.81265144829707e-09
2.803803417599394e-09
2.952638894041235e-09
3.027331864265009e-09
3.23253518013603e-09
3.252023392086359e-09
3.34322193370775e-09
3.453173609936964e-09
3.568197591656839e-09
3.665980314735021e-09
3.769801862613396e-09
3.824265910153631e-09
3.944904201929073e-09
4.130919289089786e-09
4.226676982179318e-09
4.236103172274993e-09
4.339560426632134e-09
4.459648467087475e-09
4.536875858962856e-09
4.642283430818808e-09
4.805069710695662e-09
4.908887255071484e-09
5.074512140547189e-09
5.221869682220281e-09
5.428351248271256e-09
5.551371409499394e-09
5.488238526900502e-09
5.545575961880107e-09
5.640465582132706e-09
5.665716695512502e-09
5.702673411408166e-09
5.780655411652593e-09
5.784374739013271e-09
5.864707207717535e-09
6.017987534333565e-09
6.024586643401761e-09
6.119591328448315e-09
6.218597072964808e-09
6.230176946226768e-09
6.267046130383577e-09
6.363250840156711e-09
6.209600839327583e-09
6.028347729355177e-09
6.332121692041973e-09
6.012549665100298e-10
1.106356960274115e-09
1.807133460935696e-09
1.02287777946607e-09
1.895366831095403e-09
1.189672623395851e-09
1.994569449696298e-09
1.854818057237813e-09
2.271521540346699e-09
1.946124162375076e-09
2.422447874611716e-09
2.22633675246681e-09
2.548783775435068e-09
2.586408686564247e-09
2.816731315470313e-09
2.803387748991079e-09
2.952481911634114e-09
3.025818543745097e-09
3.235968708370772e-09
3.257542435261027e-09
3.343791172593453e-09
3.450732911341438e-09
3.568858680422559e-09
3.669347697981889e-09
3.767681395481155e-09
3.824563193944793e-09
3.942738778000776e-09
4.131867648085839e-09
4.234640616054043e-09
4.234767704641903e-09
4.33193342804358e-09
4.46134710007217e-09
4.537308436222753e-09
4.638378822086274e-09
4.810447692271542e-09
4.910306277139162e-09
5.074191733850742e-09
5.230751772233685e-09
5.447439352969366e-09
5.553828590845199e-09
5.476483091298897e-09
5.544222091138889e-09
5.641744468740754e-09
5.667423792206506e-09
5.702568328477831e-09
5.780036534178346e-09
5.783152582010566e-09
5.864369356323984e-09
6.018153378655126e-09
6.025349903236973e-09
6.123678211739753e-09
6.219759260832717e-09
6.231272061881441e-09
6.268216682227669e-09
6.366269161347847e-09
6.204707016066712e-09
6.007250945115003e-09
6.256482331602254e-09
5.790570904678673e-10
1.172221718534181e-09
1.800526686848806e-09
1.018477527876363e-09
1.895543256365867e-09
1.180075101307381e-09
2.002552549761228e-09
1.863286429821721e-09
2.268276579712987e-09
1.94066301401013e-09
2.426231743642511e-09
2.225605457913607e-09
2.545615329464795e-09
2.589367643209767e-09
2.819560641221173e-09
2.804882608363033e-09
2.953173686358701e-09
3.023047590377986e-09
3.238397181522022e-09
3.262487081857965e-09
3.344404429024182e-09
3.448597753722749e-09
3.570100301790403e-09
3.673445033216914e-09
3.764934875666254e-09
3.8241552058982e-09
3.940528267625834e-09
4.133035047360366e-09
4.241838185857974e-09
4.233030739141669e-09
4.324739594869481e-09
4.462895496410334e-09
4.537908305489757e-09
4.633975503028402e-09
4.815280556821603e-09
4.913095909608341e-09
5.074754435497123e-09
5.238887800997323e-09
5.461713237547369e-09
5.554338271418274e-09
5.467700566281096e-09
5.544719545506087e-09
5.644156799675902e-09
5.668623686983512e-09
5.701238132050566e-09
5.778792686582659e-09
5.783556582759143e-09
5.865917180303844e-09
6.018177785574776e-09
6.026868801488609e-09
6.129508400006011e-09
6.220860669465829e-09
6.233970615448792e-09
6.272757822234381e-09
6.370551945790637e-09
6.202182271865306e-09
6.002090003580084e-09
6.179723782993438e-09
5.48495355666046e-10
1.231201591496948e-09
1.793185055389017e-09
1.012357740635286e-09
1.894680249015806e-09
1.172098747722758e-09
2.011653558836771e-09
1.873441985836047e-09
2.26189124580279e-09
1.933582261322685e-09
2.429105350791939e-09
2.226914040387295e-09
2.543451036361644e-09
2.591964611791078e-09
2.821046020545931e-09
2.808269192671167e-09
2.954826918712429e-09
3.018901729053349e-09
3.240666690366353e-09
3.267322295299001e-09
3.344323080487513e-09
3.446420584813775e-09
3.571928105706445e-09
3.67831485481291e-09
3.762344898184914e-09
3.822660005798423e-09
3.93714680840603e-09
4.135089700469025e-09
4.248907786247678e-09
4.230640791538272e-09
4.318495769554528e-09
4.464575677273923e-09
4.538130950046943e-09
4.628765842593385e-09
4.819035186122594e-09
4.91659280364305e-09
5.076214293279736e-09
5.246483257841231e-09
5.471862298219863e-09
5.553538047665023e-09
5.462084338568744e-09
5.546975748129045e-09
5.64763377664889e-09
5.669533429938134e-09
5.698777561436743e-09
5.777520234514834e-09
5.78549727421365e-09
5.868835920966124e-09
6.018524367222593e-09
6.028748891973997e-09
6.136252225649091e-09
6.222320915200429e-09
6.237416803380931e-09
6.27913383186536e-09
6.375914614819877e-09
6.201587656012157e-09
6.006822842655007e-09
6.102451297216525e-09
5.096870409701468e-10
1.282520998021143e-09
1.78676323478174e-09
1.004646803424296e-09
1.89317805049221e-09
1.165513903473966e-09
2.020649661913115e-09
1.884462231298601e-09
2.25367846151743e-09
1.926216581350893e-09
2.431378806376809e-09
2.229183087011121e-09
2.542155722166652e-09
2.594390544272833e-09
2.82125818670856e-09
2.812988759102748e-09
2.957067122121349e-09
3.013877603884244e-09
3.243393626450447e-09
3.272144140721604e-09
3.343305326541842e-09
3.444591551161433e-09
3.574245481787471e-09
3.683343662967909e-09
3.760414955882114e-09
3.820554605690672e-09
3.932208344319194e-09
4.137496991653103e-09
4.255848272655398e-09
4.227897606587185e-09
4.313598830421724e-09
4.466524195477829e-09
4.537762501081369e-09
4.623272687960529e-09
4.82140702229416e-09
4.919390609159145e-09
5.078286538684949e-09
5.253810562769938e-09
5.47895938425162e-09
5.552119166323986e-09
5.459120537134813e-09
5.550483368907538e-09
5.651769382428666e-09
5.670317268210619e-09
5.696110972887711e-09
5.777258486978578e-09
5.788745125614519e-09
5.872586786721427e-09
6.019420083196822e-09
6.030368907728196e-09
6.143100264157407e-09
6.224936687618834e-09
6.241117372833808e-09
6.285901260769351e-09
6.382440806595935e-09
6.203440381566723e-09
6.019462267821128e-09
6.026222699731333e-09
4.621230945406953e-10
1.322801162064643e-09
1.782432371406528e-09
9.952293479136184e-10
1.891193117514489e-09
1.160141070171711e-09
2.028886036795242e-09
1.896016820396282e-09
2.244363063535173e-09
1.919847801204396e-09
2.433258284930398e-09
2.231124509184551e-09
2.541295794984203e-09
2.596814360933488e-09
2.820310321475361e-09
2.818650414979822e-09
2.959573937863733e-09
3.008343707064593e-09
3.246807883820849e-09
3.276937180263062e-09
3.341499119430197e-09
3.443582264981807e-09
3.576730308621258e-09
3.687899814931006e-09
3.759470082763218e-09
3.818032239699123e-09
3.925655663851033e-09
4.140175069386777e-09
4.262662930939343e-09
4.225044850195954e-09
4.310196000597554e-09
4.468746379621463e-09
4.536845233722831e-09
4.618172153829169e-09
4.822074777026776e-09
4.920169944092532e-09
5.080718980950217e-09
5.261305533891586e-09
5.484088168918313e-09
5.550546584182027e-09
5.458002121773535e-09
5.554523045107573e-09
5.656380987377873e-09
5.671099130600509e-09
5.693835307019519e-09
5.778705346615564e-09
5.793199510511863e-09
5.876884388151775e-09
6.021002323421344e-09
6.031586791684565e-09
6.149311998124479e-09
6.228659436861646e-09
6.245137806126313e-09
6.292714312311352e-09
6.389907765156572e-09
6.20777164736466e-09
6.039761004337774e-09
5.955131260768719e-09
4.074255562547721e-10
1.345543815809574e-09
1.780972422693677e-09
9.840494790152161e-10
1.888870414606438e-09
1.156235467964221e-09
2.035527001410958e-09
1.907728155228773e-09
2.234399146258898e-09
1.915372636815405e-09
2.43472836180654e-09
2.232205464492069e-09
2.54052001366059e-09
2.599118256145306e-09
2.81809743128599e-09
2.825176488284604e-09
2.962157640390446e-09
3.002399632430717e-09
3.25097303749464e-09
3.281621773774075e-09
3.338807748357646e-09
3.443447764000418e-09
3.579224227596145e-09
3.691911876890519e-09
3.759830263381445e-09
3.815012737363982e-09
3.917649822526889e-09
4.143499332210394e-09
4.26916660466017e-09
4.221808374044301e-09
4.308143206466967e-09
4.471168906170826e-09
4.535926546995686e-09
4.614273815250593e-09
4.820936477438318e-09
4.918342432048504e-09
5.083289834964311e-09
5.269215546201305e-09
5.48790709579843e-09
5.548671998600283e-09
5.457654887443229e-09
5.558441093443795e-09
5.661826789469262e-09
5.672194640940214e-09
5.692015240399978e-09
5.782126913100602e-09
5.798785774887912e-09
5.881303919536303e-09
6.022841366355044e-09
6.032499363778756e-09
6.154641250787981e-09
6.233135814643835e-09
6.249254221945554e-09
6.299369933311999e-09
6.398285743576671e-09
6.21452733683498e-09
6.067021586591832e-09
5.896411370164613e-09
3.524277927769174e-10
1.338979919942837e-09
1.781968622028333e-09
9.720562657920958e-10
1.886760075159037e-09
1.154708234819707e-09
2.039096359195727e-09
1.9184157920997e-09
2.224087377745452e-09
1.913459802668133e-09
2.435168017716014e-09
2.232588354229976e-09
2.540726393753324e-09
2.600505875235585e-09
2.814510395214803e-09
2.83241724471478e-09
2.964164465932975e-09
2.996688141473048e-09
3.256200411943036e-09
3.285463685586674e-09
3.334423021576821e-09
3.444726891708e-09
3.582057014840403e-09
3.694994121824393e-09
3.76104714512463e-09
3.812013116434867e-09
3.909629957362272e-09
4.147053724911188e-09
4.274342572944907e-09
4.218173452212726e-09
4.307188169702617e-09
4.473713174158752e-09
4.535521619855012e-09
4.612511563935568e-09
4.818021319384819e-09
4.913982331778197e-09
5.086142222480662e-09
5.276834673742669e-09
5.490131846890331e-09
5.546222741416884e-09
5.457191256787436e-09
5.561629963428553e-09
5.668688970010326e-09
5.674125609791102e-09
5.690587638751299e-09
5.786990508735731e-09
5.804712909799382e-09
5.884899453062436e-09
6.024380671812072e-09
6.033355468032618e-09
6.159133133395488e-09
6.238400043364391e-09
6.253250151624993e-09
6.305315266168364e-09
6.40665357530227e-09
6.223582788959908e-09
6.098773763156689e-09
5.863118257209522e-09
3.145797525194662e-10
1.297791847091439e-09
1.781761176291201e-09
9.623060604103802e-10
1.885781288744271e-09
1.156633131251962e-09
2.038627839642391e-09
1.924735798837902e-09
2.215346194545234e-09
1.913805431295245e-09
2.433599660037887e-09
2.233222176325628e-09
2.54194581994105e-09
2.60098625696471e-09
2.809940018343244e-09
2.839482633977232e-09
2.965918585398428e-09
2.991534092609868e-09
3.260794407534262e-09
3.288354806374529e-09
3.330107925891832e-09
3.44653757481486e-09
3.58436435262314e-09
3.696993401979983e-09
3.763439660303424e-09
3.808914111392253e-09
3.902333530336178e-09
4.151024298778182e-09
4.277225965697069e-09
4.214653665457406e-09
4.308219100146122e-09
4.475214305648322e-09
4.535511556121965e-09
4.613114106350609e-09
4.81387618926876e-09
4.908719018904226e-09
5.088793407928269e-09
5.282455395774339e-09
5.490548826876818e-09
5.543433410381503e-09
5.456250238602347e-09
5.563925379989626e-09
5.676079616728703e-09
5.67643483613931e-09
5.689338049791868e-09
5.792346283399809e-09
5.809660592109708e-09
5.886590808751761e-09
6.025250273854753e-09
6.034231614383892e-09
6.162013536538484e-09
6.243378362405768e-09
6.256380575476919e-09
6.309320274769238e-09
6.412975846376493e-09
6.232759416411614e-09
6.126382723492311e-09
5.868088559028581e-09
3.066186416263147e-10
1.263711541009652e-09
1.783676811620647e-09
9.588829052991016e-10
1.88602723751323e-09
1.159212725557406e-09
2.035675493656305e-09
1.925462058506161e-09
2.211754149209531e-09
1.914621240998103e-09
2.431202998281542e-09
2.234904803279539e-09
2.5426213260487e-09
2.60020361662387e-09
2.807709858223099e-09
2.843638321434356e-09
2.966695846379443e-09
2.989106775338855e-09
3.262624289764474e-09
3.289439549264662e-09
3.328758476137945e-09
3.448141941108705e-09
3.585163962446956e-09
3.697853413292021e-09
3.764987809287428e-09
3.806545337065719e-09
3.89852873398406e-09
4.152972033051291e-09
4.277718724255452e-09
4.213778270026416e-09
4.31001129842659e-09
4.475309826646716e-09
4.535741675792244e-09
4.613558377996305e-09
4.810286218438561e-09
4.906207096454047e-09
5.090068156194454e-09
5.283920751621057e-09
5.489623915809801e-09
5.542187828505452e-09
5.456369910468506e-09
5.5651388520105e-09
5.680364870800514e-09
5.677909221791079e-09
5.689253501119432e-09
5.795651298602915e-09
5.811660887486722e-09
5.886414626217332e-09
6.025270244317084e-09
6.034411729163857e-09
6.16260264734934e-09
6.245820834394328e-09
6.257448612832595e-09
6.310559180417498e-09
6.415267361185149e-09
6.237422493914496e-09
6.133346159232052e-09
5.884031175408461e-09
3.074990538390148e-10
1.249677577484173e-09
1.792029193234226e-09
9.591504210267633e-10
1.887475012457759e-09
1.159078791484085e-09
2.032345466767804e-09
1.923480383708914e-09
2.213596063387011e-09
1.914098594301808e-09
2.429595332317276e-09
2.237402865454557e-09
2.541565210484531e-09
2.598679621774723e-09
2.808878534567011e-09
2.844835843677724e-09
2.96643958300069e-09
2.989115495698416e-09
3.262106065789393e-09
3.289222656704432e-09
3.33043107654224e-09
3.449033771131582e-09
3.584806189012292e-09
3.698400269756882e-09
3.764742325807037e-09
3.804617975766795e-09
3.898084609415339e-09
4.152857085517731e-09
4.277083765329235e-09
4.215600270614618e-09
4.311200666269757e-09
4.474502992862543e-09
4.536350030855669e-09
4.612172065010026e-09
4.80777710611882e-09
4.907032961725741e-09
5.089867690641885e-09
5.28213818493135e-09
5.488384483675007e-09
5.543283092188098e-09
5.458084499887095e-09
5.565767964307363e-09
5.68132246177267e-09
5.678252835267636e-09
5.690367602786779e-09
5.796670742151725e-09
5.810911903582968e-09
5.885271776717643e-09
6.024851606520996e-09
6.033838167337296e-09
6.162074831153135e-09
6.246023021370963e-09
6.256868145034276e-09
6.310299782907105e-09
6.416136948797742e-09
6.241885914264387e-09
6.126228174618918e-09
5.894646602870917e-09
)
;

boundaryField
{
    inlet
    {
        type            cyclic;
    }
    outlet
    {
        type            cyclic;
    }
    bottomWall
    {
        type            zeroGradient;
    }
    topWall
    {
        type            zeroGradient;
    }
    left
    {
        type            cyclic;
    }
    right
    {
        type            cyclic;
    }
}


// ************************************************************************* //
