/*--------------------------------*- C++ -*----------------------------------*\
| =========                 |                                                 |
| \\      /  F ield         | OpenFOAM: The Open Source CFD Toolbox           |
|  \\    /   O peration     | Version:  v1812                                 |
|   \\  /    A nd           | Web:      www.OpenFOAM.com                      |
|    \\/     M anipulation  |                                                 |
\*---------------------------------------------------------------------------*/
FoamFile
{
    version     2.0;
    format      ascii;
    class       volScalarField;
    location    "20000";
    object      nuTilda_0;
}
// * * * * * * * * * * * * * * * * * * * * * * * * * * * * * * * * * * * * * //

dimensions      [0 2 -1 0 0 0 0];


internalField   nonuniform List<scalar> 
3770
(
0.0004781331918027805
0.0004781331918027228
0.0004781331918027453
0.000478133191802725
0.0004781331918027348
0.0004781331918027202
0.0004781331918027222
0.0004781331918027275
0.0004781331918027217
0.0004781331918027194
0.0004781331918027284
0.0004781331918027328
0.0004781331918027262
0.0004781331918027164
0.0004781331918027162
0.0004781331918027223
0.0004781331918027167
0.0004781331918027154
0.0004781331918027246
0.0004781331918027173
0.000478133191802716
0.0004781331918027249
0.0004781331918027174
0.0004781331918027161
0.0004781331918027242
0.0004781331918027167
0.0004781331918027152
0.0004781331918027241
0.0004781331918027173
0.0004781331918027172
0.0004781331918027207
0.0004781331918027258
0.0004781331918027236
0.00047813319180272
0.0004781331918027147
0.0004781331918027155
0.0004781331918027216
0.0004781331918027172
0.0004781331918027169
0.0004781331918027229
0.0004781331918027169
0.0004781331918027178
0.0004781331918027314
0.0004781331918027426
0.0004781331918027334
0.0004781331918027222
0.0004781331918027213
0.0004781331918027302
0.0004781331918027239
0.0004781331918027278
0.0004781331918027345
0.0004781331918027383
0.0004781331918027383
0.000478133191802743
0.0004781331918027408
0.0004781331918027612
0.0004781331918027585
0.0004781331918027812
0.0003920894708061971
0.0003920894708084107
0.000392089470806808
0.0003920894708073134
0.0003920894708064407
0.0003920894708076669
0.0003920894708070138
0.0003920894708061176
0.000392089470806983
0.0003920894708066901
0.0003920894708060418
0.0003920894708069645
0.000392089470806931
0.0003920894708071729
0.0003920894708068503
0.0003920894708061558
0.0003920894708070287
0.0003920894708066274
0.00039208947080573
0.0003920894708067253
0.0003920894708064158
0.0003920894708055733
0.0003920894708065833
0.0003920894708063728
0.0003920894708055958
0.0003920894708066423
0.0003920894708064573
0.000392089470805675
0.0003920894708066227
0.000392089470806447
0.0003920894708058124
0.000392089470806731
0.0003920894708065183
0.0003920894708060556
0.0003920894708069449
0.000392089470806662
0.0003920894708060533
0.0003920894708066824
0.0003920894708062849
0.0003920894708057856
0.0003920894708067123
0.0003920894708064473
0.0003920894708058821
0.0003920894708063524
0.0003920894708061203
0.0003920894708065056
0.0003920894708062687
0.0003920894708057106
0.0003920894708066037
0.0003920894708063833
0.000392089470805529
0.0003920894708057235
0.0003920894708057155
0.0003920894708065805
0.0003920894708061238
0.0003920894708055776
0.000392089470805781
0.0003920894708057549
0.0007308094844088535
0.0007308094844166334
0.0007308094844120001
0.0007308094844136547
0.0007308094844110188
0.0007308094844136985
0.0007308094844122981
0.0007308094844102584
0.0007308094844118598
0.0007308094844114007
0.0007308094844100055
0.0007308094844119067
0.0007308094844120293
0.0007308094844124021
0.0007308094844118543
0.0007308094844104055
0.0007308094844120371
0.000730809484411318
0.0007308094844092487
0.0007308094844112257
0.0007308094844107361
0.0007308094844088192
0.0007308094844108311
0.0007308094844105975
0.0007308094844088654
0.0007308094844109537
0.0007308094844108104
0.0007308094844090914
0.0007308094844109368
0.0007308094844107672
0.0007308094844094303
0.0007308094844113861
0.0007308094844110878
0.0007308094844101008
0.0007308094844118272
0.0007308094844114716
0.0007308094844102723
0.0007308094844111676
0.0007308094844103646
0.0007308094844094209
0.0007308094844112213
0.0007308094844108118
0.0007308094844094874
0.0007308094844103761
0.0007308094844100654
0.0007308094844106188
0.0007308094844102673
0.0007308094844091423
0.0007308094844108402
0.000730809484410545
0.000730809484408733
0.0007308094844091849
0.00073080948440909
0.0007308094844105557
0.0007308094844097124
0.000730809484408501
0.0007308094844092087
0.0007308094844079808
0.001000452842132976
0.001000452842151435
0.00100045284214434
0.001000452842147686
0.001000452842143609
0.001000452842147797
0.001000452842145727
0.001000452842142967
0.001000452842145199
0.001000452842144631
0.00100045284214282
0.001000452842145483
0.001000452842145905
0.0010004528421465
0.001000452842145679
0.001000452842143817
0.001000452842145984
0.001000452842144872
0.001000452842141911
0.00100045284214467
0.00100045284214394
0.001000452842141278
0.001000452842144061
0.001000452842143792
0.001000452842141453
0.001000452842144307
0.001000452842144178
0.001000452842141903
0.001000452842144388
0.001000452842144194
0.001000452842142576
0.00100045284214497
0.001000452842144746
0.001000452842143748
0.00100045284214588
0.00100045284214543
0.001000452842144042
0.001000452842144774
0.001000452842143463
0.001000452842142454
0.001000452842144871
0.001000452842144157
0.001000452842142227
0.001000452842143022
0.001000452842142883
0.001000452842143597
0.001000452842143048
0.001000452842141567
0.001000452842143804
0.001000452842143052
0.001000452842140625
0.001000452842141172
0.001000452842141113
0.001000452842142188
0.001000452842140999
0.00100045284213867
0.001000452842140378
0.001000452842135942
0.001268592903397261
0.001268592903427591
0.001268592903419564
0.001268592903424389
0.001268592903419204
0.00126859290342495
0.001268592903422388
0.001268592903418881
0.001268592903421804
0.00126859290342121
0.001268592903419048
0.001268592903422482
0.00126859290342347
0.0012685929034243
0.001268592903423173
0.001268592903420972
0.001268592903423588
0.001268592903422056
0.00126859290341814
0.001268592903421657
0.0012685929034207
0.0012685929034173
0.001268592903420791
0.001268592903420564
0.001268592903417701
0.001268592903421203
0.001268592903421144
0.001268592903418465
0.001268592903421523
0.001268592903421339
0.001268592903419539
0.001268592903422307
0.001268592903422229
0.001268592903421349
0.001268592903423735
0.00126859290342337
0.00126859290342201
0.00126859290342212
0.001268592903420189
0.001268592903419334
0.001268592903422278
0.001268592903421249
0.001268592903418933
0.001268592903420087
0.001268592903419978
0.001268592903420249
0.001268592903419425
0.001268592903417694
0.001268592903420363
0.001268592903419087
0.001268592903416105
0.001268592903416898
0.001268592903416898
0.001268592903417178
0.001268592903415583
0.001268592903412191
0.001268592903414383
0.001268592903407005
0.001536100535714744
0.00153610053575681
0.001536100535749367
0.001536100535755456
0.001536100535749448
0.001536100535756701
0.001536100535753916
0.001536100535749676
0.001536100535753239
0.001536100535752756
0.001536100535750225
0.001536100535754321
0.001536100535756289
0.001536100535757355
0.001536100535755939
0.001536100535753535
0.00153610053575642
0.00153610053575453
0.001536100535749649
0.001536100535753791
0.001536100535752691
0.001536100535748605
0.001536100535752626
0.001536100535752545
0.001536100535749307
0.001536100535753149
0.001536100535753251
0.001536100535750456
0.001536100535753972
0.001536100535753847
0.001536100535751951
0.001536100535754937
0.001536100535755061
0.00153610053575449
0.001536100535756981
0.001536100535757006
0.001536100535755983
0.00153610053575491
0.001536100535752224
0.001536100535751794
0.001536100535755068
0.001536100535753771
0.001536100535751283
0.001536100535753041
0.001536100535753026
0.001536100535752385
0.001536100535751143
0.001536100535749289
0.001536100535752188
0.001536100535750418
0.001536100535747001
0.001536100535747419
0.001536100535747614
0.001536100535747358
0.001536100535745366
0.001536100535741079
0.001536100535743525
0.001536100535733472
0.00180391783242687
0.001803917832479711
0.001803917832474302
0.001803917832481439
0.00180391783247485
0.001803917832483568
0.001803917832480841
0.001803917832475876
0.001803917832480022
0.001803917832479783
0.00180391783247671
0.001803917832481337
0.001803917832484872
0.001803917832486195
0.001803917832484491
0.00180391783248204
0.001803917832485009
0.001803917832482845
0.001803917832476991
0.001803917832481616
0.001803917832480465
0.001803917832475732
0.001803917832480108
0.001803917832480242
0.001803917832476806
0.001803917832481257
0.00180391783248151
0.001803917832478394
0.001803917832482331
0.001803917832482287
0.001803917832480273
0.001803917832483917
0.001803917832484247
0.001803917832483652
0.001803917832486174
0.001803917832486253
0.001803917832485335
0.001803917832483599
0.001803917832480463
0.001803917832480435
0.001803917832483817
0.001803917832482299
0.001803917832479843
0.001803917832481757
0.001803917832481465
0.001803917832480207
0.001803917832478845
0.001803917832476952
0.001803917832479872
0.001803917832477668
0.001803917832473381
0.001803917832473799
0.001803917832473993
0.001803917832472826
0.00180391783247104
0.001803917832466082
0.001803917832468581
0.001803917832456307
0.002075262818030266
0.002075262818092394
0.002075262818090369
0.002075262818098344
0.002075262818091365
0.00207526281810154
0.002075262818099151
0.002075262818093444
0.002075262818098145
0.002075262818098257
0.002075262818094513
0.002075262818099652
0.002075262818105325
0.002075262818106832
0.002075262818104801
0.002075262818102486
0.002075262818105366
0.002075262818103012
0.002075262818096172
0.002075262818101148
0.002075262818100028
0.002075262818094629
0.002075262818099786
0.002075262818100141
0.002075262818096123
0.002075262818101452
0.002075262818101904
0.002075262818098244
0.002075262818102977
0.002075262818102978
0.002075262818100455
0.002075262818104951
0.002075262818105574
0.002075262818104796
0.002075262818107361
0.002075262818107393
0.002075262818106502
0.002075262818104472
0.002075262818100419
0.002075262818100815
0.002075262818104583
0.002075262818102878
0.002075262818100674
0.002075262818102527
0.002075262818102024
0.002075262818100282
0.002075262818098635
0.002075262818096735
0.002075262818099481
0.002075262818096914
0.002075262818091516
0.002075262818092091
0.002075262818092192
0.002075262818089849
0.002075262818088705
0.002075262818083342
0.002075262818085713
0.002075262818071784
0.002356507858669675
0.002356507858739217
0.002356507858741877
0.002356507858750475
0.002356507858743236
0.002356507858754932
0.002356507858753152
0.002356507858746626
0.002356507858752397
0.002356507858752917
0.002356507858747964
0.002356507858753647
0.00235650785876208
0.002356507858763659
0.002356507858761186
0.002356507858759235
0.002356507858761872
0.002356507858759399
0.002356507858751538
0.002356507858756754
0.002356507858755738
0.002356507858749584
0.002356507858755826
0.002356507858756464
0.002356507858751563
0.002356507858758013
0.002356507858758754
0.00235650785875434
0.002356507858760125
0.002356507858760167
0.002356507858756827
0.002356507858762322
0.002356507858763386
0.002356507858762281
0.00235650785876496
0.002356507858764936
0.002356507858764042
0.002356507858761918
0.002356507858756629
0.002356507858757481
0.002356507858761802
0.002356507858759927
0.002356507858758229
0.002356507858759891
0.002356507858759314
0.002356507858757206
0.002356507858754955
0.002356507858753066
0.00235650785875545
0.002356507858752595
0.002356507858746124
0.002356507858746908
0.002356507858746667
0.002356507858742863
0.002356507858742792
0.002356507858737337
0.002356507858739398
0.002356507858724453
0.002657760110348557
0.002657760110422739
0.002657760110431486
0.002657760110440868
0.002657760110433433
0.002657760110446824
0.002657760110445927
0.002657760110438402
0.002657760110445694
0.002657760110446771
0.002657760110440146
0.002657760110446411
0.002657760110458375
0.002657760110459929
0.002657760110456781
0.002657760110455503
0.002657760110457754
0.002657760110455216
0.002657760110446274
0.00265776011045164
0.002657760110450783
0.002657760110443724
0.002657760110451379
0.002657760110452399
0.002657760110446267
0.00265776011045414
0.002657760110455296
0.002657760110449873
0.00265776011045699
0.002657760110457065
0.00265776011045257
0.002657760110459244
0.002657760110460967
0.002657760110459354
0.002657760110462274
0.002657760110462204
0.002657760110461316
0.002657760110459242
0.002657760110452441
0.002657760110453737
0.002657760110458777
0.002657760110456741
0.002657760110455864
0.002657760110457247
0.00265776011045661
0.002657760110454278
0.002657760110451105
0.002657760110449268
0.002657760110451098
0.002657760110448018
0.002657760110440706
0.002657760110441265
0.002657760110440719
0.002657760110435411
0.002657760110436582
0.002657760110431429
0.002657760110432986
0.00265776011041772
0.002992595111834315
0.002992595111909692
0.002992595111925995
0.002992595111936194
0.002992595111928538
0.002992595111943965
0.00299259511194425
0.002992595111935425
0.002992595111944772
0.002992595111946627
0.002992595111937821
0.002992595111944681
0.00299259511196121
0.0029925951119627
0.002992595111958472
0.002992595111958302
0.002992595111960044
0.002992595111957457
0.002992595111947325
0.002992595111952794
0.002992595111952131
0.002992595111943923
0.002992595111953432
0.00299259511195496
0.002992595111947147
0.002992595111956864
0.002992595111958605
0.002992595111951831
0.002992595111960655
0.00299259511196075
0.002992595111954665
0.002992595111962762
0.00299259511196546
0.002992595111963094
0.002992595111966453
0.002992595111966364
0.002992595111965529
0.002992595111963608
0.002992595111955051
0.002992595111956653
0.002992595111962613
0.002992595111960465
0.002992595111960812
0.002992595111961853
0.002992595111961133
0.002992595111958706
0.002992595111954223
0.002992595111952521
0.002992595111953617
0.002992595111950355
0.002992595111942429
0.002992595111942428
0.002992595111941511
0.002992595111934864
0.002992595111937524
0.002992595111932861
0.002992595111933719
0.002992595111918881
0.003376223514151575
0.003376223514223493
0.003376223514248728
0.003376223514259584
0.003376223514251517
0.003376223514269805
0.003376223514271598
0.003376223514260779
0.003376223514272889
0.003376223514275805
0.003376223514264228
0.003376223514271665
0.003376223514294103
0.00337622351429579
0.003376223514289808
0.003376223514291202
0.003376223514292382
0.003376223514289702
0.003376223514278178
0.003376223514283792
0.00337622351428332
0.003376223514273584
0.003376223514285564
0.003376223514287759
0.003376223514277656
0.003376223514289818
0.003376223514292358
0.003376223514283761
0.003376223514294834
0.003376223514294922
0.003376223514286696
0.00337622351429654
0.003376223514300621
0.00337622351429717
0.003376223514301314
0.003376223514301307
0.003376223514300565
0.003376223514298849
0.003376223514288438
0.003376223514289917
0.003376223514297274
0.00337622351429492
0.003376223514296736
0.00337622351429764
0.003376223514296836
0.003376223514294465
0.003376223514288111
0.003376223514286633
0.003376223514286908
0.003376223514283502
0.003376223514275291
0.003376223514274521
0.003376223514272951
0.003376223514264747
0.003376223514269363
0.00337622351426559
0.003376223514265631
0.003376223514251964
0.003821843705792259
0.003821843705854546
0.003821843705889407
0.003821843705900338
0.003821843705891386
0.003821843705913427
0.003821843705917143
0.003821843705903593
0.003821843705919378
0.003821843705923653
0.00382184370590867
0.003821843705916608
0.003821843705946531
0.00382184370594894
0.003821843705940276
0.003821843705943836
0.003821843705944595
0.003821843705941659
0.00382184370592839
0.003821843705934391
0.003821843705934061
0.003821843705922214
0.003821843705937475
0.003821843705940507
0.003821843705927363
0.003821843705942766
0.003821843705946353
0.003821843705935305
0.003821843705949351
0.003821843705949414
0.003821843705938451
0.003821843705950422
0.003821843705956317
0.003821843705951343
0.003821843705956892
0.003821843705957379
0.003821843705956559
0.003821843705954999
0.003821843705943033
0.003821843705943431
0.003821843705952494
0.003821843705950295
0.003821843705953655
0.003821843705954713
0.003821843705953945
0.003821843705951739
0.003821843705942656
0.003821843705941588
0.003821843705941159
0.003821843705937734
0.003821843705929681
0.003821843705928207
0.003821843705925461
0.003821843705914943
0.00382184370592213
0.003821843705919871
0.003821843705919211
0.003821843705907198
0.004335987542338078
0.004335987542384012
0.004335987542426941
0.00433598754243755
0.004335987542426894
0.004335987542453416
0.004335987542459485
0.004335987542442413
0.004335987542462761
0.004335987542468863
0.004335987542449721
0.004335987542457783
0.004335987542496834
0.004335987542501024
0.004335987542488814
0.004335987542495068
0.004335987542495561
0.004335987542492253
0.004335987542476893
0.004335987542483787
0.004335987542483556
0.004335987542468727
0.004335987542488051
0.004335987542492244
0.00433598754247524
0.00433598754249465
0.004335987542499715
0.004335987542485605
0.004335987542503267
0.004335987542503365
0.004335987542489128
0.004335987542503327
0.004335987542511677
0.004335987542505031
0.00433598754251198
0.004335987542513857
0.004335987542512735
0.004335987542511224
0.004335987542498827
0.00433598754249636
0.00433598754250742
0.00433598754250636
0.004335987542510463
0.004335987542512148
0.004335987542511401
0.004335987542509198
0.004335987542496302
0.004335987542495891
0.004335987542495294
0.004335987542492366
0.004335987542485111
0.00433598754248292
0.004335987542478691
0.004335987542465019
0.004335987542475741
0.004335987542475197
0.004335987542474006
0.00433598754246445
0.004914780145260715
0.004914780145284721
0.004914780145330621
0.004914780145340832
0.004914780145327242
0.004914780145358522
0.004914780145367179
0.004914780145345802
0.004914780145371394
0.004914780145379888
0.004914780145355855
0.00491478014536338
0.004914780145412855
0.004914780145420487
0.004914780145404101
0.004914780145413699
0.00491478014541409
0.004914780145410109
0.004914780145392333
0.004914780145400909
0.004914780145400796
0.004914780145381869
0.004914780145405821
0.004914780145411629
0.004914780145390017
0.004914780145414005
0.004914780145421157
0.004914780145403553
0.004914780145425204
0.004914780145425477
0.004914780145407752
0.004914780145423667
0.004914780145435304
0.004914780145427413
0.004914780145434402
0.004914780145439484
0.004914780145437992
0.004914780145436252
0.004914780145426244
0.004914780145418584
0.004914780145431605
0.004914780145433147
0.004914780145435334
0.0049147801454383
0.004914780145437615
0.004914780145435132
0.004914780145416592
0.004914780145416999
0.004914780145417474
0.004914780145415731
0.004914780145410416
0.004914780145407385
0.004914780145401635
0.004914780145384222
0.004914780145400153
0.004914780145401121
0.004914780145399231
0.004914780145392991
0.005543198311152888
0.005543198311152434
0.005543198311192062
0.00554319831120273
0.005543198311184598
0.005543198311220104
0.00554319831123111
0.005543198311204737
0.005543198311235833
0.00554319831124723
0.005543198311217786
0.005543198311223899
0.005543198311284276
0.005543198311297465
0.005543198311276705
0.005543198311290251
0.005543198311290631
0.005543198311285646
0.00554319831126522
0.00554319831127612
0.005543198311276169
0.005543198311252329
0.005543198311281116
0.005543198311289053
0.005543198311262348
0.005543198311291128
0.005543198311301075
0.005543198311279972
0.005543198311305433
0.005543198311306044
0.005543198311285458
0.005543198311301402
0.005543198311317337
0.005543198311309699
0.005543198311313608
0.005543198311325055
0.005543198311324585
0.005543198311321352
0.005543198311314755
0.005543198311300118
0.005543198311317673
0.005543198311323686
0.005543198311317435
0.0055431983113225
0.005543198311322776
0.005543198311319307
0.005543198311295395
0.005543198311298804
0.005543198311299826
0.005543198311297317
0.005543198311295541
0.005543198311291644
0.0055431983112845
0.005543198311263293
0.005543198311283932
0.005543198311287548
0.005543198311285924
0.005543198311282491
0.006198050193123023
0.006198050193104323
0.00619805019313312
0.006198050193140035
0.006198050193115567
0.006198050193153674
0.00619805019316607
0.006198050193134155
0.006198050193170504
0.00619805019318507
0.006198050193150241
0.006198050193153928
0.006198050193224543
0.006198050193245425
0.006198050193220616
0.00619805019323879
0.006198050193239162
0.006198050193232826
0.006198050193209548
0.006198050193223765
0.006198050193223943
0.006198050193194271
0.006198050193227667
0.006198050193238175
0.006198050193206308
0.006198050193239635
0.006198050193253062
0.006198050193229134
0.006198050193257383
0.006198050193258446
0.006198050193237031
0.006198050193249609
0.006198050193270742
0.006198050193267439
0.006198050193262283
0.006198050193279068
0.006198050193285413
0.006198050193281827
0.006198050193275786
0.006198050193253061
0.006198050193275835
0.006198050193282904
0.00619805019326744
0.006198050193281973
0.006198050193282012
0.006198050193275118
0.006198050193248013
0.006198050193253092
0.006198050193256831
0.00619805019325206
0.006198050193251876
0.006198050193249166
0.006198050193240673
0.006198050193215823
0.006198050193240782
0.006198050193247617
0.006198050193246262
0.006198050193244879
0.006853340740397194
0.006853340740371976
0.006853340740386108
0.006853340740385504
0.006853340740352877
0.006853340740390667
0.006853340740402817
0.006853340740364987
0.006853340740405874
0.006853340740423531
0.00685334074038439
0.006853340740384592
0.006853340740463469
0.006853340740493566
0.006853340740465504
0.00685334074048931
0.006853340740489666
0.006853340740481692
0.006853340740455189
0.006853340740473908
0.006853340740474115
0.006853340740437456
0.006853340740474873
0.006853340740488247
0.006853340740451614
0.006853340740488767
0.006853340740506226
0.006853340740481119
0.006853340740509773
0.006853340740511422
0.006853340740493226
0.006853340740496715
0.006853340740523268
0.006853340740524182
0.006853340740509358
0.00685334074053637
0.006853340740544082
0.006853340740543814
0.006853340740539562
0.006853340740506171
0.00685334074053477
0.006853340740544168
0.006853340740520097
0.00685334074054355
0.006853340740543972
0.00685334074053478
0.006853340740504301
0.00685334074051148
0.0068533407405209
0.00685334074051348
0.006853340740510805
0.006853340740509388
0.006853340740499357
0.006853340740470718
0.006853340740499653
0.006853340740510297
0.006853340740508867
0.006853340740508294
0.007485574124316351
0.007485574124299734
0.007485574124299408
0.00748557412428851
0.00748557412424432
0.007485574124277269
0.007485574124287276
0.007485574124243372
0.007485574124287825
0.007485574124308199
0.007485574124267926
0.007485574124263646
0.007485574124347032
0.007485574124386623
0.007485574124356352
0.007485574124386883
0.007485574124387302
0.007485574124377762
0.007485574124347418
0.007485574124373454
0.007485574124373655
0.007485574124326869
0.007485574124367444
0.007485574124383822
0.007485574124343251
0.007485574124383043
0.007485574124404921
0.007485574124381482
0.007485574124406262
0.007485574124408713
0.007485574124400625
0.007485574124392559
0.007485574124425201
0.007485574124433334
0.007485574124404502
0.00748557412443962
0.007485574124449904
0.007485574124450172
0.007485574124446092
0.007485574124404865
0.007485574124438383
0.007485574124450933
0.007485574124419641
0.00748557412445011
0.007485574124451882
0.007485574124441345
0.00748557412440762
0.00748557412441775
0.007485574124428043
0.007485574124419941
0.007485574124417006
0.007485574124416074
0.007485574124404449
0.007485574124372348
0.007485574124404722
0.007485574124420838
0.007485574124417428
0.007485574124415638
0.008077082521544592
0.008077082521535404
0.008077082521529989
0.008077082521512385
0.008077082521452292
0.008077082521480209
0.008077082521486955
0.008077082521437209
0.008077082521484216
0.008077082521506782
0.008077082521473669
0.008077082521464052
0.008077082521544241
0.008077082521591769
0.008077082521560299
0.008077082521595389
0.008077082521596128
0.008077082521585463
0.008077082521551385
0.00807708252158099
0.00807708252158215
0.008077082521529191
0.008077082521572266
0.008077082521591677
0.008077082521548398
0.008077082521589113
0.00807708252161566
0.008077082521598276
0.008077082521612402
0.008077082521615729
0.00807708252161087
0.008077082521594442
0.008077082521635168
0.008077082521650547
0.008077082521613722
0.008077082521655151
0.008077082521668244
0.008077082521665847
0.008077082521661633
0.008077082521616076
0.008077082521653248
0.008077082521669087
0.008077082521632055
0.008077082521669495
0.008077082521673395
0.008077082521661984
0.008077082521625173
0.008077082521638685
0.008077082521644673
0.008077082521638183
0.00807708252163742
0.00807708252163241
0.008077082521619145
0.00807708252158661
0.008077082521622422
0.008077082521649102
0.008077082521637193
0.008077082521629511
0.008616883959774226
0.008616883959768196
0.008616883959760459
0.008616883959740605
0.008616883959668272
0.008616883959691683
0.008616883959695152
0.008616883959640543
0.008616883959689322
0.008616883959713398
0.008616883959686437
0.008616883959672401
0.00861688395974931
0.008616883959803114
0.008616883959771445
0.008616883959809273
0.008616883959810338
0.008616883959798581
0.008616883959760789
0.008616883959792623
0.008616883959795213
0.008616883959738105
0.00861688395978303
0.00861688395980548
0.008616883959761314
0.008616883959800292
0.008616883959831768
0.008616883959827067
0.008616883959820007
0.00861688395982438
0.008616883959823567
0.008616883959798162
0.008616883959848458
0.008616883959870841
0.00861688395982952
0.008616883959875679
0.00861688395989328
0.008616883959891339
0.008616883959886284
0.008616883959834199
0.008616883959873034
0.008616883959891755
0.008616883959850287
0.008616883959894706
0.008616883959901483
0.008616883959889693
0.008616883959850706
0.00861688395986389
0.008616883959870966
0.008616883959864799
0.008616883959864345
0.008616883959849751
0.008616883959836411
0.008616883959809113
0.008616883959846427
0.008616883959876505
0.008616883959861673
0.008616883959850977
0.009099719372647289
0.009099719372638751
0.009099719372630015
0.009099719372612777
0.009099719372533776
0.009099719372551888
0.009099719372552975
0.009099719372496198
0.009099719372546382
0.009099719372571313
0.009099719372548516
0.009099719372530983
0.009099719372605432
0.009099719372664298
0.009099719372633475
0.009099719372672913
0.009099719372674174
0.009099719372661186
0.009099719372619278
0.009099719372652396
0.009099719372656636
0.009099719372596798
0.009099719372642839
0.009099719372668366
0.009099719372626269
0.009099719372659182
0.009099719372695818
0.009099719372690456
0.009099719372670687
0.009099719372697214
0.009099719372699584
0.009099719372656452
0.009099719372710055
0.009099719372738135
0.009099719372694352
0.009099719372743797
0.009099719372767471
0.009099719372763755
0.00909971937275785
0.009099719372701688
0.009099719372740752
0.009099719372761775
0.009099719372716886
0.009099719372766801
0.009099719372777027
0.009099719372765507
0.009099719372727509
0.009099719372736863
0.009099719372744198
0.009099719372737833
0.009099719372738839
0.009099719372725043
0.009099719372710787
0.009099719372683829
0.00909971937271958
0.009099719372746656
0.009099719372732266
0.009099719372720564
0.009524304587333986
0.009524304587325358
0.009524304587315319
0.009524304587298886
0.009524304587218634
0.009524304587225543
0.009524304587225736
0.009524304587174333
0.009524304587225954
0.009524304587251268
0.009524304587232009
0.009524304587211608
0.009524304587283339
0.00952430458734683
0.009524304587317954
0.009524304587358612
0.009524304587359837
0.009524304587345553
0.009524304587298593
0.009524304587331521
0.009524304587337497
0.009524304587276182
0.009524304587322405
0.009524304587351151
0.009524304587316266
0.009524304587336347
0.009524304587378272
0.009524304587373061
0.009524304587341546
0.009524304587381908
0.009524304587389693
0.009524304587337119
0.009524304587391152
0.009524304587423588
0.009524304587378563
0.009524304587430032
0.009524304587461192
0.009524304587460657
0.009524304587452999
0.009524304587388914
0.009524304587427014
0.009524304587449801
0.009524304587402317
0.009524304587456222
0.009524304587470238
0.009524304587459896
0.009524304587429203
0.00952430458742896
0.009524304587432595
0.009524304587426721
0.009524304587429465
0.009524304587428121
0.009524304587414274
0.009524304587382182
0.009524304587411998
0.00952430458742586
0.009524304587417312
0.009524304587409738
0.009891621359013416
0.009891621359006017
0.009891621358995201
0.009891621358978647
0.009891621358901483
0.009891621358903299
0.009891621358902713
0.009891621358853618
0.009891621358906436
0.009891621358931775
0.009891621358914525
0.009891621358891795
0.009891621358961263
0.009891621359030444
0.009891621359004754
0.009891621359043139
0.009891621359043964
0.009891621359028381
0.009891621358976196
0.009891621359008769
0.009891621359016728
0.00989162135895524
0.009891621359000362
0.009891621359032517
0.009891621359015257
0.009891621359012975
0.009891621359058085
0.0098916213590613
0.009891621359012285
0.00989162135906094
0.009891621359074265
0.00989162135901679
0.009891621359070367
0.009891621359106099
0.009891621359060616
0.009891621359113085
0.009891621359153367
0.009891621359151144
0.009891621359142663
0.009891621359074518
0.009891621359110491
0.009891621359134548
0.009891621359085168
0.009891621359141841
0.009891621359159799
0.009891621359151536
0.00989162135914097
0.009891621359129897
0.009891621359122341
0.009891621359113981
0.009891621359112229
0.00989162135911574
0.009891621359114785
0.009891621359084401
0.009891621359101049
0.009891621359108028
0.009891621359105766
0.009891621359095656
0.01020364971051656
0.01020364971051324
0.01020364971050256
0.01020364971048213
0.0102036497104114
0.01020364971040965
0.01020364971040836
0.01020364971036249
0.0102036497104166
0.01020364971044177
0.01020364971042543
0.01020364971040077
0.0102036497104681
0.01020364971054562
0.01020364971052464
0.01020364971055505
0.01020364971055495
0.01020364971053836
0.01020364971048103
0.01020364971051342
0.01020364971052368
0.01020364971046362
0.01020364971050559
0.01020364971054134
0.01020364971053614
0.01020364971052059
0.01020364971056366
0.01020364971057207
0.01020364971051448
0.01020364971056582
0.01020364971058364
0.01020364971052381
0.0102036497105767
0.01020364971061491
0.01020364971056952
0.01020364971062234
0.01020364971066763
0.010203649710665
0.01020364971065658
0.01020364971058595
0.01020364971062029
0.01020364971064523
0.01020364971059455
0.010203649710653
0.01020364971067481
0.01020364971066782
0.01020364971067349
0.01020364971066943
0.01020364971066292
0.01020364971064028
0.01020364971062993
0.01020364971062656
0.01020364971063032
0.01020364971061245
0.01020364971061228
0.01020364971061898
0.01020364971062074
0.01020364971060172
0.01046259712507934
0.0104625971250738
0.01046259712506259
0.0104625971250391
0.01046259712498029
0.01046259712497738
0.01046259712497503
0.01046259712493259
0.01046259712498763
0.01046259712501246
0.01046259712499643
0.01046259712497029
0.01046259712503532
0.01046259712512375
0.0104625971251095
0.01046259712512462
0.0104625971251228
0.01046259712510676
0.0104625971250447
0.01046259712507713
0.01046259712508998
0.01046259712503363
0.01046259712506886
0.01046259712510886
0.0104625971251029
0.01046259712507897
0.01046259712512559
0.01046259712513865
0.01046259712507718
0.01046259712512889
0.01046259712515008
0.01046259712508939
0.01046259712514149
0.01046259712518155
0.01046259712513672
0.01046259712518934
0.01046259712523625
0.01046259712523422
0.01046259712522601
0.0104625971251545
0.01046259712518789
0.01046259712521336
0.0104625971251619
0.01046259712522125
0.01046259712524653
0.01046259712522716
0.01046259712523636
0.01046259712524335
0.01046259712524852
0.01046259712523361
0.01046259712522423
0.01046259712519857
0.01046259712519226
0.01046259712519077
0.01046259712519527
0.01046259712519406
0.01046259712518671
0.01046259712516745
0.01067050601497271
0.01067050601496519
0.01067050601495441
0.01067050601493011
0.0106705060148829
0.01067050601487752
0.01067050601487231
0.0106705060148321
0.01067050601488674
0.01067050601491092
0.01067050601489482
0.01067050601486777
0.01067050601493063
0.01067050601502348
0.01067050601502109
0.01067050601501548
0.01067050601500819
0.01067050601499949
0.01067050601493489
0.01067050601496749
0.01067050601498313
0.01067050601493412
0.01067050601495653
0.01067050601500241
0.01067050601499615
0.01067050601496259
0.01067050601501227
0.01067050601502954
0.01067050601496678
0.01067050601501788
0.01067050601504151
0.01067050601498089
0.01067050601503212
0.01067050601507348
0.01067050601502976
0.0106705060150813
0.0106705060151286
0.01067050601512609
0.01067050601511687
0.01067050601504716
0.01067050601508074
0.01067050601510638
0.01067050601505459
0.01067050601511402
0.01067050601514258
0.01067050601511297
0.01067050601513037
0.01067050601513621
0.01067050601514282
0.01067050601514019
0.01067050601513212
0.01067050601510493
0.01067050601509484
0.01067050601508904
0.01067050601509897
0.01067050601508667
0.01067050601507312
0.01067050601506222
0.01082908728418624
0.01082908728417861
0.01082908728416956
0.01082908728414639
0.01082908728411583
0.01082908728411608
0.01082908728410156
0.01082908728405255
0.01082908728410338
0.01082908728412642
0.01082908728410973
0.01082908728408258
0.01082908728414365
0.0108290872842383
0.01082908728423447
0.0108290872842151
0.01082908728420966
0.01082908728420367
0.01082908728414038
0.01082908728417411
0.01082908728419271
0.0108290872841571
0.01082908728415706
0.01082908728421094
0.01082908728421244
0.01082908728416226
0.01082908728421446
0.01082908728423517
0.01082908728417256
0.01082908728422256
0.01082908728424792
0.01082908728418799
0.01082908728423817
0.01082908728428047
0.01082908728423865
0.01082908728428733
0.01082908728434589
0.01082908728433526
0.0108290872843191
0.01082908728425553
0.01082908728428867
0.01082908728431396
0.01082908728426221
0.01082908728432097
0.01082908728435284
0.01082908728431756
0.0108290872843506
0.01082908728435529
0.01082908728434855
0.01082908728434701
0.01082908728434302
0.01082908728432566
0.01082908728431168
0.01082908728428938
0.01082908728430923
0.01082908728430689
0.01082908728429434
0.0108290872842841
0.01093966254952919
0.0109396625495219
0.01093966254951526
0.01093966254949659
0.01093966254947253
0.01093966254946589
0.01093966254945356
0.01093966254940374
0.01093966254944831
0.01093966254946977
0.01093966254945144
0.01093966254942537
0.01093966254948557
0.01093966254956054
0.01093966254956458
0.01093966254955207
0.01093966254954154
0.01093966254953509
0.01093966254947438
0.01093966254950832
0.01093966254952967
0.01093966254951795
0.01093966254950449
0.0109396625495466
0.01093966254955166
0.01093966254949378
0.01093966254954454
0.01093966254956734
0.01093966254950569
0.01093966254955423
0.01093966254958078
0.01093966254952203
0.0109396625495709
0.01093966254961391
0.01093966254957538
0.01093966254961855
0.01093966254967947
0.01093966254966748
0.0109396625496502
0.01093966254959067
0.01093966254962306
0.01093966254964729
0.01093966254959601
0.01093966254965342
0.01093966254968871
0.010939662549651
0.01093966254968936
0.01093966254969679
0.01093966254969623
0.01093966254969209
0.01093966254967302
0.01093966254966581
0.01093966254965394
0.01093966254962313
0.01093966254964754
0.01093966254965256
0.010939662549641
0.01093966254963067
0.01100314491624437
0.01100314491623127
0.01100314491621759
0.01100314491621048
0.01100314491618207
0.01100314491617283
0.01100314491616877
0.01100314491611737
0.01100314491615718
0.01100314491617695
0.0110031449161549
0.01100314491613156
0.01100314491619191
0.01100314491624878
0.01100314491625496
0.01100314491625383
0.01100314491624522
0.01100314491623477
0.01100314491617351
0.0110031449162065
0.01100314491622965
0.01100314491622555
0.01100314491620581
0.01100314491624385
0.01100314491625162
0.01100314491619093
0.011003144916239
0.01100314491626281
0.01100314491620261
0.01100314491624935
0.01100314491627666
0.0110031449162195
0.0110031449162667
0.01100314491631054
0.0110031449162776
0.01100314491631079
0.01100314491636827
0.01100314491635767
0.0110031449163428
0.01100314491628968
0.01100314491632058
0.01100314491634264
0.01100314491629246
0.01100314491634804
0.01100314491638677
0.0110031449163494
0.01100314491638674
0.01100314491639852
0.01100314491639736
0.01100314491639276
0.01100314491635082
0.01100314491634971
0.01100314491634581
0.01100314491631505
0.0110031449163458
0.01100314491635838
0.01100314491634862
0.01100314491633895
0.01102002302185318
0.01102002302185318
0.01102002302183966
0.01102002302182735
0.01102002302178706
0.01102002302177338
0.0110200230217707
0.01102002302171781
0.01102002302175346
0.01102002302177139
0.01102002302174235
0.01102002302172395
0.01102002302178588
0.01102002302182901
0.01102002302183164
0.01102002302183553
0.01102002302182317
0.01102002302180899
0.01102002302175901
0.0110200230217919
0.01102002302181646
0.0110200230218125
0.01102002302178939
0.0110200230218264
0.01102002302183694
0.0110200230217763
0.0110200230218214
0.01102002302184552
0.01102002302178719
0.01102002302183173
0.01102002302185946
0.01102002302180428
0.01102002302184933
0.01102002302189494
0.01102002302187132
0.01102002302188737
0.01102002302193157
0.01102002302192851
0.01102002302192314
0.01102002302187897
0.01102002302190515
0.01102002302192346
0.01102002302187566
0.01102002302192925
0.01102002302197108
0.01102002302193679
0.01102002302196808
0.01102002302198455
0.01102002302198245
0.01102002302197785
0.01102002302192611
0.01102002302194181
0.01102002302194
0.01102002302189727
0.01102002302192925
0.01102002302194916
0.01102002302194197
0.0110200230219338
0.01099033163916472
0.01099033163916936
0.01099033163915733
0.01099033163914308
0.01099033163909981
0.01099033163908494
0.01099033163908164
0.01099033163902722
0.01099033163905828
0.01099033163907423
0.01099033163903477
0.01099033163902406
0.01099033163908888
0.01099033163912011
0.01099033163911546
0.0109903316391107
0.0109903316391022
0.01099033163908994
0.01099033163905331
0.01099033163908503
0.01099033163911154
0.01099033163910597
0.0109903316390798
0.01099033163911608
0.01099033163912954
0.01099033163907076
0.01099033163911274
0.01099033163913682
0.01099033163908076
0.01099033163912264
0.01099033163915057
0.01099033163909774
0.01099033163913997
0.01099033163918995
0.01099033163918268
0.01099033163917974
0.01099033163921601
0.01099033163922008
0.0109903316392127
0.01099033163917921
0.01099033163919717
0.0109903316392103
0.01099033163916779
0.01099033163921951
0.01099033163926359
0.01099033163923518
0.01099033163925689
0.01099033163926892
0.01099033163926843
0.01099033163926154
0.01099033163920933
0.01099033163923382
0.01099033163923671
0.01099033163918982
0.01099033163922012
0.01099033163924624
0.01099033163924116
0.01099033163923465
0.01091359896873352
0.01091359896873889
0.01091359896873069
0.01091359896872021
0.0109135989686813
0.01091359896866609
0.01091359896866126
0.01091359896860527
0.01091359896863085
0.0109135989686449
0.01091359896859276
0.01091359896859263
0.01091359896866095
0.01091359896868006
0.0109135989686713
0.01091359896865212
0.01091359896865416
0.01091359896865136
0.01091359896862176
0.01091359896864402
0.01091359896867406
0.01091359896866808
0.01091359896863718
0.01091359896867292
0.0109135989686895
0.01091359896863377
0.01091359896867232
0.01091359896869631
0.01091359896864298
0.01091359896868158
0.01091359896870962
0.01091359896865956
0.01091359896869818
0.01091359896875949
0.01091359896874784
0.01091359896873025
0.01091359896876848
0.01091359896877727
0.0109135989687724
0.0109135989687499
0.01091359896875376
0.01091359896876108
0.01091359896873061
0.01091359896878035
0.0109135989688252
0.01091359896880512
0.010913598968809
0.0109135989688117
0.01091359896882224
0.01091359896880593
0.01091359896875792
0.01091359896878867
0.01091359896879686
0.01091359896874983
0.01091359896877875
0.01091359896880746
0.01091359896880306
0.01091359896879793
0.01078876058996094
0.0107887605899642
0.01078876058996544
0.0107887605899645
0.01078876058993686
0.01078876058992181
0.01078876058991413
0.01078876058985767
0.01078876058987747
0.01078876058989034
0.01078876058983722
0.01078876058984693
0.01078876058990566
0.01078876058991639
0.01078876058990601
0.0107887605898816
0.01078876058989417
0.01078876058989697
0.01078876058987181
0.01078876058987244
0.01078876058990953
0.01078876058991106
0.0107887605898693
0.01078876058990451
0.0107887605899243
0.01078876058987248
0.01078876058990676
0.01078876058993095
0.01078876058988092
0.01078876058991526
0.01078876058994365
0.0107887605898969
0.01078876058993135
0.01078876058999247
0.01078876058998124
0.01078876058996017
0.010788760589996
0.01078876059000846
0.01078876059000578
0.01078876058999627
0.01078876058997598
0.01078876058997947
0.01078876058997626
0.0107887605900218
0.01078876059006668
0.01078876059005089
0.01078876059004183
0.01078876059002951
0.01078876059004403
0.01078876059002874
0.0107887605899834
0.01078876059001569
0.01078876059002867
0.01078876058998362
0.01078876059001095
0.01078876059003906
0.01078876059003218
0.01078876059002793
0.01061744277010613
0.01061744277011799
0.01061744277012173
0.01061744277011827
0.01061744277011151
0.01061744277009887
0.01061744277008327
0.0106174427700264
0.01061744277003983
0.01061744277005264
0.01061744277000297
0.01061744277001847
0.01061744277006033
0.01061744277004606
0.01061744277004815
0.01061744277004075
0.01061744277004038
0.01061744277005062
0.01061744277004724
0.01061744277003114
0.01061744277005906
0.01061744277006906
0.01061744277002476
0.01061744277005396
0.01061744277007688
0.01061744277002962
0.0106174427700578
0.01061744277008328
0.01061744277003721
0.01061744277006555
0.01061744277009526
0.01061744277005246
0.01061744277008166
0.01061744277013291
0.01061744277012556
0.01061744277011
0.01061744277014018
0.01061744277015638
0.01061744277014774
0.01061744277014227
0.01061744277011754
0.01061744277013261
0.01061744277015922
0.01061744277019084
0.01061744277020997
0.01061744277019962
0.01061744277018948
0.01061744277016192
0.01061744277017865
0.01061744277017696
0.01061744277013058
0.01061744277015842
0.0106174427701757
0.0106174427701339
0.01061744277015744
0.01061744277018588
0.01061744277017738
0.01061744277017317
0.0104008134095966
0.01040081340960697
0.01040081340961548
0.01040081340961015
0.01040081340960441
0.01040081340960175
0.01040081340958626
0.01040081340953296
0.01040081340954224
0.01040081340955456
0.01040081340951084
0.01040081340952654
0.01040081340955968
0.01040081340953519
0.01040081340954722
0.0104008134095529
0.01040081340953212
0.01040081340954807
0.01040081340955341
0.01040081340952441
0.01040081340954872
0.01040081340956698
0.01040081340952459
0.01040081340954514
0.01040081340957091
0.01040081340952878
0.01040081340954915
0.01040081340957679
0.0104008134095354
0.01040081340955644
0.01040081340958794
0.01040081340954983
0.01040081340957308
0.01040081340962238
0.01040081340961738
0.01040081340960255
0.01040081340962458
0.01040081340964477
0.01040081340962534
0.01040081340962099
0.01040081340960313
0.01040081340962102
0.01040081340966156
0.01040081340968028
0.01040081340967481
0.01040081340967649
0.01040081340967517
0.01040081340964425
0.01040081340965852
0.01040081340966668
0.0104008134096215
0.01040081340964102
0.0104008134096621
0.01040081340962451
0.01040081340964173
0.01040081340967284
0.0104008134096641
0.0104008134096591
0.01013965180307706
0.01013965180308271
0.0101396518030916
0.01013965180308688
0.01013965180307906
0.01013965180308097
0.01013965180306884
0.01013965180302383
0.01013965180303024
0.0101396518030413
0.01013965180300504
0.01013965180301856
0.01013965180304571
0.01013965180301913
0.01013965180303067
0.01013965180304514
0.01013965180301728
0.01013965180303011
0.01013965180304337
0.01013965180301127
0.01013965180302803
0.01013965180305065
0.01013965180301249
0.01013965180302523
0.0101396518030512
0.01013965180301483
0.01013965180302835
0.0101396518030562
0.01013965180302033
0.01013965180303616
0.01013965180306641
0.01013965180303392
0.01013965180305445
0.01013965180310049
0.01013965180309825
0.01013965180308169
0.01013965180309675
0.0101396518031187
0.0101396518030974
0.01013965180309379
0.01013965180307926
0.01013965180309536
0.01013965180313768
0.01013965180315422
0.01013965180313508
0.01013965180314283
0.0101396518031498
0.01013965180311512
0.01013965180312607
0.01013965180314071
0.01013965180309926
0.0101396518031109
0.01013965180313296
0.0101396518031007
0.01013965180311223
0.01013965180314664
0.01013965180314067
0.01013965180313053
0.0098343984267198
0.009834398426719463
0.009834398426719066
0.009834398426722049
0.009834398426709738
0.009834398426715633
0.009834398426707365
0.009834398426671871
0.009834398426677746
0.009834398426688828
0.009834398426657389
0.009834398426668103
0.009834398426689877
0.009834398426665083
0.009834398426675212
0.009834398426691144
0.009834398426664019
0.009834398426673049
0.009834398426689032
0.00983439842665889
0.009834398426671621
0.009834398426691449
0.009834398426659176
0.009834398426666903
0.009834398426688677
0.00983439842665915
0.009834398426669541
0.009834398426691954
0.009834398426663366
0.009834398426675654
0.009834398426701897
0.00983439842667615
0.009834398426692804
0.009834398426738047
0.009834398426746003
0.009834398426721657
0.009834398426731547
0.009834398426748393
0.009834398426730688
0.009834398426728131
0.009834398426716656
0.009834398426729967
0.009834398426766445
0.009834398426784434
0.009834398426759908
0.009834398426765893
0.009834398426778341
0.00983439842674675
0.009834398426755089
0.009834398426770393
0.009834398426734626
0.009834398426741947
0.009834398426758591
0.009834398426734144
0.009834398426741369
0.009834398426768707
0.009834398426769619
0.009834398426759866
0.009485192803858754
0.009485192803858327
0.009485192803854335
0.009485192803858572
0.0094851928038485
0.009485192803854488
0.009485192803847643
0.009485192803822914
0.009485192803824189
0.009485192803838085
0.009485192803812372
0.009485192803817497
0.009485192803835227
0.00948519280381574
0.009485192803821721
0.009485192803836277
0.009485192803814962
0.009485192803820569
0.009485192803835293
0.009485192803810025
0.00948519280381911
0.009485192803834475
0.009485192803809064
0.009485192803814704
0.009485192803827648
0.009485192803806641
0.009485192803812827
0.009485192803830736
0.00948519280380959
0.009485192803818583
0.009485192803842595
0.0094851928038217
0.009485192803835647
0.00948519280387369
0.009485192803890071
0.009485192803866083
0.009485192803870116
0.009485192803880018
0.009485192803868638
0.009485192803867143
0.00948519280385909
0.00948519280386988
0.009485192803896991
0.009485192803916711
0.009485192803892017
0.0094851928038951
0.009485192803907585
0.009485192803882169
0.009485192803886572
0.009485192803901612
0.009485192803872342
0.009485192803875383
0.009485192803886862
0.009485192803870276
0.009485192803876028
0.009485192803896213
0.009485192803896933
0.00948519280388958
0.009091911319372677
0.009091911319375888
0.009091911319375154
0.009091911319376107
0.009091911319366822
0.009091911319372275
0.009091911319369044
0.009091911319350216
0.009091911319353267
0.009091911319363308
0.009091911319345341
0.009091911319346911
0.009091911319359833
0.009091911319345785
0.009091911319348653
0.009091911319361207
0.009091911319345022
0.009091911319349586
0.009091911319357512
0.009091911319339428
0.009091911319343577
0.009091911319356097
0.009091911319337618
0.009091911319339421
0.009091911319347366
0.00909191131933346
0.009091911319336302
0.009091911319349498
0.009091911319334822
0.009091911319342841
0.009091911319361125
0.009091911319346002
0.009091911319357682
0.009091911319386393
0.009091911319407993
0.009091911319388161
0.00909191131939081
0.009091911319392814
0.009091911319386314
0.009091911319386251
0.009091911319380664
0.009091911319390121
0.009091911319408754
0.009091911319427189
0.009091911319405181
0.009091911319405142
0.009091911319414786
0.009091911319397022
0.009091911319401015
0.009091911319409852
0.009091911319388198
0.009091911319389521
0.009091911319394753
0.009091911319385087
0.009091911319387516
0.009091911319400974
0.009091911319396401
0.009091911319395409
0.008654229361628355
0.008654229361632447
0.008654229361633434
0.008654229361636094
0.008654229361627049
0.008654229361631407
0.008654229361627557
0.008654229361616831
0.008654229361620754
0.008654229361629037
0.008654229361615732
0.008654229361615832
0.008654229361623052
0.008654229361614115
0.008654229361614805
0.008654229361627035
0.00865422936161298
0.008654229361613641
0.00865422936162025
0.008654229361607008
0.008654229361607226
0.008654229361619187
0.008654229361604199
0.008654229361603389
0.008654229361610921
0.008654229361599207
0.00865422936160041
0.00865422936160791
0.008654229361598547
0.008654229361605396
0.008654229361618802
0.008654229361608631
0.008654229361616998
0.008654229361636194
0.008654229361660463
0.008654229361645747
0.00865422936164488
0.008654229361650619
0.008654229361642965
0.008654229361647642
0.008654229361640552
0.00865422936164487
0.008654229361657309
0.008654229361675009
0.008654229361657391
0.008654229361657037
0.008654229361659252
0.008654229361651685
0.008654229361650901
0.008654229361658541
0.00865422936164233
0.008654229361642231
0.00865422936164272
0.008654229361639046
0.008654229361639796
0.008654229361648532
0.008654229361641525
0.008654229361642689
0.00817175937052644
0.008171759370527859
0.008171759370530775
0.008171759370535867
0.008171759370528614
0.008171759370529975
0.008171759370530234
0.008171759370523545
0.008171759370525413
0.008171759370530831
0.008171759370522393
0.00817175937052452
0.008171759370527273
0.008171759370520858
0.008171759370520353
0.008171759370528631
0.00817175937051819
0.008171759370520261
0.008171759370521012
0.008171759370512609
0.008171759370511841
0.008171759370519208
0.008171759370508642
0.008171759370507271
0.008171759370512127
0.008171759370502605
0.008171759370504286
0.0081717593705072
0.008171759370501252
0.008171759370506008
0.00817175937051566
0.008171759370509625
0.008171759370514857
0.008171759370526034
0.008171759370548906
0.008171759370540143
0.008171759370538698
0.008171759370544492
0.00817175937053816
0.008171759370541355
0.00817175937053709
0.008171759370537764
0.008171759370548357
0.008171759370559662
0.008171759370548435
0.008171759370548764
0.008171759370545848
0.008171759370546721
0.008171759370543376
0.008171759370545624
0.008171759370535832
0.008171759370534836
0.008171759370532466
0.008171759370532146
0.008171759370529434
0.008171759370535225
0.008171759370529543
0.008171759370530716
0.007644362806134119
0.007644362806136664
0.007644362806140988
0.007644362806145405
0.007644362806140698
0.007644362806141002
0.007644362806142148
0.007644362806138784
0.007644362806138854
0.007644362806142065
0.007644362806137571
0.007644362806138736
0.007644362806140079
0.007644362806135967
0.007644362806134198
0.007644362806138549
0.007644362806131942
0.00764436280613301
0.007644362806132191
0.007644362806126408
0.007644362806125617
0.007644362806127237
0.007644362806120861
0.007644362806121014
0.007644362806120572
0.007644362806114783
0.007644362806114327
0.007644362806116111
0.007644362806112492
0.007644362806114684
0.007644362806121036
0.007644362806118655
0.007644362806121089
0.007644362806128556
0.007644362806144567
0.007644362806142312
0.007644362806142231
0.007644362806144724
0.007644362806141309
0.007644362806142911
0.007644362806140457
0.007644362806140735
0.007644362806146172
0.00764436280615491
0.007644362806148979
0.007644362806149025
0.007644362806145889
0.007644362806146774
0.007644362806143872
0.007644362806145191
0.007644362806138162
0.007644362806138089
0.007644362806133927
0.007644362806135165
0.007644362806130675
0.007644362806134445
0.007644362806129778
0.007644362806128607
0.007072792620312976
0.007072792620313476
0.007072792620319595
0.007072792620322586
0.007072792620321116
0.007072792620321589
0.007072792620321778
0.007072792620321034
0.007072792620320249
0.007072792620322527
0.007072792620320564
0.0070727926203181
0.007072792620320507
0.007072792620318942
0.00707279262031433
0.007072792620316411
0.00707279262031374
0.007072792620312874
0.00707279262031173
0.007072792620307185
0.007072792620305496
0.007072792620305478
0.007072792620302023
0.007072792620298667
0.007072792620295621
0.007072792620293798
0.0070727926202915
0.007072792620293475
0.00707279262029164
0.007072792620292459
0.007072792620295533
0.007072792620295257
0.007072792620295635
0.007072792620300743
0.007072792620309382
0.007072792620312294
0.007072792620312503
0.007072792620314727
0.007072792620312378
0.007072792620313934
0.007072792620312292
0.007072792620313487
0.007072792620314211
0.007072792620321123
0.007072792620318299
0.007072792620319321
0.007072792620315983
0.007072792620317596
0.00707279262031402
0.007072792620315935
0.007072792620309815
0.007072792620310906
0.007072792620305556
0.007072792620307516
0.007072792620302292
0.007072792620304812
0.007072792620301496
0.007072792620295059
0.006459854921813813
0.006459854921809721
0.006459854921820375
0.006459854921820576
0.006459854921820347
0.006459854921822219
0.006459854921821521
0.006459854921822685
0.006459854921820865
0.006459854921822866
0.006459854921819708
0.006459854921816418
0.006459854921821209
0.006459854921821839
0.006459854921810926
0.0064598549218147
0.006459854921813543
0.006459854921814365
0.006459854921813143
0.006459854921805694
0.006459854921805579
0.00645985492180484
0.006459854921800772
0.006459854921797535
0.006459854921789138
0.006459854921792564
0.006459854921790473
0.006459854921792021
0.006459854921790697
0.006459854921793337
0.006459854921791329
0.006459854921792247
0.00645985492179167
0.006459854921797747
0.006459854921797297
0.006459854921803939
0.006459854921803862
0.006459854921807114
0.006459854921803231
0.006459854921805995
0.006459854921804639
0.00645985492180679
0.00645985492180552
0.006459854921810971
0.006459854921808567
0.006459854921811058
0.006459854921807101
0.006459854921809853
0.00645985492180525
0.006459854921808308
0.006459854921802025
0.006459854921804534
0.006459854921798193
0.006459854921800853
0.006459854921795211
0.006459854921797683
0.006459854921793692
0.006459854921782813
0.005812185292455722
0.00581218529244886
0.005812185292462081
0.005812185292462707
0.005812185292459558
0.005812185292464139
0.00581218529246052
0.005812185292464822
0.005812185292459339
0.005812185292465077
0.005812185292458038
0.005812185292455494
0.005812185292462918
0.005812185292466312
0.005812185292446714
0.005812185292453613
0.005812185292453195
0.005812185292456935
0.005812185292455926
0.005812185292443519
0.005812185292446968
0.005812185292444055
0.005812185292441984
0.005812185292442453
0.005812185292426063
0.00581218529243302
0.005812185292431498
0.005812185292432969
0.005812185292431303
0.005812185292433246
0.005812185292432208
0.005812185292433287
0.005812185292431904
0.005812185292435932
0.005812185292435175
0.005812185292439975
0.005812185292438664
0.005812185292442048
0.005812185292438651
0.005812185292441835
0.005812185292439176
0.005812185292442426
0.005812185292439429
0.005812185292444715
0.005812185292441215
0.005812185292445413
0.005812185292440245
0.005812185292444617
0.005812185292438548
0.005812185292443237
0.005812185292435987
0.005812185292440268
0.005812185292432806
0.005812185292436558
0.005812185292430453
0.005812185292434776
0.005812185292431668
0.005812185292413512
0.005142346367497073
0.005142346367500732
0.005142346367518288
0.005142346367508182
0.005142346367502136
0.005142346367509666
0.005142346367503722
0.00514234636751161
0.005142346367498008
0.005142346367508485
0.005142346367513288
0.005142346367492396
0.005142346367508647
0.005142346367516513
0.005142346367487436
0.005142346367497673
0.005142346367497934
0.00514234636750698
0.005142346367508425
0.005142346367482224
0.005142346367492356
0.00514234636748765
0.005142346367481098
0.005142346367485074
0.005142346367479037
0.005142346367481927
0.00514234636747922
0.005142346367480721
0.00514234636747805
0.005142346367480211
0.005142346367478179
0.005142346367480464
0.005142346367477885
0.005142346367481594
0.005142346367479285
0.005142346367483729
0.005142346367480764
0.005142346367484766
0.005142346367480562
0.005142346367484828
0.005142346367480385
0.005142346367485132
0.005142346367480181
0.005142346367486422
0.005142346367480967
0.005142346367487169
0.005142346367480169
0.005142346367486637
0.005142346367478619
0.005142346367485446
0.005142346367476573
0.00514234636748303
0.005142346367474122
0.005142346367479454
0.005142346367472633
0.005142346367482825
0.0051423463674852
0.00514234636744711
0.004470164788354666
0.004470164788359793
0.004470164788382948
0.00447016478836765
0.004470164788356855
0.00447016478836705
0.004470164788359932
0.004470164788371384
0.00447016478835413
0.004470164788368661
0.004470164788377368
0.004470164788347208
0.00447016478836996
0.004470164788379429
0.004470164788344326
0.004470164788356764
0.004470164788357728
0.004470164788371335
0.004470164788373286
0.004470164788339516
0.004470164788361975
0.004470164788350785
0.004470164788338169
0.004470164788344652
0.004470164788342623
0.004470164788345827
0.004470164788342085
0.004470164788344137
0.004470164788340112
0.004470164788342935
0.004470164788339505
0.004470164788343036
0.004470164788339003
0.004470164788343366
0.004470164788339187
0.004470164788344186
0.004470164788339253
0.004470164788344362
0.004470164788338444
0.004470164788344271
0.004470164788337797
0.004470164788344418
0.004470164788337319
0.00447016478834521
0.004470164788337457
0.004470164788345846
0.004470164788336668
0.00447016478834548
0.004470164788335243
0.004470164788344471
0.004470164788333622
0.004470164788342492
0.004470164788331836
0.004470164788339193
0.004470164788331147
0.004470164788347743
0.004470164788351854
0.004470164788302467
0.003821498970180285
0.003821498970184134
0.003821498970211615
0.003821498970192682
0.003821498970178408
0.003821498970190897
0.003821498970183432
0.003821498970197817
0.003821498970184189
0.00382149897019513
0.003821498970205026
0.003821498970174984
0.003821498970207881
0.003821498970195523
0.00382149897017756
0.003821498970186854
0.003821498970186972
0.003821498970203221
0.003821498970202779
0.003821498970172056
0.003821498970186782
0.0038214989701963
0.003821498970158827
0.003821498970173525
0.003821498970173645
0.00382149897017835
0.003821498970173904
0.003821498970176958
0.003821498970171577
0.003821498970175359
0.003821498970170527
0.003821498970175261
0.00382149897016973
0.003821498970175155
0.003821498970169212
0.003821498970175185
0.003821498970168366
0.003821498970174779
0.003821498970166969
0.003821498970174393
0.003821498970165981
0.00382149897017447
0.003821498970165366
0.003821498970175036
0.003821498970165207
0.003821498970175564
0.003821498970164402
0.003821498970175303
0.003821498970163111
0.003821498970174515
0.003821498970161864
0.003821498970172917
0.003821498970160531
0.003821498970170042
0.003821498970160273
0.003821498970182699
0.003821498970186658
0.003821498970133689
0.003223347262414473
0.003223347262415562
0.00322334726244533
0.003223347262425047
0.003223347262409279
0.003223347262423919
0.003223347262416716
0.003223347262432757
0.00322334726243762
0.003223347262416852
0.003223347262427708
0.003223347262424762
0.003223347262447394
0.003223347262432964
0.003223347262416584
0.003223347262429248
0.003223347262426655
0.003223347262442687
0.003223347262427134
0.003223347262437207
0.003223347262416328
0.003223347262422448
0.003223347262402311
0.003223347262414752
0.003223347262414677
0.003223347262420522
0.003223347262415615
0.003223347262419734
0.003223347262413336
0.003223347262418095
0.003223347262412081
0.003223347262417783
0.003223347262411059
0.003223347262417498
0.003223347262410257
0.00322334726241713
0.003223347262409
0.003223347262416439
0.003223347262407173
0.003223347262415755
0.003223347262406018
0.003223347262415868
0.003223347262405377
0.003223347262416328
0.003223347262405205
0.003223347262416755
0.003223347262404442
0.003223347262416562
0.003223347262403338
0.003223347262416062
0.003223347262402401
0.00322334726241479
0.003223347262401248
0.003223347262412492
0.003223347262400957
0.003223347262426683
0.003223347262429675
0.003223347262381676
0.002696983358459683
0.002696983358453263
0.002696983358484598
0.002696983358466504
0.002696983358450922
0.002696983358467327
0.002696983358460906
0.002696983358490788
0.002696983358475418
0.002696983358464978
0.002696983358473979
0.002696983358478582
0.002696983358474462
0.002696983358483275
0.002696983358466634
0.002696983358481719
0.002696983358476878
0.00269698335848857
0.00269698335847365
0.002696983358488584
0.002696983358476827
0.002696983358468509
0.002696983358455675
0.002696983358466321
0.002696983358465074
0.002696983358471328
0.002696983358466117
0.002696983358471062
0.002696983358464124
0.00269698335846964
0.002696983358462784
0.002696983358468967
0.002696983358461643
0.002696983358468761
0.002696983358460918
0.002696983358468277
0.002696983358459681
0.002696983358467522
0.002696983358457591
0.002696983358466631
0.00269698335845657
0.002696983358466842
0.002696983358455843
0.002696983358467252
0.002696983358455873
0.002696983358467508
0.002696983358455214
0.002696983358467361
0.002696983358454401
0.002696983358467233
0.002696983358453652
0.002696983358466124
0.002696983358452511
0.002696983358464485
0.002696983358451892
0.002696983358473882
0.002696983358479498
0.002696983358444219
0.002252920360624604
0.002252920360599773
0.002252920360637688
0.002252920360624911
0.002252920360610176
0.002252920360627521
0.002252920360621899
0.002252920360646315
0.002252920360655279
0.002252920360619604
0.002252920360640881
0.002252920360655531
0.002252920360624445
0.002252920360642114
0.002252920360633771
0.002252920360649883
0.002252920360644248
0.002252920360641206
0.002252920360650407
0.002252920360632625
0.002252920360633902
0.002252920360636818
0.002252920360625609
0.002252920360633155
0.002252920360629633
0.002252920360635686
0.0022529203606303
0.002252920360635664
0.002252920360628731
0.002252920360634632
0.00225292036062721
0.002252920360633412
0.002252920360626133
0.002252920360633507
0.002252920360625732
0.002252920360633078
0.00225292036062485
0.002252920360632426
0.002252920360622604
0.002252920360631462
0.002252920360622031
0.002252920360631681
0.002252920360620974
0.002252920360632093
0.002252920360621309
0.002252920360632118
0.002252920360620851
0.002252920360632064
0.002252920360620517
0.002252920360632288
0.002252920360619743
0.002252920360631132
0.002252920360618652
0.002252920360630104
0.00225292036061782
0.002252920360636303
0.002252920360629205
0.002252920360629687
0.001890082844405851
0.001890082844378082
0.001890082844412125
0.001890082844403541
0.001890082844389195
0.001890082844406434
0.001890082844401469
0.001890082844425491
0.001890082844436968
0.001890082844398469
0.001890082844423209
0.001890082844438375
0.00189008284439974
0.001890082844417169
0.001890082844414584
0.001890082844439556
0.001890082844422341
0.001890082844417268
0.001890082844428192
0.001890082844413138
0.001890082844409699
0.001890082844417308
0.001890082844408438
0.00189008284441497
0.001890082844410049
0.001890082844415867
0.001890082844410182
0.00189008284441554
0.00189008284440914
0.001890082844415046
0.001890082844407147
0.001890082844413135
0.001890082844406399
0.001890082844413714
0.001890082844406469
0.001890082844413482
0.00189008284440617
0.001890082844412895
0.001890082844403781
0.001890082844412096
0.001890082844403841
0.001890082844411896
0.001890082844402123
0.001890082844412554
0.001890082844402836
0.001890082844412303
0.001890082844402696
0.001890082844412472
0.001890082844403014
0.001890082844412871
0.00189008284440197
0.001890082844411566
0.001890082844401156
0.001890082844411011
0.001890082844400413
0.001890082844415415
0.001890082844406109
0.001890082844418534
0.001598555000753343
0.001598555000724164
0.001598555000756063
0.001598555000749654
0.001598555000735078
0.001598555000751218
0.001598555000747117
0.001598555000770485
0.001598555000780648
0.001598555000743573
0.001598555000768522
0.001598555000782213
0.001598555000742825
0.001598555000758925
0.001598555000758211
0.001598555000774271
0.001598555000777145
0.001598555000765914
0.001598555000753664
0.00159855500076183
0.001598555000754954
0.001598555000762319
0.001598555000753372
0.001598555000759654
0.001598555000754881
0.001598555000760412
0.001598555000754109
0.001598555000759282
0.001598555000753671
0.001598555000759188
0.00159855500075092
0.001598555000756675
0.001598555000750773
0.001598555000757806
0.001598555000751348
0.001598555000757897
0.001598555000751706
0.001598555000757101
0.00159855500074909
0.001598555000756889
0.001598555000749863
0.001598555000755565
0.001598555000746948
0.001598555000756791
0.001598555000748294
0.001598555000756354
0.001598555000748683
0.001598555000756898
0.001598555000749727
0.001598555000757048
0.001598555000748124
0.001598555000755712
0.001598555000747894
0.001598555000755508
0.001598555000747465
0.001598555000758677
0.001598555000750737
0.001598555000765531
0.00136381297101661
0.001363812970992076
0.00136381297102185
0.001363812971015255
0.001363812970999976
0.001363812971013926
0.001363812971011701
0.001363812971033608
0.001363812971041571
0.001363812971006759
0.001363812971030745
0.001363812971041661
0.001363812971004947
0.001363812971020149
0.001363812971018906
0.001363812971031646
0.001363812971032937
0.001363812971027623
0.001363812971012717
0.001363812971023633
0.001363812971017253
0.001363812971024492
0.001363812971015072
0.001363812971021476
0.001363812971017631
0.001363812971022738
0.001363812971015458
0.001363812971020718
0.00136381297101573
0.001363812971020608
0.001363812971012059
0.001363812971017784
0.001363812971012771
0.001363812971019424
0.001363812971013834
0.001363812971019881
0.00136381297101495
0.00136381297101827
0.001363812971011799
0.001363812971019401
0.00136381297101356
0.001363812971016612
0.001363812971007944
0.001363812971018099
0.001363812971010947
0.001363812971017868
0.001363812971012154
0.001363812971018906
0.001363812971014015
0.001363812971018386
0.001363812971011364
0.001363812971017312
0.001363812971011966
0.00136381297101722
0.001363812971012344
0.001363812971019585
0.001363812971014469
0.001363812971026531
0.00117063812804421
0.001170638128026231
0.001170638128048607
0.001170638128040451
0.001170638128024084
0.001170638128035807
0.00117063812803521
0.001170638128055332
0.00117063812806115
0.001170638128028588
0.00117063812805133
0.00117063812805685
0.001170638128026686
0.001170638128040211
0.001170638128038835
0.001170638128050678
0.001170638128053802
0.001170638128042319
0.001170638128029962
0.001170638128042744
0.001170638128037721
0.00117063812804415
0.001170638128036125
0.001170638128042305
0.001170638128039214
0.001170638128043896
0.001170638128035245
0.001170638128040974
0.001170638128036648
0.001170638128040835
0.001170638128031868
0.001170638128037798
0.001170638128033521
0.001170638128039744
0.00117063812803502
0.00117063812804074
0.001170638128037498
0.001170638128037251
0.001170638128032594
0.001170638128040879
0.001170638128036535
0.001170638128037685
0.001170638128023787
0.001170638128037506
0.001170638128031882
0.001170638128038025
0.001170638128034172
0.001170638128039885
0.001170638128037519
0.001170638128038244
0.00117063812803232
0.001170638128038395
0.001170638128033912
0.001170638128037355
0.001170638128036638
0.0011706381280396
0.001170638128037776
0.001170638128043753
0.001005787117413893
0.001005787117402423
0.00100578711741404
0.001005787117405419
0.001005787117387602
0.001005787117397593
0.001005787117397858
0.001005787117416096
0.001005787117420042
0.001005787117389555
0.001005787117411134
0.001005787117414934
0.001005787117387184
0.001005787117399659
0.001005787117398613
0.001005787117414274
0.001005787117405695
0.001005787117405476
0.001005787117387985
0.001005787117401063
0.001005787117396959
0.001005787117402599
0.001005787117397006
0.001005787117402885
0.001005787117399946
0.001005787117403901
0.001005787117394794
0.001005787117400699
0.001005787117397321
0.001005787117400642
0.001005787117391326
0.00100578711739771
0.001005787117393803
0.001005787117399575
0.001005787117395548
0.001005787117401983
0.001005787117401659
0.001005787117393456
0.001005787117391362
0.001005787117401265
0.001005787117403251
0.001005787117394447
0.001005787117385851
0.00100578711739636
0.00100578711739169
0.001005787117397723
0.001005787117395397
0.001005787117401203
0.001005787117402833
0.001005787117397509
0.001005787117390116
0.001005787117402173
0.001005787117392621
0.00100578711739659
0.001005787117402889
0.0010057871173998
0.00100578711740147
0.001005787117396154
0.0008592288586079466
0.0008592288586030218
0.0008592288585975736
0.000859228858595196
0.0008592288585744946
0.0008592288585834045
0.0008592288585839397
0.000859228858600228
0.0008592288586025389
0.0008592288585741119
0.0008592288585945861
0.0008592288585994128
0.0008592288585710159
0.0008592288585831488
0.000859228858582398
0.0008592288585976219
0.0008592288585877692
0.0008592288585835728
0.0008592288585761934
0.0008592288585837226
0.0008592288585787808
0.0008592288585848382
0.0008592288585815049
0.0008592288585875407
0.000859228858584263
0.0008592288585870964
0.0008592288585787119
0.0008592288585842781
0.0008592288585818334
0.0008592288585840744
0.0008592288585756447
0.0008592288585822756
0.0008592288585779085
0.0008592288585835397
0.0008592288585794719
0.0008592288585903111
0.0008592288585801924
0.0008592288585834407
0.0008592288585738253
0.0008592288585851972
0.0008592288585874669
0.0008592288585742226
0.00085922885858107
0.000859228858578896
0.000859228858574511
0.0008592288585819263
0.0008592288585799079
0.0008592288585891134
0.0008592288585839453
0.0008592288585771873
0.0008592288585778388
0.0008592288585842601
0.00085922885857991
0.0008592288585792826
0.0008592288585858271
0.0008592288585826773
0.0008592288585874566
0.000859228858579178
0.0007241858607123524
0.0007241858607079405
0.000724185860704361
0.0007241858606904487
0.0007241858606733962
0.0007241858606823086
0.0007241858606829253
0.000724185860697126
0.0007241858606979427
0.0007241858606718646
0.0007241858606910837
0.000724185860694946
0.000724185860668724
0.0007241858606801666
0.0007241858606796863
0.0007241858606899547
0.0007241858606869317
0.0007241858606778978
0.0007241858606799088
0.0007241858606852399
0.0007241858606711945
0.0007241858606811581
0.0007241858606781649
0.0007241858606849382
0.0007241858606824577
0.0007241858606828214
0.0007241858606758094
0.000724185860680956
0.0007241858606792805
0.0007241858606805919
0.0007241858606741892
0.0007241858606803697
0.0007241858606756546
0.000724185860681966
0.000724185860675549
0.0007241858606873099
0.0007241858606765887
0.0007241858606762055
0.0007241858606788902
0.0007241858606788874
0.0007241858606808201
0.0007241858606739178
0.000724185860683799
0.0007241858606773502
0.0007241858606718498
0.0007241858606821219
0.0007241858606755478
0.0007241858606846605
0.0007241858606868716
0.0007241858606702593
0.0007241858606780457
0.0007241858606795116
0.0007241858606827655
0.0007241858606768708
0.0007241858606843075
0.0007241858606791574
0.0007241858606867328
0.0007241858606727317
0.0005963969709244796
0.0005963969709194773
0.0005963969709177423
0.0005963969709008339
0.000596396970885424
0.0005963969708936856
0.0005963969708944199
0.0005963969709060757
0.0005963969709058136
0.0005963969708827308
0.0005963969709001503
0.0005963969709024493
0.0005963969708799609
0.0005963969708902749
0.0005963969708903048
0.0005963969708979557
0.0005963969708959245
0.000596396970885603
0.0005963969708937154
0.0005963969708959248
0.0005963969708802768
0.0005963969708941046
0.0005963969708841801
0.0005963969708939666
0.000596396970896411
0.0005963969708910816
0.0005963969708835309
0.0005963969708903087
0.0005963969708891905
0.0005963969708898346
0.0005963969708863402
0.0005963969708910569
0.0005963969708870395
0.000596396970893509
0.0005963969708856737
0.0005963969708926692
0.0005963969708890288
0.0005963969708829178
0.0005963969708892919
0.0005963969708904944
0.0005963969708910753
0.0005963969708866284
0.0005963969708940918
0.000596396970891226
0.000596396970883326
0.0005963969708897659
0.0005963969708894609
0.0005963969708946677
0.0005963969708983601
0.000596396970880051
0.0005963969708908202
0.0005963969708891892
0.0005963969708953844
0.0005963969708876075
0.0005963969708961848
0.0005963969708888876
0.000596396970898649
0.0005963969708782275
0.0004731717405365527
0.0004731717405402372
0.0004731717405379815
0.0004731717405285869
0.000473171740512344
0.0004731717405190812
0.0004731717405199165
0.0004731717405281156
0.0004731717405275882
0.0004731717405090257
0.0004731717405230889
0.0004731717405242388
0.0004731717405069667
0.0004731717405152377
0.0004731717405160611
0.0004731717405217644
0.0004731717405216092
0.0004731717405095033
0.0004731717405197647
0.0004731717405202
0.0004731717405064405
0.0004731717405190353
0.0004731717405083495
0.0004731717405169264
0.000473171740521794
0.0004731717405111162
0.0004731717405106724
0.0004731717405153961
0.0004731717405131156
0.0004731717405139326
0.00047317174051377
0.0004731717405153602
0.0004731717405138235
0.0004731717405210147
0.0004731717405104739
0.0004731717405143247
0.0004731717405145747
0.0004731717405108124
0.0004731717405155457
0.0004731717405155438
0.0004731717405166828
0.0004731717405133814
0.0004731717405201873
0.0004731717405156182
0.000473171740508898
0.0004731717405143233
0.0004731717405158208
0.0004731717405184883
0.0004731717405228626
0.0004731717405067952
0.0004731717405178576
0.0004731717405141382
0.0004731717405214146
0.0004731717405129163
0.0004731717405222442
0.000473171740513721
0.0004731717405252625
0.0004731717405012024
0.0003545997731392104
0.0003545997731442
0.0003545997731454017
0.000354599773142457
0.0003545997731298654
0.0003545997731341679
0.0003545997731348842
0.0003545997731383439
0.0003545997731390036
0.0003545997731273793
0.0003545997731354935
0.0003545997731364776
0.000354599773126288
0.0003545997731314423
0.0003545997731328808
0.0003545997731348773
0.0003545997731340568
0.0003545997731301269
0.0003545997731342609
0.0003545997731347117
0.0003545997731255629
0.0003545997731329734
0.0003545997731267412
0.0003545997731287234
0.000354599773134936
0.000354599773127742
0.0003545997731268763
0.0003545997731327177
0.0003545997731280904
0.0003545997731298047
0.0003545997731325912
0.0003545997731278962
0.0003545997731312416
0.0003545997731348001
0.00035459977312825
0.0003545997731285127
0.0003545997731309099
0.0003545997731258313
0.0003545997731324988
0.0003545997731313419
0.000354599773134023
0.0003545997731307848
0.0003545997731357037
0.0003545997731331128
0.0003545997731272433
0.0003545997731312958
0.0003545997731298639
0.0003545997731316735
0.0003545997731363139
0.0003545997731287786
0.0003545997731350425
0.0003545997731303971
0.0003545997731369366
0.0003545997731295626
0.0003545997731376733
0.0003545997731300382
0.0003545997731412839
0.0003545997731237067
0.0002530175636061613
0.0002530175636074559
0.0002530175636089645
0.000253017563607372
0.0002530175636031337
0.0002530175636028127
0.0002530175636030524
0.0002530175636042253
0.000253017563604344
0.0002530175636017881
0.0002530175636041734
0.0002530175636033249
0.0002530175636002916
0.0002530175636034895
0.0002530175636042288
0.0002530175636028877
0.0002530175636024178
0.0002530175636029264
0.0002530175636046385
0.0002530175636027318
0.0002530175635998862
0.0002530175636014922
0.0002530175636005397
0.0002530175636007266
0.0002530175636002672
0.0002530175636001346
0.000253017563601761
0.0002530175636033369
0.0002530175636011213
0.0002530175636004395
0.0002530175636016248
0.0002530175636004323
0.0002530175636031443
0.0002530175636034474
0.0002530175636028269
0.0002530175636024194
0.0002530175636012769
0.0002530175635992927
0.0002530175636040735
0.0002530175636033835
0.0002530175636050449
0.0002530175636032925
0.0002530175636056392
0.0002530175636021668
0.0002530175636007336
0.000253017563603064
0.000253017563601743
0.0002530175636008432
0.0002530175636055758
0.0002530175636031001
0.000253017563605742
0.0002530175636035358
0.0002530175636064987
0.0002530175636033057
0.0002530175636068313
0.0002530175636034675
0.0002530175636082163
0.0002530175636016784
0.000246873350973635
0.0002468733509738115
0.0002468733509737805
0.0002468733509735913
0.0002468733509732539
0.0002468733509727761
0.0002468733509727841
0.0002468733509731112
0.0002468733509731803
0.0002468733509726605
0.0002468733509729368
0.0002468733509731506
0.0002468733509724504
0.0002468733509728176
0.0002468733509732712
0.0002468733509731109
0.0002468733509729963
0.0002468733509730354
0.0002468733509733355
0.0002468733509728191
0.0002468733509722812
0.0002468733509725188
0.0002468733509724169
0.0002468733509724417
0.0002468733509723055
0.0002468733509722063
0.0002468733509725317
0.0002468733509730902
0.0002468733509727832
0.0002468733509725337
0.0002468733509724112
0.0002468733509723597
0.000246873350972909
0.0002468733509729364
0.0002468733509727785
0.0002468733509726559
0.0002468733509725543
0.0002468733509722009
0.0002468733509732429
0.0002468733509731798
0.0002468733509734589
0.0002468733509731987
0.0002468733509735502
0.0002468733509727412
0.0002468733509724383
0.0002468733509730875
0.0002468733509726664
0.0002468733509724089
0.0002468733509735047
0.0002468733509732356
0.0002468733509736347
0.0002468733509733261
0.0002468733509737706
0.0002468733509733016
0.0002468733509738242
0.0002468733509733299
0.0002468733509740288
0.000246873350973095
0.0004779055941203464
0.000477905594120323
0.0004779055941203034
0.0004779055941202947
0.0004779055941202772
0.0004779055941202844
0.0004779055941202917
0.0004779055941202978
0.0004779055941203274
0.0004779055941202815
0.0004779055941202738
0.0004779055941203124
0.0004779055941203189
0.0004779055941203045
0.0004779055941203264
0.0004779055941203293
0.0004779055941203093
0.0004779055941203338
0.0004779055941203294
0.0004779055941203244
0.0004779055941203101
0.0004779055941202802
0.0004779055941202475
0.0004779055941202858
0.0004779055941202859
0.0004779055941203287
0.0004779055941202961
0.0004779055941203216
0.0004779055941203648
0.0004779055941203395
0.000477905594120293
0.0004779055941202546
0.0004779055941203179
0.0004779055941203476
0.0004779055941203069
0.0004779055941202898
0.0004779055941203327
0.0004779055941202675
0.0004779055941202981
0.0004779055941203324
0.0004779055941203371
0.0004779055941203287
0.0004779055941203222
0.0004779055941203117
0.0004779055941203212
0.0004779055941202957
0.0004779055941203101
0.0004779055941203401
0.0004779055941203314
0.0004779055941202949
0.000477905594120288
0.0004779055941203049
0.0004779055941202949
0.0004779055941202851
0.000477905594120305
0.0004779055941202727
0.0004779055941202863
0.0004779055941203405
)
;

boundaryField
{
    inlet
    {
        type            cyclic;
    }
    outlet
    {
        type            cyclic;
    }
    bottomWall
    {
        type            fixedValue;
        value           uniform 0.0015;
    }
    topWall
    {
        type            fixedValue;
        value           uniform 0.0015;
    }
    left
    {
        type            cyclic;
    }
    right
    {
        type            cyclic;
    }
}


// ************************************************************************* //
