/*--------------------------------*- C++ -*----------------------------------*\
| =========                 |                                                 |
| \\      /  F ield         | OpenFOAM: The Open Source CFD Toolbox           |
|  \\    /   O peration     | Version:  v1812                                 |
|   \\  /    A nd           | Web:      www.OpenFOAM.com                      |
|    \\/     M anipulation  |                                                 |
\*---------------------------------------------------------------------------*/
FoamFile
{
    version     2.0;
    format      ascii;
    class       volScalarField;
    location    "10000";
    object      nuTilda;
}
// * * * * * * * * * * * * * * * * * * * * * * * * * * * * * * * * * * * * * //

dimensions      [0 2 -1 0 0 0 0];


internalField   nonuniform List<scalar> 
2838
(
0.0004765976998042067
0.0004765976998042065
0.0004765976998042065
0.0004765976998042065
0.0004765976998042067
0.0004765976998042067
0.0004765976998042068
0.0004765976998042064
0.0004765976998042063
0.0004765976998042066
0.0004765976998042063
0.0004765976998042069
0.0004765976998042063
0.0004765976998042065
0.0004765976998042067
0.0004765976998042063
0.0004765976998042067
0.0004765976998042064
0.0004765976998042067
0.0004765976998042062
0.0004765976998042064
0.0004765976998042066
0.000476597699804207
0.0004765976998042065
0.0004765976998042061
0.000476597699804207
0.0004765976998042063
0.0004765976998042068
0.0004765976998042057
0.000476597699804207
0.0004765976998042063
0.0004765976998042064
0.0004765976998042067
0.0004765976998042065
0.0004765976998042058
0.0004765976998042068
0.0004765976998042071
0.0004765976998042064
0.0004765976998042058
0.0004765976998042063
0.0004765976998042065
0.0004765976998042064
0.0004765976998042063
0.0004765976998042065
0.0004765976998042065
0.0004765976998042065
0.0004765976998042063
0.0004765976998042072
0.0004765976998042058
0.0004765976998042065
0.0004765976998042064
0.0004765976998042071
0.0004765976998042064
0.0004765976998042065
0.0004765976998042058
0.000476597699804207
0.0004765976998042058
0.0004765976998042058
0.0004765976998042071
0.0004765976998042064
0.0004765976998042066
0.0004765976998042066
0.0004765976998042064
0.0004765976998042064
0.0004765976998042065
0.0004765976998042071
0.0003956662274181858
0.0003956662274181824
0.0003956662274181826
0.0003956662274181788
0.0003956662274181779
0.0003956662274181787
0.0003956662274181775
0.0003956662274181775
0.0003956662274181763
0.0003956662274181751
0.0003956662274181793
0.0003956662274181786
0.0003956662274181781
0.0003956662274181802
0.0003956662274181785
0.0003956662274181781
0.0003956662274181809
0.000395666227418178
0.0003956662274181782
0.0003956662274181812
0.0003956662274181796
0.0003956662274181789
0.0003956662274181825
0.0003956662274181788
0.0003956662274181797
0.0003956662274181807
0.0003956662274181805
0.0003956662274181841
0.0003956662274181809
0.0003956662274181814
0.0003956662274181831
0.0003956662274181818
0.0003956662274181833
0.0003956662274181867
0.0003956662274181831
0.0003956662274181837
0.0003956662274181861
0.0003956662274181844
0.0003956662274181843
0.0003956662274181862
0.000395666227418184
0.0003956662274181832
0.000395666227418186
0.0003956662274181834
0.0003956662274181837
0.0003956662274181825
0.0003956662274181856
0.0003956662274181817
0.0003956662274181799
0.0003956662274181792
0.0003956662274181799
0.0003956662274181824
0.000395666227418181
0.000395666227418178
0.0003956662274181806
0.0003956662274181786
0.0003956662274181781
0.0003956662274181787
0.000395666227418182
0.0003956662274181767
0.0003956662274181742
0.0003956662274181736
0.0003956662274181766
0.0003956662274181755
0.0003956662274181774
0.0003956662274181745
0.0007467445826648656
0.0007467445826648599
0.0007467445826648608
0.0007467445826648515
0.0007467445826648484
0.0007467445826648487
0.0007467445826648472
0.00074674458266485
0.0007467445826648482
0.0007467445826648449
0.0007467445826648513
0.0007467445826648511
0.0007467445826648497
0.0007467445826648539
0.0007467445826648502
0.0007467445826648491
0.0007467445826648561
0.0007467445826648503
0.0007467445826648498
0.0007467445826648565
0.0007467445826648543
0.0007467445826648518
0.000746744582664857
0.0007467445826648531
0.0007467445826648547
0.0007467445826648537
0.0007467445826648527
0.0007467445826648624
0.0007467445826648586
0.0007467445826648583
0.0007467445826648609
0.000746744582664859
0.0007467445826648621
0.0007467445826648703
0.0007467445826648646
0.0007467445826648653
0.000746744582664869
0.0007467445826648699
0.0007467445826648677
0.0007467445826648712
0.0007467445826648644
0.0007467445826648661
0.0007467445826648699
0.0007467445826648648
0.0007467445826648634
0.0007467445826648618
0.0007467445826648676
0.0007467445826648624
0.0007467445826648515
0.0007467445826648504
0.0007467445826648552
0.0007467445826648614
0.0007467445826648595
0.0007467445826648542
0.000746744582664854
0.0007467445826648537
0.0007467445826648545
0.0007467445826648577
0.0007467445826648603
0.0007467445826648493
0.0007467445826648431
0.0007467445826648424
0.0007467445826648431
0.0007467445826648414
0.0007467445826648446
0.000746744582664842
0.001020153842932343
0.001020153842932339
0.001020153842932341
0.00102015384293233
0.001020153842932324
0.001020153842932317
0.001020153842932317
0.001020153842932326
0.001020153842932326
0.00102015384293232
0.001020153842932326
0.001020153842932326
0.00102015384293232
0.001020153842932328
0.001020153842932326
0.001020153842932322
0.001020153842932333
0.001020153842932328
0.001020153842932324
0.001020153842932334
0.001020153842932331
0.001020153842932326
0.001020153842932334
0.001020153842932332
0.001020153842932334
0.001020153842932338
0.001020153842932334
0.001020153842932345
0.001020153842932342
0.001020153842932341
0.001020153842932348
0.001020153842932349
0.00102015384293235
0.001020153842932356
0.00102015384293235
0.001020153842932354
0.001020153842932359
0.001020153842932361
0.00102015384293236
0.001020153842932366
0.001020153842932356
0.001020153842932357
0.001020153842932361
0.001020153842932353
0.001020153842932349
0.00102015384293235
0.001020153842932356
0.001020153842932357
0.001020153842932343
0.001020153842932332
0.001020153842932338
0.001020153842932346
0.001020153842932346
0.001020153842932338
0.001020153842932329
0.001020153842932335
0.001020153842932329
0.001020153842932338
0.001020153842932341
0.00102015384293233
0.001020153842932319
0.001020153842932319
0.001020153842932311
0.001020153842932323
0.001020153842932317
0.001020153842932309
0.001330375949139975
0.001330375949139975
0.001330375949139975
0.001330375949139961
0.001330375949139966
0.001330375949139955
0.001330375949139938
0.001330375949139953
0.00133037594913996
0.001330375949139939
0.001330375949139954
0.001330375949139953
0.001330375949139947
0.001330375949139957
0.001330375949139953
0.00133037594913995
0.001330375949139963
0.001330375949139962
0.001330375949139952
0.001330375949139963
0.001330375949139967
0.00133037594913996
0.001330375949139971
0.00133037594913997
0.001330375949139963
0.001330375949139976
0.00133037594913997
0.001330375949139986
0.00133037594913998
0.001330375949139977
0.001330375949139992
0.00133037594913999
0.001330375949139997
0.001330375949140006
0.001330375949139989
0.00133037594914001
0.001330375949140017
0.001330375949140022
0.001330375949140011
0.001330375949140022
0.001330375949140014
0.001330375949140019
0.001330375949140016
0.001330375949140008
0.001330375949140005
0.001330375949140009
0.001330375949140009
0.001330375949140012
0.001330375949140008
0.001330375949139977
0.00133037594913999
0.001330375949139989
0.001330375949139994
0.001330375949139987
0.001330375949139969
0.001330375949139979
0.001330375949139969
0.001330375949139978
0.001330375949139976
0.001330375949139975
0.001330375949139954
0.001330375949139956
0.001330375949139936
0.001330375949139952
0.001330375949139943
0.001330375949139933
0.001752008131959395
0.001752008131959409
0.001752008131959393
0.001752008131959365
0.001752008131959378
0.001752008131959387
0.001752008131959334
0.001752008131959363
0.001752008131959357
0.001752008131959336
0.001752008131959365
0.001752008131959355
0.001752008131959337
0.001752008131959368
0.001752008131959353
0.001752008131959342
0.001752008131959364
0.001752008131959381
0.001752008131959342
0.001752008131959375
0.001752008131959367
0.001752008131959365
0.001752008131959396
0.001752008131959378
0.001752008131959373
0.00175200813195939
0.001752008131959384
0.001752008131959405
0.00175200813195942
0.001752008131959389
0.001752008131959431
0.001752008131959432
0.001752008131959422
0.001752008131959444
0.001752008131959423
0.001752008131959452
0.001752008131959465
0.001752008131959488
0.001752008131959455
0.001752008131959483
0.001752008131959459
0.001752008131959471
0.001752008131959491
0.001752008131959446
0.001752008131959456
0.001752008131959453
0.001752008131959454
0.001752008131959454
0.001752008131959462
0.001752008131959424
0.001752008131959438
0.001752008131959424
0.001752008131959425
0.001752008131959421
0.001752008131959397
0.001752008131959401
0.001752008131959379
0.001752008131959407
0.001752008131959392
0.001752008131959407
0.001752008131959365
0.001752008131959381
0.001752008131959344
0.001752008131959372
0.001752008131959343
0.001752008131959326
0.002344922259708485
0.002344922259708531
0.002344922259708445
0.002344922259708436
0.002344922259708419
0.002344922259708438
0.002344922259708389
0.002344922259708446
0.002344922259708412
0.002344922259708377
0.002344922259708408
0.002344922259708463
0.002344922259708362
0.002344922259708409
0.002344922259708465
0.002344922259708372
0.002344922259708454
0.002344922259708428
0.0023449222597084
0.002344922259708468
0.002344922259708441
0.002344922259708419
0.002344922259708461
0.002344922259708517
0.00234492225970843
0.002344922259708466
0.002344922259708458
0.002344922259708525
0.002344922259708494
0.002344922259708484
0.002344922259708566
0.002344922259708535
0.002344922259708537
0.002344922259708581
0.002344922259708543
0.002344922259708577
0.002344922259708602
0.002344922259708623
0.002344922259708629
0.002344922259708658
0.0023449222597086
0.002344922259708651
0.002344922259708628
0.002344922259708585
0.002344922259708622
0.002344922259708573
0.002344922259708568
0.002344922259708626
0.002344922259708589
0.002344922259708544
0.002344922259708583
0.002344922259708504
0.00234492225970855
0.00234492225970859
0.002344922259708562
0.002344922259708483
0.002344922259708445
0.00234492225970848
0.002344922259708481
0.002344922259708505
0.002344922259708455
0.002344922259708449
0.002344922259708404
0.002344922259708431
0.002344922259708456
0.002344922259708347
0.003051332961535712
0.003051332961535732
0.003051332961535679
0.00305133296153558
0.003051332961535607
0.003051332961535652
0.003051332961535522
0.003051332961535585
0.003051332961535673
0.00305133296153549
0.003051332961535623
0.003051332961535593
0.00305133296153553
0.003051332961535634
0.003051332961535603
0.003051332961535549
0.003051332961535618
0.003051332961535708
0.003051332961535541
0.003051332961535634
0.003051332961535736
0.003051332961535578
0.003051332961535719
0.0030513329615357
0.003051332961535652
0.003051332961535685
0.00305133296153567
0.003051332961535805
0.003051332961535715
0.003051332961535719
0.003051332961535808
0.003051332961535922
0.00305133296153578
0.003051332961535866
0.003051332961535822
0.003051332961535953
0.003051332961535917
0.003051332961535903
0.003051332961535977
0.003051332961536081
0.003051332961535883
0.003051332961536006
0.003051332961535958
0.003051332961535881
0.00305133296153596
0.003051332961535825
0.003051332961535851
0.00305133296153598
0.003051332961535883
0.003051332961535826
0.003051332961535887
0.00305133296153574
0.00305133296153587
0.003051332961535818
0.00305133296153593
0.00305133296153576
0.003051332961535668
0.003051332961535676
0.00305133296153569
0.003051332961535694
0.003051332961535746
0.003051332961535602
0.003051332961535551
0.003051332961535594
0.003051332961535674
0.003051332961535479
0.00373878106350026
0.003738781063500135
0.003738781063500199
0.003738781063499864
0.003738781063500048
0.003738781063499937
0.003738781063499845
0.003738781063499901
0.003738781063500041
0.003738781063499767
0.003738781063499993
0.003738781063499927
0.003738781063499849
0.00373878106350003
0.003738781063499963
0.003738781063499885
0.003738781063499984
0.003738781063500155
0.003738781063499891
0.00373878106350002
0.003738781063500208
0.003738781063499952
0.003738781063500183
0.003738781063500112
0.003738781063500055
0.003738781063500107
0.003738781063500095
0.00373878106350021
0.003738781063500363
0.003738781063500148
0.003738781063500392
0.00373878106350034
0.003738781063500299
0.003738781063500356
0.00373878106350034
0.003738781063500478
0.003738781063500607
0.003738781063500391
0.00373878106350063
0.003738781063500546
0.003738781063500444
0.003738781063500597
0.0037387810635005
0.003738781063500386
0.003738781063500388
0.003738781063500347
0.003738781063500511
0.003738781063500415
0.003738781063500346
0.003738781063500317
0.003738781063500256
0.003738781063500272
0.003738781063500242
0.003738781063500386
0.003738781063500421
0.003738781063500236
0.003738781063500128
0.003738781063500082
0.003738781063500091
0.003738781063500023
0.003738781063500157
0.003738781063499972
0.003738781063499844
0.003738781063500006
0.00373878106349989
0.003738781063499786
0.004322762073350323
0.004322762073350278
0.004322762073350301
0.00432276207335005
0.004322762073350241
0.004322762073349979
0.004322762073349912
0.004322762073349945
0.004322762073349997
0.004322762073349845
0.004322762073350021
0.004322762073350153
0.004322762073349924
0.004322762073350095
0.004322762073350314
0.004322762073349981
0.004322762073350285
0.00432276207335022
0.004322762073350112
0.004322762073350368
0.004322762073350318
0.004322762073350211
0.004322762073350362
0.004322762073350509
0.004322762073350248
0.004322762073350353
0.004322762073350358
0.004322762073350661
0.004322762073350527
0.004322762073350484
0.004322762073350664
0.00432276207335063
0.004322762073350657
0.004322762073350911
0.004322762073350663
0.004322762073350877
0.004322762073351096
0.004322762073350753
0.004322762073351077
0.004322762073350841
0.00432276207335079
0.004322762073350977
0.004322762073350873
0.004322762073350705
0.004322762073350771
0.004322762073350642
0.004322762073350851
0.004322762073350798
0.004322762073350667
0.004322762073350753
0.004322762073350421
0.004322762073350445
0.004322762073350454
0.004322762073350616
0.004322762073350509
0.004322762073350743
0.004322762073350459
0.004322762073350209
0.004322762073350262
0.004322762073350164
0.004322762073350166
0.00432276207335007
0.004322762073349865
0.004322762073349994
0.004322762073350118
0.004322762073349746
0.00478764512939057
0.004787645129390556
0.004787645129390551
0.004787645129390371
0.004787645129390459
0.004787645129390633
0.004787645129390136
0.00478764512939048
0.004787645129390358
0.004787645129390198
0.004787645129390356
0.004787645129390668
0.004787645129390229
0.004787645129390642
0.004787645129390531
0.004787645129390429
0.004787645129390799
0.004787645129390663
0.00478764512939055
0.004787645129390918
0.004787645129390802
0.004787645129390693
0.004787645129390884
0.004787645129390752
0.004787645129391057
0.004787645129390956
0.004787645129390887
0.004787645129391119
0.004787645129391388
0.004787645129391004
0.004787645129391239
0.004787645129391147
0.00478764512939153
0.004787645129391458
0.004787645129391433
0.004787645129391583
0.004787645129391773
0.004787645129391375
0.004787645129391631
0.004787645129391798
0.004787645129391315
0.004787645129391504
0.004787645129391714
0.00478764512939119
0.004787645129391321
0.004787645129391184
0.004787645129391425
0.004787645129391265
0.004787645129391413
0.004787645129391288
0.004787645129391237
0.004787645129390785
0.004787645129390829
0.004787645129390891
0.004787645129390881
0.004787645129391169
0.004787645129390792
0.004787645129391052
0.004787645129390565
0.004787645129390681
0.004787645129390576
0.004787645129390158
0.0047876451293901
0.004787645129390269
0.004787645129390491
0.004787645129389931
0.005146017633424667
0.005146017633424621
0.005146017633424614
0.005146017633424435
0.005146017633424771
0.005146017633424539
0.005146017633424307
0.005146017633424682
0.005146017633424526
0.00514601763342434
0.005146017633424759
0.005146017633424584
0.005146017633424506
0.005146017633424779
0.005146017633425163
0.005146017633424659
0.005146017633424999
0.005146017633425279
0.005146017633424814
0.005146017633425162
0.005146017633425439
0.00514601763342502
0.005146017633425331
0.005146017633425176
0.005146017633425401
0.005146017633425697
0.0051460176334253
0.00514601763342579
0.005146017633425702
0.005146017633425573
0.005146017633425669
0.005146017633425643
0.005146017633425996
0.005146017633426002
0.005146017633426174
0.005146017633426086
0.005146017633426062
0.005146017633426004
0.005146017633426424
0.005146017633426089
0.005146017633425861
0.005146017633425992
0.005146017633426307
0.005146017633425673
0.005146017633425692
0.0051460176334259
0.005146017633425361
0.005146017633425835
0.005146017633425617
0.005146017633425431
0.005146017633425365
0.005146017633425559
0.005146017633425265
0.005146017633425081
0.005146017633425184
0.005146017633425154
0.005146017633424886
0.00514601763342492
0.005146017633425084
0.005146017633424519
0.005146017633424585
0.005146017633424606
0.00514601763342401
0.005146017633424289
0.005146017633424608
0.005146017633423905
0.005413519333220591
0.005413519333220512
0.005413519333220457
0.0054135193332203
0.005413519333220504
0.005413519333220776
0.005413519333220223
0.005413519333220722
0.005413519333220584
0.005413519333220391
0.005413519333220955
0.005413519333220831
0.005413519333220698
0.005413519333221261
0.005413519333221151
0.005413519333221029
0.005413519333221367
0.00541351933322181
0.005413519333221192
0.005413519333221568
0.005413519333221406
0.005413519333221854
0.005413519333221778
0.005413519333221621
0.005413519333221698
0.005413519333221751
0.005413519333221891
0.005413519333221977
0.005413519333222072
0.005413519333222079
0.005413519333222138
0.005413519333222108
0.00541351933322231
0.00541351933322236
0.005413519333222544
0.005413519333222821
0.005413519333222159
0.005413519333222447
0.005413519333222916
0.005413519333222212
0.005413519333222234
0.005413519333222214
0.005413519333222478
0.005413519333222632
0.005413519333222241
0.005413519333222089
0.005413519333221439
0.005413519333221792
0.005413519333222165
0.005413519333222036
0.005413519333221465
0.005413519333221413
0.005413519333221508
0.005413519333221694
0.005413519333221566
0.005413519333220838
0.00541351933322078
0.005413519333220864
0.005413519333221181
0.005413519333220532
0.005413519333220694
0.005413519333220552
0.005413519333219838
0.005413519333220154
0.00541351933322057
0.005413519333219738
0.00560337617628391
0.005603376176284262
0.00560337617628361
0.005603376176283477
0.005603376176283664
0.005603376176283732
0.005603376176284054
0.005603376176284089
0.005603376176284348
0.005603376176284085
0.005603376176284536
0.005603376176284971
0.00560337617628446
0.005603376176285257
0.005603376176285097
0.005603376176284988
0.005603376176285405
0.005603376176285982
0.00560337617628526
0.005603376176285659
0.005603376176285472
0.005603376176285839
0.005603376176286131
0.005603376176285699
0.005603376176285743
0.00560337617628569
0.005603376176286042
0.005603376176286
0.00560337617628593
0.005603376176286235
0.005603376176286719
0.0056033761762861
0.005603376176286385
0.005603376176286774
0.005603376176286622
0.005603376176286659
0.005603376176285885
0.005603376176286582
0.005603376176286374
0.005603376176286104
0.005603376176285944
0.005603376176285871
0.005603376176286182
0.005603376176286565
0.005603376176285771
0.005603376176285379
0.005603376176285336
0.005603376176285183
0.005603376176285371
0.00560337617628576
0.005603376176285492
0.00560337617628508
0.005603376176284947
0.005603376176284814
0.005603376176285153
0.005603376176284271
0.005603376176284193
0.005603376176284714
0.005603376176284236
0.005603376176284556
0.005603376176283444
0.005603376176283407
0.005603376176283219
0.005603376176283769
0.005603376176283523
0.005603376176283092
0.005726658508369501
0.00572665850836945
0.005726658508369386
0.005726658508369288
0.005726658508369486
0.00572665850836957
0.0057266585083707
0.005726658508371067
0.005726658508370633
0.005726658508370458
0.005726658508371005
0.005726658508371102
0.005726658508370981
0.005726658508371954
0.005726658508371538
0.005726658508371585
0.005726658508372444
0.005726658508372147
0.005726658508372043
0.005726658508372249
0.005726658508372206
0.005726658508372551
0.005726658508373097
0.005726658508372994
0.00572665850837292
0.005726658508372016
0.005726658508372551
0.005726658508373023
0.005726658508372315
0.005726658508372715
0.005726658508372775
0.005726658508372924
0.005726658508372773
0.005726658508372807
0.005726658508372603
0.005726658508372609
0.005726658508372236
0.005726658508372826
0.005726658508372365
0.005726658508373026
0.005726658508371879
0.00572665850837173
0.005726658508372438
0.005726658508372189
0.00572665850837178
0.005726658508371618
0.005726658508371838
0.005726658508371062
0.005726658508371411
0.005726658508371255
0.005726658508371479
0.005726658508371736
0.005726658508370811
0.00572665850837087
0.005726658508370426
0.005726658508370436
0.005726658508370049
0.005726658508370517
0.005726658508369778
0.00572665850837017
0.005726658508368885
0.005726658508368896
0.005726658508368731
0.005726658508369037
0.005726658508369563
0.005726658508368438
0.005793076078151978
0.005793076078151846
0.005793076078152671
0.005793076078151825
0.005793076078152468
0.005793076078152696
0.005793076078154023
0.005793076078154636
0.005793076078154105
0.005793076078154178
0.005793076078155224
0.005793076078155044
0.005793076078154872
0.005793076078155477
0.005793076078156234
0.00579307607815529
0.005793076078156288
0.005793076078155399
0.005793076078156417
0.005793076078156203
0.005793076078156023
0.005793076078156191
0.005793076078156285
0.005793076078156638
0.005793076078156862
0.005793076078155483
0.005793076078156641
0.005793076078155818
0.005793076078156065
0.005793076078155933
0.005793076078156035
0.005793076078156129
0.005793076078156465
0.005793076078156319
0.005793076078156351
0.00579307607815521
0.005793076078155349
0.005793076078155278
0.005793076078155351
0.00579307607815592
0.005793076078154548
0.00579307607815486
0.005793076078154582
0.005793076078154775
0.005793076078154597
0.005793076078154604
0.005793076078154537
0.005793076078153848
0.005793076078154193
0.005793076078153951
0.005793076078154233
0.005793076078153589
0.005793076078153409
0.005793076078153338
0.005793076078152937
0.005793076078153318
0.005793076078152739
0.005793076078152236
0.005793076078152059
0.005793076078152492
0.005793076078151178
0.005793076078151323
0.005793076078151002
0.005793076078151689
0.005793076078151308
0.005793076078150767
0.005811640713200344
0.005811640713200062
0.005811640713201012
0.005811640713201371
0.00581164071320238
0.005811640713202469
0.005811640713204361
0.005811640713204445
0.005811640713205182
0.005811640713204154
0.005811640713205012
0.005811640713205845
0.005811640713204847
0.005811640713205985
0.005811640713205703
0.00581164071320537
0.005811640713206254
0.005811640713205009
0.005811640713206443
0.005811640713206721
0.005811640713205859
0.005811640713205699
0.005811640713205976
0.005811640713206597
0.005811640713205451
0.005811640713204943
0.005811640713205033
0.005811640713204919
0.005811640713205286
0.005811640713204912
0.005811640713205141
0.005811640713205196
0.005811640713205986
0.00581164071320558
0.005811640713204252
0.005811640713204171
0.005811640713204363
0.00581164071320417
0.005811640713204298
0.005811640713204533
0.005811640713202841
0.005811640713203087
0.005811640713202923
0.00581164071320334
0.005811640713203128
0.005811640713203438
0.005811640713204077
0.005811640713202105
0.005811640713202496
0.005811640713202081
0.005811640713202227
0.005811640713201575
0.005811640713201594
0.005811640713202229
0.005811640713200848
0.005811640713200929
0.005811640713201362
0.005811640713199822
0.005811640713200189
0.00581164071319975
0.005811640713199301
0.005811640713199419
0.005811640713198779
0.005811640713199094
0.005811640713199718
0.005811640713198334
0.005791259532760699
0.005791259532760822
0.005791259532763027
0.005791259532765236
0.005791259532766409
0.005791259532765708
0.005791259532767044
0.005791259532768341
0.005791259532767446
0.005791259532767329
0.005791259532768972
0.005791259532768404
0.00579125953276805
0.00579125953276886
0.005791259532767754
0.005791259532767726
0.005791259532767886
0.005791259532767688
0.005791259532768351
0.005791259532768368
0.005791259532768542
0.005791259532767721
0.005791259532767835
0.005791259532767499
0.005791259532767352
0.005791259532766483
0.005791259532766369
0.005791259532766124
0.005791259532766103
0.005791259532765976
0.005791259532767083
0.005791259532766389
0.005791259532767226
0.005791259532766046
0.005791259532764834
0.005791259532765929
0.005791259532765375
0.005791259532766348
0.005791259532766089
0.005791259532765509
0.005791259532763188
0.005791259532763318
0.005791259532763216
0.005791259532763633
0.005791259532763353
0.005791259532763356
0.005791259532764076
0.005791259532762516
0.005791259532762693
0.00579125953276192
0.005791259532761873
0.005791259532761633
0.005791259532761853
0.005791259532762669
0.005791259532762335
0.005791259532760725
0.00579125953276154
0.005791259532759383
0.005791259532760557
0.005791259532759804
0.005791259532760463
0.005791259532759155
0.00579125953275862
0.005791259532759396
0.005791259532758452
0.005791259532758155
0.005741374476142082
0.005741374476144243
0.005741374476147233
0.005741374476150436
0.005741374476152166
0.005741374476152444
0.005741374476151404
0.00574137447615245
0.005741374476153045
0.005741374476151289
0.005741374476152901
0.005741374476152143
0.005741374476151984
0.005741374476151303
0.005741374476151063
0.005741374476150507
0.005741374476150848
0.005741374476150298
0.005741374476150687
0.005741374476150775
0.005741374476150755
0.005741374476150942
0.005741374476150386
0.005741374476149728
0.005741374476149385
0.005741374476147755
0.005741374476148128
0.005741374476147487
0.005741374476147262
0.005741374476147099
0.005741374476148451
0.005741374476147345
0.005741374476146439
0.005741374476145997
0.005741374476145556
0.005741374476146932
0.005741374476146247
0.005741374476146851
0.005741374476146705
0.005741374476145665
0.005741374476143838
0.005741374476143354
0.005741374476143527
0.005741374476144628
0.005741374476143293
0.00574137447614304
0.005741374476143215
0.005741374476144027
0.005741374476142283
0.005741374476141732
0.005741374476141763
0.005741374476141568
0.005741374476142879
0.005741374476142192
0.005741374476143081
0.005741374476140073
0.005741374476139918
0.005741374476139392
0.005741374476139958
0.005741374476140866
0.005741374476138941
0.005741374476139299
0.005741374476139925
0.005741374476139361
0.005741374476139169
0.005741374476137704
0.005672853585029724
0.005672853585036205
0.005672853585041541
0.005672853585044348
0.005672853585044872
0.00567285358504507
0.005672853585044425
0.005672853585044563
0.005672853585044893
0.005672853585042358
0.005672853585042394
0.005672853585043304
0.005672853585041189
0.005672853585041388
0.005672853585041829
0.005672853585038802
0.005672853585038936
0.005672853585038817
0.005672853585040171
0.005672853585039184
0.005672853585039669
0.0056728535850392
0.005672853585038385
0.005672853585035637
0.00567285358503715
0.005672853585035515
0.005672853585034936
0.005672853585035214
0.005672853585034231
0.00567285358503515
0.005672853585035408
0.00567285358503398
0.005672853585032589
0.005672853585032294
0.0056728535850319
0.00567285358503271
0.005672853585032533
0.005672853585032977
0.005672853585032855
0.005672853585030641
0.005672853585030752
0.005672853585029944
0.005672853585029578
0.005672853585029693
0.005672853585029091
0.005672853585029247
0.005672853585028919
0.005672853585029464
0.005672853585030018
0.00567285358502738
0.005672853585027462
0.005672853585027326
0.005672853585028174
0.005672853585029123
0.005672853585028107
0.00567285358502712
0.005672853585025326
0.005672853585024885
0.005672853585026525
0.005672853585025886
0.005672853585024765
0.005672853585025945
0.005672853585025138
0.005672853585024356
0.005672853585025414
0.005672853585023825
0.005599942753548802
0.005599942753562396
0.005599942753566235
0.005599942753564662
0.005599942753563155
0.005599942753562435
0.005599942753560354
0.005599942753559553
0.005599942753558971
0.005599942753556618
0.005599942753556516
0.005599942753556747
0.005599942753553684
0.005599942753553975
0.005599942753554835
0.005599942753549804
0.005599942753550089
0.005599942753551215
0.005599942753548919
0.005599942753549154
0.005599942753549916
0.005599942753550017
0.005599942753548201
0.005599942753545694
0.005599942753545409
0.005599942753545979
0.005599942753545448
0.005599942753545997
0.005599942753544691
0.005599942753544965
0.005599942753544468
0.005599942753544117
0.005599942753542337
0.005599942753541936
0.005599942753541701
0.005599942753542493
0.005599942753541956
0.005599942753542373
0.005599942753540978
0.005599942753540794
0.005599942753541833
0.005599942753541176
0.005599942753538706
0.005599942753539575
0.005599942753538699
0.005599942753538954
0.00559994275353804
0.005599942753538688
0.005599942753539685
0.005599942753536749
0.005599942753537039
0.005599942753536745
0.005599942753538389
0.005599942753537315
0.005599942753535729
0.005599942753535938
0.005599942753535023
0.005599942753534842
0.005599942753535531
0.005599942753536659
0.005599942753533654
0.005599942753535482
0.005599942753534263
0.005599942753533718
0.005599942753534359
0.005599942753534926
0.005556397345874948
0.005556397345876603
0.005556397345867959
0.005556397345857794
0.005556397345852135
0.0055563973458488
0.005556397345846395
0.005556397345844505
0.005556397345842912
0.005556397345841828
0.005556397345841183
0.005556397345838801
0.005556397345837589
0.005556397345836495
0.005556397345835991
0.005556397345829977
0.005556397345829849
0.005556397345830257
0.005556397345828857
0.005556397345828817
0.005556397345828259
0.005556397345828167
0.005556397345828968
0.00555639734582776
0.005556397345825154
0.00555639734582621
0.005556397345825574
0.005556397345825561
0.005556397345825256
0.005556397345824958
0.005556397345825181
0.005556397345825193
0.005556397345823817
0.005556397345821341
0.005556397345822228
0.005556397345823684
0.005556397345820944
0.005556397345821456
0.005556397345820795
0.005556397345820223
0.005556397345820868
0.005556397345821961
0.00555639734581871
0.00555639734581985
0.005556397345820754
0.005556397345819965
0.005556397345817427
0.005556397345817864
0.005556397345818544
0.005556397345816805
0.005556397345817478
0.005556397345816832
0.005556397345817653
0.005556397345818374
0.005556397345814335
0.005556397345815336
0.005556397345814879
0.005556397345815958
0.005556397345816287
0.005556397345817038
0.005556397345813276
0.005556397345815507
0.00555639734581314
0.005556397345815432
0.005556397345814239
0.005556397345819716
0.00559994275354651
0.005599942753560141
0.005599942753564366
0.005599942753563087
0.005599942753563008
0.005599942753560036
0.005599942753559573
0.005599942753560246
0.005599942753555794
0.005599942753555577
0.005599942753555165
0.005599942753555265
0.005599942753553973
0.005599942753553926
0.005599942753554
0.005599942753548538
0.005599942753548602
0.005599942753549768
0.005599942753546755
0.005599942753547173
0.005599942753546428
0.005599942753546928
0.005599942753547841
0.005599942753544273
0.005599942753545476
0.005599942753545299
0.005599942753545655
0.005599942753544093
0.005599942753544983
0.005599942753542661
0.005599942753543264
0.005599942753543251
0.005599942753540885
0.005599942753540506
0.005599942753541683
0.00559994275353971
0.005599942753540223
0.005599942753540114
0.005599942753541357
0.005599942753538074
0.005599942753538446
0.005599942753538412
0.005599942753537858
0.005599942753539728
0.005599942753538317
0.005599942753537221
0.005599942753538124
0.005599942753536864
0.005599942753536994
0.00559994275353556
0.005599942753535749
0.005599942753535373
0.005599942753537038
0.005599942753535378
0.005599942753533547
0.005599942753533565
0.005599942753533471
0.005599942753535506
0.005599942753534468
0.005599942753534666
0.005599942753531826
0.00559994275353281
0.005599942753532735
0.005599942753533724
0.005599942753531303
0.005599942753532191
0.005672853585026118
0.005672853585032901
0.00567285358503839
0.005672853585041646
0.005672853585042743
0.00567285358504074
0.005672853585041558
0.005672853585042228
0.005672853585039864
0.005672853585039605
0.005672853585039647
0.005672853585041112
0.005672853585038921
0.005672853585039188
0.005672853585039605
0.005672853585036722
0.005672853585037003
0.00567285358503709
0.005672853585036427
0.005672853585034317
0.005672853585034249
0.005672853585034911
0.005672853585035485
0.005672853585032635
0.005672853585032922
0.005672853585032884
0.005672853585032949
0.005672853585032853
0.00567285358503219
0.005672853585032072
0.005672853585032074
0.005672853585033236
0.005672853585029509
0.005672853585030709
0.005672853585029621
0.005672853585028681
0.005672853585029849
0.005672853585029021
0.005672853585028309
0.005672853585027701
0.005672853585027443
0.005672853585027409
0.005672853585027182
0.005672853585028871
0.005672853585027358
0.005672853585027548
0.005672853585025684
0.005672853585027121
0.005672853585026148
0.005672853585025053
0.005672853585024809
0.005672853585024634
0.005672853585026157
0.005672853585024545
0.00567285358502304
0.00567285358502298
0.005672853585022839
0.005672853585024585
0.005672853585023516
0.00567285358502248
0.00567285358502193
0.0056728535850218
0.005672853585021767
0.005672853585022514
0.005672853585021901
0.005672853585020382
0.005741374476138024
0.00574137447614051
0.005741374476143677
0.005741374476146842
0.00574137447614848
0.005741374476148851
0.005741374476148473
0.005741374476149695
0.005741374476147767
0.005741374476148431
0.005741374476149588
0.00574137447614839
0.005741374476148822
0.005741374476148923
0.005741374476148329
0.005741374476149014
0.00574137447614783
0.005741374476147096
0.005741374476147308
0.005741374476147821
0.005741374476145801
0.005741374476145963
0.005741374476146888
0.00574137447614508
0.0057413744761456
0.005741374476145149
0.005741374476144975
0.005741374476145734
0.005741374476144119
0.005741374476144133
0.005741374476144272
0.005741374476145015
0.00574137447614232
0.005741374476142778
0.005741374476143282
0.005741374476141251
0.005741374476141513
0.005741374476141992
0.005741374476140956
0.005741374476140602
0.00574137447614069
0.00574137447614018
0.005741374476140369
0.005741374476140647
0.005741374476140251
0.005741374476140087
0.00574137447613948
0.005741374476139614
0.005741374476139515
0.005741374476138543
0.005741374476138374
0.005741374476138119
0.005741374476138779
0.005741374476139466
0.00574137447613639
0.005741374476136539
0.005741374476136435
0.005741374476137786
0.005741374476136599
0.005741374476135746
0.005741374476135564
0.005741374476136476
0.005741374476134899
0.005741374476134393
0.005741374476134323
0.005741374476134029
0.005791259532756985
0.005791259532756231
0.005791259532758933
0.005791259532762001
0.005791259532763039
0.005791259532762153
0.005791259532763181
0.005791259532763451
0.005791259532763248
0.005791259532763943
0.005791259532764173
0.005791259532764226
0.005791259532765757
0.005791259532764987
0.005791259532764515
0.005791259532765546
0.005791259532764583
0.005791259532764369
0.005791259532764816
0.005791259532765511
0.005791259532764732
0.005791259532764589
0.005791259532763463
0.005791259532763963
0.005791259532763861
0.00579125953276422
0.005791259532764398
0.005791259532762943
0.005791259532763157
0.005791259532762898
0.005791259532763105
0.005791259532763357
0.005791259532761069
0.005791259532761049
0.005791259532761371
0.005791259532760637
0.005791259532761028
0.005791259532761821
0.005791259532761002
0.005791259532759566
0.005791259532760303
0.005791259532759279
0.005791259532759505
0.005791259532759454
0.005791259532759776
0.005791259532759359
0.00579125953275922
0.005791259532758917
0.005791259532759651
0.005791259532758279
0.005791259532757859
0.005791259532757664
0.005791259532757952
0.005791259532758471
0.005791259532756363
0.005791259532756718
0.00579125953275643
0.005791259532756473
0.005791259532757035
0.00579125953275527
0.005791259532756306
0.005791259532755434
0.005791259532754527
0.005791259532754603
0.005791259532754392
0.005791259532753923
0.005811640713196571
0.005811640713195521
0.005811640713197593
0.00581164071319938
0.005811640713199348
0.00581164071319915
0.00581164071320037
0.005811640713200269
0.005811640713200067
0.005811640713200515
0.005811640713200649
0.005811640713201886
0.005811640713202533
0.005811640713201711
0.005811640713201842
0.005811640713201971
0.005811640713202454
0.005811640713202347
0.005811640713203194
0.005811640713202615
0.005811640713202226
0.005811640713202083
0.005811640713201904
0.005811640713203067
0.005811640713202325
0.005811640713203304
0.005811640713201988
0.00581164071320223
0.00581164071320179
0.005811640713201604
0.005811640713202059
0.005811640713201913
0.005811640713200263
0.005811640713200662
0.005811640713200486
0.005811640713199973
0.005811640713200404
0.005811640713201022
0.005811640713199644
0.00581164071319933
0.005811640713199754
0.00581164071319926
0.005811640713199167
0.005811640713198933
0.005811640713199337
0.005811640713199116
0.005811640713199383
0.005811640713199281
0.005811640713198322
0.005811640713198041
0.005811640713198077
0.005811640713198218
0.005811640713198274
0.005811640713197197
0.005811640713197126
0.005811640713196649
0.005811640713197352
0.005811640713196402
0.005811640713196633
0.005811640713195656
0.005811640713196538
0.005811640713195431
0.005811640713194594
0.005811640713195263
0.005811640713194475
0.005811640713194189
0.00579307607814797
0.005793076078147887
0.005793076078149337
0.005793076078149637
0.005793076078150411
0.005793076078149588
0.005793076078150328
0.005793076078150427
0.005793076078150111
0.005793076078151022
0.005793076078150155
0.005793076078152035
0.00579307607815187
0.00579307607815175
0.005793076078151992
0.005793076078152069
0.005793076078152633
0.005793076078153343
0.005793076078152544
0.005793076078153426
0.005793076078152899
0.005793076078152565
0.005793076078153165
0.005793076078152243
0.005793076078152881
0.005793076078153792
0.005793076078152591
0.005793076078153058
0.005793076078153464
0.005793076078153056
0.005793076078152023
0.005793076078152192
0.00579307607815248
0.005793076078151451
0.005793076078151597
0.005793076078151475
0.005793076078151782
0.005793076078151565
0.005793076078151723
0.00579307607815141
0.005793076078151721
0.005793076078152121
0.005793076078151546
0.005793076078150582
0.005793076078151213
0.005793076078150902
0.005793076078151399
0.005793076078150939
0.00579307607815007
0.005793076078150809
0.005793076078150302
0.005793076078149881
0.005793076078149926
0.005793076078150046
0.005793076078149646
0.005793076078148643
0.00579307607814901
0.005793076078148544
0.005793076078149229
0.005793076078148448
0.005793076078149177
0.005793076078147844
0.005793076078146928
0.005793076078147292
0.005793076078147663
0.005793076078146526
0.005726658508365895
0.005726658508365855
0.005726658508366724
0.005726658508366691
0.005726658508366692
0.005726658508366757
0.005726658508366785
0.005726658508367169
0.005726658508366923
0.005726658508367661
0.005726658508366793
0.00572665850836776
0.005726658508367856
0.005726658508368668
0.005726658508368256
0.005726658508368408
0.005726658508369308
0.005726658508369255
0.005726658508368993
0.005726658508369772
0.005726658508369476
0.00572665850836914
0.005726658508369742
0.005726658508368836
0.005726658508369837
0.00572665850836972
0.005726658508369359
0.005726658508370068
0.005726658508369798
0.005726658508369366
0.005726658508369013
0.005726658508369232
0.005726658508369556
0.005726658508368562
0.005726658508369309
0.005726658508368559
0.005726658508368757
0.005726658508368746
0.005726658508368811
0.005726658508368815
0.005726658508369151
0.005726658508369705
0.005726658508368633
0.005726658508368785
0.005726658508369024
0.00572665850836811
0.005726658508368449
0.005726658508368333
0.005726658508367914
0.005726658508368267
0.005726658508368699
0.005726658508367568
0.005726658508367719
0.005726658508367532
0.005726658508366666
0.005726658508366744
0.005726658508367201
0.005726658508366308
0.005726658508366391
0.005726658508366671
0.00572665850836734
0.005726658508366533
0.00572665850836515
0.005726658508365416
0.005726658508365958
0.005726658508364832
0.005603376176280825
0.005603376176280746
0.005603376176281351
0.005603376176281104
0.005603376176280961
0.005603376176281074
0.00560337617628096
0.005603376176281112
0.005603376176281031
0.005603376176281374
0.00560337617628113
0.005603376176281664
0.005603376176281652
0.005603376176282134
0.005603376176282634
0.005603376176282023
0.00560337617628288
0.005603376176282824
0.005603376176282623
0.005603376176283308
0.005603376176283073
0.005603376176282813
0.005603376176283059
0.005603376176282778
0.005603376176283506
0.00560337617628329
0.005603376176283073
0.005603376176283732
0.005603376176283538
0.005603376176283183
0.005603376176283152
0.005603376176283154
0.005603376176283197
0.005603376176282943
0.005603376176283552
0.005603376176283112
0.00560337617628299
0.005603376176283015
0.005603376176282994
0.005603376176283572
0.005603376176283408
0.005603376176283858
0.005603376176283264
0.005603376176283651
0.005603376176282647
0.005603376176282988
0.005603376176282279
0.005603376176282518
0.005603376176282453
0.005603376176283058
0.00560337617628261
0.005603376176282703
0.005603376176282025
0.005603376176281588
0.005603376176281574
0.005603376176281588
0.005603376176281366
0.005603376176281288
0.00560337617628126
0.005603376176281366
0.005603376176281668
0.005603376176281523
0.005603376176280163
0.005603376176280718
0.005603376176280503
0.005603376176280078
0.005413519333218061
0.005413519333218017
0.005413519333218004
0.005413519333218135
0.00541351933321802
0.005413519333218346
0.005413519333217777
0.005413519333217838
0.005413519333217819
0.005413519333217949
0.0054135193332179
0.005413519333218754
0.005413519333218974
0.005413519333218703
0.005413519333219132
0.005413519333218491
0.005413519333218935
0.005413519333219409
0.005413519333218858
0.005413519333219492
0.005413519333219316
0.005413519333219142
0.005413519333219193
0.005413519333219162
0.005413519333219409
0.005413519333219457
0.005413519333219374
0.005413519333219968
0.00541351933321985
0.005413519333219597
0.005413519333219567
0.005413519333219555
0.005413519333219592
0.00541351933321951
0.00541351933322027
0.005413519333219822
0.00541351933321972
0.005413519333219907
0.005413519333219679
0.005413519333219946
0.00541351933321992
0.005413519333219917
0.005413519333219953
0.005413519333220158
0.005413519333219248
0.005413519333219305
0.005413519333219241
0.00541351933321969
0.005413519333219155
0.005413519333219311
0.005413519333219406
0.005413519333219759
0.005413519333218674
0.005413519333218654
0.005413519333218577
0.005413519333218574
0.005413519333218406
0.005413519333218562
0.005413519333218453
0.005413519333218505
0.005413519333218185
0.005413519333218049
0.00541351933321765
0.00541351933321779
0.005413519333218164
0.005413519333217339
0.005146017633422887
0.005146017633423096
0.005146017633422515
0.005146017633422718
0.005146017633422661
0.005146017633422793
0.005146017633422401
0.005146017633422368
0.005146017633422294
0.005146017633422445
0.005146017633422215
0.005146017633422938
0.005146017633422685
0.005146017633422754
0.005146017633422838
0.005146017633422766
0.005146017633423223
0.005146017633422945
0.005146017633423262
0.005146017633423334
0.005146017633423121
0.005146017633423168
0.005146017633423214
0.005146017633423209
0.005146017633423627
0.005146017633423489
0.005146017633423362
0.005146017633423863
0.005146017633423761
0.005146017633423628
0.005146017633423613
0.005146017633423598
0.005146017633423638
0.005146017633423615
0.00514601763342383
0.005146017633423796
0.005146017633424155
0.005146017633423946
0.005146017633423845
0.005146017633424258
0.005146017633424063
0.00514601763342449
0.005146017633424454
0.005146017633423935
0.005146017633423612
0.005146017633423493
0.005146017633423531
0.005146017633423609
0.005146017633423929
0.005146017633423671
0.005146017633424069
0.005146017633423795
0.005146017633423088
0.005146017633423438
0.005146017633423161
0.005146017633423481
0.005146017633422826
0.005146017633423281
0.005146017633423026
0.005146017633423202
0.005146017633422889
0.005146017633422266
0.005146017633422183
0.005146017633422612
0.005146017633422473
0.005146017633422189
0.004787645129389592
0.004787645129389309
0.004787645129389132
0.004787645129389385
0.004787645129389392
0.004787645129389098
0.004787645129388843
0.004787645129388817
0.004787645129388753
0.004787645129389002
0.004787645129388494
0.004787645129389017
0.004787645129388891
0.004787645129388888
0.004787645129388964
0.004787645129388941
0.004787645129389133
0.004787645129388978
0.004787645129389175
0.004787645129389155
0.004787645129389337
0.004787645129389483
0.004787645129389361
0.004787645129389277
0.004787645129389616
0.004787645129389529
0.004787645129389406
0.004787645129389658
0.004787645129389709
0.00478764512938965
0.004787645129389691
0.00478764512938965
0.004787645129389673
0.004787645129389663
0.00478764512938979
0.004787645129389783
0.004787645129390142
0.004787645129390221
0.00478764512938989
0.004787645129389975
0.00478764512939029
0.004787645129390154
0.004787645129390014
0.004787645129390234
0.004787645129389914
0.004787645129389772
0.004787645129389791
0.004787645129390064
0.004787645129389707
0.004787645129389847
0.004787645129389846
0.004787645129390023
0.004787645129389327
0.004787645129389707
0.004787645129389486
0.004787645129389399
0.004787645129389336
0.004787645129389367
0.004787645129389384
0.004787645129389531
0.004787645129389302
0.004787645129389108
0.00478764512938863
0.004787645129389047
0.004787645129388915
0.004787645129388719
0.004322762073349434
0.004322762073349437
0.004322762073349432
0.004322762073349438
0.004322762073349473
0.004322762073349554
0.004322762073349039
0.004322762073349137
0.004322762073349253
0.004322762073349209
0.004322762073348765
0.004322762073349007
0.004322762073349238
0.004322762073348974
0.004322762073349033
0.004322762073349033
0.004322762073349107
0.004322762073349046
0.00432276207334919
0.004322762073349388
0.004322762073349117
0.004322762073349322
0.004322762073349563
0.00432276207334924
0.004322762073349569
0.004322762073349488
0.004322762073349399
0.004322762073349702
0.004322762073349643
0.004322762073349576
0.004322762073349619
0.004322762073349588
0.004322762073349694
0.00432276207334959
0.00432276207334985
0.004322762073349905
0.004322762073349692
0.004322762073350034
0.004322762073349892
0.004322762073349823
0.004322762073349928
0.004322762073349947
0.004322762073349799
0.004322762073349919
0.004322762073349872
0.004322762073349868
0.00432276207334977
0.004322762073349788
0.004322762073349746
0.004322762073349807
0.004322762073349774
0.004322762073349839
0.004322762073349459
0.004322762073349612
0.004322762073349792
0.00432276207334941
0.004322762073349523
0.004322762073349477
0.004322762073349578
0.004322762073349621
0.004322762073349208
0.00432276207334914
0.004322762073349026
0.004322762073349157
0.00432276207334936
0.004322762073348953
0.003738781063499686
0.003738781063499688
0.003738781063499887
0.003738781063499738
0.003738781063499637
0.003738781063499771
0.00373878106349951
0.003738781063499428
0.003738781063499585
0.003738781063499431
0.003738781063499274
0.003738781063499472
0.003738781063499439
0.003738781063499366
0.003738781063499375
0.003738781063499359
0.003738781063499398
0.003738781063499347
0.003738781063499539
0.003738781063499487
0.003738781063499405
0.003738781063499622
0.003738781063499608
0.003738781063499529
0.003738781063499755
0.003738781063499591
0.003738781063499604
0.003738781063499743
0.003738781063499755
0.003738781063499716
0.003738781063499748
0.003738781063499747
0.003738781063499844
0.003738781063499762
0.003738781063499885
0.003738781063500048
0.003738781063499826
0.003738781063500076
0.003738781063500028
0.00373878106349993
0.003738781063499947
0.003738781063499997
0.003738781063499897
0.003738781063499985
0.003738781063499957
0.003738781063500111
0.003738781063499874
0.003738781063499889
0.003738781063500055
0.003738781063499853
0.0037387810635
0.003738781063499998
0.00373878106349969
0.003738781063499752
0.003738781063499933
0.00373878106349967
0.003738781063499878
0.003738781063499884
0.003738781063499736
0.003738781063499807
0.00373878106349945
0.003738781063499459
0.003738781063499407
0.003738781063499589
0.003738781063499522
0.003738781063499399
0.003051332961535605
0.003051332961535605
0.003051332961535686
0.003051332961535743
0.003051332961535518
0.003051332961535577
0.003051332961535623
0.003051332961535403
0.003051332961535477
0.003051332961535558
0.003051332961535323
0.003051332961535431
0.003051332961535536
0.003051332961535363
0.003051332961535397
0.00305133296153538
0.003051332961535405
0.003051332961535369
0.003051332961535438
0.003051332961535536
0.003051332961535368
0.003051332961535481
0.003051332961535495
0.003051332961535468
0.003051332961535571
0.003051332961535638
0.003051332961535503
0.003051332961535611
0.003051332961535726
0.003051332961535589
0.003051332961535667
0.003051332961535752
0.003051332961535624
0.003051332961535741
0.003051332961535785
0.003051332961535843
0.003051332961535779
0.003051332961535739
0.003051332961535906
0.003051332961535802
0.003051332961535925
0.003051332961535789
0.003051332961535864
0.003051332961535717
0.00305133296153583
0.003051332961535756
0.003051332961535751
0.003051332961535742
0.003051332961535866
0.003051332961535715
0.003051332961535719
0.003051332961535754
0.00305133296153577
0.00305133296153562
0.003051332961535705
0.003051332961535667
0.003051332961535724
0.003051332961535781
0.003051332961535574
0.003051332961535582
0.003051332961535509
0.003051332961535515
0.003051332961535425
0.003051332961535483
0.003051332961535597
0.003051332961535395
0.002344922259708543
0.002344922259708543
0.002344922259708592
0.002344922259708622
0.002344922259708481
0.00234492225970852
0.002344922259708567
0.002344922259708422
0.002344922259708507
0.002344922259708484
0.002344922259708413
0.00234492225970845
0.002344922259708513
0.002344922259708398
0.002344922259708415
0.002344922259708419
0.002344922259708439
0.002344922259708397
0.002344922259708433
0.002344922259708507
0.0023449222597084
0.002344922259708474
0.002344922259708524
0.002344922259708448
0.002344922259708504
0.002344922259708567
0.002344922259708477
0.002344922259708581
0.002344922259708588
0.002344922259708547
0.002344922259708596
0.002344922259708653
0.002344922259708556
0.002344922259708572
0.00234492225970862
0.002344922259708632
0.002344922259708654
0.002344922259708651
0.002344922259708736
0.002344922259708696
0.00234492225970869
0.0023449222597087
0.002344922259708722
0.002344922259708612
0.002344922259708688
0.002344922259708654
0.002344922259708711
0.002344922259708632
0.002344922259708641
0.002344922259708649
0.002344922259708671
0.002344922259708664
0.002344922259708651
0.002344922259708558
0.002344922259708616
0.002344922259708657
0.002344922259708567
0.002344922259708609
0.002344922259708525
0.002344922259708589
0.002344922259708501
0.002344922259708528
0.002344922259708415
0.00234492225970851
0.002344922259708482
0.002344922259708452
0.001752008131959497
0.001752008131959504
0.00175200813195952
0.001752008131959503
0.001752008131959451
0.001752008131959473
0.001752008131959503
0.001752008131959404
0.001752008131959467
0.00175200813195947
0.001752008131959423
0.001752008131959443
0.001752008131959453
0.001752008131959443
0.001752008131959435
0.001752008131959453
0.001752008131959432
0.001752008131959408
0.001752008131959441
0.001752008131959441
0.001752008131959437
0.001752008131959463
0.001752008131959474
0.001752008131959465
0.001752008131959467
0.001752008131959499
0.001752008131959471
0.001752008131959531
0.001752008131959519
0.001752008131959522
0.001752008131959543
0.001752008131959555
0.001752008131959505
0.001752008131959541
0.001752008131959568
0.00175200813195952
0.001752008131959569
0.001752008131959563
0.001752008131959613
0.001752008131959601
0.001752008131959579
0.001752008131959587
0.001752008131959596
0.001752008131959526
0.001752008131959579
0.001752008131959553
0.001752008131959582
0.001752008131959539
0.00175200813195954
0.001752008131959563
0.001752008131959567
0.001752008131959517
0.001752008131959535
0.00175200813195952
0.001752008131959537
0.001752008131959567
0.001752008131959523
0.001752008131959514
0.00175200813195946
0.001752008131959502
0.001752008131959502
0.001752008131959494
0.001752008131959425
0.001752008131959468
0.001752008131959442
0.001752008131959448
0.001330375949140019
0.00133037594914005
0.001330375949140033
0.001330375949140037
0.001330375949139993
0.001330375949140017
0.001330375949140037
0.001330375949139978
0.00133037594914002
0.00133037594914001
0.001330375949139986
0.001330375949140002
0.001330375949140002
0.001330375949139985
0.001330375949139977
0.001330375949139999
0.001330375949139991
0.00133037594913998
0.001330375949139984
0.001330375949139993
0.001330375949139995
0.001330375949140004
0.001330375949140023
0.001330375949139995
0.001330375949140013
0.001330375949140019
0.001330375949140019
0.001330375949140054
0.001330375949140056
0.001330375949140031
0.001330375949140063
0.001330375949140057
0.00133037594914003
0.001330375949140042
0.001330375949140054
0.001330375949140048
0.001330375949140083
0.001330375949140076
0.00133037594914007
0.001330375949140091
0.001330375949140069
0.001330375949140079
0.001330375949140077
0.001330375949140062
0.001330375949140079
0.001330375949140075
0.001330375949140058
0.001330375949140061
0.001330375949140058
0.001330375949140079
0.001330375949140066
0.001330375949140052
0.001330375949140052
0.001330375949140043
0.001330375949140058
0.001330375949140054
0.001330375949140049
0.001330375949140054
0.001330375949140019
0.001330375949140017
0.001330375949140011
0.001330375949140022
0.001330375949139999
0.001330375949140015
0.001330375949140008
0.001330375949139998
0.001020153842932315
0.001020153842932341
0.001020153842932337
0.001020153842932316
0.001020153842932316
0.001020153842932315
0.001020153842932319
0.001020153842932309
0.001020153842932339
0.001020153842932337
0.001020153842932303
0.001020153842932294
0.001020153842932315
0.001020153842932318
0.001020153842932301
0.00102015384293234
0.001020153842932316
0.001020153842932316
0.001020153842932311
0.001020153842932311
0.001020153842932306
0.001020153842932311
0.001020153842932324
0.001020153842932305
0.001020153842932331
0.001020153842932325
0.001020153842932319
0.001020153842932329
0.001020153842932351
0.001020153842932342
0.001020153842932355
0.001020153842932348
0.001020153842932342
0.001020153842932352
0.001020153842932361
0.00102015384293234
0.001020153842932379
0.001020153842932357
0.00102015384293237
0.001020153842932365
0.001020153842932348
0.00102015384293234
0.001020153842932361
0.001020153842932358
0.001020153842932346
0.001020153842932343
0.001020153842932329
0.001020153842932333
0.001020153842932337
0.00102015384293235
0.001020153842932336
0.001020153842932335
0.001020153842932335
0.001020153842932338
0.001020153842932339
0.001020153842932344
0.001020153842932335
0.00102015384293233
0.001020153842932304
0.001020153842932324
0.001020153842932317
0.001020153842932323
0.001020153842932307
0.00102015384293232
0.001020153842932311
0.001020153842932304
0.0007467445826648115
0.0007467445826648124
0.0007467445826648158
0.0007467445826647911
0.0007467445826647737
0.0007467445826647828
0.0007467445826647881
0.000746744582664792
0.0007467445826648188
0.000746744582664808
0.0007467445826647999
0.000746744582664784
0.0007467445826647834
0.0007467445826647792
0.0007467445826648053
0.0007467445826648086
0.0007467445826647789
0.0007467445826647779
0.0007467445826647815
0.0007467445826647807
0.0007467445826647843
0.0007467445826648106
0.000746744582664788
0.0007467445826647892
0.000746744582664779
0.00074674458266478
0.0007467445826647888
0.0007467445826648161
0.0007467445826648143
0.0007467445826648126
0.0007467445826648145
0.0007467445826648077
0.0007467445826647924
0.0007467445826648163
0.0007467445826648264
0.0007467445826648106
0.0007467445826648332
0.0007467445826648201
0.0007467445826648225
0.0007467445826648181
0.0007467445826648293
0.0007467445826648076
0.0007467445826648053
0.0007467445826648209
0.0007467445826648183
0.0007467445826648039
0.0007467445826648264
0.0007467445826648052
0.0007467445826647856
0.0007467445826648232
0.000746744582664804
0.0007467445826647859
0.0007467445826648099
0.0007467445826648212
0.000746744582664819
0.0007467445826648083
0.000746744582664816
0.0007467445826647931
0.0007467445826647843
0.0007467445826648032
0.0007467445826647893
0.0007467445826648047
0.0007467445826647932
0.000746744582664788
0.0007467445826647976
0.000746744582664793
0.000395666227418126
0.0003956662274181361
0.0003956662274181327
0.000395666227418122
0.0003956662274181082
0.0003956662274181173
0.0003956662274181234
0.0003956662274181208
0.0003956662274181408
0.0003956662274181293
0.0003956662274181186
0.0003956662274181271
0.0003956662274181048
0.0003956662274181193
0.0003956662274181174
0.0003956662274181327
0.0003956662274181208
0.0003956662274181281
0.0003956662274181147
0.0003956662274181119
0.0003956662274181255
0.0003956662274181112
0.000395666227418126
0.0003956662274181203
0.0003956662274181336
0.0003956662274181191
0.0003956662274181252
0.0003956662274181364
0.0003956662274181338
0.0003956662274181425
0.0003956662274181362
0.0003956662274181337
0.000395666227418115
0.0003956662274181281
0.0003956662274181374
0.0003956662274181273
0.000395666227418139
0.0003956662274181358
0.0003956662274181369
0.0003956662274181383
0.0003956662274181234
0.000395666227418132
0.0003956662274181294
0.0003956662274181224
0.0003956662274181421
0.0003956662274181304
0.0003956662274181201
0.0003956662274181279
0.0003956662274181269
0.0003956662274181371
0.0003956662274181352
0.0003956662274181249
0.0003956662274181258
0.0003956662274181267
0.0003956662274181369
0.0003956662274181317
0.0003956662274181293
0.0003956662274181217
0.0003956662274181168
0.0003956662274181325
0.0003956662274181107
0.0003956662274181218
0.0003956662274181179
0.0003956662274181163
0.0003956662274181247
0.0003956662274181149
0.0004765976998042087
0.0004765976998042004
0.0004765976998042085
0.0004765976998042009
0.000476597699804194
0.0004765976998042249
0.0004765976998042368
0.0004765976998041845
0.0004765976998042385
0.0004765976998042368
0.000476597699804215
0.0004765976998042087
0.0004765976998042309
0.0004765976998042313
0.0004765976998042005
0.0004765976998042363
0.0004765976998042123
0.000476597699804231
0.0004765976998042394
0.0004765976998042394
0.0004765976998042006
0.0004765976998042011
0.0004765976998042011
0.0004765976998042086
0.0004765976998042196
0.0004765976998042292
0.0004765976998042069
0.0004765976998042453
0.0004765976998042088
0.0004765976998042357
0.0004765976998042251
0.0004765976998042453
0.0004765976998042125
0.0004765976998042203
0.0004765976998042001
0.0004765976998042124
0.0004765976998042201
0.0004765976998042084
0.0004765976998042084
0.0004765976998042086
0.0004765976998041938
0.000476597699804209
0.0004765976998042196
0.000476597699804198
0.0004765976998041985
0.0004765976998042078
0.0004765976998042075
0.0004765976998041864
0.0004765976998042003
0.0004765976998042003
0.0004765976998042039
0.0004765976998042526
0.0004765976998042003
0.0004765976998042089
0.0004765976998042084
0.0004765976998042161
0.000476597699804229
0.0004765976998042305
0.0004765976998042
0.0004765976998042014
0.0004765976998042378
0.0004765976998042125
0.0004765976998042259
0.0004765976998042172
0.0004765976998042012
0.0004765976998042104
)
;

boundaryField
{
    inlet
    {
        type            cyclic;
    }
    outlet
    {
        type            cyclic;
    }
    bottomWall
    {
        type            fixedValue;
        value           uniform 0.0015;
    }
    topWall
    {
        type            fixedValue;
        value           uniform 0.0015;
    }
    left
    {
        type            cyclic;
    }
    right
    {
        type            cyclic;
    }
}


// ************************************************************************* //
