/*--------------------------------*- C++ -*----------------------------------*\
| =========                 |                                                 |
| \\      /  F ield         | OpenFOAM: The Open Source CFD Toolbox           |
|  \\    /   O peration     | Version:  v1812                                 |
|   \\  /    A nd           | Web:      www.OpenFOAM.com                      |
|    \\/     M anipulation  |                                                 |
\*---------------------------------------------------------------------------*/
FoamFile
{
    version     2.0;
    format      ascii;
    class       volScalarField;
    location    "10000";
    object      p;
}
// * * * * * * * * * * * * * * * * * * * * * * * * * * * * * * * * * * * * * //

dimensions      [0 2 -2 0 0 0 0];


internalField   nonuniform List<scalar> 
2838
(
8.698771725678086e-17
5.909213928582124e-15
4.372926117682014e-15
2.823023431745396e-15
2.409752454266111e-15
2.293932845110978e-15
2.231142243522521e-15
2.007492250067735e-15
1.844379031874855e-15
1.813200070705319e-15
1.654226627155238e-15
1.665815831634481e-15
1.765354396518027e-15
1.584220804066558e-15
1.661765464839282e-15
1.773113322724537e-15
1.707789375247891e-15
2.004768038640087e-15
2.143652731050952e-15
2.130446205502614e-15
2.422453179935507e-15
2.434331421692066e-15
2.407997941018861e-15
2.617841943440351e-15
2.641443531192858e-15
2.633052393837992e-15
2.650166954540384e-15
2.717311362120228e-15
3.039871870647267e-15
3.023617922928397e-15
3.041594700458909e-15
3.24165415701367e-15
3.140392570321698e-15
3.107142810498704e-15
3.094249820006637e-15
2.96190043296751e-15
3.217903444502455e-15
3.287789892181044e-15
3.144461823196775e-15
3.122995032460645e-15
3.074703661626236e-15
2.813347693227735e-15
2.998634796252341e-15
2.958154813514758e-15
2.788607498940285e-15
2.666148029964541e-15
2.436702511338677e-15
2.447853800592008e-15
2.629006243586778e-15
2.565555032429436e-15
2.379744336187449e-15
2.376429755317985e-15
2.441637827671179e-15
2.385876577659785e-15
2.484329952593318e-15
2.239949940619704e-15
2.165938271710069e-15
1.918166167031573e-15
2.126375710645482e-15
1.843964759106797e-15
2.066758567422893e-15
1.500699256062897e-15
1.771987774262661e-15
1.00684914489929e-15
1.422044686005514e-15
-3.279640626705361e-16
8.052740643131001e-17
5.888409591671898e-15
4.37707544526921e-15
2.825478471621145e-15
2.410547972905932e-15
2.293828424037744e-15
2.230253812091124e-15
2.007637509108082e-15
1.844646820068184e-15
1.813124613757082e-15
1.65490359980426e-15
1.667450790310173e-15
1.764992415715547e-15
1.584239490582047e-15
1.661612511935801e-15
1.774587817454363e-15
1.708888942489675e-15
2.004418256588135e-15
2.143490810155861e-15
2.129499875552192e-15
2.422635662843701e-15
2.437140512639451e-15
2.407494110430496e-15
2.613753459344072e-15
2.642016037240285e-15
2.633140656431985e-15
2.65018647300656e-15
2.715806002109477e-15
3.041105194445001e-15
3.026930965237133e-15
3.039669944490269e-15
3.242511690325645e-15
3.141696232505525e-15
3.101775928553071e-15
3.09293137541298e-15
2.967284372527175e-15
3.217699128155799e-15
3.283505018160702e-15
3.144520619043664e-15
3.124632343606028e-15
3.074256313720351e-15
2.815295592610646e-15
2.998227314694213e-15
2.955370999135242e-15
2.788949500829515e-15
2.667916259757628e-15
2.438396804413527e-15
2.446298803452935e-15
2.627614984295983e-15
2.566330825997753e-15
2.383435033459106e-15
2.376417560840585e-15
2.439988234618184e-15
2.385945479202894e-15
2.485878230002017e-15
2.239215214057071e-15
2.163639899405431e-15
1.923420150669463e-15
2.129195061458373e-15
1.840380904257611e-15
2.06735179487022e-15
1.502698921826381e-15
1.773496524702802e-15
1.004796967975102e-15
1.426675828325321e-15
-3.102540019395805e-16
4.298761270824895e-17
5.869342621067138e-15
4.391933033427913e-15
2.822605826954371e-15
2.408290445335693e-15
2.290682244216391e-15
2.226712765003695e-15
2.008833457376795e-15
1.843861433300428e-15
1.813460281556671e-15
1.656365480165472e-15
1.670192210761583e-15
1.767635483927734e-15
1.582741735669979e-15
1.662275961250355e-15
1.778795153799755e-15
1.708779578127988e-15
2.003027758633901e-15
2.146328312285006e-15
2.12939480451663e-15
2.420051283940746e-15
2.44193664916952e-15
2.406308815946063e-15
2.608656831610386e-15
2.643355635344852e-15
2.63430561250152e-15
2.651117903223907e-15
2.716374223701685e-15
3.041038939331042e-15
3.031446312405532e-15
3.040306782457954e-15
3.241361651796031e-15
3.146485000854896e-15
3.097273956182326e-15
3.088621737135963e-15
2.969934714701809e-15
3.218830135348759e-15
3.280991831435367e-15
3.147663373970271e-15
3.12443615477586e-15
3.072093581057568e-15
2.817373935794651e-15
2.997799268172838e-15
2.949214123582302e-15
2.790749822732186e-15
2.672165326918756e-15
2.438789033710954e-15
2.442996391539754e-15
2.6273961252604e-15
2.565549413859185e-15
2.386968060207163e-15
2.376503974542829e-15
2.43993036302262e-15
2.388538275344749e-15
2.486371913259716e-15
2.236503001783772e-15
2.166657654453587e-15
1.929840208826997e-15
2.129156565824017e-15
1.831560507736347e-15
2.068484050350962e-15
1.508273248195814e-15
1.777464461164881e-15
1.000550546681603e-15
1.433450387608977e-15
-2.844406761188719e-16
-2.742069858564553e-17
5.853843501990437e-15
4.427907751719039e-15
2.82116612734812e-15
2.399652046756684e-15
2.284377794113066e-15
2.223071301941517e-15
2.007620920496978e-15
1.840755309308483e-15
1.816510506599221e-15
1.65986054104038e-15
1.67453612084074e-15
1.769520241045855e-15
1.582659054245738e-15
1.664157695049134e-15
1.783202818932601e-15
1.708587661798346e-15
1.999833761756815e-15
2.150673098381067e-15
2.130180417432759e-15
2.416481784341114e-15
2.446572471972369e-15
2.404520992710405e-15
2.60275024917965e-15
2.644923947368534e-15
2.63806691906181e-15
2.650100583580539e-15
2.717357952138276e-15
3.042446460109301e-15
3.036368814091114e-15
3.040696818189343e-15
3.239357595689536e-15
3.151752384212676e-15
3.093966864915027e-15
3.08313123856515e-15
2.969688232851219e-15
3.222581281691325e-15
3.279481131334532e-15
3.150642611029035e-15
3.126515367306883e-15
3.070162200419233e-15
2.818164587719458e-15
2.993179032662501e-15
2.942847180029883e-15
2.792323579143697e-15
2.677996959555706e-15
2.440119463224953e-15
2.437513252666207e-15
2.625832946938381e-15
2.56714549571145e-15
2.392270908168643e-15
2.376287124164991e-15
2.441095561675813e-15
2.391200739920012e-15
2.485031819786731e-15
2.236141566627977e-15
2.174664770381929e-15
1.935855372846132e-15
2.127647047854828e-15
1.82274601664108e-15
2.069436822226161e-15
1.513582720949479e-15
1.780951349936826e-15
9.985731754693497e-16
1.443154406510434e-15
-2.651562680834765e-16
-1.125378610129161e-16
5.809945095283099e-15
4.486741957592965e-15
2.827714279806265e-15
2.386508412046158e-15
2.275455670827655e-15
2.217708381455918e-15
2.004014124297151e-15
1.834929640074152e-15
1.817196482524114e-15
1.662982650535738e-15
1.679757122280258e-15
1.771424097357991e-15
1.583649394438131e-15
1.670806145409335e-15
1.784660492784573e-15
1.708385542808277e-15
1.996260335673322e-15
2.155569630885503e-15
2.128842544285113e-15
2.412698554645007e-15
2.451584838794997e-15
2.404991103617359e-15
2.600280234571686e-15
2.644663842596908e-15
2.641226851235958e-15
2.647506981267588e-15
2.720467424804907e-15
3.046000518285969e-15
3.040262489989672e-15
3.04109535821859e-15
3.239016385014851e-15
3.156062048061711e-15
3.093958987125233e-15
3.077781545185136e-15
2.970921462780334e-15
3.223389088011803e-15
3.277609373443715e-15
3.154161382589176e-15
3.132181254685561e-15
3.069568297019898e-15
2.816251612285315e-15
2.985552394702118e-15
2.937840353206071e-15
2.794674370398774e-15
2.681713287529805e-15
2.441373565214414e-15
2.430029517784546e-15
2.622128118734064e-15
2.570796979107942e-15
2.397767276416047e-15
2.376518104771793e-15
2.444488274336802e-15
2.390438939143678e-15
2.481921983818132e-15
2.239738103101092e-15
2.183303585154551e-15
1.939211306442067e-15
2.124931692211004e-15
1.816516622840919e-15
2.072625253205801e-15
1.516138973969047e-15
1.782286892471014e-15
1.004390162944763e-15
1.455104531313204e-15
-2.322408799858705e-16
-2.193641624700225e-16
5.684767412243785e-15
4.551968746440384e-15
2.844390946895093e-15
2.377817117258011e-15
2.259967502661939e-15
2.208325754947427e-15
2.003048529913781e-15
1.82290036079145e-15
1.819210860809623e-15
1.663914485949268e-15
1.683942643968826e-15
1.774633152832182e-15
1.58923775729931e-15
1.67405119621743e-15
1.790218255529223e-15
1.713539783372598e-15
1.989368948916871e-15
2.151665180654111e-15
2.132589835183093e-15
2.404530881764705e-15
2.462709297016622e-15
2.407275160221818e-15
2.599336659722802e-15
2.643808751391804e-15
2.644079107511127e-15
2.649028936341098e-15
2.726173651852732e-15
3.050461893337308e-15
3.046144372983251e-15
3.040575701821707e-15
3.234483444313937e-15
3.166565386430599e-15
3.089433009169826e-15
3.076498919594051e-15
2.971049419329924e-15
3.225811837688082e-15
3.276093014055158e-15
3.157250944500581e-15
3.141042463909563e-15
3.07145124483689e-15
2.813651940351391e-15
2.976217838214376e-15
2.933849611461706e-15
2.794650875089641e-15
2.683340034491041e-15
2.444726875677911e-15
2.420196861195943e-15
2.613635964575822e-15
2.572039846575693e-15
2.415038780367507e-15
2.372989533734409e-15
2.448032645367567e-15
2.383433503828489e-15
2.475270607831013e-15
2.246853683642458e-15
2.193398296451209e-15
1.947633048863923e-15
2.116790142367515e-15
1.812742180550909e-15
2.076356544091041e-15
1.520641242112042e-15
1.780344581919596e-15
1.025118708731335e-15
1.476705636236694e-15
-1.597762527969404e-16
-3.27791702041681e-16
5.418799610889911e-15
4.583843479806101e-15
2.850246784492712e-15
2.37808506522948e-15
2.249053522548816e-15
2.192018766240419e-15
2.009469960488797e-15
1.810192807212027e-15
1.807721626001426e-15
1.663236493784463e-15
1.674245926517824e-15
1.782397141449833e-15
1.605571942256618e-15
1.676768313358138e-15
1.796671211847712e-15
1.728213993446478e-15
1.982038180566233e-15
2.146118340838049e-15
2.144767654974267e-15
2.392613534228811e-15
2.467673833425079e-15
2.423136978148011e-15
2.597111304254283e-15
2.644499322313727e-15
2.641103611486432e-15
2.649497227904364e-15
2.7439162364874e-15
3.049077552240026e-15
3.052526111689961e-15
3.048524876609161e-15
3.225525245411382e-15
3.181741221280121e-15
3.08576059046383e-15
3.071453552370008e-15
2.973714272839956e-15
3.234324190127258e-15
3.285791818303165e-15
3.160347599917927e-15
3.135156262922805e-15
3.067971846399203e-15
2.813891065811901e-15
2.968749033443535e-15
2.931189716033026e-15
2.796898804183856e-15
2.680916546818679e-15
2.452188174091485e-15
2.403376523759501e-15
2.593643971483844e-15
2.584836896087955e-15
2.431456239235013e-15
2.367976425518097e-15
2.45175718101943e-15
2.372482874219331e-15
2.460685390562548e-15
2.251056219335456e-15
2.212338479811277e-15
1.963866589513167e-15
2.10369075396131e-15
1.815815536993562e-15
2.070735493617921e-15
1.522134036304252e-15
1.781556055965258e-15
1.073845104981982e-15
1.512786992448037e-15
5.397500492441495e-19
-3.506304329467667e-16
5.017895369649081e-15
4.503343848102534e-15
2.801781278552304e-15
2.386756963013486e-15
2.2432973678725e-15
2.165344245309905e-15
2.025678849247855e-15
1.814606929574438e-15
1.777648386808478e-15
1.665205960829399e-15
1.652756477686517e-15
1.77199088785593e-15
1.633316632112761e-15
1.683399411749824e-15
1.78617553771595e-15
1.767219124439932e-15
1.975190998509063e-15
2.129984412475205e-15
2.165287050573575e-15
2.389311431595647e-15
2.465179449523844e-15
2.45577838464642e-15
2.585241895380665e-15
2.647018372118036e-15
2.640492908191822e-15
2.64604419866983e-15
2.765878084722335e-15
3.059006249689053e-15
3.065388101118241e-15
3.074702361784764e-15
3.217944215216593e-15
3.198573318104394e-15
3.081113921258869e-15
3.063823205928383e-15
2.98226488037826e-15
3.25280028428098e-15
3.293284593215372e-15
3.180597980735561e-15
3.122642053798186e-15
3.057178813181076e-15
2.812114812068416e-15
2.962194788986086e-15
2.923284089209222e-15
2.798950774661976e-15
2.674896009473518e-15
2.444322578146807e-15
2.405646980673267e-15
2.571306047068307e-15
2.592013478349292e-15
2.447190040812675e-15
2.361851424834329e-15
2.453840305514747e-15
2.347294921583374e-15
2.427751164649749e-15
2.253253537193633e-15
2.23061907240121e-15
1.988504790468185e-15
2.108360861990955e-15
1.81667669052542e-15
2.050479926653355e-15
1.530201917067461e-15
1.789083841224202e-15
1.154026925513188e-15
1.544821865192871e-15
2.510855942214504e-16
-1.735961286741622e-16
4.526287797438192e-15
4.240947246131964e-15
2.674645612964236e-15
2.361852410394137e-15
2.246001727432445e-15
2.160678085291169e-15
2.050541690933058e-15
1.814000206582945e-15
1.744897427715188e-15
1.665285421089814e-15
1.614718843498938e-15
1.756069355155763e-15
1.659740839518099e-15
1.681645434563843e-15
1.795861115800132e-15
1.806542129559314e-15
1.97659925631634e-15
2.123422015809304e-15
2.186830133865933e-15
2.373645721449267e-15
2.477301821982073e-15
2.485173572654636e-15
2.576856845018912e-15
2.656357627977355e-15
2.647771000064201e-15
2.646150108345782e-15
2.796461343085052e-15
3.08892653940807e-15
3.095248778737784e-15
3.102111781815431e-15
3.195532308996431e-15
3.20173105087399e-15
3.11202786336437e-15
3.057405261502891e-15
3.015358282112329e-15
3.250964075837076e-15
3.298520192657015e-15
3.206065075884204e-15
3.105493470174505e-15
3.030759341531095e-15
2.827622250757401e-15
2.913487341306709e-15
2.91179315304422e-15
2.825337531520936e-15
2.664268935878604e-15
2.432011922388428e-15
2.398951837721111e-15
2.545297390288192e-15
2.59304458092493e-15
2.469134218925445e-15
2.353647066113816e-15
2.468186101465988e-15
2.361057913527709e-15
2.406591619480965e-15
2.213325365027851e-15
2.226454718787473e-15
2.040952812647339e-15
2.077556821082118e-15
1.813619750384656e-15
2.029943900512529e-15
1.54610048799554e-15
1.785568829608212e-15
1.276641341085183e-15
1.5950647742324e-15
5.320764678980297e-16
1.510178023282266e-16
4.023991189643075e-15
3.805207963771784e-15
2.510335034234897e-15
2.318886410749871e-15
2.234926843218711e-15
2.159145242233782e-15
2.056221826821071e-15
1.820072129890423e-15
1.716526904097534e-15
1.659582876016432e-15
1.594580709988563e-15
1.734176874246218e-15
1.664996110735059e-15
1.658526592913745e-15
1.805460237635801e-15
1.867328726934243e-15
1.977701386034264e-15
2.08816620542985e-15
2.216665959271375e-15
2.375152630042341e-15
2.494375404510553e-15
2.546993316007325e-15
2.555270418396486e-15
2.655164802414477e-15
2.67380527183558e-15
2.644792144975324e-15
2.880527813244847e-15
3.098862024533958e-15
3.080468945955634e-15
3.181734641958257e-15
3.18655829569537e-15
3.161974796056648e-15
3.157162102844527e-15
3.065173986744194e-15
3.066183273456111e-15
3.258429039585048e-15
3.274499746478327e-15
3.212815260776301e-15
3.116991314595138e-15
2.98252962400159e-15
2.849804922181476e-15
2.858853710366012e-15
2.875289767680148e-15
2.862738608300295e-15
2.645989083420003e-15
2.429099290682311e-15
2.371228540882034e-15
2.531561044396877e-15
2.573080699033661e-15
2.486488432003914e-15
2.367320286215697e-15
2.458659758567719e-15
2.377448061248986e-15
2.385862735288109e-15
2.185069030959568e-15
2.202239996551e-15
2.055477630211013e-15
2.081404735498875e-15
1.801505353137176e-15
1.984135864126217e-15
1.580245677941279e-15
1.783737087851541e-15
1.396077352403018e-15
1.686317202644523e-15
8.314022727407813e-16
6.013784272503764e-16
3.547135204448e-15
3.299860539709148e-15
2.295531708111461e-15
2.259806296931539e-15
2.202149186502894e-15
2.106711123924837e-15
2.085956583471682e-15
1.827297013396705e-15
1.700099506936647e-15
1.671213317620869e-15
1.577848266925591e-15
1.708614859324966e-15
1.690341607173608e-15
1.656563278042221e-15
1.79989298594339e-15
1.895459792318789e-15
1.945772769064885e-15
2.057939814037705e-15
2.261117079248265e-15
2.396298363651714e-15
2.523158450560221e-15
2.566908676545289e-15
2.556931895610539e-15
2.679967516401998e-15
2.700868224316155e-15
2.656382605711104e-15
2.942480696922446e-15
3.10014876212003e-15
3.07682241547594e-15
3.240316058931354e-15
3.195093841323443e-15
3.198620649428925e-15
3.19376659229794e-15
3.061650289659268e-15
3.091543615848593e-15
3.248664782229298e-15
3.253104430896299e-15
3.215159223920386e-15
3.116761764221879e-15
2.961705503640035e-15
2.826728046320005e-15
2.787217293201204e-15
2.871397754077154e-15
2.902523151138838e-15
2.649814833716593e-15
2.467879071370625e-15
2.329121599033976e-15
2.48922727320994e-15
2.524715683680612e-15
2.468668710213152e-15
2.41122880277833e-15
2.470485149638672e-15
2.368237645659657e-15
2.34165698129429e-15
2.212966967107256e-15
2.150896717763413e-15
2.003951996106884e-15
2.076861042775514e-15
1.817952685519435e-15
1.945450458217369e-15
1.601475212740844e-15
1.776213160241938e-15
1.511403909145094e-15
1.778287706363791e-15
1.159499983655121e-15
1.170837885877162e-15
3.06143926084839e-15
2.782062628509824e-15
2.064228718322463e-15
2.136474534358005e-15
2.160515408066474e-15
2.061471474260419e-15
2.135112002146908e-15
1.836056339603189e-15
1.678120188881481e-15
1.671591199923267e-15
1.580118728234657e-15
1.676174680309179e-15
1.728043486447016e-15
1.684033601047181e-15
1.7985507626693e-15
1.901238834358092e-15
1.902006467626077e-15
2.023941493053984e-15
2.346991002562108e-15
2.432344185829388e-15
2.493668480470775e-15
2.597359929479633e-15
2.599577092706527e-15
2.732394486106227e-15
2.697730677829095e-15
2.674231091354125e-15
3.020697538161805e-15
3.106624534558073e-15
3.064343976347755e-15
3.252705193571757e-15
3.289081086389503e-15
3.291505898801106e-15
3.218671316564717e-15
3.067204820025297e-15
3.049555403915135e-15
3.206260290510979e-15
3.203125504858091e-15
3.251228989177138e-15
3.119331256857696e-15
2.964155388359806e-15
2.791639121641755e-15
2.725962581828191e-15
2.857725029055277e-15
2.914836457812092e-15
2.682710869016348e-15
2.501785047500417e-15
2.29473018415902e-15
2.399640699362235e-15
2.46856142511953e-15
2.430072239241789e-15
2.423082677662676e-15
2.472434451404666e-15
2.348471995007253e-15
2.317371438795438e-15
2.267531933352591e-15
2.117151432973156e-15
1.940211166570074e-15
2.028441338453089e-15
1.85862184817883e-15
1.906658597740894e-15
1.635473246230142e-15
1.712566087633027e-15
1.647412025217463e-15
1.840284380136494e-15
1.508256227207803e-15
1.821087131729574e-15
2.583023286012018e-15
2.187892194100507e-15
1.851554684331127e-15
2.04845899370236e-15
2.040728785477635e-15
1.985219798396965e-15
2.168219075034218e-15
1.844489504247285e-15
1.648068116043878e-15
1.693385166834516e-15
1.6435193463622e-15
1.680747071834553e-15
1.772697969022661e-15
1.711361052248352e-15
1.760570345654588e-15
1.90033549354721e-15
1.895318869548268e-15
2.019154249554898e-15
2.384578425368255e-15
2.451690925942025e-15
2.497768013589127e-15
2.612507751521057e-15
2.619459628685538e-15
2.791321911297849e-15
2.70480466987526e-15
2.697300299818219e-15
3.086123656443516e-15
3.125822834215283e-15
3.031915633585306e-15
3.280579323976095e-15
3.413870790401199e-15
3.315328012046593e-15
3.229916853238799e-15
3.132201544592259e-15
2.996697895411126e-15
3.15881436397339e-15
3.208424532413487e-15
3.208072489313511e-15
3.118534516695581e-15
2.981513014935331e-15
2.785733126829098e-15
2.700279304421575e-15
2.849979669333408e-15
2.876257237707187e-15
2.680675571775736e-15
2.501384872327084e-15
2.308517537461574e-15
2.316863899352537e-15
2.404276701830956e-15
2.415223829690043e-15
2.427174675139493e-15
2.462186453949976e-15
2.326609991687991e-15
2.280335108076001e-15
2.266690068710745e-15
2.094760886775073e-15
1.898116364288055e-15
1.977518193229607e-15
1.859666985006272e-15
1.838388430975609e-15
1.702578252337303e-15
1.648257829040569e-15
1.756275354387597e-15
1.910969384306877e-15
1.946862546720434e-15
2.491755347055695e-15
2.109120765271239e-15
1.61462891274805e-15
1.61605789736931e-15
1.889811155943564e-15
1.966663391991842e-15
1.952658994763442e-15
2.178623907432868e-15
1.883620842034035e-15
1.611695624254021e-15
1.726761176859486e-15
1.713105460912683e-15
1.707906894535996e-15
1.866754560254539e-15
1.736209002428092e-15
1.720148467736503e-15
1.906411494413711e-15
1.880868281757664e-15
1.990320637652323e-15
2.400863742161396e-15
2.490615202520461e-15
2.55496746716709e-15
2.608316963127139e-15
2.605972873877088e-15
2.790462848977908e-15
2.71154191884944e-15
2.75975642367861e-15
3.112864796656474e-15
3.131354276229605e-15
3.095440291423841e-15
3.352754328638007e-15
3.459658999309196e-15
3.331621449248156e-15
3.231231205961932e-15
3.097082754070257e-15
2.946821074073794e-15
3.160226136326954e-15
3.25158826882622e-15
3.103912222518357e-15
3.113425995284917e-15
3.025329001645667e-15
2.77510091740657e-15
2.712301333558643e-15
2.812480119437898e-15
2.793645867213062e-15
2.631314892536369e-15
2.524595180625716e-15
2.412033241703239e-15
2.2706865672166e-15
2.342278662833219e-15
2.402009363378158e-15
2.377698945913441e-15
2.423025618895173e-15
2.289571407124384e-15
2.257070595340122e-15
2.237406524502574e-15
2.062750647241408e-15
1.898174775697871e-15
1.911147494946288e-15
1.858034949342958e-15
1.765661279225385e-15
1.704100387751485e-15
1.64728394542448e-15
1.831209899722173e-15
1.992968924988654e-15
2.374612468911806e-15
3.231097239976383e-15
1.665454024399036e-15
9.852113229295382e-16
1.418568882984388e-15
1.755323359707261e-15
1.893000798771865e-15
1.931417605795977e-15
2.175489225181975e-15
1.909028499500765e-15
1.619273993251191e-15
1.735956554141237e-15
1.774666742854797e-15
1.780799040778879e-15
1.936348697886642e-15
1.756642636328794e-15
1.753512647466597e-15
1.933962727070796e-15
1.850086162508828e-15
1.946246689269712e-15
2.38622417548362e-15
2.524129561821057e-15
2.631240657746017e-15
2.554031293385022e-15
2.560143147371017e-15
2.814243097374484e-15
2.724495476766717e-15
2.832668623504692e-15
3.107097095801297e-15
3.16519512759883e-15
3.195984286200748e-15
3.416104912060997e-15
3.446654401191449e-15
3.300275690457005e-15
3.198679746865463e-15
3.049695596145773e-15
2.883556246012051e-15
3.18924008556862e-15
3.300288980925422e-15
3.057780637215439e-15
3.116428162465551e-15
3.028210634509685e-15
2.777208269314329e-15
2.74040132144553e-15
2.763369429315656e-15
2.731426506232231e-15
2.569680666694743e-15
2.533303830823853e-15
2.430668365496181e-15
2.262818331090251e-15
2.336458981858157e-15
2.376352738850628e-15
2.317290737244208e-15
2.31973861099404e-15
2.247995768438548e-15
2.23708432119349e-15
2.216597208042813e-15
2.065190298687286e-15
1.914155621470709e-15
1.790614186599283e-15
1.851493764809517e-15
1.715641419854976e-15
1.764994793128455e-15
1.602634762060574e-15
1.960781871915099e-15
2.039292264186477e-15
2.768590655308885e-15
3.907719493810826e-15
1.260553758617365e-15
3.696172482937933e-16
1.197409378471826e-15
1.69366844209809e-15
1.827773858170587e-15
1.998719660949639e-15
2.198258758831828e-15
1.876353133893929e-15
1.648146254917708e-15
1.75378781446635e-15
1.823163564045781e-15
1.870849800668878e-15
1.966798199259681e-15
1.75391790514349e-15
1.757520046303155e-15
1.962535599885766e-15
1.828134141512157e-15
1.966171891900004e-15
2.398680220358054e-15
2.532592313414025e-15
2.642302426501913e-15
2.486346059365967e-15
2.5388437559154e-15
2.825592513853366e-15
2.725066062424424e-15
2.874280847546782e-15
3.126038237733594e-15
3.182280335926499e-15
3.204277623727196e-15
3.475643370202051e-15
3.499795455668502e-15
3.309573277436227e-15
3.165917671389656e-15
2.973776141269746e-15
2.854474550619288e-15
3.130787987240614e-15
3.238459504778612e-15
3.058080371611833e-15
3.113300732962089e-15
3.027890234490657e-15
2.818137683582535e-15
2.771224966553495e-15
2.700544868918883e-15
2.667998220475431e-15
2.617711612659258e-15
2.498451445519698e-15
2.353235466804532e-15
2.322316017232404e-15
2.313562221217068e-15
2.294048559452121e-15
2.262940925655844e-15
2.244242073740671e-15
2.206035534647616e-15
2.186401140129296e-15
2.225568003943733e-15
2.104955821136435e-15
1.898935161239355e-15
1.653048293079783e-15
1.81437406840158e-15
1.691090436640686e-15
1.817518939444291e-15
1.609861015539478e-15
2.097790140404153e-15
2.081007833165044e-15
3.150727988531312e-15
4.585740746515385e-15
8.644510507545862e-16
-1.259146656317399e-16
1.048295927520125e-15
1.608809716514772e-15
1.798768154802082e-15
2.078285957594963e-15
2.201413312515957e-15
1.83334463578125e-15
1.677218105654074e-15
1.800059141211968e-15
1.84682991118368e-15
1.981143572780761e-15
1.99300610916108e-15
1.729876033895413e-15
1.735930888766412e-15
1.924820216135252e-15
1.876529841873956e-15
2.006966261210208e-15
2.409118098566737e-15
2.534186625839608e-15
2.569781336088198e-15
2.412666677424477e-15
2.552661118308087e-15
2.820990388189541e-15
2.70290140366121e-15
2.886643750058235e-15
3.172636933501767e-15
3.204788218520928e-15
3.226953161870905e-15
3.505343946554707e-15
3.498913479132251e-15
3.307965094581433e-15
3.136861549402103e-15
2.907126818738016e-15
2.805558479075155e-15
3.087329509634546e-15
3.177277231530712e-15
3.026560738050832e-15
3.067309675444393e-15
3.058402051094267e-15
2.832902587095805e-15
2.763393306716508e-15
2.691341658454273e-15
2.612735548862877e-15
2.61354080288119e-15
2.49429133271112e-15
2.316107594508144e-15
2.37002748564849e-15
2.262204864461668e-15
2.19908513686708e-15
2.16958866789425e-15
2.188902171365407e-15
2.177769725290757e-15
2.152853555410808e-15
2.219397794728725e-15
2.103389016777476e-15
1.893538623476758e-15
1.546021957440168e-15
1.783881648589248e-15
1.689459140579681e-15
1.876337543639317e-15
1.587909989782191e-15
2.252099613150601e-15
2.089523895137787e-15
3.518135779454452e-15
5.247577006923304e-15
5.117389956280597e-16
-4.594559887763451e-16
9.951334744076885e-16
1.557459373213896e-15
1.789088165366651e-15
2.095033832474238e-15
2.136008527097758e-15
1.820446130313756e-15
1.716801809608581e-15
1.804771875211539e-15
1.906345928163375e-15
2.044358245742591e-15
1.922972140957326e-15
1.707712754006908e-15
1.77617588400431e-15
1.895296890522368e-15
1.884558511431971e-15
2.030733557360177e-15
2.434641496171925e-15
2.52198631298715e-15
2.449693686552232e-15
2.379499474004418e-15
2.59592884530302e-15
2.76722597395548e-15
2.673757248593677e-15
2.860379733978176e-15
3.176197280300817e-15
3.246449363093234e-15
3.228124662202738e-15
3.542870921347751e-15
3.450408903756691e-15
3.278321412486249e-15
3.084522228849511e-15
2.91627080913422e-15
2.832045368739076e-15
3.010488018520896e-15
3.064148239883624e-15
3.027380740523173e-15
2.997381085251166e-15
3.051009022905551e-15
2.828634595571911e-15
2.751639830944391e-15
2.745807062252056e-15
2.587134876151325e-15
2.555582933899603e-15
2.471848522114464e-15
2.279994645378917e-15
2.371477365002102e-15
2.256400519317891e-15
2.096277831824295e-15
2.110650513433387e-15
2.15912352453248e-15
2.12423103773954e-15
2.120727809987471e-15
2.23193946066053e-15
2.092680835751714e-15
1.869527593287255e-15
1.501605170085255e-15
1.763185746920364e-15
1.642471830660834e-15
1.880970246702737e-15
1.569911308460675e-15
2.435860320263646e-15
2.091874738666185e-15
3.913078941529178e-15
5.944400033303564e-15
2.210075179447067e-16
-7.165373032768777e-16
1.071221993505727e-15
1.559069664212012e-15
1.773770411923921e-15
2.034464681130143e-15
2.082822772333016e-15
1.757114120917409e-15
1.736227900029748e-15
1.873253689171358e-15
1.924074214879455e-15
2.014568340032697e-15
1.857392814747983e-15
1.60235069687587e-15
1.830807888896434e-15
1.905645975502219e-15
1.906737607009074e-15
2.033926478400966e-15
2.452385589060449e-15
2.443451778272406e-15
2.358266796649572e-15
2.348117012591489e-15
2.550218572012886e-15
2.691766380929919e-15
2.729960524399309e-15
2.845740612122795e-15
3.141771643220511e-15
3.241230910214567e-15
3.282832038580886e-15
3.547536636253243e-15
3.358385269747298e-15
3.237452582495798e-15
3.082331751649962e-15
2.919205937158256e-15
2.889635628370726e-15
2.980894579075706e-15
2.932215059118096e-15
2.965287076410461e-15
2.958695569300463e-15
3.010417678433764e-15
2.839883666746757e-15
2.779332224053626e-15
2.742871588761959e-15
2.569016814792391e-15
2.502176235533171e-15
2.468009558622494e-15
2.264428507473599e-15
2.272879688214282e-15
2.252531553449007e-15
2.103946053812621e-15
2.128324547818035e-15
2.161315458113475e-15
2.031056679568123e-15
1.9896018137553e-15
2.243043992794541e-15
2.06635292492178e-15
1.860543962926199e-15
1.533183522924079e-15
1.720869613407275e-15
1.585739641557859e-15
1.941491061386735e-15
1.526383568360119e-15
2.498927235015012e-15
2.102767955100968e-15
4.337150738242707e-15
6.62001258650369e-15
1.399411681380303e-16
-8.692769306419911e-16
1.114287717044629e-15
1.60915172329322e-15
1.709720294798196e-15
1.92606003325224e-15
1.990369510955358e-15
1.712532128636866e-15
1.739111193097286e-15
1.865279412825425e-15
1.94628624792626e-15
1.94557238452036e-15
1.817617036720967e-15
1.573594672882964e-15
1.786796316773071e-15
1.944421400056563e-15
1.912310375824506e-15
2.082971418551e-15
2.394903481675094e-15
2.27940593494698e-15
2.305876616584139e-15
2.298168470890076e-15
2.510895887478554e-15
2.717342985875908e-15
2.770206954615235e-15
2.769621948607135e-15
3.081282336253332e-15
3.266580817665706e-15
3.282342062601662e-15
3.488193253747008e-15
3.300475689001287e-15
3.209960235695711e-15
3.083593779435788e-15
2.921813970925878e-15
2.913172733251791e-15
2.967533472927956e-15
2.883591265363377e-15
2.879378783142205e-15
2.95130711330078e-15
2.950458418451842e-15
2.841718116730818e-15
2.811920947314813e-15
2.697306523739558e-15
2.575600674822928e-15
2.451391617000514e-15
2.398593655517446e-15
2.280256117413119e-15
2.225488492012206e-15
2.229039879807311e-15
2.148549874459067e-15
2.134119311305148e-15
2.179550799822246e-15
1.947517214223332e-15
1.880741668261296e-15
2.268442451618359e-15
2.065576100431849e-15
1.869099054075793e-15
1.569319594383187e-15
1.70620230926388e-15
1.479987862094508e-15
2.047231805284251e-15
1.462739572642827e-15
2.543087004528653e-15
2.131407572506487e-15
4.66199934339687e-15
7.242015466661264e-15
1.945435833666015e-16
-9.885723119894108e-16
1.061252856905598e-15
1.576796397677487e-15
1.604247367289928e-15
1.801747865774497e-15
1.936178323285798e-15
1.644357938701356e-15
1.694037668897843e-15
1.835121804901462e-15
1.906511947886107e-15
1.930676345025714e-15
1.728020095774202e-15
1.519184788768287e-15
1.783020295495053e-15
1.971287588479636e-15
1.937858508246586e-15
2.102007184011775e-15
2.300778439158072e-15
2.217415007325405e-15
2.285903132225032e-15
2.255605086487746e-15
2.467785801206019e-15
2.694960548268719e-15
2.797238010539646e-15
2.730634937203068e-15
3.053155068126456e-15
3.304212713667651e-15
3.275395918146244e-15
3.397339935702892e-15
3.223983594323268e-15
3.227888294283747e-15
3.133989955678204e-15
2.883944286232946e-15
2.903284357287407e-15
2.932666288536914e-15
2.799118709007318e-15
2.838670698531749e-15
2.979458251809807e-15
2.916516824898991e-15
2.904055534532774e-15
2.825473156270896e-15
2.631718366134812e-15
2.589470777319236e-15
2.349008409310744e-15
2.379681466430739e-15
2.290841940555334e-15
2.186719713326863e-15
2.217905260912645e-15
2.194605769697997e-15
2.167570321551449e-15
2.19646547242851e-15
1.894422376582739e-15
1.793281732096072e-15
2.269176314983073e-15
2.131872957726165e-15
1.836546493611231e-15
1.585001312618925e-15
1.718517322818698e-15
1.452405937212775e-15
2.091693364880019e-15
1.410936515275522e-15
2.562529120752315e-15
2.180551499839568e-15
4.964305395948434e-15
7.663018588076516e-15
1.820484343002783e-16
-1.154329455323938e-15
1.013950177485206e-15
1.421784769263131e-15
1.515898008291194e-15
1.72150503536679e-15
1.845471532822159e-15
1.644273239473105e-15
1.70251978651092e-15
1.827780611439839e-15
1.852167485272339e-15
1.873795512996995e-15
1.702037194823914e-15
1.479773838555586e-15
1.761410112033362e-15
1.960102830609028e-15
1.950236639724972e-15
2.113268286989684e-15
2.278758759443722e-15
2.221933377462244e-15
2.321635696949529e-15
2.246889686303773e-15
2.404771185396926e-15
2.652294187025053e-15
2.771749544465076e-15
2.71425524230148e-15
3.034651833305816e-15
3.34707312610589e-15
3.272892915020323e-15
3.306177836931501e-15
3.173515617864131e-15
3.238219059102732e-15
3.188023207606626e-15
2.90855913478949e-15
2.893729397703621e-15
2.930744236522317e-15
2.758637230433392e-15
2.802339945573345e-15
2.973507846830383e-15
2.915679558396846e-15
2.95651435476611e-15
2.790437497704861e-15
2.594380251111646e-15
2.572132215186393e-15
2.317794770657647e-15
2.350821651713491e-15
2.29370576544944e-15
2.173216370153283e-15
2.213767415342333e-15
2.269803844060479e-15
2.244116227321476e-15
2.153657907561153e-15
1.875689185183553e-15
1.756328344903015e-15
2.223870891120959e-15
2.148737328499955e-15
1.890606986003851e-15
1.632386335409322e-15
1.684869092445897e-15
1.434008175448195e-15
2.110682215247709e-15
1.369454550234961e-15
2.582469992416258e-15
2.200072631420609e-15
5.18765637324453e-15
7.214214799518612e-15
-1.246590903056107e-18
-1.067149229840535e-15
1.116044168320178e-15
1.43629013696107e-15
1.499527531828475e-15
1.738819863667546e-15
1.852155004436423e-15
1.711650322495588e-15
1.754514960846159e-15
1.794982747612208e-15
1.838773008431704e-15
1.864588990862996e-15
1.727332461882255e-15
1.532166829809743e-15
1.80111760697358e-15
1.934159907794893e-15
1.975684718406754e-15
2.124854027565645e-15
2.280588497278645e-15
2.223160201485367e-15
2.375775346231861e-15
2.262373929053781e-15
2.349167905542246e-15
2.599521741652679e-15
2.74036771433059e-15
2.773260518970636e-15
3.040732381236794e-15
3.325680228377122e-15
3.288440862300478e-15
3.280481893886123e-15
3.167609680124605e-15
3.238189925880833e-15
3.245281829932458e-15
2.952697245491691e-15
2.874593359047236e-15
2.917400010697997e-15
2.741940573949875e-15
2.802645426725231e-15
2.993533680544648e-15
2.925280018709256e-15
2.911286988341178e-15
2.790189384232729e-15
2.577030284104372e-15
2.582943024922086e-15
2.358497959559339e-15
2.295343023189011e-15
2.263685768928155e-15
2.197721722210811e-15
2.255070692550598e-15
2.289498025262045e-15
2.288463172394127e-15
2.157698303873966e-15
1.865444004412323e-15
1.82045319995159e-15
2.207834218164921e-15
2.103615638178632e-15
1.924423566333744e-15
1.68363738872481e-15
1.699366178058966e-15
1.469088054175467e-15
2.051615327984735e-15
1.308080268168584e-15
2.519296942257411e-15
2.215931295565686e-15
4.969602774891612e-15
6.591879605060042e-15
-1.863765111806031e-16
-1.039840994176423e-15
1.08349666287869e-15
1.389524914974915e-15
1.483870791651028e-15
1.820997932766367e-15
1.908233887519607e-15
1.754844654142997e-15
1.780264041564159e-15
1.755633827259257e-15
1.796638387590014e-15
1.884181721785626e-15
1.797129913623637e-15
1.607036377948021e-15
1.821777443878887e-15
2.004052653343511e-15
2.026878547216144e-15
2.153164836253177e-15
2.297111156627629e-15
2.219595098816879e-15
2.377226578698863e-15
2.28554041710338e-15
2.35288603752186e-15
2.59743247228038e-15
2.703173340037971e-15
2.779127857900806e-15
3.048205612427169e-15
3.296492851104768e-15
3.310416292972287e-15
3.319857096379325e-15
3.201785725422861e-15
3.262060314480447e-15
3.281597345723377e-15
2.968533629638151e-15
2.876687647184795e-15
2.924062834614191e-15
2.765330089084808e-15
2.812741842915654e-15
3.00149339069091e-15
2.903318508640267e-15
2.864670335676735e-15
2.811068288308974e-15
2.590939203070242e-15
2.621364766093117e-15
2.398163132743204e-15
2.21224275738399e-15
2.226699150977619e-15
2.253040758089554e-15
2.277759188784096e-15
2.35522746721277e-15
2.349941871643766e-15
2.168414171852295e-15
1.871556266625029e-15
1.873731042045124e-15
2.169297185869024e-15
2.088348580148029e-15
1.958523229157746e-15
1.752461803301187e-15
1.742550060078551e-15
1.471014919968922e-15
1.977431088807672e-15
1.290932960540379e-15
2.484583003067795e-15
2.193167421253484e-15
4.638928305478067e-15
5.924141200447024e-15
-1.813657505924097e-16
-1.021579794794399e-15
9.86121029519744e-16
1.351870244888628e-15
1.461067306382529e-15
1.829813224090974e-15
1.89342728891502e-15
1.771240226434793e-15
1.764527738164633e-15
1.75448797611804e-15
1.740538207914566e-15
1.875446266528693e-15
1.816709471807529e-15
1.665823510755008e-15
1.888798121442757e-15
2.150985374585922e-15
2.067251987716837e-15
2.121834793838492e-15
2.31196976385636e-15
2.242988018434712e-15
2.366186755212694e-15
2.332885091762582e-15
2.370553559635344e-15
2.586116924105792e-15
2.652615440094534e-15
2.831790474996598e-15
3.102914665977521e-15
3.255937893970866e-15
3.284354554720235e-15
3.339142662188338e-15
3.229994773220883e-15
3.31893494062039e-15
3.306261807575682e-15
3.042380834806492e-15
2.927688405088257e-15
2.876932348502205e-15
2.766046560779949e-15
2.890559228802706e-15
3.032506126262601e-15
2.866046746332277e-15
2.772611497136463e-15
2.800545962732182e-15
2.622130733672378e-15
2.627698353490044e-15
2.464091667899887e-15
2.198542272040455e-15
2.189870570109933e-15
2.350419217885268e-15
2.330477000256587e-15
2.374931750721954e-15
2.373560025789809e-15
2.198045927996018e-15
1.907151979940285e-15
1.928784596937272e-15
2.118014784321407e-15
2.062908431723344e-15
2.007184562487834e-15
1.855141125951766e-15
1.772377621257593e-15
1.475663317810722e-15
1.956160212437268e-15
1.317658079165007e-15
2.417462213263206e-15
2.13479814503741e-15
4.248156122311945e-15
5.187768817238669e-15
3.938725307983726e-19
-8.548016005452046e-16
8.984485613433971e-16
1.346149904651002e-15
1.437871403813742e-15
1.806021399506216e-15
1.861559506132548e-15
1.71754312352179e-15
1.715471616049305e-15
1.717203556095993e-15
1.755115489283412e-15
1.83005576643398e-15
1.798695507972454e-15
1.655568573227158e-15
1.917116473575399e-15
2.253015715657801e-15
2.117157414640652e-15
2.092582996567326e-15
2.375124081802569e-15
2.297790738756394e-15
2.358013020667451e-15
2.293718432512833e-15
2.328791173454081e-15
2.585191920734526e-15
2.656447770739901e-15
2.886259127509734e-15
3.116656583718631e-15
3.179861796737196e-15
3.23741520471829e-15
3.420909747020617e-15
3.322024210129335e-15
3.333588747934686e-15
3.364100659526312e-15
3.114256961944688e-15
2.976039218089744e-15
2.843268788656727e-15
2.775949653073323e-15
2.967755808248866e-15
3.063329370442452e-15
2.844637310709942e-15
2.755712986766696e-15
2.775400493444227e-15
2.617118149280477e-15
2.629650750503724e-15
2.486947036983905e-15
2.22113033658211e-15
2.190138976160164e-15
2.401932687797369e-15
2.395035049491745e-15
2.425576444583177e-15
2.378205503123087e-15
2.207473884098226e-15
1.990520870415253e-15
1.992599505915972e-15
2.070083973811338e-15
2.088834770621841e-15
2.054911652770104e-15
1.927345536979186e-15
1.768687186091712e-15
1.563398569850487e-15
1.957526689946015e-15
1.31423355970116e-15
2.296569717021174e-15
2.069054079765669e-15
3.828609673690367e-15
4.488407639978857e-15
3.520664781597646e-16
-5.83134923554625e-16
8.601905768595528e-16
1.353840744569144e-15
1.39044098765526e-15
1.746889598130034e-15
1.87281628177214e-15
1.651899521495301e-15
1.636018288063885e-15
1.681343911903006e-15
1.715233784879285e-15
1.823321499241174e-15
1.786543453324602e-15
1.657420177177306e-15
1.899582617466191e-15
2.258362104422265e-15
2.114279708762215e-15
2.118844322590525e-15
2.446221698967827e-15
2.32148998592267e-15
2.32459132482391e-15
2.267176766719607e-15
2.259510940932728e-15
2.587558711415756e-15
2.635751837396356e-15
2.899197967761722e-15
3.179010018349941e-15
3.11261880730223e-15
3.209809326426574e-15
3.469440518623071e-15
3.435025566374061e-15
3.411715452850561e-15
3.328870670276293e-15
3.200128603767606e-15
2.987120164495455e-15
2.811553002606829e-15
2.836359691608303e-15
3.072730971585048e-15
3.029831930644609e-15
2.868352274596017e-15
2.727755054526815e-15
2.744003932366891e-15
2.636473286377657e-15
2.577562695135077e-15
2.508836241852989e-15
2.268749848129357e-15
2.204830268641815e-15
2.455145859045339e-15
2.463833840037441e-15
2.410499986945462e-15
2.377775856562704e-15
2.216481741633903e-15
2.065974497309638e-15
2.107513146250289e-15
2.038512637773495e-15
2.086586293223429e-15
2.120000980367184e-15
1.997721864807028e-15
1.769272654771198e-15
1.651850375689816e-15
1.958358046945176e-15
1.328575668714284e-15
2.122644441237463e-15
2.007750007103901e-15
3.343519087076206e-15
3.779394250325684e-15
6.93377876867586e-16
-2.403700451667661e-16
9.117633872178811e-16
1.380863793150319e-15
1.393921129456581e-15
1.702145870498641e-15
1.868256875970395e-15
1.590892775893906e-15
1.586202090185459e-15
1.648295731264648e-15
1.599637931047644e-15
1.82233874371979e-15
1.790078042847738e-15
1.658368461642633e-15
1.893027474205282e-15
2.194944391193633e-15
2.094466998593311e-15
2.171919575302684e-15
2.480999440583135e-15
2.298649028997143e-15
2.287592011495621e-15
2.254927821120342e-15
2.204579705485805e-15
2.564413221942731e-15
2.616148397551002e-15
2.900531719998176e-15
3.184398010828075e-15
3.164632588500878e-15
3.232202455396335e-15
3.452866619170182e-15
3.531014628630424e-15
3.456331229963837e-15
3.283266746166737e-15
3.270182532070522e-15
2.995277589607284e-15
2.796914714267839e-15
2.88220734176973e-15
3.084394382741558e-15
2.996811621869231e-15
2.936912699691747e-15
2.741782626142094e-15
2.751780242799362e-15
2.584742987928843e-15
2.491308020506187e-15
2.493903253595238e-15
2.364694282675065e-15
2.327257031001237e-15
2.463145901429035e-15
2.462405558276954e-15
2.466470766164617e-15
2.345488601927308e-15
2.228697622586784e-15
2.14767118655692e-15
2.193852631639443e-15
2.052519478007908e-15
2.122085261446032e-15
2.193073646669733e-15
2.063120536085768e-15
1.755860317496361e-15
1.730962772825682e-15
1.930721910542342e-15
1.392830552517932e-15
1.99029492410757e-15
1.900254922059026e-15
2.8649688850282e-15
3.024517579910275e-15
1.067419124938786e-15
2.217485053654855e-16
1.039648187351652e-15
1.410854809176258e-15
1.415018479016623e-15
1.707170760435584e-15
1.841115922988403e-15
1.525910200867262e-15
1.600018918242087e-15
1.623728343377884e-15
1.51595551332659e-15
1.804353279286917e-15
1.770137222330968e-15
1.658620178773174e-15
1.83169652687028e-15
2.135072323244027e-15
2.102005546482464e-15
2.193898852436895e-15
2.408978191577967e-15
2.341134674240486e-15
2.271885135126228e-15
2.204981916315016e-15
2.169459133112958e-15
2.504622533232207e-15
2.593807653593371e-15
2.942456323370291e-15
3.17798040421606e-15
3.157844751854524e-15
3.286732086428175e-15
3.412621198857193e-15
3.585178771228792e-15
3.515381109288065e-15
3.280019422610478e-15
3.262555441642151e-15
3.002597490533036e-15
2.832587287172394e-15
2.868719553091766e-15
3.020957201021818e-15
2.987649956387182e-15
2.974092728491779e-15
2.788316781788331e-15
2.807620101140139e-15
2.532551827888693e-15
2.432032558552642e-15
2.486153203581777e-15
2.483546449983188e-15
2.39084277459134e-15
2.462095587165791e-15
2.414886066341071e-15
2.479579652324768e-15
2.389055757730902e-15
2.265790142682264e-15
2.187020966129935e-15
2.203466787957723e-15
2.119090337676074e-15
2.210992619385256e-15
2.213579197547841e-15
2.086627570385376e-15
1.746638807984206e-15
1.848884901079149e-15
1.927095191177564e-15
1.444287068287068e-15
1.862516547783983e-15
1.766612408434239e-15
2.407984763281722e-15
2.24953344053152e-15
1.446466647299027e-15
7.443586357799683e-16
1.205112015648756e-15
1.492499104670709e-15
1.4340515159154e-15
1.714139719013127e-15
1.826355647364915e-15
1.47521072272955e-15
1.615145892774732e-15
1.631305415413706e-15
1.490709895884033e-15
1.74901172901152e-15
1.704143242788923e-15
1.651174583262494e-15
1.775331104683275e-15
2.062473198207478e-15
2.081594978788697e-15
2.203812915676762e-15
2.358778477044691e-15
2.359224991413275e-15
2.29330167506174e-15
2.154514796453897e-15
2.139230780418846e-15
2.446531558571786e-15
2.561426546823923e-15
2.9103392470896e-15
3.139770413781346e-15
3.187069835834203e-15
3.28885527777526e-15
3.388070427310775e-15
3.659218236621668e-15
3.59196080555769e-15
3.26682791678976e-15
3.167763750099127e-15
2.996466579425993e-15
2.876415864922216e-15
2.876118831065611e-15
2.979434718612626e-15
2.994791635919225e-15
2.950601235151734e-15
2.796073348360456e-15
2.860401293049501e-15
2.503244865275964e-15
2.452114046245664e-15
2.507653210832651e-15
2.525215853557585e-15
2.420348180033845e-15
2.466134537935165e-15
2.318215278433849e-15
2.519597623730783e-15
2.468841053913538e-15
2.33728494935131e-15
2.217927471814418e-15
2.187554207796701e-15
2.194641165856204e-15
2.351450809998954e-15
2.217693299176525e-15
2.084141443232924e-15
1.717403238242122e-15
1.946922135494785e-15
1.892237931130699e-15
1.534731016118054e-15
1.747014871016347e-15
1.625914206543761e-15
1.955343343498128e-15
1.572147556229476e-15
1.843142207092112e-15
1.297279561907458e-15
1.383460598069123e-15
1.536961947165133e-15
1.436409785767201e-15
1.746972001970955e-15
1.839670500639945e-15
1.438077872788283e-15
1.640980580303973e-15
1.648238967427909e-15
1.411536073185357e-15
1.716388466603441e-15
1.66366210329889e-15
1.658485934914662e-15
1.752545884339182e-15
1.991428572287212e-15
2.092308411338219e-15
2.208685109449022e-15
2.293903221473431e-15
2.371555270998019e-15
2.284161769837596e-15
2.113330071391848e-15
2.094388127357878e-15
2.405444976166385e-15
2.52970439810412e-15
2.873892607873163e-15
3.104913185024654e-15
3.184877340582583e-15
3.299999268057204e-15
3.361181792692271e-15
3.71225245664806e-15
3.662909312435446e-15
3.25806383573367e-15
3.077719025556888e-15
2.978188841158625e-15
2.834479985037482e-15
2.869375730943951e-15
2.974057288512127e-15
2.978944109083842e-15
2.967414712542317e-15
2.817834795751856e-15
2.902589649091227e-15
2.559944309507617e-15
2.46318155257192e-15
2.485559805524809e-15
2.561363429631144e-15
2.390920510952422e-15
2.450765100052756e-15
2.30016968424555e-15
2.556063435717786e-15
2.50913149214755e-15
2.389145065361459e-15
2.276773424297209e-15
2.192688853402671e-15
2.240801292534592e-15
2.456219586183566e-15
2.190931879269065e-15
2.064542713677086e-15
1.72352440046667e-15
2.060192282528316e-15
1.835401070220524e-15
1.620337804610405e-15
1.604694972369883e-15
1.478409116459692e-15
1.534272972735397e-15
8.876765346748491e-16
2.285964049002408e-15
1.863302890907983e-15
1.554955841681775e-15
1.565170898603759e-15
1.447248269371861e-15
1.794664643214894e-15
1.809731126831366e-15
1.43098482886641e-15
1.66673224086439e-15
1.680794822755751e-15
1.37749377374248e-15
1.723720129383483e-15
1.677603092032379e-15
1.64881878868407e-15
1.727537177251402e-15
1.890439912977135e-15
2.088971257048223e-15
2.213232337251061e-15
2.243087094167086e-15
2.346379976509143e-15
2.278857445320365e-15
2.100927334209921e-15
2.052370801179685e-15
2.39013447428182e-15
2.501041874376365e-15
2.835460137554064e-15
3.089388416633264e-15
3.140065602365985e-15
3.301119474176561e-15
3.357236607047936e-15
3.739971210945543e-15
3.737824551285344e-15
3.217765866069785e-15
3.082251129830879e-15
2.953101847082516e-15
2.675522746427549e-15
2.853002065967112e-15
2.967538544359387e-15
2.971826602152788e-15
3.027901866194572e-15
2.859989534987246e-15
2.892103786306389e-15
2.597332134394033e-15
2.501888132043962e-15
2.436662480359642e-15
2.603417390063331e-15
2.378658511531565e-15
2.405015446226191e-15
2.288302888850798e-15
2.55877408769612e-15
2.534534062629743e-15
2.459819730358044e-15
2.319141404935512e-15
2.225741853831776e-15
2.263187194007366e-15
2.513216579366161e-15
2.159001421565408e-15
2.098553838141281e-15
1.732572228262696e-15
2.141829275021121e-15
1.803332517400563e-15
1.672838013817507e-15
1.477346472266873e-15
1.336221124928679e-15
1.137428422040577e-15
2.773570416820191e-16
2.664982138525792e-15
2.384823267845743e-15
1.733152202018957e-15
1.605905064540953e-15
1.444098080935878e-15
1.853778523992389e-15
1.816822876195232e-15
1.399922220330023e-15
1.774711065037555e-15
1.664235441612333e-15
1.359857804157098e-15
1.771196364070181e-15
1.723625710473233e-15
1.618879610701094e-15
1.725247194606963e-15
1.884559396921052e-15
1.987786181042513e-15
2.240315441257133e-15
2.29473168154108e-15
2.279987786397008e-15
2.200652401046793e-15
2.023238865252366e-15
2.079642783739162e-15
2.346077559771045e-15
2.4854237458193e-15
2.804023483584542e-15
3.101089273710833e-15
3.096622770339869e-15
3.258065756874618e-15
3.348631493558914e-15
3.821726982890658e-15
3.78217532085943e-15
3.204535473806514e-15
3.058921429268359e-15
2.9485165832509e-15
2.511240876810068e-15
2.814891072745071e-15
2.963612101741462e-15
2.961388376366751e-15
3.072506233119803e-15
2.924883499805947e-15
2.869902738057085e-15
2.567124947905533e-15
2.516113784877908e-15
2.43226298226323e-15
2.573952048260422e-15
2.41631044747959e-15
2.420046229872505e-15
2.258598625295099e-15
2.566903726029139e-15
2.614592532459757e-15
2.48437192322213e-15
2.300595496146723e-15
2.258404206005448e-15
2.30983087047952e-15
2.573322793224977e-15
2.135669563207416e-15
2.119191876334589e-15
1.774558544059618e-15
2.190545780525875e-15
1.702332003802167e-15
1.665517891282691e-15
1.404606841797113e-15
1.244740920865165e-15
7.346050721809065e-16
-1.947711151573942e-16
2.996602618927401e-15
2.810528016287346e-15
1.921389736204409e-15
1.614763908153633e-15
1.442941683493429e-15
1.95588453406611e-15
1.762679154908248e-15
1.402348473056705e-15
1.914734416479549e-15
1.662107429418782e-15
1.320911519278987e-15
1.816855847913608e-15
1.754194217274557e-15
1.594876689704992e-15
1.772558644888106e-15
1.884817576845317e-15
1.837022343270517e-15
2.268358292230024e-15
2.357425707137031e-15
2.235469783296591e-15
2.105288471622873e-15
1.970374655657049e-15
2.105692282725567e-15
2.322932861103707e-15
2.402961045533892e-15
2.844448298467316e-15
3.087660680688176e-15
3.098622884406107e-15
3.191751862488657e-15
3.316468790669397e-15
3.910126565889405e-15
3.894018542008415e-15
3.168680765000347e-15
3.016792491574132e-15
2.927607719804967e-15
2.347379505866921e-15
2.720007016963931e-15
3.021440192089056e-15
3.013119496560161e-15
3.074201913214648e-15
2.963503244980297e-15
2.893282437168412e-15
2.458096861003786e-15
2.461329156433775e-15
2.430669945273981e-15
2.573250448080377e-15
2.45018116091446e-15
2.490857721871092e-15
2.221687005895661e-15
2.608170349472463e-15
2.67343606125672e-15
2.433021459109144e-15
2.230667347746396e-15
2.33972280835385e-15
2.356389169887996e-15
2.60015748317468e-15
2.131554718158689e-15
2.158160114486035e-15
1.773368634159948e-15
2.300172235186191e-15
1.65284348581975e-15
1.650569126645262e-15
1.319798389958276e-15
1.103306443840021e-15
3.827125268068414e-16
-5.078500957875642e-16
3.286790607130269e-15
3.16352243147999e-15
2.066282694072445e-15
1.611154809475821e-15
1.399741443601951e-15
2.063507157607005e-15
1.753139826940164e-15
1.404114268119659e-15
2.057461507974334e-15
1.648840124079709e-15
1.254623832584928e-15
1.888390360048076e-15
1.767416925313364e-15
1.584741514112815e-15
1.810167496393131e-15
1.859710162275007e-15
1.753238163256757e-15
2.28474895372901e-15
2.407835309364651e-15
2.258775201462321e-15
1.990326853720917e-15
1.870519600827622e-15
2.154178279302171e-15
2.324539831150658e-15
2.274281346403468e-15
2.899947677604955e-15
3.107448304707395e-15
3.075278791175034e-15
3.121739735849257e-15
3.329932529871646e-15
4.001790612408547e-15
3.971333316994501e-15
3.161903860629266e-15
2.981248996200081e-15
2.888111756062305e-15
2.164977585521817e-15
2.586589169067292e-15
3.108481876099624e-15
3.100163666577183e-15
3.10276087757478e-15
2.956951194446243e-15
2.914210825149129e-15
2.39292661019542e-15
2.347889785732384e-15
2.471409874659637e-15
2.580735230486798e-15
2.461273224942654e-15
2.500201934027928e-15
2.235340999734076e-15
2.654660470357e-15
2.717112786799944e-15
2.396353938499955e-15
2.141635996742697e-15
2.404392633854447e-15
2.436122846487492e-15
2.62168332634452e-15
2.132472211488986e-15
2.174094309161166e-15
1.765650034787784e-15
2.412131890667661e-15
1.570521333945443e-15
1.65585267631945e-15
1.235734231458249e-15
9.630479162109338e-16
5.765125729227565e-17
-6.67515367940557e-16
3.559030480027916e-15
3.392685403334596e-15
2.232407503120871e-15
1.528247450125214e-15
1.310690337143326e-15
2.173234011326782e-15
1.746340335205599e-15
1.349337033763942e-15
2.242194232954314e-15
1.628374786111082e-15
1.223069655827061e-15
1.932858399777501e-15
1.793284424488966e-15
1.589028292075937e-15
1.844837265260104e-15
1.811603618505409e-15
1.656462113546865e-15
2.302905253527787e-15
2.487911448183266e-15
2.296207193483902e-15
1.911076583191259e-15
1.748854823918501e-15
2.192040665675232e-15
2.351107925430166e-15
2.189791919207623e-15
2.887343794795963e-15
3.196994161030532e-15
3.025702112231345e-15
3.028729375025698e-15
3.298835530938867e-15
4.141393913122668e-15
4.068033402032868e-15
3.114366111091653e-15
2.960725046751182e-15
2.844215003452617e-15
1.988381097220698e-15
2.530321053133711e-15
3.1146326167116e-15
3.215195257639301e-15
3.143980719923905e-15
2.957707336659485e-15
2.942088501010369e-15
2.328014183945886e-15
2.255973509940755e-15
2.424697039905409e-15
2.636031712624626e-15
2.482632947432799e-15
2.457115335189257e-15
2.246197791727379e-15
2.754084214763358e-15
2.741904203777599e-15
2.315234223475292e-15
2.093401634047737e-15
2.434524709684377e-15
2.512129556553009e-15
2.648513855150031e-15
2.154744295246824e-15
2.195470028248313e-15
1.779274008679968e-15
2.467051890677445e-15
1.486208802193023e-15
1.67600303748987e-15
1.1962071275818e-15
8.149031329379285e-16
-2.100665647443063e-16
-6.628091531639021e-16
3.774010057245719e-15
3.48993069078064e-15
2.380267499775214e-15
1.409243586070662e-15
1.195892164015227e-15
2.312673037568661e-15
1.718491977746555e-15
1.314182879523001e-15
2.375022026038976e-15
1.611281252292019e-15
1.168418144022347e-15
2.006827712568364e-15
1.83501446055991e-15
1.576502573136367e-15
1.896223811707973e-15
1.758954374174698e-15
1.570583239394842e-15
2.327665237604516e-15
2.578795069908472e-15
2.306082528457805e-15
1.851061191515465e-15
1.665269186032995e-15
2.198215143550671e-15
2.374891812729876e-15
2.124253350176778e-15
2.900277383275822e-15
3.264403167603124e-15
2.967483264195623e-15
2.946492104638213e-15
3.281390358389985e-15
4.271819119765017e-15
4.160959124918211e-15
3.058596703858118e-15
2.970297235783299e-15
2.781603739064438e-15
1.790340370129118e-15
2.51422664776571e-15
3.120261032082501e-15
3.294107474196364e-15
3.175271222931416e-15
2.978121368137886e-15
2.988371853109898e-15
2.264562144977827e-15
2.182141173845083e-15
2.390242787765576e-15
2.695173411816934e-15
2.47089684205325e-15
2.4335053910745e-15
2.261159882118894e-15
2.840259528796064e-15
2.751868222167659e-15
2.251298445030655e-15
2.069519171884327e-15
2.415592747309029e-15
2.578309706583458e-15
2.68569982671736e-15
2.187424197827481e-15
2.152393408898425e-15
1.772355887560285e-15
2.567489597594419e-15
1.427917679897648e-15
1.667130127284079e-15
1.177079353518974e-15
6.435004461231124e-16
-3.672098668671369e-16
-6.05013836027077e-16
3.897053838623015e-15
3.552450160316533e-15
2.441625085618253e-15
1.317896640714395e-15
1.112008310209975e-15
2.432647425898221e-15
1.710924579413949e-15
1.252821332001834e-15
2.48328432508722e-15
1.579431294748819e-15
1.140993985008624e-15
2.055338544112003e-15
1.846292341397879e-15
1.570874479859519e-15
1.926660672099318e-15
1.721818492822806e-15
1.515454044601685e-15
2.369823988941497e-15
2.631381658805289e-15
2.305321125902881e-15
1.808102873051068e-15
1.598743915412447e-15
2.217765969788783e-15
2.398689646247049e-15
2.057856647605293e-15
2.909590295733146e-15
3.332205285386663e-15
2.917272243670843e-15
2.841257877939701e-15
3.303499927945705e-15
4.398912674982133e-15
4.23247820945036e-15
3.010893206014085e-15
2.974217367490934e-15
2.734666830330158e-15
1.649847771138224e-15
2.491125647580212e-15
3.125910932488875e-15
3.353510421474719e-15
3.212184688505964e-15
3.000192590924309e-15
3.02620985642009e-15
2.215434334782103e-15
2.106775085091532e-15
2.406302292969584e-15
2.714838239302083e-15
2.46506622747518e-15
2.43295460219991e-15
2.247423325615859e-15
2.928308370821625e-15
2.754789303216553e-15
2.168197530646902e-15
2.048298523609428e-15
2.404985430207172e-15
2.625032456014851e-15
2.743932248271251e-15
2.206243302027707e-15
2.116959561692448e-15
1.758229606369285e-15
2.620619607991137e-15
1.365171634216106e-15
1.699800433063845e-15
1.164818839319994e-15
5.383980972030226e-16
-4.690004069818232e-16
-5.746600080471975e-16
3.951622570197543e-15
3.589380229058447e-15
2.461118819078342e-15
1.259692066827681e-15
1.062715440194194e-15
2.504746459391502e-15
1.699015281068322e-15
1.228631091760643e-15
2.563233925988836e-15
1.545860248775155e-15
1.128385173549416e-15
2.092078487809249e-15
1.866468056763545e-15
1.553478455129001e-15
1.9323107995301e-15
1.693125925319519e-15
1.487261963968975e-15
2.407511864889587e-15
2.662726643311816e-15
2.307072469497509e-15
1.768169521671287e-15
1.549799312955058e-15
2.243297260083261e-15
2.417140907590444e-15
2.025546301995937e-15
2.914157715445725e-15
3.367544629464595e-15
2.909611983214991e-15
2.757389355195735e-15
3.309741503900069e-15
4.490511392973592e-15
4.280342857066564e-15
3.002826729353264e-15
2.963545728108543e-15
2.67501975748492e-15
1.565451466561225e-15
2.488188851631472e-15
3.147967344557658e-15
3.385277813168059e-15
3.230547491009395e-15
3.012097186609424e-15
3.024734926428136e-15
2.184470651686907e-15
2.064787469139183e-15
2.425741204400546e-15
2.73540911722833e-15
2.452276122536357e-15
2.425683113306389e-15
2.242909280466785e-15
2.972526975429102e-15
2.740181557276247e-15
2.13632044312023e-15
2.040596501667685e-15
2.404775220857237e-15
2.657976378343356e-15
2.749610315251272e-15
2.20071606648454e-15
2.122359711677662e-15
1.780360418465293e-15
2.647281506176023e-15
1.314737180445386e-15
1.70657162710647e-15
1.14413681943515e-15
5.016256323509758e-16
-4.980907800332119e-16
-5.610381506089333e-16
3.967101934567389e-15
3.624044232396254e-15
2.46513587347431e-15
1.231212860790877e-15
1.048769243779994e-15
2.546526766643256e-15
1.668892312370485e-15
1.207685766480993e-15
2.619941623513718e-15
1.533998324266599e-15
1.130343472716275e-15
2.088501001296101e-15
1.874176416617612e-15
1.539514084019517e-15
1.931272688464961e-15
1.695414460863633e-15
1.463777468093602e-15
2.431896479836564e-15
2.699528474389457e-15
2.292528535917209e-15
1.744231732722364e-15
1.537921592867049e-15
2.245986141422804e-15
2.423096379016739e-15
2.018747456034935e-15
2.910563430550599e-15
3.402604404289658e-15
2.902612629874276e-15
2.684002781019162e-15
3.333920556929067e-15
4.543686732746807e-15
4.283653573720895e-15
2.997298732005385e-15
2.966634850560865e-15
2.645199838520691e-15
1.507146318885184e-15
2.484260303276198e-15
3.156067963610478e-15
3.416819269476352e-15
3.249442698147315e-15
3.027214481367614e-15
3.019061097855179e-15
2.16425740208616e-15
2.045754583735799e-15
2.436870953725019e-15
2.751080331993982e-15
2.449187821367664e-15
2.411916712931711e-15
2.247370090986916e-15
3.004606067493591e-15
2.725203206493594e-15
2.109839209714039e-15
2.031382136440223e-15
2.405328065052286e-15
2.673802256694576e-15
2.769964782464512e-15
2.206332580671288e-15
2.096010068334145e-15
1.790885004713231e-15
2.658486089201251e-15
1.288258692832475e-15
1.718176581235132e-15
1.136521193989877e-15
4.866081475966249e-16
-5.174837818688858e-16
-5.344136468700791e-16
3.947814738834476e-15
3.679081887959325e-15
2.466055620304825e-15
1.223177976933276e-15
1.012060587212302e-15
2.588542852041251e-15
1.646868741083107e-15
1.185378706099093e-15
2.681423128306521e-15
1.490862658704109e-15
1.157005179155194e-15
2.095187869537455e-15
1.869711750711374e-15
1.533797558623343e-15
1.933376852658645e-15
1.717826521467475e-15
1.430814306918461e-15
2.445067840066939e-15
2.711469391801916e-15
2.264332726580079e-15
1.727120670092283e-15
1.553142582953065e-15
2.268884634671595e-15
2.414760885322395e-15
2.005956456894764e-15
2.880045669598271e-15
3.442143683059939e-15
2.912784766862011e-15
2.635067293604985e-15
3.364109603355006e-15
4.586632466482732e-15
4.276659232564259e-15
2.973213814705898e-15
2.959306871853084e-15
2.637817833169496e-15
1.447814060742907e-15
2.50409587335804e-15
3.145800696203351e-15
3.436608439585362e-15
3.262779722760281e-15
3.058619504459047e-15
3.031421110441707e-15
2.107267784877307e-15
2.030648077472619e-15
2.441497943024953e-15
2.767685432948617e-15
2.481767817041021e-15
2.377222364351716e-15
2.240004215674969e-15
3.052392004290901e-15
2.705754935068741e-15
2.089898001387602e-15
2.006762643869719e-15
2.423007037380667e-15
2.680349167410859e-15
2.791696423693936e-15
2.212843781954147e-15
2.048323503338849e-15
1.835991494806035e-15
2.651433064501796e-15
1.246106710894887e-15
1.755283458087743e-15
1.128682994432691e-15
4.634650871385481e-16
-5.257637346078138e-16
-5.381590746331832e-16
3.935059893795375e-15
3.710837886831994e-15
2.488785269241881e-15
1.190757625237286e-15
9.878328923493707e-16
2.628864035137949e-15
1.610352369857128e-15
1.176346372911703e-15
2.7313915154379e-15
1.475611383955402e-15
1.157370145449804e-15
2.107229917213219e-15
1.869159474393725e-15
1.52131614188164e-15
1.936001645063792e-15
1.707378943559724e-15
1.420841718057151e-15
2.464476568168205e-15
2.723375928643755e-15
2.272061602818319e-15
1.703350960882883e-15
1.537041077651713e-15
2.272729766259897e-15
2.419242791213037e-15
2.006033826977665e-15
2.857186141959974e-15
3.448899946874976e-15
2.915840182356436e-15
2.60381952115332e-15
3.38820310179695e-15
4.655052072470102e-15
4.282037006449411e-15
2.935138913589851e-15
2.962450515873239e-15
2.612123337284858e-15
1.419675978494856e-15
2.502927748158253e-15
3.154138757622781e-15
3.474414036405489e-15
3.262298396218991e-15
3.053909761516888e-15
3.044959260692878e-15
2.08823042617188e-15
2.00629966638332e-15
2.465108385795894e-15
2.781504146848623e-15
2.466968343767026e-15
2.359026671927218e-15
2.239235628093197e-15
3.067117931615304e-15
2.716864727018946e-15
2.076110389842849e-15
1.987019001669789e-15
2.419889505656477e-15
2.700573076767631e-15
2.806157050997969e-15
2.222339794348032e-15
2.02468764654464e-15
1.843150247326688e-15
2.662570443683784e-15
1.223033014401232e-15
1.772021615139411e-15
1.127781514703557e-15
4.454626328468111e-16
-5.098877294380791e-16
-5.190756376598701e-16
3.933401300792136e-15
3.713048728864186e-15
2.524540873370289e-15
1.129460476072407e-15
9.15977669644655e-16
2.707603154363659e-15
1.605411444254586e-15
1.096175491476976e-15
2.765956936624076e-15
1.52482420630105e-15
1.126145751598902e-15
2.07379523233528e-15
1.912666546817985e-15
1.512737297747902e-15
1.934607878261473e-15
1.703994766030072e-15
1.376628657186641e-15
2.440954962411728e-15
2.786112945951943e-15
2.338502782363707e-15
1.694766680403102e-15
1.52312313266571e-15
2.261442687865893e-15
2.393969434254394e-15
2.008507278605165e-15
2.835237448056669e-15
3.437339205844913e-15
2.937699946585328e-15
2.578123780826711e-15
3.371714959558997e-15
4.703639604736167e-15
4.320797284457037e-15
2.931231340907803e-15
2.990340795091965e-15
2.564996113394749e-15
1.410422812426633e-15
2.5156126499067e-15
3.169721109102694e-15
3.509353917706707e-15
3.262332989685042e-15
3.0169891327852e-15
3.05429282126718e-15
2.120073964794161e-15
1.984825770252938e-15
2.447908535651149e-15
2.815544137425889e-15
2.488987314421478e-15
2.33821986199771e-15
2.239356152861354e-15
2.989719076690706e-15
2.706904099115107e-15
2.12821574562148e-15
1.984162492673986e-15
2.406891160461666e-15
2.684219798972654e-15
2.780828073572033e-15
2.258295865804912e-15
2.077626026549308e-15
1.781701927432437e-15
2.64515089655919e-15
1.226834200344243e-15
1.764214592335059e-15
1.17601072065955e-15
4.448598817913161e-16
-5.094748128286457e-16
)
;

boundaryField
{
    inlet
    {
        type            cyclic;
    }
    outlet
    {
        type            cyclic;
    }
    bottomWall
    {
        type            zeroGradient;
    }
    topWall
    {
        type            zeroGradient;
    }
    left
    {
        type            cyclic;
    }
    right
    {
        type            cyclic;
    }
}


// ************************************************************************* //
