/*--------------------------------*- C++ -*----------------------------------*\
| =========                 |                                                 |
| \\      /  F ield         | OpenFOAM: The Open Source CFD Toolbox           |
|  \\    /   O peration     | Version:  v1812                                 |
|   \\  /    A nd           | Web:      www.OpenFOAM.com                      |
|    \\/     M anipulation  |                                                 |
\*---------------------------------------------------------------------------*/
FoamFile
{
    version     2.0;
    format      ascii;
    class       volScalarField;
    location    "0";
    object      nut;
}
// * * * * * * * * * * * * * * * * * * * * * * * * * * * * * * * * * * * * * //

dimensions      [0 2 -1 0 0 0 0];


internalField   nonuniform List<scalar> 
3770
(
2.57698648123617e-06
5.315876646551997e-07
7.581898838068601e-07
9.386581435280391e-07
1.78789195141852e-06
9.471697688649927e-06
3.800705514483749e-06
1.348250090363837e-05
5.212017319247169e-07
1.607032933287124e-06
6.574488082332169e-07
9.912264555984157e-07
3.222007546068546e-06
2.014035652086769e-06
2.910172083355281e-07
2.84585330362608e-06
8.785586629585296e-06
3.937675322843063e-07
2.973111000258709e-07
2.690947127190973e-07
1.139042982713915e-06
5.327461978108958e-07
7.903578009944656e-07
6.589290075200029e-07
1.967350785031212e-06
5.123578470769879e-07
2.384286045287181e-06
7.44857708022635e-06
4.467422235939582e-06
4.043651277305029e-07
7.03861502096933e-06
1.464672325405251e-05
2.933176995555918e-07
2.484462572309828e-06
1.723795032153939e-06
3.674895094949539e-06
2.528533744484553e-06
2.68632654400851e-07
1.216359689099535e-06
3.38199164365965e-07
2.752000756470118e-07
1.768967160709269e-07
7.623300464408558e-08
4.790274022253367e-07
1.018251400303577e-06
3.232117677209638e-06
2.801810271317056e-06
3.965707112156358e-06
4.307399603456257e-06
1.457649248758002e-06
1.983483056909445e-05
9.482325064166687e-07
4.186933800488472e-06
1.981332512284803e-06
7.723874430212683e-07
4.778366476512431e-06
6.172086955016398e-07
1.031133726205431e-06
2.710306845670534e-06
5.766809913651383e-07
7.905470591638101e-07
9.935273611172003e-07
1.831060840751123e-06
1.115834130341451e-05
3.749498566549205e-06
1.308197738721221e-05
5.948793456244538e-07
1.810079188029918e-06
6.96132331031759e-07
1.000448343313608e-06
3.756947428020731e-06
2.135493331428893e-06
2.816536874440528e-07
2.852780379029687e-06
1.029905585427281e-05
4.158272254365295e-07
3.217990558014953e-07
3.029695412412425e-07
1.181550149199505e-06
5.640329454500965e-07
8.275052614963846e-07
7.101484308140123e-07
1.905321341009217e-06
5.184905782540838e-07
2.394546334182395e-06
8.840636162254961e-06
5.362262605495146e-06
4.569427867379784e-07
8.449333918585529e-06
1.659389390190374e-05
2.824920393991734e-07
2.678818538781347e-06
1.822962446324005e-06
4.374685919629531e-06
2.898288410202037e-06
2.609967003013795e-07
1.240948974157827e-06
4.162900000826473e-07
2.844944671774201e-07
1.905124513306861e-07
9.073126025210836e-08
4.743008176136951e-07
9.858610954483127e-07
3.166346499293009e-06
3.247656306711693e-06
3.905811575985888e-06
4.189918383655565e-06
1.402448018092072e-06
2.227423686382674e-05
9.956392215597297e-07
4.84575623477804e-06
2.225451135173915e-06
7.800637695525134e-07
4.677465008156382e-06
6.169145897759379e-07
1.167744961861733e-06
2.015451942034969e-05
1.001225115339119e-05
3.14628356814511e-06
4.02731137292898e-06
7.545950089903965e-06
2.369227730795224e-05
7.893202415448274e-06
1.566239907059853e-05
8.067027641065441e-06
6.87325931574746e-06
8.345924251878437e-06
1.259145998724308e-05
1.325303001798531e-05
6.247116975492944e-06
5.698837025749839e-06
7.187397440973855e-06
2.536590242171088e-05
3.002833235348617e-06
2.421066283754599e-06
1.689115046683735e-06
8.291058883133906e-06
2.067834744423461e-06
7.247268374661615e-06
3.767872740200947e-06
3.125929457153434e-06
1.751298755566235e-05
9.804172697523064e-06
2.901672169596011e-05
2.115295985219344e-05
6.698931028574624e-06
2.179480925812013e-05
7.820780720668006e-05
3.333506304203113e-06
1.138936717151601e-05
5.718233703181969e-06
1.504575041037249e-05
6.625839513371109e-06
3.058380795163674e-06
6.478780066250522e-06
1.955682884288301e-06
9.939987660380035e-07
1.34398700108627e-06
2.03211419864913e-06
1.455782212125921e-06
3.342431547336902e-06
2.932321844643343e-06
7.33304784837825e-06
8.452621949430257e-06
1.058132144679439e-05
1.479780141858881e-05
5.544932342803833e-05
1.919299739498561e-05
1.210711610644094e-05
4.456763236120681e-06
3.843703173704236e-06
1.748097928175977e-06
5.742442561010726e-06
1.367700462096778e-05
2.347611414755164e-05
1.179044994357538e-05
3.177208162544432e-06
4.395068961519822e-06
8.301363046420874e-06
2.541458930545621e-05
7.85603722023897e-06
1.609135364577831e-05
8.92267741127874e-06
7.597655973721668e-06
8.99125240902135e-06
1.441350918343749e-05
1.437880929138213e-05
7.063886167247395e-06
5.915326034714925e-06
8.215478609752965e-06
2.71044952643638e-05
3.280968062123658e-06
2.591428520255992e-06
1.73217216239457e-06
8.242292958022241e-06
2.159209659291092e-06
7.92657300746291e-06
4.171901411017107e-06
2.817913502202165e-06
1.879336200328226e-05
1.019199694543524e-05
2.972981314446783e-05
2.382181773876082e-05
7.898718037075574e-06
2.270134502881492e-05
8.05720675345944e-05
3.440640499127524e-06
1.244748157160607e-05
5.913744008259488e-06
1.599278966326468e-05
6.856737566382197e-06
3.40804929285767e-06
7.937519249609322e-06
2.170481949742378e-06
1.069720311196696e-06
1.532334136040975e-06
2.517087050719935e-06
1.759087711570781e-06
3.456581707792313e-06
3.044664983797708e-06
7.545276487805375e-06
7.971172983914748e-06
1.101847844999317e-05
1.682688097221358e-05
5.605801759444716e-05
2.208622875064346e-05
1.360734646811567e-05
5.020642265844893e-06
4.200990956088495e-06
1.868497587049247e-06
6.352964048344087e-06
1.505913138021147e-05
5.317366995038568e-05
3.996835891173961e-05
2.707052531311168e-06
7.440607067583218e-06
1.423597187394058e-05
3.96484744859292e-05
2.86213564561071e-05
2.417767620629693e-05
1.974493646568487e-05
5.187914023620055e-05
5.977076253962133e-06
2.206672036852982e-05
1.722168263704121e-05
3.822094903371771e-05
7.715724136103682e-06
2.15340642842195e-05
3.028338217206362e-05
1.068917127596392e-05
4.491575192471517e-06
1.730117988209985e-06
3.149564177875627e-06
5.300990017819936e-06
1.628720457880418e-05
9.828069279445475e-06
2.198557886620311e-05
2.659476015955202e-05
2.162408320942996e-05
2.341665950676457e-05
5.71770237452345e-05
1.707807129393388e-05
1.980800841833136e-05
7.720259289513885e-05
3.857361384073773e-05
2.030851349179427e-05
1.690961897884279e-05
1.984514119753805e-05
1.119755614951353e-05
2.323066491234805e-05
2.628366849661402e-05
4.445301083239891e-06
9.056222487594057e-06
7.003611224878485e-06
1.105378972939811e-05
2.215748510938288e-05
9.736956454939026e-06
7.96804093854938e-06
8.438251921866212e-06
3.870110358635009e-06
1.05584330388016e-05
3.29718486406383e-05
2.741058054656478e-05
4.605399365750724e-05
2.971752765002587e-05
1.269887290321324e-05
1.010943461680618e-05
1.95915741527696e-05
2.131710848083735e-05
2.17031327579149e-05
5.633121287427511e-05
4.253178214470029e-05
2.838983645978072e-06
7.736168933021372e-06
1.550517969844676e-05
3.699862217843024e-05
3.025334181114297e-05
2.450939730916566e-05
2.126822166582426e-05
5.767823008293735e-05
6.37439131746519e-06
2.302451060847267e-05
1.706494825891574e-05
4.091781753504495e-05
8.584421692262007e-06
2.259994170829187e-05
2.864612286155974e-05
1.139142781237003e-05
5.090633744859918e-06
1.776448765275921e-06
3.063939762919764e-06
5.337462950667567e-06
1.662945263015329e-05
1.073091717784353e-05
2.130553128981569e-05
2.862385759102076e-05
2.272233591875799e-05
2.193571836515807e-05
5.912817490193907e-05
1.86769468497088e-05
1.822099178156485e-05
7.738868114940082e-05
4.286418441607393e-05
2.03750301160732e-05
1.75461423800431e-05
1.976941521274841e-05
1.089642343743651e-05
2.500388309864315e-05
2.973575568328519e-05
4.667882090832453e-06
9.536437752052207e-06
7.266464987745983e-06
1.186261376203915e-05
2.502694547388214e-05
1.033821739754673e-05
8.2727537292643e-06
7.956073305211705e-06
3.950708243054096e-06
1.108382021227101e-05
3.471800897717367e-05
2.412547206829759e-05
4.929618421991769e-05
3.096592704275421e-05
1.3366263914223e-05
1.041332209811996e-05
1.9773307476269e-05
2.230238931499501e-05
2.357112640828319e-05
5.71204182674629e-05
4.102986400020406e-05
3.064534726401573e-06
7.612227086002174e-06
1.408987283140693e-05
3.662341661611004e-05
3.26995705595512e-05
2.415345935573519e-05
2.242472594716038e-05
6.113747783158204e-05
6.646027904040886e-06
2.217185493564082e-05
1.657378701347083e-05
4.590117917911249e-05
1.028762854295674e-05
2.312414690642229e-05
2.686695085030563e-05
1.169821041685438e-05
6.150134874502626e-06
1.831690408372295e-06
3.007712549762763e-06
5.233417991332647e-06
1.65259604070494e-05
1.178950194206213e-05
2.359644663867904e-05
2.763963124575734e-05
2.379864040082047e-05
2.047926076348914e-05
6.612924926978072e-05
1.714255487320941e-05
1.669399439699828e-05
7.797131524153137e-05
5.2233019267344e-05
2.119949950080868e-05
1.747084500108918e-05
1.973091145443758e-05
1.082059893305483e-05
2.449348017948881e-05
3.203522742303181e-05
4.442211780812182e-06
1.028910148814719e-05
7.354696967396132e-06
1.160924705768993e-05
2.269514165221848e-05
1.000634923263562e-05
8.397639603437031e-06
7.618120180836465e-06
4.37229916865713e-06
1.243102457023083e-05
3.307124654300933e-05
2.195392930956587e-05
5.001844370004308e-05
3.330813502617413e-05
1.251094249532261e-05
1.106937065258168e-05
2.02653543131366e-05
2.209253996394097e-05
2.42558843703266e-05
5.528900776414734e-05
1.979094167848147e-05
2.345059489296016e-05
6.502419706364853e-06
1.014931940763014e-05
2.062154421620672e-05
7.173574895402585e-05
1.839946002456192e-05
3.071289599520009e-05
0.0001255799512797586
1.45063906104474e-05
1.387476267808323e-05
2.563850314443922e-05
7.403501191165175e-05
2.14525844818306e-05
1.771909860707716e-05
1.400659849688892e-05
2.665390882809824e-05
8.925306358141285e-06
2.812114405356776e-06
3.617763027260251e-06
4.649857267045721e-06
1.455331269563305e-05
1.329434384484259e-05
4.264746749137546e-05
2.424124029488619e-05
2.085186380753518e-05
1.088268252990859e-05
5.410456036640051e-05
8.014589047027391e-06
1.441686403202361e-05
7.212163512968978e-05
8.252714336393771e-05
2.32370040962729e-05
3.667839212925007e-05
1.923377731741538e-05
2.765198162559563e-05
2.174383728327804e-05
4.787822553288307e-05
6.401666364535403e-06
2.927831184966516e-05
1.087420719163491e-05
7.701575353786113e-06
7.982020031777478e-06
5.171706703279652e-06
7.783880975478547e-06
1.408956428021811e-05
7.115292034325426e-06
1.225983142213404e-05
1.69401420171315e-05
1.766639734804072e-05
0.0001256015032332414
2.995675419529788e-05
1.635441134584999e-05
1.482667200845351e-05
1.268963270104697e-05
5.512502264216693e-05
3.151159118277314e-05
5.092971255909888e-05
1.834896319680215e-05
2.624362933940934e-05
6.412001025073666e-06
8.868536451629595e-06
1.99135855294116e-05
7.700906020601736e-05
1.80023502206277e-05
3.087863022027032e-05
0.0001161878541459962
1.468244521047184e-05
1.196900398287175e-05
2.503209148519439e-05
7.093577064243336e-05
2.100083454776251e-05
1.80454321143922e-05
1.261336418876928e-05
2.592553856301691e-05
8.889676813009817e-06
3.388961684869639e-06
4.203117528410636e-06
4.893713325172241e-06
1.377302634491204e-05
1.289789305745362e-05
4.818013446162948e-05
2.40805607042449e-05
2.028217000225527e-05
1.036080230506485e-05
5.113389324119843e-05
7.176013020548764e-06
1.479366525028138e-05
7.569530233351697e-05
7.793560084350504e-05
2.474272769763154e-05
3.597492887838619e-05
1.933819039833487e-05
2.857554748987441e-05
2.078564809541665e-05
4.71291674724993e-05
7.026112906574076e-06
3.277020935687706e-05
1.101900880897828e-05
7.336731902010422e-06
8.122011515007763e-06
5.491206444706923e-06
7.628738085316507e-06
1.466448423526383e-05
6.861159832645322e-06
1.297387078303504e-05
1.577079722067191e-05
1.722264188958037e-05
0.0001276120861434932
2.894744155553697e-05
1.783980204514483e-05
1.554475128758535e-05
1.27884246360213e-05
5.237870491462243e-05
3.004939838811607e-05
2.494898372194599e-05
1.36370093602966e-05
4.332176513926628e-05
7.059744433230309e-06
2.976044138492437e-06
2.012850197961745e-05
8.269125517068029e-05
2.124788281181209e-05
2.789641638322581e-05
0.0001134106874015201
2.341956965670454e-05
4.442957718336383e-06
1.081045445442407e-05
3.357278785550112e-05
2.044002106395359e-05
2.806579939875189e-05
8.175631615151581e-06
1.602118452448662e-05
7.591901553976594e-06
1.316568140905335e-05
7.74415409250611e-06
5.966055183760938e-06
1.279020957121984e-05
2.166932077160037e-05
6.210638293075334e-05
2.452353308782761e-05
1.280218585035798e-05
2.075155175069709e-05
3.331444410988048e-05
6.021818911112118e-06
1.605905837302798e-05
0.0001104086826792896
4.401376121888299e-05
2.940780195205359e-05
2.199424880263119e-05
3.28589481299639e-05
5.266446977458831e-05
1.300594269097095e-05
3.009131508279349e-05
1.477939782867359e-05
5.89613208877565e-05
9.176097549623417e-06
1.173406079651937e-05
7.648714675394648e-06
9.533198806329596e-06
9.2328458358172e-06
1.156122752361651e-05
6.74799996658987e-06
2.615631922682651e-05
1.714494428336351e-05
1.413436335360783e-05
0.0001253152979929387
2.60878361858697e-05
2.587340773893814e-05
3.924446460508805e-05
9.951315735402894e-06
1.723778076387957e-05
9.4193472605723e-05
2.588935360216707e-05
1.780021355970437e-05
3.915999702059292e-05
6.36554920058766e-06
3.795331121613399e-06
6.279990348544208e-05
5.933935134857984e-05
3.410011267559694e-05
3.188813166866867e-05
5.103613167306097e-05
3.518750861523564e-05
3.437665318694177e-05
1.633206521549136e-05
1.616837071943053e-05
7.150767884604369e-06
3.789384798124762e-05
9.389438869337096e-06
2.1966474767052e-05
4.910223706879124e-06
2.935399315606228e-05
6.21621785498142e-06
8.859258637010007e-06
4.399143746253866e-06
1.966184062188136e-05
4.325848980885881e-05
3.358060561168642e-05
9.762824383899967e-06
1.977023075885945e-05
1.117663926041654e-05
9.145073652295429e-06
1.600167091081963e-05
0.0001190961666886777
3.090090794991071e-05
4.185144907131691e-05
2.473509830715661e-05
3.948155155040018e-05
8.572534022024215e-05
1.151431120704809e-05
1.695735219984913e-05
1.569966845588831e-05
7.607993317737909e-05
1.361404373114391e-05
2.318542725491368e-05
1.338010639211646e-05
8.67785049982173e-06
1.487815898097629e-05
1.78543904415975e-05
1.107391683984169e-05
1.634453961667429e-05
2.246516904072419e-05
1.644890634519701e-05
0.0001196909355693522
2.397822636422904e-05
2.800057521853998e-05
9.565740083457511e-05
2.1904011489506e-05
1.62984926858713e-05
5.206115090123033e-05
2.743930919259229e-05
1.862349161742262e-05
3.650912815227158e-05
6.133634525500653e-06
3.811594832771836e-06
7.095237751791466e-05
5.436736574394773e-05
3.506347611136252e-05
3.482971772390974e-05
5.415476364934223e-05
3.805610898569019e-05
3.909545684497686e-05
1.658511766989107e-05
1.551895907289501e-05
7.330201516051548e-06
4.024625590666922e-05
9.839235692686861e-06
2.219219214155126e-05
4.554145713582854e-06
3.347603442940628e-05
5.586427783347247e-06
8.514508774525373e-06
4.334721030469068e-06
1.944505854059557e-05
3.742848946820019e-05
3.269952424373605e-05
9.861412382985052e-06
2.021052378398745e-05
9.376078473377601e-06
9.1811244210356e-06
1.547878739149745e-05
0.0001162857516252362
3.134213883124082e-05
3.994907495628684e-05
2.449708928799852e-05
3.926870025578583e-05
9.114423451394161e-05
1.147159815050344e-05
1.544048767198774e-05
1.528011456591309e-05
7.737668368015868e-05
1.330965599740599e-05
2.729586363909034e-05
1.351970768742443e-05
8.649582571145877e-06
1.489121318871466e-05
1.754218300351597e-05
1.302760217603189e-05
1.547067988220989e-05
2.26327222191242e-05
1.643933238683344e-05
0.0001141383329095224
2.418041413360246e-05
3.028333011699741e-05
0.0001060150073112719
2.166894443655976e-05
1.727218258428074e-05
5.433260499048969e-05
3.548927540845694e-05
2.416852872357513e-05
2.268970319395183e-05
6.421195148610032e-06
2.413101344832363e-06
7.824281621822155e-05
2.659192392380566e-05
4.08269334542929e-05
4.943251054756927e-05
5.42420143845839e-05
3.353974829396116e-05
7.179004141207818e-05
1.605561808705124e-05
1.621949866109745e-05
3.777513047205025e-06
4.884837787377324e-05
1.072634026287952e-05
1.295411084061535e-05
3.025057640695418e-06
5.360591818275957e-05
3.944413637337704e-06
1.201715111140189e-05
4.420896848980987e-06
1.042862983042948e-05
2.068046614738275e-05
1.641174834460163e-05
7.197218156934454e-06
2.483735374764413e-05
1.212069548109173e-05
3.134998515387346e-05
1.46052619895713e-05
9.851062164922039e-05
1.899366899039437e-05
2.256083139761254e-05
2.496733851686167e-05
2.23270178161922e-05
9.419354054567019e-05
1.338798086015618e-05
1.485348283377631e-05
1.132236676919891e-05
6.01144874127585e-05
9.024046575573446e-06
3.235169169158439e-05
1.121296384205554e-05
1.013537706175686e-05
1.02625539049587e-05
3.989317993338093e-05
2.653935337060762e-05
1.090134485735575e-05
2.237824289785645e-05
3.280326776708157e-05
5.339242780845966e-05
2.69482915913051e-05
3.852243729518177e-05
0.000106814049930467
2.407587305538189e-05
2.24732120189711e-05
2.535872705505572e-05
1.752078446905576e-05
1.562936751711403e-05
2.39770322964427e-05
1.332168813909157e-05
4.55831788978453e-06
2.859890078829873e-05
1.716993700187249e-05
2.380754843999088e-05
4.155029152842124e-05
5.351322561307952e-05
1.959213557647693e-05
7.734012382821407e-05
1.228833430993157e-05
1.559092163754929e-05
3.149869890260912e-06
4.473841430976845e-05
1.734848716025127e-05
1.062046014863918e-05
5.488096399070152e-06
6.460222747570472e-05
5.523332685744678e-06
1.820089632638454e-05
4.885126867793126e-06
8.228329263886806e-06
5.484091372048997e-05
1.572907735375838e-05
1.563288818304221e-05
2.638474045508165e-05
2.485791441498287e-05
3.319739073999944e-05
1.479500882358477e-05
0.0001036022068722617
2.258122747176448e-05
3.423517454902304e-05
2.523193019573782e-05
2.83058331269044e-05
5.240518318443654e-05
9.149554210691364e-06
1.503198514063324e-05
1.964592358356437e-05
3.982912182665734e-05
7.555172386540851e-06
2.395919748631071e-05
1.874658267591155e-05
9.469175913781353e-06
7.824128916528104e-06
2.584236621957307e-05
3.330631267821302e-05
1.231655801679911e-05
1.176036535934436e-05
1.672753055129228e-05
2.279404228512191e-05
2.87329892630347e-05
5.032037689197504e-05
3.812533058023161e-05
5.468044260502067e-06
2.083227201073125e-05
1.997718888079786e-05
1.670757002630873e-05
1.506289145300274e-05
2.129460995957903e-05
1.777758092701139e-05
9.256076869684916e-06
8.458037468089892e-06
1.773933066413651e-05
1.362779838944824e-05
5.603694376875304e-05
3.730325527994508e-05
2.660653309674531e-05
9.286567799369401e-05
1.157287211123248e-05
1.052847673515309e-05
6.348259089834162e-06
3.907719927140135e-05
4.272856572797059e-05
3.153188447218085e-06
4.561791168776011e-06
5.083853957944213e-05
7.016591856200732e-06
2.229602243617843e-05
7.228112127016655e-06
8.337098931701872e-06
0.0001383341487785701
1.445541293978209e-05
3.989567273429403e-05
3.646672595719127e-05
2.56647804817556e-05
5.016549237170587e-05
1.998353129947819e-05
6.72551595234009e-05
2.729552094685141e-05
5.578340401512482e-05
1.919250156754107e-05
1.25871361040042e-05
1.829028111155141e-05
9.948086379441084e-06
4.134144818226943e-05
1.492132327884163e-05
2.776352730963722e-05
1.135803023350461e-05
4.266730919283321e-05
3.698346537910805e-05
8.444712420178466e-06
7.448600186521446e-06
3.909345148128257e-05
6.692825477275466e-05
1.835205015942549e-05
1.169476300192065e-05
1.148492864063488e-05
1.486721124243831e-05
2.613573383837884e-05
3.5967328966266e-05
1.256869604547742e-05
8.394933199411302e-06
1.820688306714607e-05
1.84629781486426e-05
9.349070985400675e-06
1.306541986529732e-05
2.492487542919871e-05
1.272123141573087e-05
6.516591392834826e-06
9.993134585613066e-06
1.82805235940687e-05
7.820496318012231e-06
3.309535365620077e-05
2.015777484512489e-05
5.418957275861469e-05
4.336880602952589e-05
4.573355006360976e-05
2.037523989158945e-05
1.205550062498014e-05
2.04336674301581e-05
1.686858977862908e-05
3.786645704751842e-06
4.872488327820827e-06
1.482954070791206e-05
1.179140509448908e-05
1.146854418471531e-05
3.737499570570099e-06
5.295522109940405e-06
5.217604780899827e-05
2.645001049646174e-05
1.575001004204566e-05
4.335363234944426e-06
1.402300193277192e-05
2.430942070716109e-05
1.172398023569266e-05
7.142647819879192e-06
7.18014541315079e-05
0.0001461535481050011
2.225964909548736e-05
3.67230878805863e-05
2.111909008628606e-05
3.613159990416882e-05
6.716470510806784e-05
1.544965158011486e-05
4.190132096010897e-05
2.699198054256008e-05
4.050821960196252e-05
1.552112627775171e-05
9.960071691805879e-06
9.753357550713368e-06
1.701188544278012e-05
8.603161129597914e-05
7.600203825568569e-06
2.21200088197106e-05
1.659397836342565e-05
6.667225581974965e-05
1.874167374969185e-05
1.083389978538743e-05
9.182783446057502e-06
9.540941553846249e-06
2.081989338098083e-05
6.004052003305843e-05
9.336726947371338e-06
6.276958492192363e-06
5.088774659690799e-06
7.640597684884727e-06
1.124547380887168e-05
1.275221844994909e-05
1.724142939292118e-05
1.621857486537216e-05
9.48987552455971e-06
2.505554454716324e-05
2.767839061511336e-05
2.861783346238944e-05
4.14928563589033e-05
4.76481268837793e-05
5.078093966466964e-06
1.453694779477331e-05
5.682065805796765e-06
9.54272198072515e-06
9.8426719400434e-06
1.126746700923798e-05
1.256891038976087e-05
1.793090899207523e-05
4.138481875379421e-06
1.666273993252847e-05
2.23819410569667e-05
6.885036847088936e-06
3.748693485153534e-06
1.085777043831395e-05
1.436816117058625e-05
1.023937948092351e-05
1.465206370589471e-05
1.825391511186495e-05
0.0001074283674284277
4.750624720234661e-05
3.998810476567303e-05
3.02351338826255e-05
1.7788699111143e-05
3.022158640282088e-05
4.61627413675892e-05
2.229128403058796e-05
4.803366231776128e-05
4.205137812229603e-05
2.060861548877333e-05
1.87053159044032e-05
1.209605060440581e-05
1.241860697867002e-05
3.21768565940179e-05
2.690482183280788e-05
7.164158488639937e-06
4.065777962910229e-05
9.514273020365666e-06
9.095323169596075e-05
1.781144711147007e-05
2.861841988466079e-05
6.011100918539447e-06
1.230993730510512e-05
1.462954744225951e-05
5.277503221017922e-05
2.097371845049054e-05
1.538593319551411e-05
1.679970691193191e-05
1.248918352516913e-05
8.957459530768878e-06
2.096861137027663e-05
3.951829306699101e-05
5.397912854381553e-05
1.909565934324174e-05
1.190983296986918e-05
4.546997471863162e-05
1.964423762211106e-05
3.451161561551174e-05
4.473416762388311e-05
9.382870145435478e-06
1.686417558398718e-05
6.793424838614733e-06
1.44101703172933e-05
1.191649984035682e-05
1.650280705327861e-05
1.219965037475925e-05
2.634934195146531e-05
5.417900172444831e-06
4.324811210975121e-05
1.058573574030161e-05
2.675456187769766e-05
8.957277389909081e-06
2.028125214303176e-05
1.936926044709599e-05
8.108951119000473e-06
5.569830366524529e-05
1.363445375057634e-05
9.691133507501463e-05
3.279005581349422e-05
1.480798720503953e-05
2.83918139670495e-05
3.08877137011288e-05
5.175820425846279e-05
2.341364792308489e-05
2.836901670845464e-05
7.651276267126221e-05
4.327620511304798e-05
1.425222985399317e-05
4.824817628546989e-05
3.906682579392874e-05
1.93090169277508e-05
3.385448802237248e-05
2.640723485927715e-05
5.967644209073965e-06
4.054128755630677e-05
7.324281956914147e-06
3.52928691167686e-05
2.240554012349018e-05
4.804335647269019e-05
8.420964630187765e-06
1.568487575946001e-05
2.240042309209985e-05
3.845139184893175e-05
3.699129740099244e-05
1.176431911896843e-05
3.846105948023271e-05
1.981415312448534e-05
1.332296643210399e-05
9.8036390677341e-06
3.658254002300682e-05
6.593457712671649e-05
2.305033073367515e-05
7.161385310531875e-06
0.0001015147831330601
4.061123604063975e-05
3.879509873441726e-05
3.230505202858193e-05
4.168104349196174e-05
3.347213942877196e-05
1.533272105445442e-05
2.003741512523118e-05
1.629818346818396e-05
4.232814895689399e-05
1.698324194930782e-05
4.914692901028639e-05
1.278574497778893e-05
2.949632921638697e-05
1.502810958057896e-05
3.462155887760475e-06
1.725427873396008e-05
9.666216960503218e-06
1.747999841682249e-05
1.035433793862051e-05
1.565481469631057e-05
1.654082516106989e-05
2.648533169612018e-05
5.714251822681863e-05
2.168141185337218e-05
2.815933373982546e-05
1.54497406393104e-05
0.0001300180553771617
7.330014027628602e-05
7.285409368715294e-05
7.896530393557839e-05
8.202308207075693e-05
1.16955149369561e-05
2.572808524130648e-05
7.145958524715005e-05
4.235087884354237e-05
4.514451787040688e-05
1.386360048893189e-05
1.592131968827848e-05
4.486662695013206e-05
1.643999328541863e-05
3.663182428886255e-05
3.969323531905337e-05
2.355627109244553e-05
1.263581382587286e-05
2.734938254500098e-05
1.109937194927147e-05
2.610330527645337e-05
5.25114262696426e-05
2.18518668779745e-05
6.007328186671679e-05
2.012602400474701e-05
1.125557664941447e-05
1.609570419809872e-05
2.804336660641303e-05
6.030811717573898e-05
5.40715923829832e-05
1.08268293748766e-05
6.498915083583565e-05
3.015491331434615e-05
3.746497904028318e-05
1.539119216677711e-05
2.118805093905779e-05
1.957463020408169e-05
6.982384202199516e-05
9.168747317221661e-06
2.596623093174083e-05
2.411114624016916e-05
1.233404915547658e-05
2.320626713815516e-05
4.585421869629481e-05
3.12987645157152e-05
8.535404610191272e-06
3.691169184911699e-06
1.338841380431267e-05
1.667470014084986e-05
8.48707533205296e-06
1.376605369786398e-05
1.595996077812554e-05
1.896215030045156e-05
1.998322346865701e-05
0.000160991968107856
2.457835216313118e-05
1.828844842370509e-05
1.560982860363885e-05
0.0001021423146340287
2.576113107066617e-05
8.887993928637622e-05
0.0001087946482058126
2.367176769110446e-05
1.58782175075797e-05
5.720852605211638e-05
8.19372893573369e-05
2.007610722111472e-05
5.253103667701228e-05
1.283679738801138e-05
4.067749838225652e-05
3.693587147865021e-05
4.193186604093149e-05
0.0001378243498889766
3.012147949267379e-05
1.881103872673072e-05
2.993623878438939e-05
2.736759218553932e-05
1.250509028200697e-05
9.922946119155674e-06
3.91827162192823e-05
3.456267583324176e-05
0.0001025251504803877
2.670059472315753e-05
1.392104922930483e-05
6.630843533776471e-05
2.010096283759552e-05
3.406714082624885e-05
3.152216332274559e-05
4.950390385406924e-05
2.369864260614857e-05
1.744547862458567e-05
2.837368505106349e-05
1.211920352256685e-05
1.222606693309061e-05
3.499045410170007e-05
3.808870627547537e-05
9.169133436171966e-06
1.928113880830039e-05
2.004419842042201e-05
1.442253695384264e-05
2.089822923161688e-05
2.815114035142957e-05
3.169136232314772e-05
2.771234524869412e-05
1.048035777384389e-05
8.209080772565891e-06
1.132787883999338e-05
7.549291628233708e-06
2.153558963561729e-05
2.417268062192468e-05
4.825672331162752e-05
2.097364022596103e-05
0.0001276073753717688
2.534542960949384e-05
2.325775923288152e-05
3.221313380678827e-05
0.0001385611127703104
1.829541426156566e-05
7.107535144220596e-05
6.016997914476079e-05
1.105046808371794e-05
3.238917143345912e-05
2.441001519801355e-05
0.0002355314017482116
5.405763071471037e-05
5.010483941418966e-05
2.911770776704652e-05
4.218720062300394e-05
2.068852161798366e-05
3.315406879961877e-05
0.0001456642970403166
2.150337357371615e-05
1.363587351242004e-05
5.666479429556991e-05
3.323911473656402e-05
2.278797988095807e-05
1.967638932117959e-05
3.39792019693244e-05
3.484051754187821e-05
0.0001066104215984376
3.026690404639537e-05
1.452369611323752e-05
7.867430644593801e-05
2.041417539098185e-05
3.162646611766054e-05
3.26611047640659e-05
5.421038048626093e-05
1.735754890287992e-05
1.722336327676125e-05
2.448755413480375e-05
1.311286704410861e-05
1.115262110922605e-05
3.897529829285619e-05
3.175358960800321e-05
9.658879183320245e-06
1.653170090046838e-05
1.886686070450147e-05
1.513386968532053e-05
2.344811517727671e-05
2.094782218322252e-05
2.812933303282116e-05
3.266774124162934e-05
1.161220595990474e-05
8.479991790526128e-06
1.131264869399327e-05
7.837809252832012e-06
2.207880085088009e-05
2.628228815687315e-05
5.299413588957788e-05
2.063427150198215e-05
0.0001128909222107244
2.540547163341824e-05
2.38953589391658e-05
3.452566639870812e-05
0.0001457851043774861
1.893074141323434e-05
6.299935786192015e-05
4.706241465447965e-05
1.096626720812182e-05
3.559841572351259e-05
2.661000305906164e-05
0.0002596483910519577
5.86150125291824e-05
4.491676350851438e-05
3.001402517980395e-05
3.681308769170178e-05
1.589401829786404e-05
2.628656406736433e-05
0.0001405031428563799
1.993930254761224e-05
1.570749553669369e-05
5.695802224725198e-05
3.277124291077772e-05
2.30715502578868e-05
2.115144227094118e-05
5.516262850201424e-05
0.0001063407703124314
3.200586884973221e-05
0.000106656683937682
3.024520912897085e-05
2.66954708530247e-05
5.223064862082787e-05
2.531065891418406e-05
4.226191072907724e-05
8.674448257433249e-05
5.107770871084511e-05
1.593747184662848e-05
6.02407009672408e-05
1.58188318413543e-05
1.686146969633101e-05
2.835049143922007e-05
4.123778576880188e-05
3.320932755104822e-05
3.95014014605892e-05
1.415417617152047e-05
3.110684849485171e-05
5.55227211125577e-05
1.102078439470858e-05
2.658003821284107e-05
1.595758336406723e-05
9.41170229875835e-06
4.197276754502267e-05
5.540549165084811e-06
2.745904901795199e-05
7.045778775280973e-05
7.817345580922016e-05
6.055435243541058e-05
1.83175631230619e-05
2.764174946292681e-05
2.09954157119025e-05
2.081974615351301e-05
5.983289653425167e-05
7.216820063933549e-05
9.93178241959726e-06
8.871435210718842e-05
1.754455620760183e-05
1.467201663434241e-05
7.050355114936794e-05
0.0001088989825447975
0.0001116761302018364
1.862492994721125e-05
2.102081301566599e-05
5.133559212564569e-05
6.823461402141375e-05
2.409140060875571e-05
2.396463181297351e-05
3.615981213586341e-05
1.650094382826088e-05
1.643234186519863e-05
4.453780300784443e-05
2.709959486669766e-05
2.829502158846087e-05
3.681863855994065e-05
5.710313046502608e-05
0.0001011944364537109
3.490873283942951e-05
8.89814347801712e-05
2.627271976439047e-05
2.508935426805061e-05
4.479422132262038e-05
2.420752270950516e-05
3.875216446260464e-05
7.199522084046455e-05
5.477655960784012e-05
1.653002123179932e-05
6.976864690974748e-05
2.490432536064189e-05
2.262177492075201e-05
2.554697013443824e-05
3.880856178046734e-05
3.123333365071264e-05
4.096083827052367e-05
2.204570988548873e-05
2.752493278424257e-05
5.559159422346933e-05
1.531855261480911e-05
2.582697762815063e-05
1.528165942091404e-05
1.268570651233144e-05
4.122901186553696e-05
5.161799771175641e-06
2.5133974576116e-05
5.824418212922266e-05
6.954508698072111e-05
5.457901669492579e-05
1.858140564545038e-05
2.773650930305991e-05
2.013570513359428e-05
2.040140616226283e-05
7.401957197867803e-05
7.069068425112035e-05
1.261398519547066e-05
7.484928781491619e-05
3.181340612012185e-05
2.088497892763221e-05
5.62883477143444e-05
0.0001111307170914694
0.0001025349084793523
1.775572405000061e-05
2.241424551538827e-05
4.659902715844966e-05
6.231552043199878e-05
6.326589272183104e-05
2.42850310217982e-05
3.499092348442195e-05
1.940732508701271e-05
1.496121436817794e-05
6.169493233822295e-05
2.589666175432597e-05
3.167988415453372e-05
4.378356763970656e-05
0.0001043612518188762
0.0001050773903686715
1.795969197526469e-05
9.674439763150367e-05
3.122311944142412e-05
1.566813575288974e-05
1.448912551147621e-05
2.57293290093703e-05
2.571914643462707e-05
2.696641696908585e-05
2.010250539955508e-05
2.673411284240108e-05
0.0001210652769320036
7.289725789592376e-05
5.109302792493298e-05
2.132982634144853e-05
2.282784872087608e-05
2.97233371038874e-05
1.577144099366525e-05
4.003221743300868e-05
2.337334726098658e-05
7.881645547096209e-05
3.896178527344895e-05
1.643324892578445e-05
1.620628921198346e-05
3.323355681982738e-05
4.795326943879984e-05
7.666574615577365e-06
3.022151738877655e-05
1.553130308692251e-05
2.277692507410739e-05
1.95224906648185e-05
4.390161260125114e-05
9.012817893689874e-06
1.112953313905987e-05
5.06879634138967e-06
0.0001180715853780813
3.511678677333944e-05
2.610170373294295e-05
2.273665626114676e-05
0.000107982863745733
6.63344683148254e-05
3.263385246506313e-05
7.647759049873839e-05
2.142915846980105e-05
1.626139722411567e-05
3.752015274053713e-05
3.750671696264138e-05
3.422674439732729e-05
0.0003039083688111399
3.668046935295016e-05
5.974550132042256e-05
3.337190381357734e-05
6.217961899166065e-06
0.0001413501994817984
1.989354127336085e-05
4.219144507036159e-05
0.0001023881140523543
4.128077202112505e-05
4.30143071381686e-05
2.86366252434839e-05
5.605467942764064e-05
4.212137031282239e-05
1.381944126822831e-05
2.437964427635263e-05
7.320336172286851e-05
3.222370963676707e-05
3.418947687417349e-05
2.590240388931915e-05
1.909221191901597e-05
3.446071894294654e-05
0.0001010887568698527
8.081890910583709e-05
3.082005528493216e-05
4.970685106809862e-05
3.668104982630085e-05
3.569996277759614e-05
4.696129387499346e-05
3.77184735036744e-05
4.104536174334053e-05
0.0001123448757481945
1.873017735710664e-05
1.742660207395061e-05
0.0001079918996383526
2.513622669832763e-05
1.565950106487208e-05
3.906439252092187e-05
1.347940385805527e-05
3.064547362350007e-05
2.413175197524816e-05
2.537832091753598e-05
2.302679082360055e-05
2.407315080782366e-05
2.177445779881047e-05
4.374012834383259e-05
3.544904422415115e-05
1.261617100983797e-05
2.981913990963353e-05
4.540297511584442e-05
0.0001253478737952603
2.688293443059938e-05
3.399764528177181e-05
3.865403719676159e-05
7.576268539064348e-05
3.962590850825575e-05
1.192697918369103e-05
0.0001180572203728765
7.783473381884674e-05
2.280336351800351e-05
8.527261907985767e-05
3.29275580952427e-05
3.448261426562249e-05
4.005763832338079e-05
2.687930262807444e-05
3.475682408084447e-05
2.951861482809341e-05
2.701989616001015e-05
3.958926232700446e-05
3.066862868517327e-05
6.01844631769667e-05
4.149350776130299e-05
1.332778577854188e-05
2.784468873224522e-05
7.637348862481259e-05
2.93454780921113e-05
3.471887135639087e-05
2.520747673230549e-05
1.999041134258052e-05
2.108989407916299e-05
0.000107752305405508
8.547288974143988e-05
3.559937008158089e-05
5.765981090056467e-05
3.817236568993833e-05
3.492283539816654e-05
4.859722165522854e-05
3.995304663119348e-05
3.868243904398463e-05
0.0001256622888942908
2.155700425288006e-05
1.558210166253e-05
0.000118506192282019
2.378483891546037e-05
1.79460477705417e-05
3.833942184040627e-05
1.475578070358779e-05
3.184544179256222e-05
2.478955812177728e-05
2.485190668930293e-05
2.173971128680544e-05
2.398289069288032e-05
2.24631851050664e-05
3.106041041620134e-05
3.288140333547673e-05
1.113529850112656e-05
2.624629251973626e-05
3.402167387258257e-05
0.000135552244713402
2.691900498432859e-05
2.691421684625491e-05
3.882856515408723e-05
8.685691655374487e-05
4.314786138594098e-05
9.539237611377253e-06
0.000128743794959972
3.773590475683409e-05
2.285249093768774e-05
8.700071186171899e-05
3.280042676519436e-05
3.69642653963916e-05
1.904326888092353e-05
2.762063028400206e-05
3.764754779445775e-05
1.769247980932897e-05
6.986565241514195e-05
5.18909909290932e-05
3.632390009743611e-05
2.725847683430573e-05
6.726777810588041e-05
3.028515839259913e-05
1.945838445447986e-05
7.720363003710876e-05
4.121703942824871e-05
0.0001521013128513556
2.748449617577908e-05
1.989750957079695e-05
2.102071137956082e-05
4.366548857470319e-05
8.953139327973595e-05
2.778423730340876e-05
5.148750808425507e-05
6.050736818866504e-05
1.492113301930336e-05
2.85025425364615e-05
0.000105736036438584
2.690100300259185e-05
0.0001118023695504029
1.551662095829548e-05
3.425673492274877e-05
0.0001700338313615319
5.84702135521056e-05
1.54917890752925e-05
0.0001119400464296598
1.640349266293952e-05
2.713580971629336e-05
3.14326420496392e-05
9.530801815683525e-05
3.119431641048899e-05
9.118346300295554e-05
0.000110555364846684
4.586579545239737e-05
2.474407080407453e-05
1.450383642900031e-05
1.612988267138346e-05
5.97849815822782e-05
0.0001118918261597177
7.750363456069137e-05
3.657701436996272e-05
6.065203982263413e-05
3.684725083849992e-05
5.611531819001654e-05
1.692280061250939e-05
3.211742822312838e-05
4.643143124199156e-05
1.857288533311174e-05
6.466760241481327e-05
0.0001354696253395419
3.007149842626009e-05
1.831064813684524e-05
2.340465753140773e-05
2.70051029754002e-05
3.998394159197511e-05
9.297577832033242e-05
4.902253284921481e-05
3.990441582331339e-05
2.010770842321729e-05
6.616897506190602e-05
2.989235881620474e-05
1.86118360396892e-05
7.990100919516461e-05
3.652765172943754e-05
0.0001712802208692175
2.761246070991744e-05
1.804690041556797e-05
2.141292146638784e-05
3.493319314475186e-05
9.589759755395874e-05
2.654981338481836e-05
5.398525440298654e-05
7.067048309668084e-05
1.268239501488353e-05
3.262901136948619e-05
0.0001288318332833351
2.568629186584832e-05
0.0001129768640134801
1.371688506042469e-05
4.322655164701275e-05
0.0001747475248459849
6.227433974855756e-05
1.642754372962591e-05
0.0001247507103233416
1.792345920836183e-05
2.35808695533546e-05
3.177188775751871e-05
0.0001132156473263577
3.551314387595473e-05
8.707612438777772e-05
0.0001346840423490317
4.418000408936862e-05
2.447852363289484e-05
1.42620317436449e-05
1.61805656647124e-05
5.953142559632943e-05
0.0001077717743651873
0.0001030546853658458
3.638185819685922e-05
5.612628190730215e-05
3.095912589970499e-05
5.983808500971452e-05
1.822695554673655e-05
1.699428811109213e-05
4.927780807312052e-05
1.637528116368043e-05
6.016317636705105e-05
0.000154619395066081
3.35137001808131e-05
1.966200769747051e-05
2.465601313885261e-05
2.644698987042797e-05
3.985570139806276e-05
4.082688960868467e-05
0.0001107402627575897
4.399622418206594e-05
4.251474992314808e-05
1.745155916580991e-05
9.360753779231155e-06
5.253650397011898e-05
3.868937466156807e-05
3.781798353554577e-05
4.944198069654744e-05
1.030002539102063e-05
0.0001353997369625336
6.003529594692043e-05
9.857469621598034e-05
6.858566125305002e-05
2.87046874527168e-05
0.0001013432042586068
2.538059982660699e-05
2.490297913869773e-05
5.48007077694555e-05
0.0001140319305988962
3.676299980084944e-05
4.529866404766525e-05
1.826932518994947e-05
6.719009845071667e-05
5.706146949586563e-05
0.0001054744655461857
2.187314541965064e-05
3.271790175605227e-05
1.835838601030872e-05
2.364031637757413e-05
3.564527845832302e-05
4.090776732873017e-05
6.813460182716743e-05
5.965118328224353e-05
2.721212483560463e-05
6.57340187148529e-05
4.275005844449112e-05
3.843763232112202e-05
1.908785725401712e-05
2.786366697276351e-05
6.670876144946283e-05
4.129976553850513e-05
2.817489363987464e-05
0.0001007696449771373
5.142310809624476e-05
1.638800839889518e-05
3.330624814029837e-05
2.816417516518531e-05
2.065305373743295e-05
6.278428213116083e-05
8.311865182542554e-06
9.618501458174089e-05
1.140986843335007e-05
1.242025417430714e-05
2.708177669246253e-05
9.361767255660026e-05
2.626290264979229e-05
2.617226615714681e-05
0.0001205674534699389
4.05280811301908e-05
3.588879144957488e-05
8.527886565291032e-06
7.608200634565981e-06
5.692438988120215e-05
3.393460832537639e-05
3.218481272688336e-05
3.010650676233562e-05
9.077891465909431e-06
0.0001539129658795143
6.126754577039204e-05
0.0001171502131604282
6.283952244877536e-05
2.468067042742054e-05
0.0001182291138196259
1.94600222116354e-05
2.483674530597857e-05
5.137264307752112e-05
0.000136323498909232
3.400567936870439e-05
3.765780306057027e-05
1.863731509265226e-05
8.085898463390298e-05
3.736073285909599e-05
0.0001180076396578393
2.566881472498935e-05
1.451787980645897e-05
2.101456997760865e-05
2.086017955787318e-05
3.968291224374202e-05
3.129138206364955e-05
6.749886359143543e-05
5.387580655566182e-05
1.662954385763514e-05
7.455701169136771e-05
4.597107705310082e-05
4.290995746972255e-05
1.93638049689519e-05
2.481794935816303e-05
7.113435139707244e-05
2.98672847956556e-05
2.307282747280497e-05
0.0001235513788639325
5.755777085640065e-05
1.32707711251904e-05
3.569186102926223e-05
2.832467389421977e-05
1.676029921467445e-05
7.352219148613896e-05
8.62086547788604e-06
8.717802019681304e-05
6.603117658981884e-06
1.274871865436437e-05
2.478931479001083e-05
0.0001118846816065346
3.259514841084492e-05
1.419209701005735e-05
6.571071123511469e-05
7.469879431949573e-05
9.959606615586953e-05
1.744166261694131e-05
6.691305885572465e-06
4.680199728490569e-05
1.301353208629603e-05
1.895578963600227e-05
2.12784039169331e-05
1.166619411047613e-05
8.036291153961004e-05
5.574274051543833e-05
1.822829366111453e-05
3.100753129433379e-05
0.0001046477924315976
8.675026262742847e-05
9.544673052816909e-06
1.599295346682857e-05
0.0001077612375144691
4.624497779295324e-05
3.187460598224783e-05
2.556578920536483e-05
2.692836313150013e-05
7.835720183571961e-05
2.183584483664188e-05
3.858887147495721e-05
3.011613667587021e-05
2.425808766008894e-05
4.332491171777758e-05
8.617596887267009e-05
7.651523111382957e-05
4.114221164339547e-05
1.772652169516707e-05
2.442730973677941e-05
2.094308935673889e-05
3.747917784425556e-05
1.568765970188875e-05
9.781317589775714e-05
3.074970759515162e-05
1.483628050176363e-05
2.90911249021065e-05
2.348168825812477e-05
2.02419740913948e-05
0.0001291454244023057
6.388800678144079e-05
2.845971457980518e-05
5.799584594466549e-05
3.036946992898167e-05
2.348442151870364e-05
3.011906782556939e-05
1.190536702787794e-05
4.745029476426367e-05
2.186255322541886e-05
8.829382092745718e-06
6.09770772775413e-05
3.839090224255907e-05
2.259250170015712e-05
1.245411096120836e-05
3.628432733447297e-05
8.516657242133482e-05
0.0001201882912692769
1.793055424876013e-05
6.727995352149924e-06
5.527379764747507e-05
1.464823364607295e-05
1.929737862207032e-05
2.389511274126068e-05
1.218417256723851e-05
6.666629902594405e-05
5.231158002588463e-05
1.600156713462446e-05
2.738645275468012e-05
0.0001286958373572964
6.918291959410311e-05
9.104159500878235e-06
1.649381169512845e-05
0.000124548847330667
2.681597122349003e-05
3.52024890577365e-05
2.152629153952823e-05
2.349556150759509e-05
9.562899326460233e-05
1.830662508657953e-05
2.914808196308741e-05
2.559015618661092e-05
1.987062061819996e-05
5.178249831763609e-05
9.187614294175213e-05
8.825880919694424e-05
3.557776242303631e-05
1.118865843768247e-05
1.560936431827341e-05
2.148619720515257e-05
3.547808453301383e-05
1.190968250895911e-05
0.0001056676511070255
3.620350633522687e-05
1.363304419192018e-05
2.757571460608409e-05
2.325417436451586e-05
1.870196406911412e-05
0.0001283621812834629
5.862697046957204e-05
3.137922095405559e-05
6.477284950055964e-05
2.94062515858188e-05
2.206942313282328e-05
2.893681643047921e-05
1.14102803835144e-05
3.862537532192016e-05
1.956297362457947e-05
6.771137849516085e-06
6.67657674998233e-05
2.499904753680798e-05
1.422388341643052e-05
1.626516839876216e-05
4.614414501926243e-05
7.465863425321402e-05
9.918914421560459e-05
2.051503268580451e-05
7.942564803397172e-06
4.482315431350174e-05
1.537427197556231e-05
1.88672185389808e-05
2.028073220274778e-05
1.319847572266793e-05
6.26937933812032e-05
4.989446723807406e-05
2.361841407034284e-05
3.033877039502653e-05
0.0001036397842759293
6.991940164920178e-05
7.956912405449738e-06
1.587503485730923e-05
0.0001061952223514183
3.121303675441174e-05
3.055320168645263e-05
2.073601279256751e-05
2.75396803548619e-05
7.767577841256333e-05
2.804393512404872e-05
2.930208391929082e-05
4.427797816431319e-05
4.44376734120378e-05
5.941438864123802e-05
8.733900666634381e-05
7.252800845117381e-05
4.002701180826137e-05
1.552093237366215e-05
1.773562335207538e-05
2.864007098870882e-05
4.60581328271996e-05
1.604965126018625e-05
0.0001081123675204008
2.933074369545268e-05
1.292910060766029e-05
2.821755500794078e-05
2.269793520451048e-05
2.169253609282343e-05
0.0001118798940235804
6.814545507327727e-05
3.008039215135513e-05
6.625796214371463e-05
2.607695760040616e-05
3.074043498288705e-05
2.880402571369182e-05
1.405373203777798e-05
6.276578438280778e-05
2.988531282368546e-05
8.454533918253611e-06
6.156692057576659e-05
2.654195104607668e-05
1.511864421187562e-05
3.140000842665802e-05
0.0001056343674856827
2.929867135590314e-05
2.058962548085659e-05
3.406422837135504e-05
2.215023242127161e-05
1.931811206693785e-05
4.775513677122069e-05
1.572764430873503e-05
2.006825895233018e-05
2.399447058725727e-05
1.832941071183414e-05
3.334090722213984e-05
8.579676732868959e-05
4.100528348225656e-05
2.271629269063886e-05
2.201516715236363e-05
8.965741136980645e-06
1.658425830828496e-05
2.879880673098404e-05
2.732858605904191e-05
8.032384659841081e-06
1.122270999861124e-05
1.657179244370169e-05
1.86086322229468e-05
6.350244555061396e-05
2.636650309671747e-05
0.0001256069475977191
0.0001722488658328404
0.0002145396574073139
5.207396520159569e-05
6.210094765114296e-05
1.744171117571642e-05
2.290491509202332e-05
1.507698062832083e-05
8.094748245448205e-05
8.164556688117265e-05
3.949060031049858e-05
0.0001440824522986055
1.64536939227373e-05
1.653848960059498e-05
3.454621536717648e-05
1.981442080623942e-05
2.61071142194556e-05
2.529498836348197e-05
8.758912281413506e-05
4.156206282590419e-05
8.565624788326928e-05
1.60506906632513e-05
5.151815538916409e-05
5.518808948269364e-05
2.632925432674554e-05
0.0001832344950215123
6.3372914583006e-05
1.412003070785478e-05
1.273376435334365e-05
2.392944539707223e-05
1.079279690792569e-05
3.151027592739632e-05
8.562442628262926e-05
3.858183215426663e-05
2.402605544065725e-05
3.106630496066644e-05
2.668677411880515e-05
2.082574447317759e-05
4.496206549980233e-05
1.648458029175649e-05
2.600106838091177e-05
4.260654353019275e-05
1.923352890421184e-05
3.094309882113735e-05
7.977955502613723e-05
4.23958137653619e-05
2.33813987555334e-05
2.231021819456016e-05
1.157377889799158e-05
2.305821290691734e-05
3.056465316566306e-05
2.364808865011048e-05
1.32101438713108e-05
1.439207475514669e-05
1.565693495957519e-05
1.821548758113969e-05
7.423856974701419e-05
2.529024969817137e-05
0.0001037802797534823
0.0001637604172261612
0.0001577234879904136
5.663982978321902e-05
5.689831170823833e-05
1.795920115652531e-05
2.147073772677486e-05
1.549166792354154e-05
9.175119222416291e-05
9.035239328655399e-05
4.394141083024352e-05
0.0001350023081126982
1.796789215992731e-05
3.356396469866139e-05
3.543835878508452e-05
2.000431430660832e-05
2.352976758694606e-05
2.540250130597239e-05
8.185137570364511e-05
4.576038035703998e-05
6.695370721585683e-05
3.40462227667821e-05
4.648006943010556e-05
4.87295631669525e-05
2.606169582414584e-05
0.0001546592898084838
6.186148339069327e-05
1.549023317089105e-05
1.237219932159334e-05
2.831138515862045e-05
1.303249374171083e-05
1.265628263058564e-05
2.719326585684215e-05
8.384086301054945e-05
1.657343384027729e-05
1.107132103382147e-05
4.630130880287126e-05
1.102912213815986e-05
4.068125207456061e-05
3.691522847275898e-05
1.827745718938426e-05
0.0001329686117206368
3.284222652564057e-05
1.633523983976323e-05
8.702702969304665e-05
7.148642051861093e-06
3.179626379587621e-05
4.7761556298304e-05
1.517553350605985e-05
5.933493854187465e-05
1.181106320209444e-05
3.038289323879252e-05
6.801353796754389e-05
4.389312839440808e-05
1.369838643856396e-05
1.805424280366896e-05
0.0001122029253326351
4.657208835591866e-05
4.468109762067354e-05
7.804580514636332e-05
5.723035536995942e-05
3.447617733943921e-05
2.484308100277159e-05
4.807841342187909e-05
4.950632781584935e-05
1.090858231140727e-05
0.000220504816990142
0.0001712976284331305
7.25478337329204e-05
0.0001406234030855637
1.821607699655007e-05
0.0001533921134103027
2.820118224857621e-05
1.926710761297622e-05
1.972547632675629e-05
1.34224006954157e-05
5.286865454856419e-05
6.209271897580641e-05
1.009891602159788e-05
0.0001608184570415004
2.870601152047915e-05
3.145585963484976e-05
2.038543580270674e-05
2.657137869637949e-05
8.82319437402551e-05
3.22179787934363e-05
1.83871148272785e-05
6.604276639680393e-05
2.349245441540567e-05
1.31640752343268e-05
2.774339428675459e-05
8.19217804451344e-05
1.922489366043499e-05
1.387883153079414e-05
4.604473454052459e-05
1.239140632146075e-05
3.878726842648501e-05
5.626409189567773e-05
1.873108368845671e-05
0.0001159597840539759
3.264671737736392e-05
1.687736694076232e-05
7.827278379105101e-05
9.713419553634806e-06
3.088087269685784e-05
5.114930201070467e-05
1.488015473011108e-05
6.118778238069674e-05
1.221557873474913e-05
4.048051865303474e-05
6.111991088811297e-05
3.864299336823629e-05
1.623493290400394e-05
3.474545375669545e-05
0.0001015115434955193
4.444308864534309e-05
4.261062486801175e-05
8.152760710967557e-05
5.801726437275447e-05
3.965963021470814e-05
2.488366358481028e-05
6.810453576240132e-05
6.166974761785134e-05
1.199453985198371e-05
0.0002133795239725906
0.0001683879472077753
7.354755931085561e-05
0.0001362315250432801
4.654752821735384e-05
0.0001394492371559811
3.603564470213405e-05
1.853499163980121e-05
2.137913784294713e-05
1.500268935120446e-05
4.760157021197076e-05
6.649463885736618e-05
1.192921407205203e-05
0.0001381469148505957
2.648406716286435e-05
2.820418450746469e-05
1.878218288319848e-05
2.901208463856034e-05
8.325089668220203e-05
3.626355385538091e-05
2.149788854527969e-05
6.355901654170233e-05
2.383950046391728e-05
1.964702224293599e-05
3.932423702859714e-05
1.568610580500736e-05
2.991106208038316e-05
1.890176537136966e-05
5.482428957707309e-05
2.41956047246462e-05
2.52403080415799e-05
0.0001498049456765392
2.660309651606588e-05
9.890170175587534e-05
1.851568767542617e-05
1.520162950937713e-05
6.218049151732009e-05
1.873885750313081e-05
1.439109314644327e-05
3.621499602965449e-05
1.243686921174746e-05
5.181416926308715e-05
1.73888095493884e-05
8.879138890087759e-05
2.684924943963207e-05
3.207780941860949e-05
3.574753992388394e-05
0.0001026001258355327
8.722181599328029e-05
3.294129179956529e-05
5.034071265314194e-05
7.418981406854496e-05
2.517647313021244e-05
5.228329308136099e-05
2.791643043275406e-05
0.0002107682740235816
0.0001815810614147569
1.917628946437591e-05
0.000162551520304484
0.0001019755267452284
7.213075570433417e-05
0.0001443303150870626
0.0002321617739626784
0.0001065927683997415
9.937289250574812e-05
1.78896625152404e-05
1.211684489746194e-05
2.508742552478438e-05
1.81258680408677e-05
0.0001355595567239763
1.608832999354967e-05
3.829872052894574e-05
1.211036119271e-05
1.166479065404698e-05
1.347276773583806e-05
1.934674749124262e-05
3.593476166872296e-05
4.538459812382529e-05
6.498479142233493e-05
4.042128753871492e-05
3.822600902987696e-05
2.207398375459566e-05
3.961801804268892e-05
1.536743716622976e-05
2.89207541385938e-05
1.630026210068129e-05
5.013698780836632e-05
2.574866562916002e-05
2.345448474265867e-05
0.0001189930400041008
2.201457455395205e-05
9.954243864552416e-05
1.909662470814562e-05
1.732065327395937e-05
5.317465038182034e-05
3.121723328794756e-05
1.598909465185742e-05
4.024613359059904e-05
1.41864358083346e-05
4.448195772791836e-05
2.518296172539007e-05
8.696859031926249e-05
3.430480078118457e-05
3.626979887927491e-05
4.392371247015058e-05
0.0001038360818621972
8.251219371264735e-05
3.116905728964427e-05
4.878033431679043e-05
8.735647489678631e-05
4.366402111203726e-05
5.59254416380811e-05
2.73285776231083e-05
0.0001853888939221505
0.0001680530847615137
2.025422010695553e-05
0.0001478499912396783
9.631402391170944e-05
6.334391061309453e-05
0.0001387202947688166
0.0002103473847122513
9.669250638500485e-05
9.609268545049771e-05
1.718057846416447e-05
1.233245649236726e-05
2.913376153469643e-05
1.76739870266063e-05
0.0001158264397137707
1.483098373960492e-05
4.114391622953097e-05
1.377521635235225e-05
1.261206789824033e-05
1.309771794488007e-05
2.04764014401148e-05
4.290979133174845e-05
4.145853779291528e-05
0.0001007337439949178
4.32642480619149e-05
5.149558298834809e-05
5.685053521470173e-06
3.8085630927664e-05
1.447047912371139e-05
5.953538766798247e-05
2.189643358720862e-05
2.394550315304316e-05
2.775584525432763e-05
1.417300785016509e-05
2.832456620592089e-05
3.259456755697853e-05
6.490124902430501e-05
1.92671695202705e-05
2.675639992950047e-05
1.826410380639531e-05
0.0001102871449724056
4.191308024843342e-05
8.855585581156908e-05
4.192204193508877e-05
2.691482491948943e-05
4.897078118273842e-05
7.241280874516533e-05
6.653031733159145e-05
4.697145068100921e-05
6.594820917923954e-05
0.0001170307099437491
0.00010305339345013
2.418647684838052e-05
0.0001010043276887533
7.862257370435456e-05
0.000122149073361499
0.0001566034777626712
3.026949896844602e-05
6.589909842183554e-05
0.0001293477877660039
4.017199727810377e-05
3.68424792606914e-05
3.763116537408697e-05
2.337075631637552e-05
8.19100281882289e-05
4.573767278762715e-05
6.298499144363024e-05
7.239523752598922e-05
3.074248927959004e-05
2.549020358235081e-05
5.968718849342323e-05
1.359619514788738e-05
4.77837193714022e-05
1.026459695458867e-05
1.925718227140589e-05
1.768492278963887e-05
1.567800651052047e-05
7.354227288384161e-06
1.770279068221974e-05
5.44441543887992e-05
2.261454966166593e-05
0.000329240882035278
3.475619325543512e-05
0.0001383824734442567
2.112000449002625e-05
2.14045915880117e-05
6.720079790062129e-06
2.556874645100236e-05
1.129302088477922e-05
2.622958800104248e-05
3.687045717010953e-05
2.788764090539724e-05
1.943462243105379e-05
7.43756733151062e-05
7.210292434964112e-05
2.962653585431453e-05
1.44792676098884e-05
5.315046804542084e-05
3.549149318964026e-05
7.487241260773153e-05
3.976065518963168e-05
9.175619000595189e-06
3.734605861671642e-05
3.236687413471713e-05
2.24268616616288e-05
2.905162162216451e-05
8.319995568496277e-05
2.26121994598252e-05
0.0001479773595928284
4.125583778036868e-05
3.202226447603736e-05
2.025529864497961e-05
6.896107892488166e-05
6.67085502764678e-05
4.921263094374741e-05
3.743669392744014e-05
0.0001530013960174926
0.0001160301155253715
5.609333455338286e-05
9.617464560817714e-05
4.459880947657887e-05
4.030235820706874e-05
4.122546530584161e-05
2.992424675172726e-05
1.561773698823812e-05
5.357791563722456e-05
5.688175978232799e-05
3.315638413212998e-05
0.0001287618598618713
1.716379183495882e-05
0.000124615686830871
1.489817269284811e-05
2.286631400711516e-05
3.743651474889224e-05
1.359792318525519e-05
2.327762567739036e-05
1.478618890624885e-05
2.010217403785035e-05
0.0001038869286347059
0.0001363576433533391
5.70173221452562e-05
0.0001455458931631949
2.548544780860696e-05
1.685189138276522e-05
6.055066077462917e-06
2.48954306784615e-05
1.143576514850663e-05
2.726546973868743e-05
3.457038206874899e-05
2.89665910541339e-05
1.986593999846113e-05
7.881808626816838e-05
7.243841918948473e-05
2.877474603069422e-05
1.191453778424652e-05
6.219394750191599e-05
2.255455148924477e-05
9.195216784193722e-05
3.407513368720252e-05
6.983837940063999e-06
3.672650755667112e-05
2.546471926469957e-05
2.038294812405403e-05
2.040340726998149e-05
8.346996153575179e-05
1.725312050815108e-05
0.0001491452871550817
2.98498224284264e-05
3.392520169413883e-05
1.801668581219115e-05
4.993551277188893e-05
5.271793106505249e-05
3.934837934471226e-05
3.576570453972383e-05
0.0001672457514463521
0.0001077941376812286
5.052885568551569e-05
0.0001105151993113808
4.693786437992409e-05
4.604773736493815e-05
3.003513294771235e-05
2.978647682921241e-05
1.061069330641717e-05
4.735693272500733e-05
5.891573136748831e-05
4.184583313078278e-05
0.000136281382808497
1.824422680027581e-05
0.0001452662109398413
1.682663593987912e-05
2.224990063337082e-05
4.200988480194731e-05
1.34625823130162e-05
2.478490067494865e-05
1.515915007290419e-05
1.725529338794391e-05
0.0001118843615726319
0.0001076717172288538
5.453279817210874e-05
0.0001482152984458591
2.26524700182083e-05
1.553027708240301e-05
6.336939438183837e-06
1.135391316179623e-05
3.704628310749597e-05
2.268698815694941e-05
3.928321912403497e-05
3.840488048712721e-05
1.48678737828741e-05
0.0001062894566577399
3.662603739755108e-05
3.99603904909142e-05
1.506610399688844e-05
2.980773165723758e-05
2.073312677748381e-05
4.483957110356936e-05
1.432011466473629e-05
3.994454701230084e-05
3.062173291940661e-05
2.071687095379118e-05
6.392541178243211e-05
6.864765494982639e-06
7.21338137081302e-05
1.162059216250645e-05
6.441564257948269e-05
1.336272572809777e-05
4.898713376663482e-05
6.213791970442493e-05
7.696358597305137e-05
0.0001135482658944527
1.578662713959515e-05
4.077735069837796e-05
0.0001328424313377218
4.265172847518628e-05
2.806778387977196e-05
0.0001525000972593914
3.781834422408502e-05
0.0002724994520204717
5.713703138913623e-05
1.375053899522635e-05
3.367941758050251e-05
3.057224634556267e-05
0.0001410544043066495
2.832407260900953e-05
8.480396020225016e-05
7.85585277469257e-05
0.0001225729362329577
1.737605330381201e-05
7.221781329181663e-05
1.623425269018688e-05
3.411381492941286e-05
4.239606582017168e-05
1.681755085559823e-05
3.070783809336234e-05
0.0001319748022120961
4.238202286622242e-05
0.0001629418954182836
6.402059537794072e-05
2.1969344468431e-05
1.759654725205611e-05
7.672457350413638e-06
1.036486898292002e-05
3.405215647523325e-05
2.319403376883351e-05
3.688322965480631e-05
3.87910282305127e-05
1.418771734355473e-05
9.73414284659845e-05
3.852645942489361e-05
3.820905128392173e-05
2.300648763042036e-05
2.749009431588322e-05
2.29868945801917e-05
4.207180983894793e-05
1.456474195948529e-05
3.890516769176396e-05
4.411937873356699e-05
2.135320035648628e-05
6.073174714513422e-05
7.515099064229195e-06
6.698072729532711e-05
1.273111582160161e-05
7.867947970629785e-05
1.462717170626445e-05
4.775598705382398e-05
8.902618508817303e-05
7.321483219145288e-05
0.0001045853456601829
1.541781742981688e-05
3.927652032963325e-05
0.0001152631357192458
4.433830575883499e-05
2.757357090722715e-05
0.0001728588582148943
3.823317386908255e-05
0.000268417138184733
8.239997016598135e-05
1.308464114188806e-05
3.221441284705797e-05
2.936777865447154e-05
0.0001711540315137288
2.759159371419416e-05
7.02926444931047e-05
9.881315722962444e-05
0.0001174752116279753
1.522628299617377e-05
7.537339361108414e-05
1.500722431315538e-05
4.537346723351226e-05
3.78929529520055e-05
1.656187504665151e-05
3.098559158637975e-05
0.0001197583416767188
4.626183895875205e-05
0.0001449799735610775
5.879213560328054e-05
2.585901024380589e-05
2.66992256260456e-05
2.032250993086908e-05
2.004485228883806e-05
9.862847476928074e-06
1.478475053504759e-05
2.56573015902955e-05
4.908668126123864e-05
1.016847919910406e-05
7.805928593300766e-05
3.516613383990533e-05
4.010728489596726e-05
6.601400148113432e-05
2.751115401271143e-05
3.940677007103372e-05
4.724171588304077e-05
2.654414573891277e-05
1.525779643309077e-05
9.271876911184004e-05
3.802677435463738e-05
4.190596366792445e-05
1.920392866257732e-05
3.881012841180076e-05
5.373851921244277e-05
0.0001108547613681228
2.050745568830906e-05
3.396703035177731e-05
0.000184499643924814
7.047021319308503e-05
7.466205638356374e-05
2.170443297655762e-05
5.2796258481459e-05
4.358641721735813e-05
1.54024105098891e-05
3.187315962960062e-05
0.0002843163798753714
9.022794021138492e-05
0.0002197145021675863
0.0001888587430536623
1.098802067367618e-05
1.573032897832286e-05
4.88633161387066e-05
0.000211075315386024
2.327603743516129e-05
3.066273016677079e-05
0.0001782138291552475
0.0001057402983381558
3.600347520875645e-05
8.445509979692241e-05
1.566724851982579e-05
0.0001145349325512191
2.969735016487081e-05
2.549659293317051e-05
6.190634573467548e-05
3.234099776447767e-05
6.378103760922473e-05
7.359445491307169e-05
9.069299494204533e-06
1.513221941749592e-05
2.100661158730769e-05
2.531819422429464e-05
4.30959784775041e-05
8.869594307476986e-06
1.140402799841956e-05
2.811821019178959e-05
1.013587015155945e-05
1.552619661061424e-05
0.0001036694319171677
4.158346277724167e-05
0.000127378560499619
1.622549463140209e-05
1.974092328689035e-05
2.136854058041867e-05
2.014722065426738e-05
2.614691782585638e-05
1.9060349089837e-05
2.958260532855734e-05
5.837141619339907e-05
1.382298963430094e-05
6.296895563785736e-05
2.458739107274629e-05
4.820627818862941e-05
7.55039626283967e-05
1.590517902850265e-05
6.964856318830083e-05
5.584801483131015e-05
6.680369630586878e-05
2.646909848256084e-05
1.267086486898488e-05
2.194771419979462e-05
1.536702283007782e-05
6.165212742600092e-05
4.137705679649428e-05
0.0002111883706550477
0.0002785450883696706
0.000178850569764123
0.0001489252979757434
2.660173060172275e-05
1.183618509215553e-05
2.749081526954025e-05
0.0002304276871824359
6.121287079638828e-05
5.554959436317083e-05
0.0001095546723964764
0.0001859489163000582
1.753332802932811e-05
1.870627067536341e-05
1.836954090652775e-05
0.0001727292519261417
3.110228060615429e-05
2.966742595209083e-05
3.190396956331409e-05
3.039861346153723e-05
6.796978244363294e-05
0.00016527566066599
7.101256354562783e-06
1.489537786659285e-05
3.553017852759212e-05
3.421132861825579e-05
0.0001164501706745766
9.485998877974315e-06
1.158337281711105e-05
1.672307687615382e-05
1.137563473428325e-05
3.18628028021514e-05
6.56815442206804e-05
5.09886113925153e-05
0.0001053816678291531
2.011136445676478e-05
2.988088295322736e-05
1.845953396249206e-05
2.936223959528904e-05
3.898140527135005e-05
1.99806681356362e-05
3.10145801065412e-05
9.357707319896177e-05
1.800294883635027e-05
2.010798581256954e-05
1.625701857091168e-05
1.859898397697112e-05
6.721113989043545e-05
2.23802872301157e-05
4.839589202951467e-05
0.0001310218518136931
3.774079289305697e-05
5.512612387278907e-05
9.989249510031741e-06
4.996360044444869e-05
6.12052811415575e-06
0.000109836309006825
3.885862381842089e-05
0.0001436793835728421
5.329890918162299e-05
0.0003143829887854092
9.372907745151655e-05
1.476595182174908e-05
1.511503633196891e-05
1.434861946995901e-05
7.081363618979974e-05
5.881007570108302e-05
8.157057358311558e-05
3.394930831231751e-05
0.000187460446901679
2.873923733963259e-05
2.969206393725257e-05
3.625147079832863e-05
8.758174528333525e-05
4.34361637858722e-05
4.37841651547195e-05
0.0001236982208042993
3.926990973025938e-05
2.462840686740564e-05
5.849982403966259e-05
2.043563974125831e-05
2.575207893888629e-05
6.466030827709928e-05
3.826131566311737e-05
0.0001838648372939617
1.132680070047746e-05
9.842262275267761e-06
8.069040349652486e-06
9.608853792947146e-06
1.592146633616008e-05
3.555497913959521e-05
4.598479911019102e-05
5.044187093258931e-05
2.205944769289917e-05
2.280064170421419e-05
3.864441222110623e-05
1.562680964742424e-05
4.436834091747909e-05
2.971529798418712e-05
7.413351286052537e-05
1.588456668569906e-05
1.54956728411799e-05
8.273498975329124e-06
2.568922306268907e-05
3.774119193575776e-05
4.923759214585393e-05
5.618258602673267e-05
5.199212870557085e-05
8.420496097761429e-05
1.276217711291027e-05
0.0001043182561545817
1.336587340566861e-05
8.474125936186557e-05
1.080045628364382e-05
3.966298294249851e-05
3.593429810211883e-05
6.122430799013949e-05
3.347589324374107e-05
0.0001148995411121251
9.628842528214469e-05
3.146936100308283e-05
3.370147305001066e-05
3.967689811605847e-05
2.4111838397054e-05
2.982274419783379e-05
3.418896788434041e-05
3.368257734069013e-05
0.0001564961861294765
5.766479319552238e-05
2.240496430393536e-05
7.623176548795908e-05
2.55556566855688e-05
6.051399474393189e-05
4.613170347152462e-05
7.960231326351783e-05
5.873309938811465e-05
2.388624144876801e-05
1.894073687760417e-05
3.10978579246701e-05
4.476100231029672e-05
6.088564346314194e-05
2.964096843627865e-05
0.000148636087385351
2.625563402019685e-05
6.552842255028366e-06
7.850827916553173e-06
1.770211868637111e-05
3.01212604760571e-05
2.094911409607793e-05
3.690095865109786e-05
2.600381528424491e-05
7.375390866839413e-05
1.460263893091432e-05
5.57591945838923e-05
1.662602717644636e-05
1.771396717899494e-05
4.609992365391549e-05
5.007046005573991e-05
1.687041023576441e-05
1.189869611424924e-05
1.06450656077858e-05
5.174460708104673e-05
6.527258389789399e-05
3.535539630006728e-05
2.228543664259564e-05
2.115113184683536e-05
4.76763166925212e-05
1.26714396427778e-05
6.268990564641285e-05
1.884202065015108e-05
0.0001230260892923603
1.934543971910736e-05
1.32760985828297e-05
2.103941882549737e-05
3.16569643590711e-05
7.216479634463362e-05
9.505998591806903e-05
4.400468325006358e-05
5.900846308703675e-05
2.307735311952803e-05
5.337108317114557e-05
5.248907139930368e-05
2.067064636808236e-05
2.313861119095666e-05
4.342568709112563e-05
0.0001064485273797713
8.316560089616344e-05
1.099257877485538e-05
4.545042463566182e-05
4.216594323782226e-05
3.625567882023217e-05
4.544353165549948e-05
4.660285892001761e-05
4.635766915295213e-05
1.823868547210119e-05
1.068759118570865e-05
5.204722766461676e-05
4.59764081709911e-05
4.183761374777945e-05
4.252557248971795e-05
9.584517409671076e-05
4.535039071725582e-05
1.10559372682337e-05
1.233569542683376e-05
4.125097904841761e-05
9.691288774938649e-05
1.544535173319573e-05
1.463106622425896e-05
1.839001768970903e-05
4.687695886144842e-05
5.932048806031845e-06
9.760230457992907e-06
5.795340949815906e-05
2.939625842829179e-05
7.368983237176126e-05
1.858138190190809e-05
2.901335636315491e-05
8.542537978297595e-06
1.632137550311272e-05
4.536293266790657e-05
3.728359497166923e-05
1.367946115277905e-05
3.391929951442232e-05
2.984820186464408e-05
5.716226947272411e-05
2.876933268010993e-05
4.597449514344447e-05
1.613885396701712e-05
6.177393058753859e-05
3.49654098573354e-05
2.177695387240366e-05
1.189426294290285e-05
2.513699297868236e-05
0.0001039753031044427
5.297808017859128e-05
1.69452518090449e-05
9.386654133802512e-05
1.977274095117943e-05
6.518898574704203e-05
2.933989554448966e-05
5.275793506016005e-05
5.26882031353351e-05
4.307507489681144e-05
3.608871267111471e-05
2.588610324696634e-05
5.430861713825327e-05
2.077423193395481e-05
1.474857042781094e-05
4.164049626501303e-05
1.885436021381334e-05
4.013411752748458e-05
1.838867244674516e-05
2.996890351997541e-05
6.63107219368376e-05
3.930311847598414e-05
2.150325811367353e-05
5.244825694388743e-05
2.789305864633671e-05
4.651092170338819e-05
5.894163269456955e-05
1.660995445740218e-05
1.053496292705657e-05
1.564290814938882e-05
8.29226023373728e-05
1.722592257513628e-05
1.073979734011663e-05
2.588520947613438e-05
3.259475746050174e-05
1.740117009912638e-06
1.407589829960003e-05
0.0001007673198942426
9.08908326570936e-05
2.460659654620968e-05
1.689055809810598e-05
2.292771997070517e-05
1.133280088805301e-05
3.875454168297617e-05
5.295943934672124e-05
3.025948778420473e-05
8.026090667188024e-06
4.71627751050527e-05
1.109178600017374e-05
2.265113151667205e-05
3.932607175543803e-05
2.344169052878863e-05
1.305069011889037e-05
2.836455451143062e-05
5.457382298299899e-05
2.809010183135837e-05
1.37671658464709e-05
5.387275104933553e-05
5.343331175005604e-05
2.390704930844812e-05
2.846231027549877e-05
8.333397566627658e-05
3.737247200819808e-05
2.383852865738746e-05
3.620879396673792e-05
0.0001201521934425011
9.440810608888959e-05
2.839402815403507e-05
4.473504801828336e-05
1.197774492622985e-05
3.742997049074919e-05
1.560427778632705e-05
1.462581263587056e-05
5.716657130876777e-05
1.761617949933612e-05
2.30477219138706e-05
1.745078914780655e-05
0.0001034824534261093
0.0001488844143698182
1.352123655890157e-05
1.039949655469816e-05
7.872167842363938e-05
1.978814950669137e-05
1.543256450992636e-05
2.47357899122484e-05
1.716636045877479e-05
9.997121601284768e-06
6.183278278339149e-06
6.13582747351635e-05
5.354970525308914e-05
1.59618854862202e-05
2.517734071973119e-05
7.032240463815485e-05
5.451289621402115e-06
2.075294169557149e-05
7.984778535069547e-05
9.246149318582228e-05
1.743095939594353e-05
1.40382226318996e-05
1.17300157268795e-05
8.363574146819239e-06
5.585326496148746e-05
5.033950273025685e-05
2.347996941688167e-05
1.785730143048586e-05
3.857252245826578e-05
2.047373755285146e-05
7.960034447965549e-06
2.374685908546962e-05
3.986862897506767e-05
1.085057514158514e-05
1.14007792933864e-05
3.481106480152266e-05
3.091082551496915e-05
1.120624089185825e-05
5.44649387997127e-05
1.845837541519473e-05
5.032851888462932e-05
6.607715931579286e-05
4.041637611151772e-05
5.215292097096924e-05
4.083342948411927e-05
6.741046524469269e-05
0.0001510284121093235
8.213585787575078e-05
2.315460102935832e-05
4.990186024318164e-05
2.545114007654703e-05
4.386215437064642e-06
3.224911894313978e-05
1.377982009127738e-05
7.851936931670035e-05
2.080020205966666e-05
1.315639395898337e-05
1.400832118011194e-05
0.0001709662391415305
0.0001491297529778304
1.876921883504274e-05
6.664349465481282e-06
3.19687742329375e-05
1.04479784817587e-05
1.188156119829378e-05
2.290083171094089e-05
3.021560859819341e-05
1.77032627092758e-05
6.153972832996028e-06
4.111979980344379e-05
0.0001076994136087919
1.486969483996692e-05
1.969565307179118e-05
0.0001221661354435236
1.062448059292728e-05
4.905343157861715e-05
4.964513389074773e-05
5.342613983324971e-05
2.714919586617682e-05
1.386840830110491e-05
1.744025106191223e-05
7.418050324049185e-06
6.643664641000176e-05
4.024773438110811e-05
2.770135300149188e-05
7.283177238071821e-06
2.09137250473452e-05
4.353674896419771e-05
2.556835148437099e-05
1.485542264339688e-05
4.546235326482773e-05
1.498209301954744e-05
1.231712356874826e-05
2.43637403154525e-05
1.576300188409803e-05
4.318043413765667e-05
3.724661825219904e-05
2.441126160716688e-05
8.892561215131235e-05
1.715251478260564e-05
3.610389966730164e-05
4.850979067069093e-05
5.284962415008274e-05
7.142651694491797e-05
0.0001362927359380002
3.387650824703731e-05
2.004923072416145e-05
6.912246260729269e-05
6.424282181205829e-05
8.378135819689825e-06
4.875861304381334e-05
1.921871937899067e-05
5.752333814714142e-05
1.15166906697788e-05
1.764950435753024e-05
1.140028193321232e-05
9.018191079437422e-05
6.805848022092133e-05
3.117894521408495e-05
6.251208646409123e-06
3.135323457834552e-05
1.046079069092734e-05
1.312916646385517e-05
2.240933740117752e-05
3.747869615275744e-05
1.989155304273319e-05
6.456626706800125e-06
3.69701403688366e-05
0.0001092196914492685
1.481996232237009e-05
1.887772483870383e-05
0.0001268452068250032
1.173524097812477e-05
6.251175933108366e-05
4.290736266764966e-05
5.270353544338033e-05
2.83775369127949e-05
1.392151110926285e-05
2.289592650235958e-05
6.996334380280113e-06
6.41875892121479e-05
3.635840298858553e-05
3.197235874784847e-05
7.991257352347624e-06
2.523945020448716e-05
4.339912024099383e-05
2.537879761557567e-05
1.486968532877302e-05
4.289192845411966e-05
1.606653785482241e-05
1.261880389061681e-05
2.105969826776553e-05
1.66061554919968e-05
4.866241556855368e-05
3.670564351692311e-05
2.490861926984225e-05
9.044813337399013e-05
1.713604538039452e-05
3.567866790815917e-05
4.91434696022411e-05
5.176403013208539e-05
7.232989961891381e-05
0.0001411564524797581
2.786913681600663e-05
1.990299066711206e-05
7.57394040417141e-05
6.510545312213985e-05
8.318854635171522e-06
5.194072623977044e-05
2.041411612027703e-05
5.061666788837538e-05
1.10938576967667e-05
1.891421148432294e-05
1.095200451471499e-05
8.18715236005221e-05
5.77992135178813e-05
3.122458257891642e-05
1.163012980461455e-05
4.53714157184978e-05
1.120126906494803e-05
1.651970240381387e-05
2.46447206571348e-05
4.889256635943242e-05
2.833047378142429e-05
1.102354818162658e-05
4.092133899205433e-05
8.250090459334828e-05
1.909092371320146e-05
1.676166005898538e-05
0.0001248719716958354
1.840423125652822e-05
0.0001249176820170577
2.060600371301117e-05
4.685196473068538e-05
2.340776272144314e-05
1.52805329071618e-05
6.473329358552399e-05
6.18743976210198e-06
3.89001524652388e-05
1.790365546243519e-05
4.964259681780694e-05
1.7391614261973e-05
9.09006183338079e-05
3.316740478122792e-05
3.467876793792039e-05
2.343315210075233e-05
1.373725917170918e-05
1.369779505281983e-05
8.386961643534774e-06
1.551072807645402e-05
1.872326688125257e-05
5.785509682686337e-05
4.985622963797825e-05
3.087363586599602e-05
0.0001080080618361428
1.759508692458773e-05
2.55462118754372e-05
2.382996492173625e-05
5.863802718352776e-05
7.411039008924317e-05
0.0001153917245363307
1.825909813324198e-05
2.452782775432525e-05
9.845129310678487e-05
4.57164597466776e-05
7.658320602612438e-06
7.58640072760729e-05
2.271764995054185e-05
4.939142762678189e-05
1.606522155197138e-05
2.051852840441505e-05
1.628210514009525e-05
3.390258583237233e-05
1.537889578041917e-05
2.270697267281105e-05
6.977896522245479e-06
3.41742364766046e-05
2.365525801741353e-05
3.497854790714047e-05
4.487647029604852e-05
3.131255590497022e-05
3.377425682211635e-05
1.217157007374028e-05
2.780917332265258e-05
6.63115686687285e-05
1.919276475294773e-05
1.521194106042509e-05
0.0001009199346810897
3.596681446632496e-05
0.0001258941880880274
7.916242594331798e-06
2.441877019168249e-05
1.8363393823746e-05
1.142719670170227e-05
8.648479149911737e-05
2.137042388026543e-06
1.490691049226611e-05
1.868193395590678e-05
5.407500834499193e-05
3.156149005933271e-05
0.0001185935786334308
2.053814352657671e-05
1.435168864915416e-05
3.638694384993173e-05
1.191341595735973e-05
2.139640114951984e-05
1.03079290788955e-05
1.059206314110079e-05
1.5313659070599e-05
3.831380457080317e-05
6.304013858704977e-05
3.380771076917749e-05
6.642485275214933e-05
2.427421840997141e-05
2.40436023951019e-05
2.416126481973332e-05
1.145363195065779e-05
0.0001000086776987934
8.920468656818694e-05
2.525938921245405e-05
3.056570820387293e-05
0.0001097677863253915
2.624046889953881e-05
1.341347403029094e-05
4.151823469457285e-05
2.318249146962021e-05
4.807022788152206e-05
2.244274943379802e-05
1.740573996372134e-05
1.82129879739264e-05
1.835309830081966e-05
6.78628225617927e-06
2.812278566384897e-05
7.351546241175361e-06
3.501055397389789e-05
2.446745274867341e-05
3.475169537131617e-05
4.688291407753594e-05
2.406350643103555e-05
3.282516349122054e-05
1.226864712883834e-05
2.822186347648052e-05
6.164255841234237e-05
2.001833816860147e-05
1.506512415838816e-05
9.589938700401038e-05
3.595620358216116e-05
0.0001225125697512775
8.094226979348231e-06
2.016152781967837e-05
1.70166491009523e-05
1.154730043359652e-05
8.558613381917824e-05
2.08591939733035e-06
1.414388864991547e-05
1.909349311173686e-05
5.227968831558527e-05
3.263559346678375e-05
0.0001225686631734557
2.127201591097592e-05
1.479349209677581e-05
3.874234707939721e-05
1.190164424364503e-05
2.058050572648802e-05
1.031274653116101e-05
1.050436295310015e-05
1.473385857755789e-05
3.391863864729627e-05
6.380653069080183e-05
3.393159463663158e-05
6.630409917381745e-05
2.535747569702719e-05
2.297424174150837e-05
2.385832207708083e-05
1.152185906808274e-05
9.450247547782951e-05
7.690834529701183e-05
2.63080417926205e-05
3.203402816291526e-05
0.0001105860342606857
2.499856422238164e-05
1.409288798747871e-05
3.912214414238862e-05
2.239726753891318e-05
4.7666029266151e-05
2.423751507301895e-05
1.701230059758127e-05
1.79918071028004e-05
1.88453638427839e-05
6.884650671392235e-06
2.851006885861848e-05
4.941957402919174e-06
7.777200568859701e-06
1.70889388745531e-05
6.855450003933452e-06
2.003309897867907e-05
1.323653724843854e-05
2.397096325455436e-05
1.398075196560815e-05
2.951421364265161e-05
2.519873643406935e-05
1.384392604196657e-05
2.093415609017751e-05
4.740925344428405e-05
5.593716529221988e-05
8.28487747983502e-05
2.324324446359619e-05
2.46508329901825e-06
7.516200647065634e-06
3.418441927182366e-05
4.01002811842396e-05
2.905121498018753e-06
1.708472611215453e-05
3.63259709499124e-05
4.233402753137052e-05
2.10782262775065e-05
0.0001041762130100337
2.053252588369258e-05
1.538098545495196e-05
4.046008858142485e-05
1.143520979706694e-05
1.506287222810316e-05
1.845956609410676e-05
1.008280349852773e-05
1.496779489648843e-05
1.5265503915169e-05
1.763569235489994e-05
6.571864546644515e-05
2.505014867194482e-05
2.19406143038636e-05
3.20238623308058e-05
1.460826283028547e-05
1.532934850071991e-05
7.846813325455279e-05
6.493978756580817e-05
3.682920662701017e-05
3.475464505895998e-05
0.0001634714568799914
1.546839538442188e-05
1.218489568612641e-05
7.105020901176946e-06
3.152747306762064e-05
2.928426731279163e-05
4.104140920639533e-05
3.691556194538881e-05
7.635637997008779e-06
3.064312441331392e-05
6.456537956258544e-06
1.672330166420302e-05
3.828461333956388e-06
6.36552458961123e-06
1.672722778190245e-05
6.669677117454432e-06
1.626447316476958e-05
1.420627746038944e-05
2.285447493247403e-05
1.373083624007812e-05
2.797244687055897e-05
2.007632624872885e-05
1.2132500630629e-05
2.125948899758967e-05
4.318800205963291e-05
5.515334300322208e-05
7.573084066045116e-05
2.536742462637892e-05
2.111159908976629e-06
7.140162553483052e-06
3.538922814200282e-05
2.992380003097493e-05
3.035848071657966e-06
1.753091946845296e-05
3.757671187124246e-05
3.670471226997397e-05
1.644602302890977e-05
9.133579291831509e-05
2.046838480960077e-05
1.493248777492663e-05
3.233934250867208e-05
1.115188810813939e-05
1.561354425949506e-05
1.819736460871039e-05
1.081393884991407e-05
1.400307484357772e-05
1.537088130252392e-05
1.533008766206673e-05
6.609641383115105e-05
2.62646643134636e-05
2.107321690106086e-05
3.342017672801606e-05
1.376463180979386e-05
1.512871121876e-05
7.453618284735003e-05
6.207187672895674e-05
3.755967879277767e-05
3.378038031687061e-05
0.0001698009629972134
1.497801145309567e-05
1.155013421075939e-05
7.317133941361779e-06
3.097932826079203e-05
2.918728035586862e-05
4.132347071820181e-05
3.691237939025301e-05
6.447312745717617e-06
3.091261820416912e-05
6.789723445290677e-06
1.741541064607411e-05
3.41962141443137e-06
5.575220911397111e-06
1.591242398917887e-05
6.564887254819079e-06
1.449017691374772e-05
1.327517928494036e-05
2.227216571701057e-05
1.332797604372777e-05
2.674664315481442e-05
1.745860494311314e-05
1.184815405022256e-05
2.054322852762947e-05
3.987754222999567e-05
5.489928809298646e-05
7.022730949991408e-05
2.396196598728565e-05
1.946687640199005e-06
7.088622053260097e-06
3.350635949430173e-05
2.655289095718992e-05
2.965843595401695e-06
1.716700034783315e-05
3.612681142951626e-05
3.340341862860841e-05
1.451358194914596e-05
8.05198099392113e-05
2.011256767256468e-05
1.411328091432143e-05
2.978711625756342e-05
1.043348884761141e-05
1.606193062220851e-05
1.808235206885628e-05
1.236704249935617e-05
1.33600237991117e-05
1.555756397958528e-05
1.392364592638228e-05
6.818798105936628e-05
2.809626638560892e-05
1.957846418733695e-05
3.470531194672349e-05
1.298798551836461e-05
1.475536663788712e-05
6.920240232424702e-05
6.232016970516514e-05
3.583003597595379e-05
3.25403141436986e-05
0.0001774633848685085
1.445654575993848e-05
1.168583642861591e-05
6.834116614720578e-06
2.970781228614337e-05
2.942948742044224e-05
4.043903713365765e-05
3.709083463571812e-05
5.893702399325853e-06
3.016968207363826e-05
7.595086573560338e-06
1.639906921615889e-05
1.125278159070276e-06
1.495723837940123e-06
7.473031746090248e-06
1.712023752330297e-06
1.670137835827135e-06
5.647276000595443e-06
8.718702183144035e-06
1.121572505034942e-05
6.581165946836504e-06
1.347967112301795e-05
1.681137879577527e-05
1.621863778940524e-05
1.400590651264317e-05
2.723828094034004e-05
2.951048612569198e-05
2.704695856934582e-05
2.13719290698105e-06
5.323701806769895e-06
3.771839276660762e-06
5.629019263577967e-06
4.162984693896549e-06
8.158215634845612e-06
4.178553657397069e-06
7.610880671955286e-06
2.113628112861433e-05
2.294296371342902e-05
1.505213807447483e-05
3.933939970045075e-06
9.909181098211649e-06
5.925042131113106e-06
1.6217372313675e-05
7.305678417676486e-06
1.418203884633379e-05
5.115438384459662e-06
1.082926158665668e-05
2.263805939266662e-06
5.404633133150178e-05
2.507458512795179e-05
1.002249895176286e-05
3.432804113144971e-05
2.405678781329329e-06
1.295666185863582e-05
1.570661801929929e-05
5.155540001863468e-05
1.219483030497151e-05
1.693936231729357e-05
0.0001851595399466171
1.279073219397382e-05
8.159082766281409e-06
4.945465793371966e-06
4.776797574851135e-06
1.231938430769589e-05
1.668894469052445e-05
1.645326126640241e-05
1.608289927839016e-06
1.720060700189677e-05
1.113600223243639e-05
6.139873692365214e-06
1.063845150193089e-06
1.465724852195263e-06
6.484185179990704e-06
1.614575495170607e-06
1.361426406246187e-06
4.864397254269011e-06
7.805153804346431e-06
1.096121513404292e-05
5.818195735275857e-06
1.545238179100409e-05
1.615834538399035e-05
1.576953974627766e-05
1.377198642989051e-05
2.645192868124811e-05
2.663454995532956e-05
2.559034993830648e-05
2.142934525115101e-06
5.109636271050637e-06
3.231591192181783e-06
5.370291152423063e-06
4.227074797567027e-06
7.765087312263916e-06
3.999659641209152e-06
6.952570069743868e-06
1.935728530286327e-05
1.879546055048282e-05
1.430891017565703e-05
3.55936605711043e-06
9.49052363065009e-06
5.417261404926212e-06
1.533851843808571e-05
7.101122664127198e-06
1.388813284734005e-05
4.703800520186692e-06
1.023380310261029e-05
2.232889608598991e-06
5.277624543735081e-05
2.393378015430831e-05
9.523689431024264e-06
3.249458826514476e-05
2.132984677141369e-06
1.226736767656936e-05
1.517546705819575e-05
5.008288931386695e-05
1.103456665167392e-05
1.514299415135798e-05
0.000177412057828483
1.188367838635941e-05
9.472619950558436e-06
4.930287546126114e-06
4.242890941086212e-06
1.179849713158165e-05
1.522934757007095e-05
1.497354590679422e-05
1.554905374298042e-06
1.630849059639524e-05
1.094975729158808e-05
5.348453425115896e-06
3.379138342127424e-07
7.254482917356022e-07
2.005452756389426e-07
8.273898211800339e-07
7.021015295851659e-08
4.536818006045684e-07
2.018153283142866e-06
2.87209048122818e-06
4.638719755819509e-06
2.005355505387442e-05
4.651148254786445e-06
2.161790987512877e-06
5.698084746183106e-06
2.720119403887978e-06
5.074009688943471e-06
3.92129824313002e-06
1.518245695757879e-06
5.144254194696942e-06
5.047333186377037e-07
3.49524326620611e-06
2.084855108396183e-06
1.566087406964762e-06
1.473235165833902e-06
2.609023583977031e-06
7.804603440018227e-07
4.1949933352186e-06
2.341171064581836e-06
1.032696937535863e-06
1.967598039487961e-06
9.051883522589542e-07
4.766901630219496e-06
5.462279207954859e-07
6.491807618667365e-06
7.510842364089479e-07
2.902684064676684e-06
1.355184897359934e-06
1.560118758268776e-05
1.140596394100924e-05
1.918590320410919e-06
1.25585800999207e-05
2.66323061772999e-07
4.209374010470753e-06
9.066036230989802e-06
3.266804593350028e-05
4.351712607829382e-06
3.708274362579227e-06
6.086361103465084e-05
3.269938646137311e-06
1.813176985797354e-05
2.633089323438008e-06
4.134895026791458e-06
4.854003834530651e-06
4.464791371079849e-06
2.644304887394665e-06
8.925718050336652e-07
8.191814476241276e-07
4.027151554926998e-06
5.560935014567881e-07
3.473457184578271e-07
7.578602666596239e-07
2.038054564940803e-07
7.323496689209288e-07
6.810646097336531e-08
4.277830010167495e-07
1.739442599028566e-06
2.911087822532415e-06
4.675877526974272e-06
2.068770285094234e-05
4.348355833619694e-06
2.197537205586285e-06
5.697357859104475e-06
2.53398273276337e-06
4.169130899115899e-06
3.704783817086154e-06
1.509358758636187e-06
4.957298076792759e-06
4.83797341414188e-07
3.416518136926327e-06
2.115141226989021e-06
1.371062593245688e-06
1.248276417347585e-06
2.458110392240434e-06
8.024443989732805e-07
4.315732618906301e-06
2.114981420023745e-06
9.823270638428479e-07
1.949197788178418e-06
8.301620772811734e-07
4.147421584022622e-06
5.541900167098255e-07
5.518381748688533e-06
6.635031802061298e-07
2.557175348238633e-06
1.367624516769697e-06
1.348712046508136e-05
9.681316234905457e-06
1.681825481119881e-06
1.097055174677186e-05
2.720012626292279e-07
4.2825010696674e-06
8.645652132135245e-06
3.021370135578564e-05
3.885880020284492e-06
3.404176173552997e-06
5.322733621553233e-05
3.006081698421725e-06
1.877755417064968e-05
2.647460526780023e-06
4.261582206716497e-06
4.186486138179493e-06
3.635307351408369e-06
2.1256331954886e-06
8.214560099648456e-07
7.507266428989194e-07
3.459392275005985e-06
5.414450427928041e-07
)
;

boundaryField
{
    inlet
    {
        type            cyclic;
    }
    outlet
    {
        type            cyclic;
    }
    bottomWall
    {
        type            nutUSpaldingWallFunction;
        value           uniform 0.0001;
    }
    topWall
    {
        type            nutUSpaldingWallFunction;
        value           uniform 0.0001;
    }
    left
    {
        type            cyclic;
    }
    right
    {
        type            cyclic;
    }
}


// ************************************************************************* //
