/*--------------------------------*- C++ -*----------------------------------*\
| =========                 |                                                 |
| \\      /  F ield         | OpenFOAM: The Open Source CFD Toolbox           |
|  \\    /   O peration     | Version:  v1812                                 |
|   \\  /    A nd           | Web:      www.OpenFOAM.com                      |
|    \\/     M anipulation  |                                                 |
\*---------------------------------------------------------------------------*/
FoamFile
{
    version     2.0;
    format      ascii;
    class       volScalarField;
    location    "20000";
    object      nuTilda;
}
// * * * * * * * * * * * * * * * * * * * * * * * * * * * * * * * * * * * * * //

dimensions      [0 2 -1 0 0 0 0];


internalField   nonuniform List<scalar> 
3770
(
0.0004779055941196155
0.0004779055941195852
0.0004779055941195831
0.0004779055941196126
0.0004779055941196441
0.0004779055941196118
0.0004779055941195981
0.0004779055941195919
0.0004779055941196093
0.000477905594119618
0.0004779055941196465
0.0004779055941196052
0.0004779055941196305
0.0004779055941196243
0.0004779055941196204
0.0004779055941195909
0.0004779055941195799
0.0004779055941196527
0.0004779055941196433
0.0004779055941196395
0.0004779055941195722
0.0004779055941196317
0.0004779055941196852
0.000477905594119625
0.0004779055941195749
0.0004779055941195818
0.0004779055941195642
0.0004779055941195944
0.0004779055941196374
0.0004779055941195956
0.0004779055941196151
0.0004779055941196437
0.0004779055941195977
0.000477905594119615
0.0004779055941196254
0.00047790559411962
0.0004779055941196553
0.0004779055941196435
0.000477905594119653
0.0004779055941196167
0.0004779055941195794
0.0004779055941196075
0.0004779055941196364
0.0004779055941196104
0.0004779055941196113
0.0004779055941195997
0.0004779055941196108
0.0004779055941196034
0.000477905594119603
0.0004779055941196
0.0004779055941195681
0.000477905594119557
0.0004779055941196253
0.0004779055941196795
0.0004779055941196072
0.0004779055941195568
0.0004779055941196076
0.000477905594119651
0.0002468733525571719
0.0002468733525582059
0.0002468733525573011
0.0002468733525580077
0.0002468733525579258
0.0002468733525582476
0.0002468733525578936
0.0002468733525582491
0.0002468733525579774
0.0002468733525579214
0.0002468733525576586
0.0002468733525570405
0.0002468733525572337
0.0002468733525565619
0.0002468733525574932
0.0002468733525573534
0.0002468733525567084
0.0002468733525579237
0.0002468733525574752
0.0002468733525572718
0.0002468733525568226
0.0002468733525572947
0.0002468733525565847
0.0002468733525562489
0.0002468733525565235
0.0002468733525572833
0.0002468733525568419
0.0002468733525572507
0.0002468733525578782
0.000246873352557393
0.0002468733525572933
0.0002468733525581094
0.000246873352557763
0.0002468733525574341
0.0002468733525572684
0.0002468733525574842
0.0002468733525579022
0.0002468733525578367
0.0002468733525566724
0.00024687335255716
0.000246873352557009
0.0002468733525571473
0.0002468733525580142
0.0002468733525581217
0.0002468733525576941
0.0002468733525574063
0.0002468733525571752
0.0002468733525568236
0.0002468733525569416
0.0002468733525570144
0.0002468733525569363
0.0002468733525560806
0.0002468733525570047
0.0002468733525575775
0.0002468733525570382
0.0002468733525557219
0.0002468733525566436
0.000246873352555824
0.0002530175720518737
0.000253017572057176
0.0002530175720539814
0.0002530175720571625
0.0002530175720553253
0.0002530175720566924
0.0002530175720538534
0.0002530175720562939
0.000253017572054573
0.0002530175720543117
0.0002530175720538798
0.0002530175720511371
0.0002530175720521895
0.000253017572049475
0.0002530175720541238
0.0002530175720544858
0.0002530175720513339
0.000253017572056607
0.0002530175720555269
0.0002530175720531339
0.0002530175720510875
0.0002530175720537502
0.0002530175720507424
0.0002530175720504154
0.0002530175720511875
0.0002530175720525085
0.000253017572050927
0.0002530175720515262
0.0002530175720548823
0.0002530175720533073
0.00025301757205175
0.0002530175720561637
0.0002530175720563238
0.0002530175720543459
0.0002530175720513504
0.0002530175720514501
0.0002530175720551644
0.0002530175720553027
0.0002530175720504667
0.0002530175720526183
0.0002530175720523612
0.0002530175720512553
0.0002530175720551331
0.0002530175720556554
0.0002530175720529389
0.0002530175720515633
0.0002530175720536341
0.0002530175720535684
0.0002530175720542154
0.0002530175720517563
0.0002530175720522062
0.0002530175720488332
0.0002530175720507117
0.0002530175720540603
0.0002530175720505793
0.0002530175720441186
0.0002530175720492842
0.0002530175720453096
0.0003545997880150796
0.0003545997880256053
0.000354599788015832
0.0003545997880247063
0.0003545997880207197
0.0003545997880237405
0.0003545997880158037
0.0003545997880212699
0.0003545997880196319
0.0003545997880174333
0.000354599788018752
0.0003545997880156504
0.0003545997880211641
0.0003545997880111468
0.0003545997880249227
0.0003545997880222043
0.000354599788010633
0.0003545997880262752
0.0003545997880230668
0.0003545997880163895
0.000354599788016229
0.0003545997880247254
0.0003545997880168088
0.000354599788017944
0.0003545997880258011
0.0003545997880199747
0.000354599788016066
0.0003545997880144342
0.0003545997880220239
0.0003545997880231275
0.0003545997880163191
0.0003545997880241151
0.0003545997880248168
0.0003545997880190374
0.0003545997880176033
0.000354599788014704
0.0003545997880222738
0.0003545997880229854
0.00035459978801419
0.0003545997880160438
0.0003545997880219712
0.0003545997880150774
0.0003545997880219373
0.0003545997880226711
0.0003545997880155398
0.0003545997880165223
0.0003545997880250548
0.000354599788017054
0.0003545997880185272
0.0003545997880096237
0.0003545997880229212
0.0003545997880201846
0.0003545997880138241
0.0003545997880211956
0.0003545997880183055
0.0003545997880067854
0.0003545997880138676
0.0003545997880028198
0.0004731717595016629
0.0004731717595168675
0.0004731717594999792
0.0004731717595130121
0.000473171759511661
0.0004731717595126879
0.0004731717594968002
0.0004731717595128775
0.0004731717595146613
0.0004731717595041339
0.0004731717595102218
0.0004731717595061861
0.0004731717595091734
0.0004731717594946879
0.0004731717595169856
0.0004731717595135531
0.0004731717594941561
0.0004731717595179356
0.0004731717595148964
0.0004731717594972637
0.0004731717595093799
0.000473171759514865
0.0004731717595023499
0.000473171759509547
0.0004731717595209417
0.0004731717595080146
0.0004731717595061739
0.000473171759495368
0.0004731717595152099
0.0004731717595147698
0.0004731717594967108
0.0004731717595176891
0.0004731717595178698
0.0004731717595048137
0.0004731717595081058
0.0004731717594951871
0.0004731717595154774
0.0004731717595140588
0.0004731717594945843
0.0004731717595073489
0.0004731717595115754
0.0004731717594939946
0.000473171759515072
0.0004731717595138528
0.0004731717594992678
0.0004731717595071841
0.0004731717595197687
0.0004731717595023472
0.0004731717595067985
0.0004731717594920529
0.0004731717595141224
0.0004731717595120307
0.0004731717594938025
0.000473171759514375
0.0004731717595107195
0.0004731717594948643
0.0004731717594989152
0.0004731717594804731
0.0005963969925263471
0.0005963969925407274
0.0005963969925186379
0.0005963969925327993
0.0005963969925408373
0.0005963969925381238
0.0005963969925165118
0.0005963969925455975
0.0005963969925434916
0.0005963969925276455
0.0005963969925357227
0.0005963969925301657
0.0005963969925323746
0.0005963969925163662
0.0005963969925441308
0.0005963969925405963
0.0005963969925154839
0.000596396992545155
0.0005963969925412187
0.0005963969925155785
0.0005963969925427122
0.0005963969925416714
0.0005963969925248107
0.000596396992539176
0.0005963969925467269
0.0005963969925315473
0.0005963969925302059
0.0005963969925154275
0.0005963969925430049
0.0005963969925406437
0.0005963969925178998
0.0005963969925453703
0.0005963969925446563
0.0005963969925281853
0.0005963969925315895
0.0005963969925147478
0.0005963969925429362
0.0005963969925393877
0.0005963969925138435
0.0005963969925400341
0.0005963969925381707
0.0005963969925133723
0.0005963969925429186
0.0005963969925397124
0.0005963969925206774
0.0005963969925337332
0.0005963969925482438
0.0005963969925253118
0.0005963969925298187
0.0005963969925120811
0.0005963969925409471
0.0005963969925379242
0.0005963969925148825
0.0005963969925421552
0.0005963969925377379
0.0005963969925184045
0.0005963969925237677
0.0005963969925025132
0.0007241858845139097
0.0007241858845241204
0.0007241858844967691
0.000724185884523201
0.0007241858845228468
0.0007241858845288546
0.0007241858845005199
0.0007241858845373052
0.0007241858845331579
0.0007241858845140905
0.0007241858845217306
0.0007241858845158164
0.0007241858845160702
0.000724185884499612
0.0007241858845328797
0.0007241858845273228
0.0007241858844994118
0.0007241858845335799
0.0007241858845281672
0.0007241858844983009
0.0007241858845328338
0.000724185884528383
0.0007241858845089104
0.0007241858845252171
0.0007241858845397168
0.0007241858845164764
0.0007241858845152117
0.0007241858844987127
0.0007241858845314184
0.0007241858845270328
0.0007241858845028347
0.0007241858845326524
0.0007241858845315705
0.0007241858845142906
0.0007241858845151619
0.0007241858844973078
0.0007241858845309078
0.0007241858845253166
0.0007241858844966777
0.0007241858845296288
0.000724185884524993
0.0007241858844961978
0.0007241858845315719
0.0007241858845262374
0.0007241858845047865
0.0007241858845218177
0.0007241858845364513
0.0007241858845107355
0.0007241858845135078
0.0007241858844949413
0.0007241858845292497
0.0007241858845248502
0.0007241858845002682
0.0007241858845301764
0.0007241858845257345
0.000724185884505337
0.0007241858845119542
0.0007241858844919906
0.0008592288843651201
0.0008592288843716298
0.0008592288843460141
0.0008592288843659461
0.0008592288843783882
0.0008592288843777383
0.0008592288843493407
0.0008592288843902115
0.0008592288843858015
0.0008592288843636196
0.0008592288843714197
0.0008592288843640095
0.000859228884364334
0.0008592288843465355
0.0008592288843847943
0.0008592288843766891
0.0008592288843475518
0.000859228884385046
0.000859228884378218
0.00085922888434584
0.000859228884383948
0.0008592288843781549
0.0008592288843572068
0.000859228884375778
0.0008592288843923227
0.0008592288843645874
0.0008592288843638356
0.0008592288843465488
0.0008592288843822795
0.0008592288843763676
0.0008592288843539866
0.0008592288843777968
0.0008592288843820211
0.0008592288843625492
0.000859228884363263
0.0008592288843440917
0.0008592288843818025
0.0008592288843744433
0.0008592288843439199
0.0008592288843816422
0.0008592288843748192
0.0008592288843433055
0.0008592288843832513
0.0008592288843758585
0.0008592288843529154
0.0008592288843729696
0.000859228884387364
0.0008592288843587628
0.0008592288843618243
0.0008592288843421681
0.0008592288843809736
0.0008592288843751511
0.0008592288843528401
0.0008592288843768988
0.0008592288843782007
0.0008592288843573357
0.0008592288843641661
0.000859228884347622
0.001005787144948179
0.001005787144954089
0.001005787144926346
0.001005787144950987
0.00100578714495671
0.001005787144962667
0.001005787144930247
0.001005787144974091
0.0010057871449699
0.001005787144945041
0.001005787144952697
0.00100578714494391
0.001005787144944674
0.001005787144925715
0.001005787144967353
0.001005787144957368
0.001005787144928044
0.001005787144967577
0.001005787144959979
0.00100578714492631
0.001005787144962411
0.001005787144959457
0.001005787144937627
0.001005787144957619
0.001005787144975466
0.001005787144944425
0.001005787144944249
0.00100578714492692
0.001005787144963074
0.001005787144956883
0.001005787144935904
0.0010057871449568
0.001005787144970006
0.001005787144942355
0.001005787144943275
0.001005787144922896
0.001005787144964427
0.001005787144955162
0.001005787144923533
0.001005787144964807
0.001005787144956072
0.001005787144922366
0.001005787144966535
0.001005787144957009
0.001005787144933108
0.001005787144955202
0.001005787144969921
0.001005787144939029
0.00100578714494173
0.00100578714492152
0.001005787144964576
0.001005787144956772
0.001005787144933517
0.00100578714495614
0.00100578714496842
0.001005787144941679
0.001005787144948396
0.001005787144936877
0.001170638157222455
0.001170638157218102
0.001170638157200362
0.001170638157209839
0.001170638157235
0.001170638157228446
0.001170638157198477
0.001170638157245104
0.001170638157241117
0.001170638157214105
0.001170638157220929
0.001170638157211467
0.001170638157212652
0.001170638157193296
0.001170638157234614
0.001170638157225344
0.001170638157196945
0.001170638157235435
0.001170638157229882
0.00117063815719355
0.001170638157230032
0.001170638157228017
0.001170638157205674
0.00117063815722593
0.001170638157245907
0.00117063815721176
0.001170638157212061
0.001170638157197282
0.001170638157225458
0.00117063815722544
0.001170638157203961
0.001170638157224947
0.001170638157242072
0.001170638157209651
0.001170638157210492
0.001170638157189019
0.001170638157235223
0.001170638157223346
0.001170638157191222
0.001170638157234301
0.001170638157224603
0.001170638157189117
0.00117063815723689
0.001170638157225403
0.001170638157200877
0.001170638157224005
0.001170638157240103
0.00117063815720727
0.00117063815720869
0.001170638157188283
0.001170638157236214
0.001170638157225919
0.00117063815720151
0.001170638157225471
0.00117063815724233
0.001170638157211323
0.001170638157222781
0.001170638157214517
0.00136381300171687
0.001363813001692425
0.001363813001695673
0.001363813001680052
0.001363813001724862
0.00136381300171195
0.001363813001682185
0.001363813001731711
0.001363813001727557
0.001363813001698696
0.001363813001704727
0.001363813001694882
0.001363813001696748
0.001363813001678735
0.001363813001711868
0.001363813001710154
0.001363813001685881
0.001363813001708607
0.001363813001720633
0.001363813001675404
0.001363813001717242
0.001363813001712285
0.001363813001689217
0.001363813001709352
0.001363813001732398
0.001363813001694987
0.001363813001695371
0.001363813001682168
0.001363813001706406
0.001363813001717198
0.00136381300168754
0.001363813001708623
0.001363813001729013
0.001363813001692683
0.001363813001693302
0.001363813001670644
0.001363813001722861
0.001363813001707593
0.001363813001675647
0.001363813001716382
0.001363813001709953
0.001363813001672103
0.001363813001721962
0.001363813001709543
0.001363813001684417
0.001363813001707642
0.001363813001726347
0.001363813001691468
0.001363813001691305
0.001363813001670634
0.001363813001724354
0.001363813001710795
0.001363813001685476
0.001363813001711376
0.001363813001730448
0.001363813001695183
0.001363813001714444
0.001363813001708251
0.001598555032784401
0.001598555032750962
0.00159855503275683
0.001598555032731377
0.001598555032789358
0.00159855503277112
0.001598555032741094
0.001598555032793562
0.001598555032788694
0.001598555032757864
0.001598555032764717
0.001598555032753717
0.001598555032756622
0.001598555032743012
0.001598555032761989
0.001598555032777128
0.001598555032746281
0.001598555032763574
0.001598555032783605
0.001598555032731693
0.001598555032784039
0.001598555032771731
0.001598555032748009
0.001598555032768466
0.001598555032794527
0.001598555032753576
0.001598555032754053
0.001598555032740892
0.001598555032766461
0.001598555032780525
0.001598555032746519
0.001598555032767104
0.001598555032790999
0.001598555032750705
0.001598555032752184
0.001598555032727644
0.001598555032786659
0.001598555032767509
0.001598555032739812
0.00159855503276534
0.001598555032777358
0.001598555032732202
0.001598555032778157
0.00159855503277032
0.00159855503274337
0.001598555032765975
0.001598555032788303
0.001598555032750801
0.00159855503275006
0.0015985550327284
0.001598555032788055
0.001598555032770925
0.00159855503274424
0.001598555032775278
0.001598555032792593
0.001598555032756094
0.001598555032778538
0.001598555032773361
0.001890082877391204
0.001890082877357507
0.001890082877364164
0.001890082877332286
0.001890082877401008
0.001890082877376826
0.001890082877346583
0.001890082877401693
0.001890082877395867
0.001890082877363328
0.001890082877371936
0.001890082877359271
0.001890082877362269
0.001890082877347376
0.001890082877368738
0.001890082877387439
0.001890082877352431
0.001890082877366779
0.001890082877392251
0.001890082877334116
0.001890082877400102
0.001890082877377433
0.001890082877352571
0.001890082877377412
0.001890082877401519
0.001890082877358304
0.001890082877360195
0.001890082877346326
0.001890082877372595
0.001890082877389389
0.001890082877352136
0.001890082877371681
0.001890082877398707
0.001890082877353921
0.001890082877360263
0.001890082877331633
0.001890082877396564
0.001890082877373472
0.001890082877345672
0.001890082877371556
0.00189008287738634
0.00189008287734414
0.001890082877372394
0.0018900828773858
0.001890082877348972
0.001890082877370624
0.001890082877397136
0.001890082877356899
0.001890082877355691
0.001890082877332977
0.001890082877397938
0.001890082877376966
0.001890082877342481
0.001890082877400934
0.001890082877392813
0.001890082877364206
0.001890082877386289
0.001890082877383303
0.002252920393820256
0.002252920393795751
0.002252920393801689
0.002252920393765312
0.002252920393842031
0.002252920393811973
0.002252920393781675
0.002252920393838568
0.002252920393831976
0.002252920393798352
0.002252920393808652
0.002252920393794476
0.002252920393797251
0.002252920393781612
0.002252920393808468
0.002252920393825246
0.002252920393787634
0.002252920393800316
0.002252920393829625
0.00225292039376759
0.002252920393839982
0.002252920393811536
0.002252920393778925
0.002252920393833528
0.002252920393827027
0.002252920393790227
0.002252920393799228
0.002252920393781555
0.002252920393807738
0.00225292039382702
0.002252920393787268
0.002252920393805518
0.002252920393834241
0.002252920393784498
0.002252920393801565
0.002252920393765814
0.002252920393834617
0.002252920393808262
0.002252920393772702
0.002252920393826391
0.002252920393813944
0.002252920393780412
0.002252920393804576
0.002252920393825255
0.002252920393784125
0.00225292039380486
0.002252920393835161
0.002252920393792694
0.00225292039379068
0.002252920393767363
0.002252920393836145
0.002252920393812374
0.002252920393775244
0.002252920393842331
0.002252920393825811
0.002252920393795617
0.002252920393825581
0.002252920393821885
0.002696983390600042
0.002696983390584375
0.002696983390590585
0.002696983390549429
0.002696983390629356
0.00269698339059544
0.00269698339056531
0.002696983390622438
0.002696983390615536
0.002696983390581851
0.002696983390592937
0.002696983390578072
0.002696983390580695
0.002696983390565087
0.002696983390593538
0.00269698339060952
0.002696983390571221
0.002696983390583128
0.00269698339061355
0.002696983390550438
0.002696983390624702
0.002696983390594324
0.00269698339056052
0.002696983390620833
0.002696983390605606
0.002696983390559332
0.002696983390600438
0.002696983390565509
0.002696983390590884
0.002696983390611736
0.002696983390570834
0.002696983390587925
0.002696983390617283
0.002696983390566521
0.002696983390587373
0.002696983390549244
0.002696983390619296
0.002696983390592188
0.002696983390555782
0.002696983390611681
0.00269698339059718
0.002696983390564262
0.002696983390587005
0.002696983390610416
0.002696983390567714
0.002696983390587625
0.002696983390620012
0.002696983390576648
0.002696983390573904
0.002696983390550465
0.002696983390620367
0.002696983390595363
0.002696983390557423
0.002696983390625986
0.002696983390605277
0.002696983390564798
0.00269698339061898
0.002696983390599914
0.003223347291621646
0.003223347291629458
0.003223347291651671
0.003223347291596709
0.003223347291673414
0.003223347291639513
0.003223347291610083
0.003223347291665059
0.003223347291658225
0.003223347291625947
0.003223347291636995
0.003223347291622333
0.003223347291624697
0.00322334729160972
0.003223347291637387
0.003223347291652465
0.003223347291614989
0.00322334729162934
0.003223347291654504
0.003223347291595115
0.003223347291666994
0.003223347291638032
0.003223347291606157
0.003223347291661275
0.00322334729164769
0.003223347291600434
0.003223347291648253
0.003223347291610581
0.003223347291634417
0.003223347291655314
0.003223347291615397
0.003223347291631447
0.003223347291659617
0.003223347291610855
0.003223347291631991
0.003223347291594609
0.003223347291662341
0.00322334729163724
0.003223347291609842
0.003223347291633485
0.003223347291651311
0.003223347291609119
0.003223347291630466
0.003223347291653949
0.003223347291612272
0.003223347291631141
0.003223347291662942
0.003223347291620936
0.003223347291617685
0.003223347291594848
0.003223347291661972
0.0032233472916376
0.003223347291600419
0.003223347291665734
0.003223347291643668
0.003223347291602363
0.00322334729166408
0.003223347291646431
0.003821498994208424
0.003821498994257218
0.003821498994246031
0.003821498994205178
0.003821498994272622
0.003821498994242982
0.003821498994215456
0.003821498994265198
0.003821498994258824
0.003821498994229707
0.003821498994239726
0.003821498994226286
0.003821498994228142
0.003821498994214522
0.003821498994239549
0.003821498994252291
0.003821498994211847
0.003821498994250566
0.003821498994244585
0.003821498994200858
0.00382149899426579
0.003821498994241473
0.003821498994219971
0.003821498994241087
0.003821498994258428
0.003821498994205505
0.003821498994250389
0.003821498994216004
0.003821498994237404
0.003821498994256605
0.003821498994220286
0.003821498994234984
0.003821498994259777
0.003821498994216051
0.003821498994235299
0.003821498994201243
0.0038214989942618
0.003821498994239866
0.003821498994214939
0.003821498994234798
0.003821498994253248
0.003821498994214355
0.003821498994233577
0.003821498994254974
0.003821498994217123
0.00382149899423429
0.003821498994262646
0.003821498994224709
0.003821498994221204
0.00382149899419996
0.003821498994259833
0.003821498994238033
0.003821498994203664
0.003821498994261692
0.003821498994241061
0.003821498994203104
0.003821498994260247
0.00382149899424166
0.004470164805025065
0.004470164805078122
0.00447016480506183
0.004470164805030357
0.004470164805084765
0.004470164805061666
0.004470164805037937
0.004470164805079308
0.004470164805073857
0.004470164805049351
0.004470164805057398
0.00447016480504604
0.004470164805047251
0.004470164805035763
0.004470164805056524
0.004470164805067399
0.004470164805038552
0.004470164805053675
0.004470164805065611
0.004470164805023858
0.004470164805077433
0.004470164805058527
0.004470164805040724
0.004470164805054601
0.004470164805074389
0.004470164805029368
0.004470164805065774
0.004470164805038074
0.00447016480505611
0.004470164805072127
0.004470164805041891
0.004470164805054478
0.004470164805074161
0.004470164805038128
0.004470164805053912
0.004470164805025407
0.004470164805074302
0.004470164805056407
0.004470164805029073
0.004470164805069531
0.004470164805060896
0.004470164805036331
0.004470164805052502
0.004470164805070188
0.00447016480503874
0.004470164805053274
0.004470164805075966
0.004470164805044446
0.004470164805040962
0.004470164805022449
0.004470164805071096
0.004470164805053434
0.004470164805024184
0.004470164805071696
0.004470164805054563
0.004470164805022536
0.004470164805069568
0.004470164805053421
0.005142346375174152
0.005142346375218968
0.005142346375205471
0.005142346375183108
0.005142346375222824
0.005142346375206707
0.005142346375188696
0.005142346375219455
0.005142346375215243
0.005142346375196037
0.005142346375201539
0.005142346375192691
0.005142346375193431
0.005142346375184616
0.005142346375200017
0.005142346375207466
0.005142346375182062
0.005142346375205904
0.005142346375201744
0.00514234637517488
0.005142346375214693
0.005142346375201589
0.005142346375187978
0.00514234637519866
0.005142346375214868
0.005142346375182757
0.005142346375206612
0.005142346375187969
0.005142346375202063
0.005142346375213932
0.005142346375191518
0.005142346375201137
0.005142346375214896
0.005142346375188103
0.005142346375199407
0.005142346375178349
0.005142346375212639
0.005142346375200238
0.005142346375178842
0.005142346375213008
0.005142346375203681
0.005142346375186358
0.005142346375198729
0.0051423463752118
0.005142346375188509
0.005142346375199657
0.005142346375215479
0.00514234637519168
0.005142346375188542
0.005142346375173778
0.005142346375208736
0.005142346375195957
0.005142346375173795
0.005142346375209032
0.005142346375196503
0.005142346375172236
0.005142346375206584
0.005142346375194826
0.00581218529028602
0.005812185290317379
0.00581218529030946
0.005812185290296324
0.005812185290320984
0.005812185290311307
0.005812185290300073
0.005812185290319543
0.005812185290316551
0.005812185290302338
0.005812185290305513
0.005812185290298995
0.005812185290299722
0.005812185290293927
0.005812185290303761
0.005812185290308093
0.005812185290294203
0.005812185290301013
0.005812185290306228
0.005812185290286447
0.005812185290312278
0.005812185290304474
0.005812185290295597
0.005812185290303399
0.005812185290315135
0.005812185290299742
0.005812185290304546
0.005812185290298325
0.005812185290308576
0.005812185290315962
0.005812185290301967
0.005812185290308112
0.005812185290315928
0.005812185290298603
0.005812185290304701
0.005812185290293001
0.005812185290311168
0.005812185290304301
0.005812185290290815
0.005812185290314102
0.005812185290308028
0.005812185290297115
0.005812185290305554
0.005812185290313816
0.005812185290299243
0.005812185290306859
0.005812185290315605
0.005812185290299162
0.005812185290297074
0.005812185290286587
0.005812185290307166
0.005812185290299299
0.005812185290285215
0.005812185290308315
0.005812185290300411
0.005812185290284688
0.005812185290305978
0.005812185290298636
0.006459854909640315
0.006459854909655345
0.006459854909654285
0.006459854909650648
0.00645985490966085
0.006459854909656329
0.006459854909651288
0.006459854909660642
0.006459854909658502
0.006459854909647262
0.006459854909650759
0.006459854909645158
0.00645985490964638
0.006459854909643588
0.006459854909648944
0.00645985490964932
0.006459854909642692
0.006459854909645442
0.006459854909648372
0.006459854909638139
0.006459854909651738
0.006459854909648268
0.0064598549096435
0.006459854909648526
0.006459854909654935
0.006459854909648292
0.006459854909650514
0.006459854909648819
0.006459854909656064
0.006459854909659348
0.006459854909653172
0.006459854909655848
0.006459854909658449
0.006459854909649657
0.006459854909649382
0.006459854909650255
0.00645985490965094
0.006459854909649129
0.006459854909643389
0.006459854909656427
0.00645985490965364
0.006459854909648378
0.006459854909653497
0.006459854909657411
0.006459854909650747
0.006459854909655628
0.006459854909657933
0.006459854909645488
0.006459854909647268
0.006459854909640449
0.006459854909646486
0.006459854909644167
0.00645985490963781
0.006459854909650754
0.006459854909646653
0.006459854909639121
0.006459854909649184
0.006459854909644618
0.007072792598405797
0.007072792598414086
0.007072792598416348
0.007072792598415521
0.007072792598424293
0.007072792598417478
0.007072792598416274
0.007072792598418255
0.007072792598417497
0.007072792598411831
0.007072792598408919
0.007072792598406382
0.007072792598408307
0.007072792598407085
0.007072792598412853
0.007072792598407505
0.007072792598405584
0.007072792598407514
0.007072792598407271
0.007072792598403968
0.007072792598408709
0.007072792598408957
0.007072792598406203
0.007072792598408631
0.007072792598412023
0.007072792598409931
0.00707279259841297
0.007072792598413307
0.007072792598419126
0.007072792598419777
0.00707279259841963
0.00707279259841898
0.00707279259841829
0.007072792598416183
0.007072792598415502
0.00707279259841446
0.007072792598411647
0.007072792598410224
0.00707279259841052
0.007072792598415837
0.007072792598416083
0.00707279259841474
0.007072792598417564
0.007072792598418521
0.007072792598417265
0.007072792598421045
0.007072792598421452
0.007072792598413747
0.007072792598409532
0.007072792598407462
0.007072792598409611
0.007072792598406132
0.007072792598405197
0.007072792598411851
0.007072792598410219
0.007072792598409338
0.007072792598412588
0.00707279259840725
0.007644362774981218
0.007644362774982924
0.007644362774990671
0.007644362774989208
0.00764436277500251
0.007644362774991258
0.00764436277498933
0.007644362774988034
0.00764436277498472
0.00764436277498614
0.007644362774980646
0.007644362774978058
0.007644362774980811
0.007644362774978574
0.007644362774986074
0.00764436277497957
0.007644362774977622
0.007644362774979616
0.007644362774980372
0.007644362774976599
0.007644362774978747
0.007644362774982482
0.007644362774978928
0.007644362774977222
0.007644362774982666
0.007644362774980922
0.007644362774985311
0.007644362774985869
0.007644362774991343
0.007644362774991989
0.007644362774996453
0.007644362774990194
0.007644362774989199
0.007644362774990188
0.007644362774989065
0.007644362774989235
0.007644362774985823
0.007644362774983367
0.007644362774986381
0.007644362774988191
0.007644362774991378
0.007644362774992205
0.00764436277499216
0.00764436277499436
0.007644362774992885
0.007644362774996188
0.007644362774998056
0.007644362774992064
0.007644362774983495
0.007644362774981872
0.007644362774984376
0.00764436277498161
0.007644362774979387
0.00764436277498664
0.007644362774986574
0.007644362774989536
0.007644362774990547
0.007644362774984128
0.008171759330691931
0.008171759330693414
0.008171759330704423
0.008171759330702015
0.008171759330721552
0.008171759330709277
0.008171759330697666
0.008171759330696545
0.008171759330691279
0.008171759330697574
0.008171759330693631
0.008171759330686741
0.008171759330690691
0.008171759330687886
0.008171759330696452
0.008171759330695144
0.008171759330687967
0.008171759330690661
0.008171759330688796
0.008171759330689837
0.008171759330689239
0.008171759330695895
0.008171759330687922
0.008171759330686642
0.008171759330691898
0.008171759330691166
0.008171759330696098
0.008171759330697071
0.008171759330703221
0.008171759330702728
0.008171759330710734
0.008171759330699779
0.008171759330698402
0.00817175933070141
0.008171759330700112
0.008171759330702626
0.008171759330699677
0.008171759330693373
0.008171759330700679
0.008171759330700822
0.008171759330709714
0.008171759330706884
0.008171759330706517
0.008171759330711443
0.008171759330703359
0.008171759330709263
0.008171759330708928
0.008171759330713915
0.008171759330698147
0.00817175933069381
0.00817175933069777
0.0081717593306956
0.008171759330691551
0.008171759330700742
0.008171759330701314
0.008171759330713865
0.008171759330710095
0.008171759330699257
0.008654229313702889
0.008654229313698121
0.008654229313712613
0.008654229313710052
0.008654229313735108
0.008654229313718044
0.008654229313708683
0.008654229313694738
0.008654229313694037
0.008654229313704397
0.008654229313696103
0.008654229313691982
0.008654229313696299
0.008654229313692875
0.008654229313699514
0.008654229313704343
0.008654229313697515
0.008654229313699316
0.0086542293136942
0.008654229313697999
0.008654229313696006
0.008654229313707285
0.008654229313692958
0.008654229313691933
0.008654229313698341
0.008654229313697734
0.008654229313703635
0.008654229313705315
0.008654229313714014
0.008654229313707559
0.008654229313719855
0.008654229313704196
0.008654229313701514
0.008654229313706392
0.008654229313705228
0.008654229313711003
0.008654229313709854
0.008654229313702438
0.00865422931371088
0.008654229313709521
0.008654229313720094
0.008654229313718587
0.008654229313713398
0.008654229313715253
0.008654229313712411
0.008654229313716195
0.008654229313718296
0.008654229313729936
0.008654229313707794
0.00865422931370019
0.008654229313704999
0.008654229313703967
0.008654229313698828
0.008654229313708016
0.008654229313710422
0.008654229313736704
0.008654229313727422
0.008654229313707284
0.009091911263925369
0.009091911263920336
0.009091911263936469
0.009091911263934533
0.009091911263961895
0.009091911263944369
0.009091911263932446
0.009091911263914024
0.009091911263914251
0.00909191126392811
0.009091911263918074
0.009091911263916676
0.009091911263919953
0.009091911263919963
0.00909191126392382
0.009091911263929499
0.009091911263928647
0.009091911263925242
0.009091911263918695
0.009091911263922892
0.009091911263920394
0.009091911263929935
0.009091911263919254
0.009091911263917328
0.009091911263924222
0.009091911263926044
0.009091911263934414
0.009091911263930623
0.00909191126393114
0.009091911263931215
0.009091911263947657
0.009091911263926949
0.009091911263921492
0.00909191126392969
0.009091911263927987
0.009091911263936768
0.009091911263938863
0.00909191126393382
0.009091911263937607
0.00909191126393788
0.009091911263946602
0.009091911263945717
0.009091911263949549
0.009091911263943897
0.009091911263939836
0.009091911263942409
0.009091911263945705
0.009091911263963783
0.009091911263937137
0.009091911263924899
0.009091911263927957
0.009091911263928396
0.009091911263922401
0.009091911263933288
0.009091911263936733
0.009091911263969157
0.009091911263965488
0.009091911263935441
0.00948519274145381
0.009485192741446633
0.009485192741464976
0.009485192741461874
0.00948519274148278
0.009485192741470021
0.009485192741456707
0.009485192741444801
0.00948519274144112
0.009485192741448345
0.009485192741450987
0.009485192741454464
0.009485192741458835
0.009485192741461089
0.009485192741458851
0.009485192741460431
0.009485192741459007
0.00948519274145645
0.009485192741448897
0.009485192741451438
0.009485192741450843
0.009485192741459881
0.009485192741452696
0.009485192741454061
0.009485192741461864
0.009485192741464577
0.0094851927414599
0.009485192741472073
0.009485192741459817
0.00948519274145891
0.009485192741481952
0.009485192741454224
0.009485192741448756
0.009485192741466954
0.00948519274145964
0.009485192741468135
0.009485192741472684
0.009485192741476856
0.009485192741472819
0.009485192741476387
0.009485192741478007
0.009485192741475607
0.009485192741487923
0.009485192741477147
0.009485192741473223
0.009485192741473842
0.009485192741478085
0.009485192741502059
0.009485192741474732
0.009485192741459815
0.009485192741456743
0.009485192741454445
0.009485192741448843
0.009485192741463009
0.009485192741466949
0.009485192741493936
0.009485192741501482
0.009485192741466079
0.009834398357919149
0.009834398357913669
0.009834398357941811
0.009834398357924774
0.00983439835792459
0.00983439835792611
0.009834398357912168
0.009834398357915856
0.009834398357910161
0.009834398357913299
0.009834398357912257
0.009834398357916626
0.009834398357929616
0.009834398357933842
0.009834398357933214
0.009834398357930745
0.00983439835792603
0.009834398357929918
0.009834398357916099
0.009834398357914054
0.009834398357918505
0.0098343983579202
0.009834398357924257
0.009834398357919336
0.009834398357925492
0.009834398357926349
0.009834398357919757
0.009834398357943076
0.009834398357927066
0.009834398357920569
0.009834398357947039
0.009834398357914902
0.009834398357913686
0.00983439835793575
0.009834398357937084
0.009834398357940095
0.009834398357939084
0.009834398357939748
0.009834398357945733
0.009834398357954948
0.009834398357957089
0.0098343983579474
0.009834398357950906
0.009834398357943827
0.009834398357945227
0.009834398357942916
0.009834398357946207
0.009834398357978023
0.009834398357958397
0.009834398357945924
0.009834398357924752
0.009834398357911741
0.009834398357910841
0.009834398357927696
0.009834398357937401
0.009834398357956046
0.009834398357965507
0.009834398357926767
0.01013965172843945
0.0101396517284355
0.0101396517284676
0.01013965172843969
0.0101396517284287
0.01013965172843918
0.01013965172843583
0.01013965172843056
0.01013965172843519
0.01013965172844598
0.01013965172844315
0.01013965172844294
0.01013965172845645
0.01013965172846649
0.01013965172846161
0.01013965172846079
0.01013965172845586
0.01013965172847135
0.01013965172844324
0.010139651728431
0.0101396517284473
0.01013965172844011
0.01013965172844722
0.01013965172844313
0.01013965172845938
0.01013965172843874
0.01013965172843148
0.0101396517284608
0.01013965172844344
0.01013965172843507
0.01013965172845854
0.01013965172842693
0.01013965172842689
0.01013965172845508
0.01013965172845412
0.01013965172846245
0.01013965172845673
0.0101396517284613
0.01013965172846787
0.01013965172848238
0.01013965172848169
0.01013965172847376
0.01013965172847543
0.01013965172846775
0.01013965172846927
0.01013965172847037
0.01013965172847022
0.01013965172850466
0.01013965172850389
0.01013965172847955
0.01013965172845365
0.01013965172843595
0.01013965172843676
0.01013965172846047
0.01013965172846563
0.0101396517284678
0.01013965172848201
0.01013965172844378
0.01040081332967054
0.01040081332966407
0.01040081332969432
0.01040081332966518
0.01040081332965078
0.01040081332967005
0.01040081332966288
0.01040081332965496
0.01040081332966764
0.01040081332968212
0.01040081332969075
0.01040081332968067
0.01040081332968581
0.01040081332970115
0.01040081332970397
0.01040081332970732
0.0104008133296995
0.01040081332971154
0.01040081332968119
0.01040081332965825
0.01040081332966726
0.01040081332966691
0.01040081332967825
0.01040081332967874
0.0104008133297055
0.01040081332966774
0.01040081332965496
0.01040081332968414
0.01040081332966922
0.01040081332965999
0.01040081332967512
0.01040081332964909
0.01040081332965457
0.01040081332969541
0.01040081332969126
0.01040081332969646
0.01040081332969164
0.01040081332970005
0.01040081332969998
0.01040081332970892
0.01040081332971634
0.01040081332970595
0.01040081332971291
0.01040081332969657
0.01040081332969175
0.01040081332970929
0.0104008133297101
0.01040081332973174
0.01040081332974191
0.01040081332971825
0.01040081332967824
0.01040081332967132
0.01040081332967727
0.01040081332969828
0.0104008133296959
0.01040081332968669
0.01040081332970295
0.01040081332967612
0.01061744268544358
0.01061744268542688
0.0106174426854512
0.01061744268543534
0.01061744268542738
0.01061744268543837
0.01061744268543506
0.01061744268543305
0.01061744268545472
0.01061744268546465
0.01061744268546221
0.0106174426854572
0.01061744268546248
0.0106174426854767
0.01061744268547275
0.01061744268547054
0.01061744268547695
0.0106174426854848
0.01061744268546275
0.01061744268543198
0.01061744268543613
0.01061744268544383
0.01061744268546672
0.010617442685464
0.01061744268549045
0.0106174426854401
0.01061744268542702
0.01061744268544335
0.01061744268543577
0.0106174426854313
0.01061744268543895
0.01061744268542476
0.01061744268543437
0.01061744268546581
0.01061744268546715
0.01061744268547429
0.01061744268547459
0.01061744268547646
0.01061744268547673
0.01061744268548106
0.01061744268549564
0.01061744268548849
0.01061744268549711
0.01061744268547101
0.01061744268545597
0.01061744268547702
0.01061744268548675
0.01061744268550193
0.01061744268550962
0.0106174426854914
0.01061744268543901
0.01061744268544698
0.01061744268545408
0.01061744268546807
0.01061744268545314
0.01061744268543726
0.01061744268546221
0.01061744268545555
0.0107887605011268
0.01078876050110417
0.01078876050109672
0.01078876050110088
0.01078876050109741
0.01078876050110305
0.01078876050110998
0.0107887605011115
0.01078876050113133
0.01078876050113198
0.01078876050113503
0.01078876050114185
0.01078876050115288
0.01078876050114807
0.01078876050114005
0.01078876050113753
0.01078876050114481
0.01078876050114394
0.01078876050114755
0.01078876050111248
0.01078876050111544
0.01078876050113488
0.01078876050115028
0.01078876050114513
0.01078876050117411
0.01078876050111751
0.01078876050110419
0.01078876050111747
0.01078876050111304
0.01078876050110832
0.01078876050111055
0.01078876050109955
0.01078876050111709
0.01078876050114877
0.01078876050115281
0.01078876050115108
0.01078876050115622
0.01078876050116797
0.01078876050117452
0.01078876050117158
0.01078876050117016
0.0107887605011657
0.01078876050118607
0.01078876050115248
0.01078876050113007
0.01078876050114006
0.01078876050114671
0.01078876050117502
0.01078876050117239
0.01078876050116264
0.0107887605011125
0.01078876050112132
0.01078876050113494
0.01078876050114692
0.01078876050112418
0.01078876050109842
0.01078876050111136
0.01078876050110834
0.01091359887630046
0.01091359887626903
0.01091359887624893
0.01091359887626956
0.01091359887625231
0.01091359887625411
0.01091359887627713
0.01091359887629018
0.01091359887629671
0.01091359887629377
0.01091359887630085
0.01091359887630022
0.01091359887630586
0.01091359887629904
0.01091359887629851
0.01091359887630651
0.01091359887632425
0.01091359887631507
0.01091359887633406
0.01091359887629047
0.01091359887628177
0.01091359887631086
0.0109135988763193
0.01091359887631204
0.01091359887634621
0.01091359887628817
0.01091359887627496
0.01091359887628956
0.01091359887628621
0.01091359887627855
0.01091359887627789
0.01091359887626705
0.01091359887628879
0.01091359887632343
0.01091359887633138
0.01091359887632789
0.01091359887633831
0.01091359887634745
0.01091359887634315
0.01091359887634438
0.01091359887634116
0.0109135988763342
0.01091359887635963
0.01091359887633073
0.01091359887631029
0.01091359887631343
0.0109135988763123
0.01091359887633511
0.01091359887633389
0.01091359887633888
0.01091359887628274
0.0109135988762818
0.01091359887630407
0.01091359887631724
0.01091359887628986
0.01091359887625827
0.01091359887626586
0.01091359887626721
0.01099033154373554
0.01099033154369801
0.01099033154367487
0.01099033154371224
0.01099033154366937
0.01099033154366572
0.01099033154371269
0.0109903315437296
0.0109903315437194
0.01099033154372066
0.01099033154373223
0.01099033154372882
0.01099033154373526
0.01099033154372982
0.01099033154373444
0.01099033154374729
0.01099033154376393
0.01099033154374998
0.01099033154377788
0.01099033154373305
0.01099033154370995
0.01099033154373504
0.01099033154373755
0.0109903315437373
0.01099033154377956
0.01099033154372684
0.01099033154371649
0.01099033154373396
0.01099033154372994
0.01099033154371757
0.01099033154371435
0.01099033154370245
0.01099033154372554
0.0109903315437659
0.01099033154378528
0.01099033154377937
0.0109903315437917
0.01099033154379039
0.01099033154377122
0.01099033154376596
0.01099033154376879
0.01099033154377286
0.01099033154378719
0.01099033154377633
0.01099033154378205
0.01099033154375074
0.01099033154373841
0.01099033154378197
0.01099033154378021
0.01099033154378134
0.01099033154371986
0.01099033154370693
0.01099033154374061
0.01099033154375914
0.01099033154372694
0.01099033154369515
0.01099033154369817
0.01099033154369785
0.01102002292402093
0.01102002292398022
0.0110200229239573
0.01102002292401041
0.01102002292395167
0.01102002292394209
0.01102002292399128
0.01102002292400545
0.01102002292399811
0.01102002292400903
0.01102002292401942
0.01102002292400946
0.01102002292401958
0.01102002292402557
0.01102002292403789
0.01102002292403986
0.01102002292404495
0.01102002292403615
0.01102002292406762
0.01102002292403001
0.01102002292400632
0.01102002292403227
0.01102002292401361
0.0110200229240106
0.01102002292405688
0.0110200229240184
0.01102002292401552
0.01102002292402754
0.01102002292402467
0.01102002292401624
0.0110200229240066
0.01102002292399236
0.01102002292401444
0.01102002292404928
0.01102002292406913
0.01102002292406881
0.011020022924082
0.0110200229240742
0.01102002292405568
0.01102002292405387
0.011020022924062
0.0110200229240789
0.01102002292406836
0.0110200229240485
0.01102002292408065
0.01102002292404291
0.01102002292402672
0.01102002292407582
0.01102002292407696
0.01102002292407568
0.01102002292401192
0.01102002292400121
0.01102002292404331
0.011020022924064
0.01102002292403111
0.01102002292400003
0.0110200229239865
0.01102002292397769
0.01100314481660011
0.01100314481655841
0.01100314481653605
0.01100314481659805
0.01100314481653083
0.0110031448165109
0.01100314481655839
0.01100314481657428
0.01100314481655941
0.01100314481657137
0.01100314481657929
0.01100314481658294
0.01100314481661483
0.01100314481663097
0.01100314481662647
0.01100314481663053
0.01100314481662822
0.01100314481661121
0.01100314481664396
0.01100314481662058
0.01100314481660747
0.01100314481662241
0.01100314481659553
0.01100314481659228
0.01100314481661961
0.01100314481660515
0.01100314481661601
0.01100314481660844
0.01100314481661465
0.01100314481662813
0.01100314481660031
0.01100314481657833
0.01100314481660067
0.01100314481663024
0.01100314481664038
0.01100314481664906
0.01100314481666652
0.01100314481665679
0.01100314481664834
0.01100314481664632
0.01100314481664939
0.0110031448166704
0.01100314481664895
0.01100314481662731
0.01100314481667407
0.01100314481662849
0.01100314481661097
0.01100314481666019
0.01100314481667395
0.01100314481666974
0.01100314481660088
0.01100314481659387
0.01100314481664056
0.011003144816663
0.01100314481664107
0.01100314481660196
0.01100314481656885
0.01100314481655427
0.01093966244865994
0.01093966244861895
0.0109396624485969
0.01093966244866319
0.01093966244859294
0.01093966244856585
0.01093966244861206
0.01093966244863039
0.01093966244861373
0.01093966244863483
0.0109396624486249
0.01093966244862525
0.01093966244867274
0.01093966244869457
0.01093966244870157
0.01093966244869441
0.01093966244869115
0.01093966244867829
0.01093966244868773
0.01093966244868165
0.0109396624487036
0.01093966244869323
0.0109396624486643
0.01093966244867245
0.01093966244867176
0.01093966244865816
0.01093966244869549
0.01093966244867176
0.01093966244865779
0.0109396624486949
0.01093966244866759
0.01093966244864619
0.01093966244866947
0.01093966244869182
0.01093966244870283
0.010939662448704
0.01093966244871649
0.01093966244871614
0.01093966244871547
0.01093966244871223
0.01093966244871714
0.01093966244873338
0.0109396624487083
0.01093966244869142
0.0109396624487448
0.01093966244869287
0.01093966244867009
0.01093966244872835
0.01093966244873842
0.01093966244872863
0.01093966244867603
0.01093966244867051
0.01093966244871615
0.01093966244873811
0.01093966244872126
0.01093966244866746
0.01093966244862765
0.01093966244861356
0.01082908718268928
0.01082908718265043
0.01082908718262849
0.01082908718269585
0.01082908718262707
0.01082908718259965
0.01082908718264496
0.01082908718266278
0.01082908718264681
0.01082908718267708
0.01082908718265864
0.01082908718265081
0.01082908718269187
0.01082908718271454
0.01082908718273629
0.0108290871827249
0.0108290871827259
0.01082908718271798
0.01082908718271631
0.01082908718271268
0.01082908718275199
0.01082908718272753
0.01082908718269142
0.01082908718272417
0.01082908718271467
0.01082908718269195
0.01082908718274012
0.01082908718270011
0.01082908718267872
0.01082908718273181
0.01082908718269871
0.01082908718268545
0.01082908718270932
0.01082908718271991
0.01082908718273741
0.01082908718274256
0.01082908718274083
0.01082908718274022
0.01082908718275636
0.01082908718274763
0.01082908718275754
0.01082908718275686
0.01082908718273131
0.01082908718272707
0.0108290871827804
0.01082908718272607
0.01082908718270108
0.0108290871827712
0.01082908718275525
0.01082908718273796
0.01082908718272404
0.01082908718271999
0.01082908718275877
0.01082908718277743
0.01082908718276308
0.01082908718268531
0.01082908718264931
0.0108290871826441
0.01067050591346842
0.01067050591343303
0.01067050591341123
0.01067050591347749
0.0106705059134135
0.01067050591339032
0.01067050591343431
0.01067050591344959
0.01067050591343635
0.01067050591346773
0.01067050591344862
0.01067050591343581
0.01067050591347328
0.0106705059134917
0.01067050591351647
0.01067050591350329
0.01067050591350087
0.01067050591349327
0.01067050591349828
0.01067050591349681
0.01067050591353992
0.01067050591351167
0.0106705059134786
0.01067050591351578
0.01067050591350237
0.01067050591348147
0.01067050591352744
0.01067050591347608
0.01067050591345425
0.01067050591351631
0.01067050591347598
0.01067050591346695
0.01067050591349728
0.01067050591350233
0.01067050591351878
0.01067050591352581
0.01067050591352232
0.01067050591352114
0.01067050591353579
0.0106705059135286
0.01067050591353173
0.01067050591352157
0.01067050591351861
0.01067050591351905
0.01067050591356077
0.01067050591350938
0.01067050591348291
0.01067050591355189
0.01067050591352516
0.01067050591350593
0.01067050591353076
0.01067050591352555
0.01067050591355525
0.01067050591356799
0.01067050591355622
0.01067050591346419
0.01067050591342773
0.01067050591342691
0.01046259702420653
0.01046259702417593
0.01046259702415481
0.01046259702421779
0.01046259702416085
0.01046259702413987
0.01046259702417868
0.01046259702419367
0.01046259702419009
0.01046259702421227
0.01046259702419955
0.01046259702418439
0.0104625970242115
0.01046259702421917
0.01046259702424437
0.01046259702423756
0.01046259702424754
0.0104625970242371
0.0104625970242425
0.01046259702424329
0.01046259702427922
0.0104625970242557
0.01046259702423173
0.01046259702425777
0.01046259702424519
0.01046259702423583
0.01046259702426569
0.01046259702420775
0.01046259702419092
0.01046259702425579
0.01046259702420991
0.01046259702419787
0.01046259702424037
0.01046259702425496
0.0104625970242635
0.01046259702426598
0.01046259702426663
0.01046259702425348
0.01046259702425192
0.01046259702427057
0.01046259702425795
0.01046259702424233
0.0104625970242622
0.01046259702426035
0.01046259702429451
0.01046259702425328
0.01046259702422708
0.01046259702428811
0.01046259702426605
0.01046259702425336
0.01046259702429463
0.01046259702428827
0.01046259702429918
0.0104625970242969
0.01046259702430984
0.01046259702421447
0.01046259702417442
0.0104625970241738
0.01020364961093786
0.01020364961091344
0.01020364961089434
0.01020364961095144
0.01020364961090305
0.0102036496108789
0.0102036496109238
0.01020364961093638
0.01020364961094143
0.01020364961094336
0.01020364961093951
0.01020364961093388
0.01020364961095282
0.01020364961094967
0.01020364961096211
0.010203649610963
0.01020364961099025
0.01020364961097918
0.01020364961096919
0.01020364961097116
0.01020364961100374
0.01020364961099212
0.01020364961098046
0.01020364961099775
0.01020364961098938
0.01020364961099176
0.0102036496109971
0.01020364961093212
0.01020364961092199
0.01020364961098825
0.01020364961093984
0.01020364961092767
0.01020364961097424
0.01020364961099068
0.01020364961098826
0.01020364961100237
0.01020364961101486
0.0102036496109885
0.0102036496109769
0.01020364961100957
0.01020364961098565
0.01020364961096238
0.01020364961098406
0.01020364961098124
0.01020364961101535
0.01020364961099356
0.01020364961097293
0.01020364961101853
0.0102036496110086
0.01020364961100267
0.01020364961104486
0.01020364961103877
0.01020364961104112
0.01020364961103641
0.01020364961106146
0.01020364961096648
0.01020364961090313
0.01020364961090178
0.009891621261422456
0.009891621261405045
0.009891621261390484
0.009891621261438294
0.009891621261400084
0.009891621261375619
0.009891621261419712
0.009891621261416272
0.009891621261423721
0.009891621261426006
0.009891621261442477
0.009891621261424174
0.009891621261426181
0.009891621261434043
0.009891621261443941
0.00989162126144731
0.009891621261476939
0.009891621261473573
0.00989162126144905
0.00989162126145007
0.009891621261484134
0.009891621261491427
0.009891621261487698
0.009891621261492236
0.009891621261486027
0.009891621261507463
0.009891621261492465
0.009891621261412844
0.009891621261406863
0.009891621261473301
0.009891621261426139
0.009891621261417329
0.009891621261466947
0.009891621261482447
0.009891621261480551
0.009891621261483951
0.009891621261499761
0.00989162126147876
0.009891621261463595
0.00989162126150472
0.009891621261471582
0.00989162126144608
0.009891621261482653
0.009891621261468754
0.009891621261483829
0.009891621261493707
0.009891621261490154
0.009891621261508781
0.009891621261508863
0.0098916212615113
0.009891621261541909
0.009891621261538896
0.009891621261535369
0.009891621261531928
0.009891621261564551
0.009891621261480589
0.009891621261399867
0.009891621261393009
0.009524304492458668
0.009524304492449277
0.009524304492441567
0.00952430449247524
0.009524304492448291
0.009524304492425889
0.009524304492464261
0.009524304492451485
0.009524304492461305
0.009524304492462596
0.009524304492485284
0.009524304492462259
0.009524304492457272
0.009524304492470019
0.009524304492478495
0.009524304492485937
0.009524304492505903
0.009524304492507185
0.009524304492493236
0.009524304492500369
0.009524304492535291
0.009524304492544754
0.009524304492536986
0.009524304492535008
0.009524304492529969
0.009524304492556304
0.009524304492532165
0.00952430449244784
0.009524304492442667
0.009524304492508195
0.009524304492464903
0.009524304492454868
0.009524304492506542
0.009524304492523044
0.009524304492530451
0.009524304492527886
0.009524304492542561
0.009524304492522159
0.009524304492503891
0.009524304492549681
0.009524304492510318
0.009524304492485381
0.009524304492538192
0.009524304492511021
0.009524304492506909
0.009524304492534493
0.009524304492541828
0.009524304492553705
0.009524304492570036
0.009524304492570841
0.009524304492578281
0.009524304492588698
0.009524304492582727
0.009524304492575117
0.009524304492614283
0.009524304492554255
0.009524304492460367
0.00952430449244223
0.009099719281248111
0.009099719281246208
0.009099719281246567
0.009099719281258564
0.009099719281241977
0.009099719281226257
0.009099719281262108
0.009099719281240308
0.009099719281243614
0.009099719281244605
0.009099719281269958
0.009099719281247054
0.00909971928123922
0.009099719281257352
0.009099719281270652
0.009099719281273696
0.009099719281285052
0.009099719281287536
0.009099719281291586
0.009099719281306791
0.009099719281324638
0.009099719281329893
0.0090997192813223
0.009099719281321536
0.009099719281316726
0.009099719281340611
0.009099719281317828
0.009099719281233085
0.009099719281226167
0.009099719281287491
0.009099719281250277
0.009099719281239281
0.009099719281288537
0.009099719281304271
0.009099719281315458
0.009099719281314278
0.009099719281330352
0.009099719281311206
0.009099719281292719
0.009099719281338981
0.009099719281296551
0.009099719281272694
0.009099719281330899
0.009099719281295191
0.009099719281278116
0.009099719281313116
0.009099719281327337
0.009099719281343855
0.009099719281359725
0.009099719281362922
0.009099719281365428
0.009099719281380467
0.009099719281377124
0.009099719281366343
0.009099719281404996
0.009099719281375358
0.009099719281279312
0.009099719281247367
0.008616883872607456
0.008616883872610323
0.00861688387262201
0.008616883872624971
0.008616883872615571
0.008616883872607544
0.008616883872638981
0.008616883872611334
0.008616883872607992
0.008616883872608653
0.00861688387263311
0.008616883872614842
0.008616883872603691
0.008616883872616556
0.008616883872628369
0.008616883872636483
0.008616883872654846
0.008616883872665794
0.008616883872672397
0.008616883872677358
0.008616883872680375
0.008616883872677634
0.00861688387267524
0.008616883872687586
0.008616883872682241
0.008616883872697025
0.008616883872683426
0.008616883872603299
0.008616883872593361
0.008616883872649094
0.008616883872617871
0.008616883872605691
0.008616883872648005
0.008616883872662179
0.008616883872677011
0.008616883872680937
0.00861688387269728
0.008616883872680508
0.008616883872663678
0.008616883872707155
0.008616883872664615
0.008616883872641867
0.008616883872699817
0.008616883872660267
0.008616883872635548
0.008616883872666681
0.008616883872681242
0.008616883872707112
0.008616883872724778
0.008616883872733396
0.008616883872733728
0.008616883872741836
0.008616883872752338
0.008616883872746188
0.008616883872769529
0.008616883872759563
0.008616883872685305
0.008616883872626357
0.008077082439375615
0.00807708243938199
0.008077082439396135
0.008077082439391635
0.008077082439385389
0.008077082439378991
0.008077082439409206
0.00807708243938101
0.00807708243937511
0.008077082439375053
0.00807708243939175
0.008077082439383657
0.008077082439369191
0.008077082439367844
0.008077082439377367
0.008077082439388429
0.008077082439417044
0.008077082439434934
0.008077082439438912
0.008077082439445353
0.008077082439445714
0.008077082439433491
0.008077082439431397
0.008077082439457831
0.008077082439448355
0.00807708243944023
0.008077082439440629
0.00807708243937553
0.008077082439362056
0.00807708243941216
0.008077082439385144
0.00807708243936932
0.008077082439405227
0.008077082439419649
0.008077082439435633
0.008077082439445542
0.008077082439460887
0.008077082439447185
0.008077082439432441
0.008077082439471415
0.008077082439431298
0.008077082439409673
0.008077082439464218
0.008077082439424904
0.008077082439399795
0.008077082439432025
0.00807708243943725
0.008077082439459638
0.008077082439479346
0.008077082439485019
0.008077082439492192
0.008077082439510042
0.008077082439516256
0.008077082439514703
0.008077082439524177
0.008077082439518905
0.008077082439482852
0.008077082439414837
0.007485574047846697
0.007485574047846682
0.007485574047859943
0.007485574047863639
0.007485574047855931
0.007485574047841973
0.007485574047875274
0.007485574047849297
0.007485574047842473
0.007485574047843124
0.007485574047846678
0.007485574047841091
0.007485574047837885
0.007485574047835218
0.007485574047843025
0.007485574047846767
0.007485574047871753
0.00748557404789031
0.007485574047901771
0.007485574047904526
0.007485574047907058
0.007485574047897491
0.007485574047890078
0.007485574047919372
0.007485574047906978
0.007485574047891191
0.007485574047902553
0.007485574047847806
0.007485574047831588
0.007485574047876893
0.007485574047852325
0.007485574047834048
0.007485574047861259
0.007485574047872241
0.007485574047889705
0.007485574047905913
0.007485574047920553
0.007485574047910094
0.007485574047897843
0.007485574047931317
0.007485574047895592
0.007485574047875213
0.007485574047924427
0.007485574047888268
0.007485574047865404
0.007485574047900927
0.007485574047888612
0.007485574047898306
0.007485574047927357
0.007485574047933372
0.007485574047937292
0.007485574047962242
0.007485574047963528
0.007485574047974658
0.007485574047968581
0.007485574047950717
0.007485574047953555
0.007485574047903392
0.006853340670206796
0.006853340670193124
0.00685334067020844
0.006853340670214805
0.006853340670203348
0.006853340670186845
0.00685334067022106
0.006853340670197973
0.006853340670189971
0.006853340670195955
0.006853340670199631
0.006853340670194742
0.006853340670189174
0.006853340670185198
0.006853340670196197
0.006853340670189187
0.006853340670205004
0.006853340670228047
0.006853340670237782
0.006853340670243388
0.006853340670249263
0.006853340670238663
0.006853340670231937
0.006853340670259066
0.006853340670245396
0.006853340670228246
0.006853340670246514
0.006853340670200846
0.006853340670183352
0.006853340670224192
0.006853340670201477
0.006853340670184035
0.006853340670209503
0.006853340670212856
0.006853340670224614
0.00685334067024672
0.006853340670259267
0.006853340670251232
0.006853340670242392
0.006853340670269581
0.006853340670239557
0.006853340670220767
0.006853340670263394
0.006853340670232185
0.006853340670212359
0.006853340670252617
0.00685334067023159
0.006853340670226239
0.006853340670256496
0.006853340670264258
0.006853340670265797
0.006853340670294914
0.006853340670295943
0.006853340670308599
0.00685334067029423
0.006853340670275579
0.006853340670298686
0.006853340670271849
0.006198050129581315
0.006198050129552781
0.006198050129568185
0.006198050129574965
0.006198050129561873
0.006198050129545401
0.006198050129577407
0.006198050129557116
0.006198050129546597
0.00619805012955436
0.006198050129557998
0.006198050129558908
0.006198050129549109
0.00619805012954408
0.006198050129562239
0.006198050129545166
0.006198050129550669
0.00619805012957841
0.006198050129590435
0.006198050129591464
0.006198050129595381
0.006198050129590661
0.006198050129585689
0.006198050129608373
0.00619805012959525
0.006198050129579552
0.006198050129600311
0.006198050129563541
0.00619805012954643
0.006198050129582372
0.006198050129561792
0.006198050129546205
0.006198050129571744
0.0061980501295665
0.006198050129572661
0.006198050129597965
0.006198050129608121
0.006198050129602746
0.006198050129596073
0.006198050129617197
0.006198050129593486
0.006198050129576794
0.006198050129612075
0.006198050129586664
0.00619805012956972
0.006198050129607806
0.006198050129585504
0.00619805012957325
0.006198050129606007
0.006198050129607224
0.006198050129603662
0.006198050129637479
0.00619805012963851
0.006198050129649759
0.006198050129633109
0.006198050129617911
0.006198050129648395
0.006198050129642396
0.005543198254346619
0.005543198254307593
0.005543198254320973
0.005543198254327067
0.005543198254314425
0.005543198254299406
0.00554319825432691
0.005543198254309429
0.005543198254295128
0.005543198254308165
0.005543198254309372
0.005543198254310647
0.005543198254302563
0.005543198254296981
0.005543198254319645
0.005543198254300272
0.005543198254297294
0.005543198254323201
0.005543198254333132
0.005543198254333149
0.005543198254336359
0.005543198254334745
0.005543198254333004
0.005543198254350571
0.00554319825433943
0.005543198254326373
0.005543198254345836
0.005543198254317623
0.005543198254302443
0.00554319825433286
0.005543198254314969
0.005543198254301578
0.00554319825432714
0.005543198254314836
0.005543198254315682
0.005543198254341888
0.005543198254349902
0.005543198254346833
0.005543198254341994
0.005543198254357613
0.005543198254340111
0.005543198254326069
0.005543198254353773
0.005543198254334222
0.005543198254320095
0.005543198254352225
0.005543198254332647
0.005543198254319104
0.005543198254348122
0.00554319825434631
0.005543198254341692
0.005543198254373119
0.005543198254374123
0.005543198254383135
0.005543198254367764
0.005543198254357516
0.005543198254385663
0.005543198254390286
0.004914780094967138
0.004914780094922457
0.004914780094932692
0.00491478009493773
0.004914780094926718
0.004914780094913897
0.00491478009493584
0.004914780094921375
0.004914780094906632
0.004914780094920152
0.004914780094920664
0.00491478009492234
0.004914780094915312
0.004914780094910121
0.004914780094932509
0.004914780094914914
0.004914780094907416
0.004914780094929565
0.004914780094935337
0.00491478009493494
0.004914780094941117
0.004914780094941058
0.004914780094940043
0.004914780094952742
0.004914780094944207
0.004914780094934182
0.004914780094950558
0.004914780094929807
0.004914780094917174
0.004914780094941844
0.004914780094927001
0.004914780094915771
0.004914780094939525
0.004914780094926179
0.004914780094923112
0.004914780094945769
0.004914780094951706
0.004914780094950404
0.004914780094947447
0.004914780094958137
0.00491478009494611
0.004914780094935053
0.004914780094955547
0.004914780094941325
0.004914780094930079
0.004914780094955128
0.00491478009493968
0.004914780094927285
0.004914780094950041
0.004914780094947182
0.004914780094943418
0.004914780094969505
0.004914780094970451
0.004914780094976964
0.004914780094964293
0.004914780094957621
0.004914780094983552
0.004914780094991871
0.00433598749805488
0.004335987498009015
0.004335987498015927
0.004335987498020048
0.004335987498011082
0.004335987498000709
0.004335987498017064
0.004335987498005552
0.004335987497992342
0.004335987498004137
0.004335987498004466
0.004335987498006304
0.004335987498000216
0.004335987497995806
0.004335987498015126
0.004335987498000911
0.004335987497992604
0.004335987498011439
0.004335987498012596
0.004335987498011032
0.004335987498019688
0.004335987498020579
0.004335987498019712
0.004335987498028405
0.004335987498022443
0.00433598749801526
0.004335987498028046
0.004335987498013312
0.004335987498003302
0.004335987498022496
0.004335987498010745
0.004335987498001527
0.004335987498021535
0.004335987498009827
0.004335987498005033
0.004335987498023321
0.004335987498027173
0.004335987498027373
0.004335987498026271
0.004335987498032433
0.004335987498024716
0.004335987498016639
0.00433598749803085
0.004335987498021038
0.004335987498012615
0.004335987498030905
0.004335987498019558
0.004335987498009343
0.00433598749802543
0.00433598749802251
0.004335987498020432
0.004335987498040499
0.004335987498041386
0.004335987498045917
0.00433598749803605
0.004335987498030681
0.004335987498054202
0.004335987498062475
0.003821843666840538
0.00382184366679722
0.003821843666801212
0.003821843666804581
0.003821843666797632
0.003821843666789566
0.003821843666800999
0.003821843666792153
0.003821843666781146
0.003821843666790676
0.003821843666791027
0.003821843666792689
0.003821843666787496
0.003821843666783948
0.003821843666799497
0.003821843666788727
0.003821843666781296
0.003821843666796418
0.003821843666795254
0.003821843666792974
0.003821843666801845
0.003821843666803228
0.003821843666802373
0.003821843666808202
0.003821843666804395
0.003821843666799502
0.003821843666808965
0.003821843666798819
0.003821843666791175
0.003821843666805624
0.003821843666796657
0.00382184366678924
0.003821843666804798
0.003821843666795634
0.003821843666790684
0.003821843666804559
0.003821843666806886
0.003821843666807071
0.003821843666807469
0.003821843666811223
0.003821843666806588
0.003821843666801105
0.003821843666810331
0.003821843666803913
0.003821843666797992
0.003821843666810525
0.003821843666802653
0.003821843666794871
0.003821843666805195
0.003821843666802537
0.003821843666802176
0.00382184366681682
0.003821843666817631
0.003821843666820533
0.003821843666813163
0.003821843666807918
0.003821843666829043
0.003821843666835047
0.003376223479806577
0.003376223479767704
0.003376223479769379
0.003376223479772106
0.003376223479766936
0.003376223479760809
0.00337622347976829
0.003376223479761699
0.003376223479752812
0.003376223479760328
0.003376223479760834
0.003376223479762072
0.003376223479757734
0.003376223479754866
0.003376223479766845
0.003376223479759109
0.003376223479752894
0.003376223479764634
0.003376223479762663
0.003376223479759913
0.003376223479767975
0.003376223479769475
0.003376223479768518
0.003376223479772655
0.003376223479770422
0.003376223479767137
0.003376223479773943
0.003376223479767219
0.003376223479761443
0.003376223479772039
0.003376223479765535
0.003376223479759529
0.003376223479771073
0.003376223479764428
0.003376223479760069
0.003376223479770295
0.003376223479771357
0.003376223479770992
0.003376223479772527
0.003376223479775044
0.003376223479772409
0.003376223479768812
0.003376223479774457
0.003376223479770549
0.003376223479766588
0.003376223479774643
0.003376223479769517
0.003376223479763877
0.003376223479770352
0.003376223479767687
0.003376223479768282
0.003376223479778799
0.003376223479779525
0.003376223479781114
0.003376223479775779
0.003376223479770294
0.003376223479788526
0.003376223479791975
0.002992595081441912
0.002992595081409033
0.002992595081408945
0.002992595081411071
0.002992595081407498
0.002992595081402801
0.002992595081407301
0.002992595081402651
0.002992595081395392
0.002992595081401454
0.002992595081402182
0.002992595081402839
0.002992595081399292
0.002992595081396801
0.002992595081405739
0.00299259508140056
0.002992595081395366
0.00299259508140427
0.002992595081402441
0.002992595081399406
0.002992595081406354
0.002992595081407616
0.002992595081406396
0.002992595081409843
0.002992595081408703
0.002992595081406256
0.002992595081411161
0.002992595081407011
0.002992595081402534
0.002992595081410147
0.002992595081405761
0.002992595081400801
0.002992595081409075
0.002992595081404707
0.002992595081401013
0.002992595081408345
0.002992595081408781
0.002992595081407867
0.00299259508141004
0.00299259508141193
0.00299259508141045
0.00299259508140795
0.002992595081411304
0.002992595081409202
0.00299259508140652
0.002992595081411397
0.002992595081408391
0.002992595081404383
0.002992595081408094
0.002992595081405327
0.002992595081406638
0.002992595081414404
0.002992595081414988
0.002992595081415486
0.002992595081411762
0.002992595081405976
0.002992595081421391
0.002992595081422377
0.002657760083398619
0.00265776008337242
0.002657760083370984
0.002657760083372456
0.002657760083370227
0.002657760083366636
0.00265776008336905
0.002657760083365919
0.002657760083359924
0.002657760083364921
0.00265776008336571
0.002657760083365833
0.002657760083363146
0.002657760083360871
0.002657760083367302
0.002657760083364072
0.002657760083359724
0.002657760083366342
0.002657760083365026
0.002657760083361932
0.002657760083367782
0.002657760083368695
0.002657760083367203
0.002657760083370487
0.002657760083369905
0.00265776008336785
0.002657760083371523
0.002657760083369148
0.002657760083365576
0.002657760083370985
0.002657760083368249
0.002657760083364101
0.002657760083369891
0.002657760083367326
0.002657760083364242
0.002657760083369281
0.002657760083369418
0.00265776008336829
0.00265776008337078
0.002657760083372284
0.002657760083371399
0.002657760083369516
0.002657760083371526
0.002657760083370565
0.002657760083368722
0.002657760083371574
0.002657760083369993
0.002657760083367243
0.002657760083369088
0.002657760083366194
0.002657760083368105
0.002657760083373841
0.002657760083374064
0.002657760083373933
0.002657760083371406
0.002657760083365386
0.00265776008337812
0.002657760083376976
0.002356507834815452
0.002356507834795749
0.002356507834793464
0.002356507834794434
0.002356507834793217
0.00235650783479055
0.002356507834791585
0.002356507834789531
0.002356507834784497
0.002356507834788668
0.002356507834789249
0.002356507834789084
0.002356507834787309
0.002356507834785197
0.002356507834789614
0.002356507834787767
0.002356507834784174
0.002356507834788985
0.002356507834788143
0.002356507834785194
0.002356507834790148
0.002356507834790714
0.002356507834789011
0.002356507834792296
0.002356507834791987
0.002356507834790079
0.002356507834792895
0.002356507834791653
0.002356507834788783
0.002356507834792641
0.002356507834791066
0.002356507834787618
0.002356507834791637
0.00235650783479029
0.002356507834787743
0.002356507834791194
0.002356507834791216
0.002356507834789918
0.002356507834792611
0.002356507834793821
0.002356507834793204
0.002356507834791712
0.002356507834792975
0.002356507834792578
0.002356507834791236
0.002356507834792977
0.002356507834792223
0.002356507834790507
0.002356507834791199
0.002356507834788133
0.002356507834790473
0.002356507834794492
0.002356507834794538
0.002356507834794258
0.002356507834792413
0.002356507834786216
0.002356507834796637
0.002356507834793822
0.002075262797069253
0.002075262797055613
0.002075262797052888
0.002075262797053543
0.002075262797053042
0.002075262797051144
0.002075262797051384
0.002075262797050052
0.002075262797045791
0.002075262797049315
0.002075262797049723
0.002075262797049468
0.002075262797048406
0.002075262797046346
0.002075262797049211
0.00207526279704821
0.002075262797045303
0.002075262797048787
0.002075262797048297
0.002075262797045652
0.002075262797049836
0.002075262797050147
0.002075262797048322
0.002075262797051629
0.002075262797051396
0.00207526279704955
0.002075262797051745
0.002075262797051139
0.002075262797048818
0.002075262797051575
0.002075262797050752
0.002075262797047938
0.002075262797050761
0.002075262797050123
0.002075262797048027
0.002075262797050581
0.002075262797050499
0.002075262797049091
0.002075262797051912
0.002075262797052817
0.00207526279705235
0.002075262797051117
0.002075262797051952
0.00207526279705181
0.002075262797050766
0.002075262797052033
0.002075262797051694
0.002075262797050689
0.002075262797050865
0.002075262797047604
0.00207526279705008
0.002075262797052812
0.002075262797052817
0.002075262797052564
0.002075262797051073
0.00207526279704482
0.002075262797053203
0.002075262797049194
0.001803917814263533
0.001803917814255385
0.001803917814252602
0.0018039178142531
0.00180391781425306
0.001803917814251672
0.00180391781425154
0.001803917814250722
0.001803917814247137
0.001803917814250173
0.001803917814250428
0.001803917814250258
0.001803917814249645
0.001803917814247582
0.00180391781424935
0.001803917814248838
0.001803917814246544
0.001803917814249029
0.001803917814248784
0.001803917814246516
0.001803917814249983
0.001803917814250144
0.001803917814248389
0.001803917814251674
0.00180391781425147
0.001803917814249496
0.00180391781425129
0.001803917814251036
0.001803917814249129
0.001803917814251154
0.001803917814250781
0.001803917814248495
0.001803917814250508
0.00180391781425026
0.001803917814248526
0.001803917814250747
0.001803917814250616
0.001803917814248968
0.001803917814251857
0.001803917814252462
0.001803917814252072
0.001803917814251038
0.001803917814251612
0.001803917814251536
0.001803917814250647
0.001803917814251607
0.001803917814251575
0.001803917814250905
0.001803917814250867
0.001803917814247789
0.001803917814250201
0.001803917814251861
0.001803917814251853
0.001803917814251697
0.001803917814250411
0.001803917814244437
0.001803917814250945
0.001803917814246222
0.001536100520320682
0.00153610052031727
0.001536100520314747
0.001536100520315299
0.001536100520315536
0.001536100520314482
0.001536100520314197
0.001536100520313773
0.001536100520310841
0.001536100520313529
0.001536100520313667
0.001536100520313521
0.001536100520313185
0.001536100520311238
0.001536100520312247
0.001536100520311955
0.001536100520310208
0.001536100520312017
0.001536100520311917
0.001536100520310079
0.001536100520312683
0.001536100520312778
0.001536100520311394
0.001536100520314431
0.00153610052031417
0.001536100520312285
0.001536100520313718
0.001536100520313669
0.001536100520312093
0.00153610052031362
0.001536100520313457
0.00153610052031166
0.001536100520313127
0.001536100520313085
0.001536100520311617
0.001536100520313634
0.00153610052031346
0.001536100520311738
0.00153610052031461
0.001536100520314915
0.001536100520314555
0.001536100520313734
0.001536100520314146
0.001536100520314022
0.001536100520313205
0.001536100520313871
0.001536100520314185
0.001536100520313595
0.001536100520313482
0.001536100520310881
0.001536100520313034
0.001536100520313919
0.001536100520313907
0.0015361005203139
0.001536100520312692
0.001536100520307203
0.001536100520312036
0.001536100520307131
0.001268592890773213
0.001268592890773364
0.001268592890771173
0.00126859289077216
0.001268592890772451
0.001268592890771659
0.001268592890771351
0.001268592890771221
0.001268592890769013
0.001268592890771393
0.001268592890771453
0.001268592890771145
0.00126859289077097
0.001268592890769459
0.001268592890770012
0.001268592890769711
0.001268592890768445
0.001268592890769837
0.001268592890769826
0.001268592890768359
0.001268592890770333
0.001268592890770404
0.001268592890769327
0.00126859289077191
0.001268592890771649
0.001268592890769924
0.001268592890771127
0.001268592890771126
0.001268592890769808
0.001268592890770959
0.001268592890770967
0.001268592890769549
0.001268592890770669
0.001268592890770656
0.001268592890769435
0.001268592890771234
0.001268592890771065
0.001268592890769412
0.001268592890772097
0.001268592890772211
0.001268592890771873
0.001268592890771366
0.001268592890771724
0.001268592890771494
0.001268592890770607
0.001268592890770956
0.001268592890771744
0.001268592890771435
0.001268592890771033
0.001268592890768873
0.001268592890770646
0.001268592890770978
0.001268592890770864
0.001268592890771006
0.001268592890769835
0.001268592890765187
0.001268592890768522
0.001268592890764042
0.00100045283225721
0.001000452832259623
0.001000452832258171
0.001000452832259314
0.001000452832259515
0.001000452832258796
0.001000452832258708
0.00100045283225871
0.001000452832257339
0.001000452832259421
0.001000452832259409
0.001000452832258676
0.00100045283225884
0.001000452832258222
0.001000452832258442
0.001000452832257833
0.001000452832256963
0.001000452832258145
0.001000452832258148
0.001000452832256982
0.001000452832258399
0.001000452832258435
0.001000452832257671
0.00100045283225971
0.001000452832259492
0.001000452832258021
0.001000452832258959
0.001000452832258974
0.001000452832257956
0.001000452832258788
0.001000452832258832
0.001000452832257805
0.001000452832258625
0.001000452832258656
0.001000452832257651
0.001000452832259189
0.001000452832259106
0.001000452832257577
0.001000452832259874
0.001000452832259876
0.001000452832259706
0.001000452832259793
0.001000452832259369
0.001000452832258904
0.001000452832258727
0.001000452832258759
0.001000452832259432
0.001000452832259501
0.001000452832258998
0.001000452832257394
0.001000452832258537
0.001000452832258561
0.001000452832258404
0.001000452832258743
0.001000452832257605
0.001000452832253987
0.001000452832256049
0.001000452832252741
0.0007308094770865009
0.0007308094770892731
0.0007308094770888986
0.0007308094770902388
0.0007308094770903755
0.0007308094770894724
0.0007308094770895389
0.0007308094770895999
0.0007308094770889868
0.0007308094770906586
0.0007308094770906214
0.0007308094770898263
0.0007308094770903023
0.000730809477090027
0.0007308094770899899
0.0007308094770894192
0.0007308094770888578
0.0007308094770901639
0.0007308094770901927
0.0007308094770888954
0.0007308094770899447
0.000730809477089995
0.0007308094770893922
0.0007308094770908534
0.0007308094770907191
0.0007308094770895981
0.0007308094770902728
0.0007308094770902738
0.0007308094770895333
0.0007308094770900844
0.0007308094770901581
0.0007308094770894821
0.0007308094770900328
0.0007308094770900465
0.0007308094770892934
0.0007308094770905036
0.0007308094770904505
0.0007308094770892742
0.0007308094770910202
0.0007308094770910246
0.0007308094770909095
0.000730809477090984
0.0007308094770902765
0.0007308094770899324
0.0007308094770896916
0.0007308094770898275
0.0007308094770907181
0.0007308094770908996
0.0007308094770903918
0.0007308094770892937
0.0007308094770898837
0.0007308094770898307
0.0007308094770896481
0.0007308094770901054
0.0007308094770890395
0.0007308094770865598
0.0007308094770874336
0.0007308094770857973
0.0003920894679934599
0.0003920894679944127
0.0003920894679943449
0.0003920894679951007
0.0003920894679951756
0.0003920894679945886
0.000392089467994613
0.0003920894679946545
0.0003920894679944218
0.0003920894679952713
0.0003920894679953155
0.0003920894679949145
0.0003920894679950933
0.0003920894679951196
0.0003920894679950486
0.0003920894679947222
0.0003920894679944859
0.0003920894679951287
0.0003920894679951685
0.0003920894679944203
0.0003920894679950689
0.0003920894679951061
0.0003920894679945835
0.0003920894679953106
0.0003920894679953109
0.0003920894679946978
0.0003920894679952094
0.0003920894679952339
0.0003920894679946666
0.0003920894679949348
0.0003920894679949646
0.0003920894679946407
0.000392089467995156
0.0003920894679951701
0.0003920894679945734
0.00039208946799518
0.0003920894679952196
0.0003920894679945553
0.0003920894679954099
0.0003920894679954576
0.0003920894679953324
0.0003920894679954066
0.0003920894679949527
0.000392089467994862
0.0003920894679948548
0.0003920894679948452
0.0003920894679950412
0.0003920894679952133
0.0003920894679950262
0.00039208946799454
0.0003920894679949642
0.0003920894679949961
0.0003920894679948411
0.0003920894679949018
0.0003920894679944171
0.0003920894679936234
0.0003920894679938023
0.0003920894679933708
0.0004781331917836119
0.0004781331917835779
0.0004781331917835932
0.0004781331917835976
0.0004781331917835682
0.0004781331917835989
0.0004781331917836115
0.0004781331917836035
0.0004781331917836176
0.0004781331917836074
0.0004781331917835913
0.0004781331917835897
0.0004781331917836207
0.0004781331917836118
0.0004781331917836066
0.0004781331917836105
0.0004781331917835974
0.0004781331917836039
0.0004781331917836046
0.0004781331917836214
0.0004781331917836046
0.0004781331917836045
0.0004781331917835903
0.0004781331917836173
0.0004781331917836068
0.0004781331917836381
0.0004781331917835858
0.0004781331917836139
0.0004781331917836381
0.0004781331917836139
0.0004781331917835979
0.0004781331917835908
0.0004781331917836117
0.0004781331917836329
0.0004781331917836212
0.0004781331917836091
0.0004781331917836347
0.0004781331917835853
0.0004781331917836042
0.0004781331917836145
0.0004781331917836288
0.0004781331917836279
0.0004781331917836191
0.0004781331917835987
0.0004781331917836061
0.0004781331917836072
0.0004781331917836113
0.0004781331917836279
0.0004781331917836217
0.0004781331917836093
0.0004781331917835962
0.0004781331917836179
0.0004781331917836162
0.0004781331917836135
0.0004781331917836137
0.0004781331917835853
0.0004781331917836001
0.0004781331917836115
)
;

boundaryField
{
    inlet
    {
        type            cyclic;
    }
    outlet
    {
        type            cyclic;
    }
    bottomWall
    {
        type            fixedValue;
        value           uniform 0.0015;
    }
    topWall
    {
        type            fixedValue;
        value           uniform 0.0015;
    }
    left
    {
        type            cyclic;
    }
    right
    {
        type            cyclic;
    }
}


// ************************************************************************* //
