/*--------------------------------*- C++ -*----------------------------------*\
| =========                 |                                                 |
| \\      /  F ield         | OpenFOAM: The Open Source CFD Toolbox           |
|  \\    /   O peration     | Version:  v1812                                 |
|   \\  /    A nd           | Web:      www.OpenFOAM.com                      |
|    \\/     M anipulation  |                                                 |
\*---------------------------------------------------------------------------*/
FoamFile
{
    version     2.0;
    format      ascii;
    class       volScalarField;
    location    "20000";
    object      nuTilda_0;
}
// * * * * * * * * * * * * * * * * * * * * * * * * * * * * * * * * * * * * * //

dimensions      [0 2 -1 0 0 0 0];


internalField   nonuniform List<scalar> 
3770
(
0.0004779055941196046
0.000477905594119583
0.0004779055941195891
0.0004779055941195693
0.0004779055941195648
0.0004779055941196087
0.0004779055941196563
0.0004779055941196265
0.0004779055941196118
0.0004779055941195899
0.0004779055941195607
0.0004779055941196001
0.0004779055941196093
0.0004779055941195929
0.0004779055941195902
0.000477905594119619
0.0004779055941196239
0.0004779055941195529
0.0004779055941195604
0.0004779055941195819
0.0004779055941196192
0.0004779055941195778
0.0004779055941195465
0.0004779055941195975
0.0004779055941196625
0.0004779055941196988
0.0004779055941196273
0.0004779055941196538
0.0004779055941195928
0.0004779055941196298
0.0004779055941196158
0.0004779055941196059
0.0004779055941196176
0.0004779055941196421
0.0004779055941195969
0.0004779055941195961
0.0004779055941195766
0.0004779055941195819
0.0004779055941195578
0.0004779055941195991
0.0004779055941196149
0.0004779055941196157
0.0004779055941195919
0.0004779055941196015
0.0004779055941195857
0.0004779055941195849
0.0004779055941195901
0.0004779055941195974
0.0004779055941196024
0.0004779055941196047
0.0004779055941195951
0.0004779055941195954
0.0004779055941195786
0.000477905594119566
0.0004779055941196215
0.0004779055941196846
0.0004779055941196398
0.0004779055941196359
0.0002468733525712079
0.0002468733525724177
0.0002468733525719592
0.0002468733525719015
0.0002468733525710872
0.0002468733525718365
0.0002468733525716442
0.0002468733525721601
0.0002468733525716196
0.0002468733525716518
0.0002468733525709591
0.0002468733525713799
0.0002468733525709101
0.0002468733525707776
0.0002468733525713106
0.0002468733525717927
0.000246873352571615
0.0002468733525710739
0.0002468733525708904
0.0002468733525709883
0.0002468733525717496
0.0002468733525711382
0.0002468733525695773
0.0002468733525706322
0.0002468733525713598
0.0002468733525716789
0.0002468733525719212
0.0002468733525716002
0.0002468733525711132
0.0002468733525716233
0.000246873352571224
0.0002468733525710975
0.0002468733525717892
0.0002468733525712582
0.0002468733525710073
0.0002468733525713662
0.0002468733525708328
0.0002468733525710671
0.0002468733525703237
0.0002468733525712537
0.0002468733525717154
0.000246873352571388
0.0002468733525712213
0.0002468733525718311
0.0002468733525716474
0.0002468733525717647
0.0002468733525712769
0.0002468733525712925
0.0002468733525713905
0.000246873352571496
0.0002468733525720167
0.0002468733525718896
0.0002468733525711156
0.0002468733525702723
0.0002468733525712747
0.000246873352571305
0.0002468733525710552
0.0002468733525697455
0.0002530175721271995
0.0002530175721321395
0.0002530175721290783
0.0002530175721320971
0.0002530175721296941
0.0002530175721312369
0.0002530175721282146
0.0002530175721310764
0.0002530175721271921
0.0002530175721275465
0.0002530175721265762
0.0002530175721279192
0.0002530175721268785
0.0002530175721245946
0.0002530175721280802
0.0002530175721309558
0.0002530175721278475
0.0002530175721271016
0.0002530175721277746
0.0002530175721249262
0.0002530175721285088
0.0002530175721283892
0.0002530175721217099
0.0002530175721265625
0.0002530175721281215
0.0002530175721288158
0.0002530175721297227
0.0002530175721279528
0.0002530175721260849
0.0002530175721291732
0.0002530175721282918
0.0002530175721266681
0.0002530175721289887
0.0002530175721286855
0.0002530175721293751
0.0002530175721280504
0.0002530175721260888
0.000253017572127769
0.0002530175721235583
0.0002530175721284231
0.0002530175721299202
0.0002530175721277432
0.0002530175721261553
0.000253017572128639
0.0002530175721273855
0.0002530175721288143
0.0002530175721280191
0.0002530175721273969
0.000253017572129744
0.0002530175721286299
0.0002530175721295309
0.0002530175721294057
0.0002530175721276164
0.0002530175721253444
0.0002530175721272567
0.0002530175721260438
0.0002530175721254328
0.000253017572119647
0.0003545997881516525
0.0003545997881580092
0.0003545997881487776
0.0003545997881571265
0.0003545997881521014
0.0003545997881556487
0.0003545997881478331
0.0003545997881545068
0.0003545997881491132
0.0003545997881473325
0.0003545997881520166
0.0003545997881530407
0.0003545997881526864
0.0003545997881497426
0.0003545997881525156
0.000354599788155658
0.0003545997881481629
0.0003545997881493655
0.0003545997881559241
0.0003545997881447102
0.0003545997881551724
0.0003545997881541358
0.0003545997881428159
0.0003545997881580429
0.0003545997881554952
0.0003545997881514082
0.0003545997881529206
0.0003545997881488854
0.0003545997881477339
0.0003545997881579232
0.0003545997881493685
0.000354599788149314
0.0003545997881580214
0.0003545997881501787
0.0003545997881527156
0.0003545997881485273
0.0003545997881476484
0.0003545997881558727
0.0003545997881421043
0.0003545997881544523
0.00035459978815358
0.0003545997881476487
0.0003545997881474068
0.000354599788155848
0.0003545997881429994
0.000354599788157285
0.000354599788153175
0.0003545997881431575
0.0003545997881536442
0.0003545997881483185
0.0003545997881514032
0.0003545997881535437
0.0003545997881470592
0.000354599788146876
0.0003545997881543047
0.0003545997881449586
0.0003545997881443841
0.0003545997881326808
0.0004731717596774413
0.0004731717596872883
0.0004731717596714837
0.0004731717596839562
0.0004731717596793816
0.0004731717596822516
0.0004731717596692121
0.0004731717596817871
0.0004731717596858583
0.00047317175966666
0.0004731717596804113
0.0004731717596749065
0.0004731717596824476
0.0004731717596694897
0.0004731717596778226
0.0004731717596844332
0.0004731717596696784
0.0004731717596771069
0.0004731717596880695
0.000473171759668331
0.0004731717596800675
0.0004731717596836662
0.0004731717596663608
0.0004731717596887232
0.0004731717596863389
0.0004731717596747521
0.000473171759679228
0.0004731717596698539
0.000473171759675389
0.0004731717596888429
0.0004731717596712089
0.0004731717596773935
0.0004731717596901894
0.0004731717596700496
0.0004731717596813275
0.0004731717596695887
0.0004731717596754474
0.0004731717596870296
0.0004731717596645046
0.0004731717596772399
0.0004731717596818215
0.0004731717596680913
0.0004731717596750009
0.0004731717596865957
0.0004731717596637574
0.0004731717596881162
0.0004731717596833236
0.0004731717596661749
0.0004731717596802152
0.0004731717596678002
0.0004731717596744899
0.0004731717596853711
0.0004731717596679922
0.0004731717596741876
0.0004731717596840134
0.0004731717596609533
0.0004731717596700854
0.0004731717596473696
0.0005963969927279711
0.0005963969927369687
0.0005963969927174873
0.0005963969927310492
0.0005963969927315814
0.000596396992732152
0.0005963969927166046
0.000596396992733187
0.0005963969927409396
0.0005963969927146725
0.0005963969927309684
0.0005963969927220157
0.0005963969927324345
0.0005963969927173544
0.0005963969927279934
0.0005963969927399485
0.000596396992716541
0.000596396992728627
0.000596396992741075
0.0005963969927155424
0.0005963969927288542
0.0005963969927396418
0.0005963969927163337
0.0005963969927381339
0.0005963969927397234
0.0005963969927238738
0.0005963969927278494
0.0005963969927162133
0.0005963969927267703
0.0005963969927408137
0.0005963969927183481
0.000596396992728931
0.0005963969927433593
0.000596396992718088
0.0005963969927305175
0.0005963969927154553
0.0005963969927267763
0.0005963969927390324
0.0005963969927134933
0.0005963969927262047
0.0005963969927372563
0.0005963969927139931
0.0005963969927265684
0.0005963969927385553
0.0005963969927096812
0.0005963969927403883
0.0005963969927374035
0.0005963969927150774
0.0005963969927288022
0.0005963969927130573
0.0005963969927246743
0.0005963969927376599
0.0005963969927148536
0.0005963969927259375
0.0005963969927367114
0.0005963969927076172
0.000596396992721368
0.0005963969926937132
0.0007241858847370708
0.0007241858847424478
0.0007241858847190337
0.0007241858847321182
0.0007241858847446712
0.00072418588474129
0.0007241858847235144
0.0007241858847427227
0.0007241858847532354
0.0007241858847252299
0.0007241858847385761
0.0007241858847300603
0.0007241858847356357
0.0007241858847226016
0.0007241858847375199
0.0007241858847495215
0.000724185884722657
0.0007241858847377313
0.0007241858847505458
0.0007241858847208593
0.0007241858847380103
0.0007241858847492912
0.0007241858847196216
0.0007241858847524941
0.0007241858847516328
0.0007241858847319244
0.0007241858847334657
0.0007241858847220186
0.0007241858847355622
0.0007241858847493003
0.0007241858847243272
0.0007241858847389494
0.0007241858847524224
0.0007241858847292224
0.0007241858847334536
0.0007241858847203464
0.0007241858847354853
0.0007241858847474222
0.000724185884719364
0.0007241858847347444
0.00072418588474703
0.0007241858847191858
0.0007241858847359938
0.000724185884747288
0.0007241858847149521
0.0007241858847508736
0.0007241858847473618
0.0007241858847250511
0.0007241858847321671
0.0007241858847179808
0.0007241858847336692
0.0007241858847467825
0.0007241858847211332
0.0007241858847369327
0.0007241858847465408
0.0007241858847164964
0.0007241858847319184
0.0007241858847039247
0.0008592288846056741
0.0008592288846087388
0.0008592288845824733
0.0008592288846066038
0.0008592288846104715
0.000859228884615929
0.0008592288845928225
0.0008592288846138076
0.0008592288846267545
0.0008592288845954377
0.0008592288846089293
0.0008592288845978588
0.0008592288846034926
0.0008592288845897807
0.0008592288846084
0.000859228884619757
0.0008592288845909673
0.0008592288846080584
0.0008592288846211858
0.0008592288845884361
0.0008592288846092164
0.0008592288846196689
0.0008592288845869596
0.000859228884625143
0.0008592288846229597
0.0008592288846002526
0.0008592288846020594
0.0008592288845904414
0.0008592288846050976
0.0008592288846187309
0.0008592288845908521
0.0008592288846137446
0.0008592288846185448
0.0008592288845975469
0.0008592288846016878
0.0008592288845876629
0.0008592288846049278
0.0008592288846170925
0.0008592288845873502
0.0008592288846049532
0.0008592288846176182
0.0008592288845867754
0.0008592288846066533
0.0008592288846173036
0.0008592288845824951
0.0008592288846227877
0.0008592288846176593
0.0008592288845923031
0.0008592288846015352
0.0008592288845856555
0.000859228884604135
0.000859228884617143
0.0008592288845890073
0.0008592288846134701
0.0008592288846154461
0.0008592288845897685
0.0008592288846039637
0.0008592288845798938
0.001005787145212546
0.001005787145205378
0.001005787145182898
0.001005787145200356
0.001005787145216823
0.001005787145215298
0.001005787145193009
0.001005787145214851
0.001005787145230662
0.001005787145196115
0.001005787145209452
0.001005787145196543
0.001005787145202463
0.001005787145187802
0.001005787145209124
0.001005787145220164
0.001005787145189945
0.001005787145208765
0.001005787145222152
0.001005787145186939
0.001005787145210594
0.001005787145220333
0.001005787145185393
0.001005787145227222
0.001005787145223647
0.001005787145198641
0.001005787145201545
0.001005787145189055
0.001005787145204843
0.001005787145217989
0.001005787145185491
0.001005787145222691
0.001005787145219606
0.001005787145195564
0.001005787145201303
0.001005787145186029
0.001005787145203861
0.001005787145217472
0.001005787145186053
0.001005787145205291
0.00100578714521862
0.00100578714518534
0.001005787145206974
0.001005787145217922
0.001005787145180758
0.001005787145224985
0.001005787145218156
0.001005787145190992
0.001005787145200863
0.001005787145184482
0.001005787145204546
0.001005787145217679
0.001005787145182359
0.001005787145222879
0.001005787145219482
0.001005787145196498
0.001005787145203321
0.001005787145186501
0.001170638157504391
0.001170638157485472
0.001170638157474453
0.00117063815749036
0.001170638157497506
0.001170638157507019
0.00117063815748006
0.001170638157501755
0.00117063815752143
0.001170638157484203
0.001170638157495495
0.001170638157482655
0.001170638157488043
0.001170638157472918
0.001170638157495664
0.001170638157506729
0.001170638157474946
0.001170638157497624
0.001170638157509045
0.001170638157472385
0.001170638157497935
0.001170638157507679
0.001170638157470343
0.001170638157515863
0.001170638157510413
0.001170638157483676
0.001170638157487187
0.001170638157469502
0.001170638157496256
0.001170638157500426
0.001170638157469231
0.001170638157513495
0.00117063815750721
0.001170638157480809
0.001170638157487059
0.001170638157471172
0.001170638157489953
0.001170638157504738
0.001170638157471388
0.001170638157492383
0.001170638157506309
0.001170638157470636
0.001170638157493133
0.001170638157505421
0.001170638157465599
0.001170638157513779
0.001170638157505245
0.00117063815747768
0.001170638157485754
0.001170638157470218
0.001170638157491816
0.001170638157505264
0.001170638157466428
0.001170638157515191
0.001170638157509081
0.001170638157484236
0.001170638157495132
0.001170638157482409
0.001363813002007833
0.001363813001975927
0.001363813001993102
0.001363813001980582
0.001363813001997328
0.001363813002011693
0.001363813001982527
0.001363813002003015
0.001363813002027555
0.001363813001988161
0.001363813001995433
0.001363813001984372
0.001363813001989074
0.001363813001973763
0.001363813001997282
0.001363813002006695
0.001363813001970521
0.001363813002011456
0.001363813002006502
0.001363813001973313
0.001363813001999833
0.0013638130020104
0.001363813001970641
0.00136381300201983
0.001363813002012329
0.001363813001984348
0.001363813001987725
0.001363813001965762
0.0013638130020092
0.001363813002001033
0.001363813001968786
0.001363813002018486
0.001363813002010156
0.001363813001981804
0.001363813001987461
0.001363813001971595
0.001363813001992577
0.001363813002007396
0.001363813001971611
0.00136381300199659
0.001363813002008346
0.001363813001971248
0.001363813001994289
0.00136381300200829
0.00136381300196552
0.001363813002017956
0.001363813002007516
0.001363813001980713
0.001363813001984995
0.001363813001971336
0.001363813001995008
0.001363813002008934
0.001363813001967607
0.001363813002021417
0.00136381300201291
0.001363813001979782
0.001363813002008976
0.001363813001997336
0.001598555033098271
0.001598555033057248
0.001598555033067741
0.001598555033051246
0.001598555033071955
0.001598555033090773
0.001598555033059881
0.001598555033078135
0.001598555033107748
0.00159855503306442
0.001598555033072201
0.001598555033060411
0.001598555033065532
0.001598555033048871
0.001598555033079209
0.001598555033075061
0.001598555033044213
0.001598555033092717
0.001598555033082502
0.00159855503304911
0.001598555033076448
0.001598555033088467
0.001598555033046182
0.001598555033098385
0.001598555033089398
0.001598555033060302
0.00159855503306296
0.001598555033038041
0.001598555033095758
0.001598555033077139
0.001598555033043294
0.001598555033098251
0.001598555033087745
0.001598555033057583
0.001598555033062602
0.001598555033046975
0.001598555033070685
0.001598555033085105
0.001598555033041594
0.001598555033087141
0.001598555033079099
0.001598555033045982
0.001598555033072847
0.001598555033084968
0.001598555033040119
0.001598555033097074
0.001598555033084136
0.001598555033056935
0.001598555033061774
0.001598555033047603
0.001598555033072313
0.001598555033088504
0.001598555033045403
0.00159855503309972
0.001598555033092296
0.001598555033054475
0.001598555033091053
0.001598555033076278
0.001890082877723926
0.001890082877680802
0.001890082877690212
0.00189008287766951
0.001890082877693049
0.001890082877714632
0.001890082877682125
0.001890082877697498
0.00189008287773188
0.00189008287768419
0.001890082877695602
0.001890082877681289
0.001890082877686223
0.001890082877661784
0.001890082877710131
0.001890082877696605
0.001890082877663861
0.001890082877717093
0.001890082877704395
0.001890082877669901
0.001890082877697895
0.00189008287771217
0.001890082877668105
0.001890082877719165
0.001890082877713134
0.001890082877681647
0.001890082877683246
0.001890082877656889
0.001890082877722756
0.001890082877698349
0.001890082877662972
0.001890082877722711
0.001890082877709277
0.00189008287767608
0.001890082877685687
0.001890082877667797
0.001890082877692387
0.001890082877708886
0.001890082877661672
0.001890082877711811
0.001890082877699784
0.001890082877658545
0.001890082877713603
0.001890082877698992
0.001890082877659722
0.001890082877721073
0.001890082877705463
0.001890082877677719
0.001890082877684816
0.001890082877669077
0.001890082877693742
0.001890082877713995
0.001890082877674918
0.001890082877706366
0.001890082877724605
0.001890082877681648
0.001890082877709388
0.001890082877698557
0.002252920394158478
0.002252920394131144
0.002252920394139142
0.002252920394114976
0.002252920394141663
0.002252920394163176
0.002252920394129391
0.002252920394141903
0.002252920394179916
0.002252920394128802
0.002252920394144956
0.002252920394127608
0.002252920394131938
0.002252920394103006
0.002252920394172003
0.002252920394143299
0.00225292039410962
0.002252920394165594
0.002252920394151508
0.002252920394116091
0.002252920394144081
0.002252920394161678
0.002252920394122614
0.00225292039414649
0.002252920394171809
0.002252920394128533
0.00225292039412899
0.002252920394102049
0.002252920394172791
0.002252920394144864
0.002252920394108356
0.002252920394171379
0.002252920394153646
0.002252920394108803
0.002252920394147963
0.002252920394114314
0.002252920394138719
0.002252920394158444
0.002252920394115833
0.002252920394141136
0.002252920394156115
0.002252920394101878
0.002252920394167697
0.002252920394143935
0.002252920394104985
0.002252920394169777
0.002252920394152134
0.002252920394124419
0.002252920394132361
0.002252920394115808
0.002252920394139869
0.002252920394163661
0.002252920394123118
0.002252920394148121
0.002252920394174465
0.002252920394122407
0.002252920394158878
0.002252920394154554
0.002696983390935065
0.002696983390924989
0.00269698339092987
0.002696983390902253
0.002696983390931562
0.002696983390950566
0.002696983390916276
0.00269698339092665
0.002696983390966376
0.00269698339091427
0.002696983390932647
0.002696983390913993
0.002696983390917986
0.002696983390888142
0.002696983390963089
0.00269698339092995
0.002696983390896165
0.002696983390952378
0.002696983390937908
0.002696983390902391
0.002696983390929851
0.002696983390949031
0.002696983390909907
0.002696983390928143
0.002696983390961804
0.002696983390915411
0.002696983390914962
0.002696983390888302
0.002696983390960562
0.00269698339093126
0.002696983390894464
0.002696983390958499
0.002696983390938062
0.002696983390890529
0.002696983390939497
0.002696983390901158
0.002696983390924665
0.002696983390945891
0.002696983390902804
0.002696983390926366
0.002696983390943638
0.002696983390887575
0.002696983390956361
0.00269698339093002
0.002696983390890975
0.002696983390957043
0.002696983390938437
0.002696983390911171
0.002696983390919122
0.002696983390902278
0.002696983390925329
0.002696983390951033
0.002696983390909188
0.002696983390931656
0.002696983390961786
0.002696983390915743
0.002696983390924971
0.002696983390957202
0.003223347291941707
0.003223347291975895
0.003223347291971453
0.003223347291938458
0.003223347291968047
0.00322334729198391
0.003223347291950385
0.003223347291959522
0.003223347291997826
0.003223347291947629
0.003223347291966402
0.003223347291947912
0.003223347291951612
0.003223347291922702
0.00322334729199646
0.003223347291963782
0.003223347291932038
0.003223347291982583
0.003223347291971404
0.003223347291936461
0.003223347291962425
0.003223347291981269
0.003223347291943009
0.003223347291963669
0.003223347291993385
0.003223347291949695
0.003223347291948723
0.003223347291923422
0.003223347291993093
0.003223347291964869
0.003223347291929169
0.003223347291991076
0.003223347291970254
0.003223347291924012
0.00322334729197399
0.003223347291935859
0.003223347291957656
0.003223347291977913
0.003223347291928058
0.00322334729198092
0.003223347291965745
0.003223347291922366
0.003223347291989171
0.00322334729196345
0.003223347291925609
0.003223347291989533
0.003223347291971275
0.00322334729194519
0.003223347291952581
0.003223347291936
0.003223347291957403
0.003223347291982702
0.003223347291941507
0.003223347291961622
0.003223347291989774
0.003223347291943689
0.003223347291958494
0.003223347291989199
0.003821498994517873
0.003821498994538131
0.003821498994557698
0.003821498994518309
0.003821498994544004
0.003821498994558399
0.003821498994527451
0.003821498994535838
0.003821498994569363
0.003821498994524277
0.003821498994541711
0.003821498994524781
0.00382149899452798
0.003821498994501795
0.003821498994568542
0.003821498994540335
0.003821498994518352
0.003821498994537834
0.003821498994554026
0.003821498994513799
0.003821498994536943
0.003821498994553113
0.003821498994511059
0.003821498994559921
0.003821498994555536
0.003821498994526769
0.003821498994525685
0.003821498994503012
0.003821498994565675
0.003821498994540926
0.003821498994508195
0.003821498994564202
0.003821498994545103
0.003821498994503167
0.003821498994548675
0.003821498994513997
0.003821498994533146
0.00382149899455185
0.003821498994506172
0.003821498994555826
0.003821498994540016
0.00382149899450176
0.003821498994561967
0.003821498994539266
0.003821498994504636
0.0038214989945623
0.00382149899454577
0.00382149899452197
0.003821498994528323
0.003821498994512696
0.003821498994531461
0.003821498994554031
0.003821498994516244
0.003821498994533678
0.003821498994557712
0.003821498994515939
0.003821498994531384
0.003821498994556833
0.004470164805291145
0.004470164805312042
0.004470164805329664
0.004470164805296839
0.004470164805317344
0.004470164805329824
0.004470164805303778
0.004470164805311247
0.004470164805337658
0.004470164805300331
0.004470164805314749
0.004470164805300475
0.00447016480530293
0.004470164805281015
0.004470164805335943
0.00447016480531297
0.004470164805288974
0.004470164805322244
0.004470164805317756
0.004470164805290267
0.004470164805309438
0.004470164805322604
0.004470164805286613
0.004470164805332382
0.00447016480532471
0.004470164805302626
0.004470164805301702
0.004470164805282939
0.004470164805334798
0.004470164805315277
0.004470164805287552
0.004470164805334049
0.004470164805318249
0.004470164805283224
0.004470164805320507
0.004470164805291714
0.004470164805307015
0.004470164805323685
0.004470164805292117
0.004470164805310622
0.004470164805320846
0.00447016480528167
0.004470164805331343
0.004470164805313375
0.004470164805284111
0.004470164805331773
0.004470164805318133
0.004470164805297831
0.004470164805302692
0.004470164805288843
0.004470164805303859
0.004470164805321963
0.004470164805290365
0.004470164805304691
0.004470164805323496
0.004470164805288924
0.00447016480530224
0.004470164805321789
0.005142346375380281
0.005142346375399812
0.005142346375412254
0.005142346375388808
0.00514234637540414
0.005142346375413555
0.005142346375394443
0.005142346375400485
0.00514234637541902
0.005142346375390787
0.005142346375400793
0.005142346375389761
0.005142346375391437
0.005142346375374922
0.005142346375415311
0.005142346375399264
0.005142346375384378
0.005142346375396208
0.005142346375405414
0.005142346375380828
0.00514234637539529
0.005142346375405073
0.005142346375378316
0.005142346375413616
0.005142346375407949
0.005142346375392109
0.005142346375391612
0.005142346375377757
0.005142346375416619
0.005142346375402975
0.005142346375381958
0.005142346375416478
0.005142346375404836
0.005142346375378459
0.005142346375405352
0.005142346375384101
0.005142346375394227
0.005142346375406991
0.005142346375384194
0.005142346375395469
0.005142346375406753
0.005142346375376614
0.005142346375413489
0.005142346375400942
0.005142346375378777
0.005142346375414151
0.005142346375404048
0.005142346375388151
0.005142346375391089
0.005142346375379857
0.005142346375390333
0.005142346375403023
0.005142346375379612
0.005142346375390569
0.0051423463754038
0.005142346375378199
0.005142346375388003
0.005142346375401832
0.005812185290423491
0.005812185290438575
0.005812185290446832
0.005812185290432922
0.005812185290443788
0.005812185290449134
0.005812185290437801
0.005812185290442107
0.005812185290453195
0.005812185290433917
0.005812185290438623
0.005812185290430968
0.005812185290432204
0.005812185290421636
0.005812185290446634
0.005812185290436657
0.005812185290424048
0.005812185290439859
0.005812185290437396
0.005812185290423919
0.005812185290433741
0.005812185290440004
0.005812185290423158
0.005812185290446435
0.005812185290443111
0.005812185290433728
0.005812185290433976
0.00581218529042546
0.005812185290451244
0.005812185290443032
0.00581218529042958
0.005812185290451444
0.005812185290443847
0.005812185290426701
0.005812185290442255
0.005812185290429972
0.005812185290434008
0.005812185290442117
0.005812185290428176
0.005812185290436203
0.005812185290443671
0.005812185290424674
0.00581218529044844
0.005812185290440984
0.005812185290426757
0.005812185290449569
0.00581218529044301
0.005812185290431729
0.005812185290432374
0.005812185290424432
0.005812185290430365
0.005812185290437242
0.005812185290422696
0.005812185290430506
0.005812185290438427
0.005812185290422216
0.00581218529042795
0.005812185290436404
0.006459854909705122
0.006459854909717297
0.006459854909719061
0.00645985490971449
0.006459854909722389
0.006459854909723042
0.006459854909718465
0.006459854909721275
0.006459854909726137
0.006459854909714529
0.006459854909713749
0.006459854909709226
0.006459854909710681
0.006459854909706363
0.00645985490971622
0.006459854909712306
0.006459854909705405
0.006459854909713867
0.006459854909711621
0.006459854909704777
0.006459854909710643
0.006459854909713805
0.006459854909705462
0.006459854909717928
0.006459854909716311
0.006459854909712661
0.006459854909714142
0.006459854909710557
0.006459854909725149
0.006459854909721207
0.006459854909715225
0.006459854909725496
0.006459854909720995
0.006459854909713041
0.006459854909715102
0.006459854909714327
0.006459854909713112
0.006459854909715607
0.006459854909709776
0.00645985490971584
0.006459854909719141
0.006459854909710407
0.006459854909722572
0.006459854909719233
0.006459854909712601
0.006459854909724676
0.006459854909721219
0.006459854909713723
0.006459854909711835
0.006459854909707351
0.006459854909709926
0.006459854909710851
0.00645985490970438
0.006459854909710001
0.006459854909713301
0.006459854909705622
0.006459854909707794
0.006459854909710881
0.007072792598402214
0.007072792598409704
0.007072792598412635
0.007072792598411236
0.007072792598418973
0.007072792598415381
0.007072792598413488
0.00707279259841557
0.007072792598416649
0.007072792598410966
0.007072792598405191
0.00707279259840315
0.00707279259840529
0.007072792598403948
0.007072792598411473
0.007072792598404581
0.007072792598402499
0.007072792598404865
0.007072792598403759
0.007072792598401483
0.0070727925984042
0.007072792598406049
0.007072792598402248
0.007072792598406223
0.007072792598408399
0.00707279259840697
0.007072792598410389
0.007072792598409988
0.007072792598417439
0.007072792598415928
0.007072792598416542
0.007072792598417729
0.007072792598415895
0.007072792598414441
0.007072792598414061
0.007072792598412945
0.007072792598407075
0.007072792598407041
0.0070727925984067
0.007072792598411903
0.007072792598412712
0.007072792598410866
0.007072792598414524
0.00707279259841419
0.007072792598413573
0.007072792598418573
0.007072792598418141
0.007072792598412455
0.007072792598407472
0.00707279259840576
0.00707279259840731
0.007072792598402817
0.007072792598402127
0.007072792598407302
0.007072792598407267
0.007072792598405586
0.00707279259840823
0.007072792598403677
0.007644362774912885
0.007644362774913852
0.007644362774923346
0.00764436277491851
0.007644362774929918
0.007644362774924839
0.007644362774918883
0.007644362774919496
0.007644362774919982
0.007644362774921399
0.007644362774912081
0.007644362774911271
0.007644362774915084
0.007644362774910368
0.007644362774921939
0.007644362774910563
0.007644362774910048
0.007644362774912449
0.007644362774910568
0.007644362774910566
0.007644362774909941
0.007644362774916082
0.007644362774908231
0.007644362774910152
0.007644362774916666
0.007644362774912834
0.007644362774919004
0.00764436277491779
0.007644362774924213
0.00764436277492405
0.007644362774930153
0.007644362774923428
0.007644362774922487
0.007644362774924755
0.007644362774923115
0.007644362774924025
0.007644362774913327
0.007644362774914182
0.00764436277491577
0.007644362774919845
0.007644362774921711
0.007644362774921126
0.007644362774921368
0.0076443627749228
0.007644362774925148
0.007644362774928344
0.00764436277492975
0.007644362774926612
0.007644362774915916
0.00764436277491526
0.007644362774918726
0.007644362774910057
0.007644362774912651
0.007644362774919185
0.007644362774919449
0.007644362774918801
0.007644362774923443
0.007644362774912184
0.008171759330563185
0.008171759330562457
0.008171759330577068
0.008171759330568421
0.008171759330585216
0.008171759330579523
0.008171759330569319
0.008171759330563804
0.008171759330564608
0.0081717593305713
0.008171759330560508
0.008171759330560529
0.00817175933056331
0.008171759330557683
0.008171759330571328
0.008171759330559662
0.008171759330560016
0.008171759330561698
0.008171759330559481
0.008171759330562165
0.008171759330558611
0.008171759330566162
0.008171759330558057
0.008171759330557049
0.008171759330563596
0.008171759330561636
0.008171759330567654
0.008171759330566566
0.008171759330573647
0.008171759330573151
0.008171759330584189
0.008171759330571881
0.008171759330570778
0.008171759330575491
0.008171759330572596
0.008171759330576489
0.008171759330562151
0.008171759330564396
0.008171759330571692
0.008171759330569857
0.008171759330577278
0.008171759330572907
0.008171759330571364
0.008171759330574081
0.008171759330575202
0.008171759330582406
0.008171759330577871
0.008171759330585521
0.008171759330569305
0.008171759330565553
0.008171759330571541
0.008171759330559334
0.00817175933056373
0.00817175933057392
0.008171759330566917
0.008171759330579594
0.008171759330582491
0.008171759330563425
0.008654229313509655
0.008654229313510968
0.008654229313528623
0.008654229313517914
0.0086542293135408
0.008654229313535678
0.008654229313513367
0.008654229313511373
0.008654229313505958
0.008654229313516792
0.0086542293135066
0.008654229313504475
0.008654229313511955
0.00865422931350336
0.008654229313511147
0.008654229313507558
0.008654229313511787
0.008654229313514851
0.008654229313506404
0.008654229313513756
0.008654229313506977
0.008654229313515198
0.008654229313509574
0.008654229313503558
0.008654229313512897
0.008654229313508321
0.008654229313514748
0.008654229313513645
0.008654229313519614
0.008654229313520632
0.00865422931353494
0.008654229313518018
0.008654229313516115
0.008654229313522211
0.008654229313518875
0.008654229313526949
0.008654229313510882
0.008654229313513929
0.008654229313526419
0.008654229313519867
0.008654229313536058
0.008654229313521914
0.008654229313522416
0.008654229313525818
0.008654229313525013
0.008654229313529365
0.00865422931352932
0.00865422931354199
0.008654229313519579
0.008654229313513362
0.008654229313521345
0.008654229313506996
0.008654229313513654
0.008654229313521798
0.008654229313517716
0.008654229313543507
0.008654229313538998
0.00865422931351589
0.009091911263680594
0.009091911263677447
0.009091911263697679
0.009091911263688655
0.009091911263715799
0.009091911263707814
0.009091911263678117
0.009091911263672951
0.009091911263670085
0.009091911263680995
0.009091911263676356
0.009091911263671719
0.009091911263674994
0.009091911263674543
0.009091911263679251
0.00909191126367727
0.009091911263684265
0.009091911263686922
0.009091911263677248
0.009091911263685522
0.009091911263677506
0.009091911263685399
0.009091911263674637
0.009091911263672309
0.009091911263680939
0.009091911263677819
0.009091911263683528
0.009091911263684067
0.009091911263688336
0.009091911263687986
0.009091911263702984
0.009091911263684671
0.009091911263679635
0.009091911263686749
0.009091911263684553
0.009091911263697332
0.00909191126368329
0.009091911263688844
0.009091911263695995
0.009091911263693093
0.009091911263708256
0.009091911263695544
0.009091911263702349
0.009091911263704773
0.00909191126369888
0.009091911263702483
0.009091911263701622
0.009091911263716942
0.009091911263691832
0.009091911263681687
0.009091911263688522
0.009091911263675673
0.009091911263682336
0.0090919112636937
0.009091911263689387
0.00909191126372277
0.009091911263718557
0.009091911263693098
0.00948519274115496
0.009485192741149395
0.009485192741167596
0.009485192741166496
0.009485192741187034
0.009485192741185601
0.009485192741151871
0.009485192741151012
0.009485192741145189
0.0094851927411533
0.009485192741146968
0.009485192741149642
0.009485192741151508
0.009485192741161441
0.009485192741165724
0.009485192741160853
0.009485192741163703
0.009485192741164255
0.009485192741157292
0.009485192741163499
0.009485192741157427
0.009485192741165594
0.009485192741152653
0.009485192741149048
0.009485192741155475
0.009485192741161153
0.009485192741165702
0.009485192741168587
0.009485192741168413
0.00948519274116388
0.009485192741185955
0.009485192741159111
0.00948519274114875
0.009485192741157998
0.009485192741159333
0.009485192741174299
0.009485192741165809
0.009485192741172292
0.009485192741175439
0.009485192741181411
0.009485192741181894
0.009485192741178526
0.009485192741187712
0.00948519274118749
0.009485192741180808
0.00948519274118256
0.009485192741182341
0.009485192741198932
0.009485192741172294
0.009485192741160471
0.009485192741165991
0.009485192741150178
0.009485192741154185
0.009485192741173707
0.00948519274116706
0.009485192741202096
0.009485192741202634
0.009485192741171213
0.009834398357563464
0.009834398357564621
0.009834398357589707
0.009834398357586198
0.009834398357583639
0.009834398357592403
0.009834398357564595
0.009834398357565936
0.00983439835756594
0.009834398357568748
0.009834398357565033
0.009834398357570218
0.009834398357569961
0.00983439835757492
0.009834398357586979
0.009834398357590609
0.009834398357582397
0.009834398357586956
0.009834398357576171
0.009834398357576542
0.009834398357576523
0.009834398357579956
0.009834398357569113
0.009834398357572986
0.009834398357577403
0.009834398357573118
0.009834398357573907
0.00983439835759563
0.009834398357583023
0.009834398357577471
0.009834398357605691
0.009834398357570781
0.009834398357557275
0.009834398357571777
0.009834398357581689
0.009834398357589562
0.009834398357596419
0.009834398357598062
0.009834398357590606
0.009834398357594474
0.009834398357600594
0.009834398357604811
0.0098343983576114
0.009834398357604411
0.009834398357607327
0.009834398357601169
0.009834398357600714
0.009834398357625911
0.009834398357601576
0.009834398357584885
0.009834398357580204
0.009834398357565475
0.009834398357564321
0.009834398357581431
0.009834398357580971
0.009834398357608212
0.009834398357617869
0.00983439835758005
0.01013965172803647
0.01013965172803885
0.01013965172807378
0.01013965172805083
0.01013965172803976
0.01013965172805409
0.01013965172803616
0.01013965172803847
0.01013965172805219
0.01013965172804692
0.01013965172804819
0.01013965172805698
0.01013965172805563
0.01013965172805617
0.01013965172806794
0.01013965172807495
0.01013965172806738
0.0101396517280772
0.01013965172805712
0.01013965172804457
0.01013965172805686
0.01013965172804996
0.01013965172804498
0.01013965172804682
0.01013965172806768
0.01013965172804712
0.01013965172804187
0.01013965172807001
0.01013965172805274
0.01013965172804651
0.01013965172807638
0.01013965172803814
0.01013965172802858
0.01013965172805756
0.01013965172806312
0.01013965172805729
0.01013965172806099
0.01013965172807277
0.0101396517280649
0.01013965172806714
0.01013965172806811
0.01013965172807197
0.01013965172808143
0.0101396517280844
0.01013965172807784
0.01013965172807716
0.01013965172807696
0.01013965172810802
0.01013965172810165
0.01013965172808646
0.01013965172805311
0.01013965172804525
0.01013965172804015
0.01013965172805327
0.01013965172805526
0.0101396517280754
0.01013965172808705
0.01013965172805325
0.01040081332922568
0.01040081332922569
0.01040081332925975
0.01040081332923351
0.01040081332921431
0.01040081332922882
0.01040081332922535
0.01040081332922144
0.01040081332923342
0.01040081332923242
0.01040081332924136
0.01040081332924578
0.0104008133292554
0.01040081332925418
0.01040081332925992
0.01040081332926415
0.01040081332926556
0.0104008133292741
0.01040081332925172
0.01040081332922986
0.01040081332924122
0.01040081332923731
0.01040081332924557
0.01040081332924508
0.0104008133292713
0.01040081332923545
0.01040081332922109
0.01040081332924616
0.01040081332923605
0.01040081332922961
0.01040081332925552
0.01040081332921711
0.01040081332921662
0.01040081332925706
0.01040081332925417
0.01040081332924819
0.01040081332924955
0.01040081332926408
0.01040081332926011
0.01040081332925878
0.01040081332926049
0.01040081332926318
0.01040081332926411
0.01040081332926093
0.01040081332925749
0.0104008133292639
0.01040081332926506
0.01040081332930023
0.01040081332930574
0.01040081332929157
0.0104008133292396
0.01040081332923411
0.01040081332923216
0.01040081332924113
0.01040081332924611
0.01040081332925354
0.01040081332926236
0.0104008133292391
0.01061744268496089
0.01061744268495432
0.01061744268497926
0.01061744268496514
0.0106174426849459
0.0106174426849646
0.01061744268497463
0.0106174426849628
0.01061744268497114
0.01061744268497243
0.0106174426849861
0.0106174426849933
0.01061744268499161
0.01061744268499764
0.01061744268499753
0.01061744268498956
0.0106174426850077
0.01061744268501504
0.01061744268499274
0.01061744268496845
0.01061744268497035
0.01061744268496847
0.01061744268498299
0.01061744268498467
0.0106174426850151
0.01061744268496876
0.01061744268494514
0.0106174426849636
0.01061744268497036
0.01061744268496651
0.01061744268497997
0.01061744268494131
0.01061744268494668
0.01061744268499748
0.01061744268499991
0.01061744268499157
0.01061744268499216
0.01061744268500303
0.0106174426850043
0.01061744268500294
0.01061744268501216
0.010617442685013
0.01061744268501411
0.01061744268499556
0.01061744268498658
0.01061744268499696
0.01061744268499706
0.01061744268502293
0.01061744268503375
0.01061744268502553
0.01061744268496787
0.01061744268496404
0.01061744268497199
0.0106174426849808
0.01061744268497295
0.01061744268496622
0.01061744268498751
0.01061744268497241
0.01078876050061512
0.01078876050059797
0.01078876050059062
0.01078876050059924
0.0107887605005792
0.01078876050058952
0.01078876050061416
0.01078876050060643
0.01078876050061451
0.01078876050061355
0.01078876050061269
0.01078876050061855
0.01078876050063574
0.01078876050064149
0.01078876050064554
0.01078876050063467
0.01078876050063916
0.01078876050063656
0.01078876050063854
0.01078876050060389
0.01078876050059503
0.01078876050060724
0.01078876050062343
0.0107887605006272
0.01078876050066245
0.01078876050060917
0.01078876050057971
0.01078876050059819
0.0107887605006144
0.01078876050061037
0.01078876050061553
0.01078876050057541
0.01078876050058328
0.01078876050064107
0.01078876050065576
0.01078876050064913
0.01078876050065266
0.0107887605006483
0.01078876050065647
0.01078876050066871
0.01078876050067233
0.01078876050066559
0.01078876050067361
0.01078876050064132
0.01078876050062295
0.01078876050063194
0.01078876050063072
0.01078876050065074
0.01078876050065375
0.01078876050066268
0.01078876050060746
0.01078876050060173
0.01078876050061792
0.01078876050062839
0.01078876050061467
0.0107887605005951
0.01078876050060855
0.01078876050059941
0.01091359887575543
0.01091359887572895
0.01091359887571061
0.01091359887574076
0.0109135988757003
0.01091359887570368
0.01091359887574581
0.01091359887574062
0.01091359887575556
0.01091359887576504
0.01091359887574718
0.01091359887574779
0.01091359887577197
0.0109135988757622
0.01091359887576232
0.01091359887575872
0.01091359887576355
0.01091359887576485
0.01091359887579083
0.0109135988757478
0.01091359887572605
0.01091359887574579
0.01091359887575636
0.01091359887576095
0.01091359887580249
0.01091359887574595
0.01091359887571466
0.01091359887573615
0.01091359887575531
0.01091359887574804
0.01091359887575074
0.01091359887570845
0.01091359887571679
0.01091359887577765
0.01091359887579657
0.01091359887579258
0.01091359887580458
0.01091359887579592
0.01091359887579755
0.01091359887580123
0.01091359887579993
0.01091359887579758
0.01091359887581739
0.01091359887578452
0.01091359887576235
0.01091359887576154
0.01091359887576154
0.0109135988757935
0.01091359887579271
0.01091359887580396
0.01091359887574378
0.01091359887572618
0.01091359887574997
0.01091359887576128
0.01091359887574715
0.0109135988757204
0.01091359887572998
0.01091359887572783
0.01099033154316038
0.01099033154312765
0.01099033154310626
0.01099033154315309
0.0109903315430986
0.01099033154308919
0.01099033154313357
0.0109903315431353
0.01099033154314062
0.01099033154315572
0.0109903315431472
0.01099033154315037
0.01099033154317764
0.01099033154316436
0.01099033154316682
0.01099033154316357
0.01099033154316513
0.01099033154316756
0.01099033154320386
0.01099033154316193
0.01099033154313656
0.01099033154316473
0.01099033154315073
0.01099033154315181
0.01099033154320871
0.01099033154315428
0.01099033154312622
0.01099033154315693
0.01099033154317481
0.01099033154315601
0.0109903315431586
0.01099033154311409
0.01099033154312199
0.0109903315431835
0.01099033154320308
0.01099033154320805
0.01099033154321837
0.01099033154320724
0.01099033154320061
0.01099033154319867
0.01099033154320235
0.01099033154320219
0.01099033154322073
0.01099033154319862
0.01099033154319363
0.01099033154317543
0.01099033154316422
0.01099033154320112
0.01099033154320185
0.01099033154321429
0.01099033154315106
0.01099033154312849
0.01099033154316869
0.01099033154317067
0.01099033154314875
0.01099033154312581
0.01099033154313918
0.01099033154313433
0.01102002292341932
0.0110200229233833
0.01102002292336123
0.01102002292341854
0.01102002292335524
0.01102002292332954
0.01102002292335998
0.01102002292337393
0.01102002292338283
0.01102002292339625
0.0110200229234006
0.01102002292340525
0.01102002292342567
0.01102002292342141
0.01102002292342642
0.01102002292342748
0.01102002292342854
0.01102002292342861
0.01102002292346753
0.01102002292343392
0.01102002292341045
0.01102002292344382
0.01102002292341538
0.01102002292340932
0.01102002292346616
0.01102002292342008
0.01102002292340214
0.01102002292342927
0.01102002292344138
0.01102002292342287
0.0110200229234239
0.01102002292337822
0.0110200229233859
0.01102002292344681
0.01102002292346295
0.01102002292346297
0.01102002292347311
0.01102002292346926
0.01102002292346196
0.0110200229234617
0.01102002292347518
0.01102002292347526
0.0110200229234659
0.01102002292345012
0.01102002292347449
0.01102002292344522
0.01102002292342529
0.01102002292346157
0.01102002292346667
0.0110200229234802
0.01102002292341681
0.01102002292339459
0.01102002292344439
0.01102002292345647
0.01102002292342505
0.01102002292338656
0.01102002292338481
0.01102002292338374
0.01100314481597593
0.01100314481593884
0.01100314481591652
0.01100314481597892
0.01100314481591234
0.01100314481588056
0.01100314481590774
0.01100314481591507
0.01100314481592278
0.01100314481595217
0.01100314481594397
0.01100314481594741
0.01100314481598434
0.01100314481599121
0.01100314481599651
0.011003144816005
0.01100314481600494
0.01100314481599155
0.01100314481602419
0.01100314481600462
0.01100314481598924
0.01100314481601289
0.01100314481597823
0.01100314481597091
0.01100314481601314
0.01100314481598125
0.01100314481598488
0.01100314481599758
0.0110031448159986
0.01100314481599127
0.01100314481598609
0.01100314481594159
0.01100314481595096
0.01100314481600988
0.01100314481602569
0.01100314481601903
0.01100314481601995
0.01100314481603113
0.01100314481604428
0.01100314481604518
0.01100314481603963
0.01100314481604675
0.01100314481602982
0.01100314481600886
0.01100314481604957
0.01100314481600958
0.01100314481598746
0.01100314481603848
0.01100314481605118
0.01100314481604876
0.01100314481598332
0.01100314481596484
0.01100314481602095
0.0110031448160348
0.01100314481600289
0.01100314481596566
0.01100314481594959
0.01100314481593776
0.0109396624480171
0.01093966244798074
0.01093966244795843
0.0109396624480235
0.01093966244795657
0.01093966244792205
0.01093966244794946
0.0109396624479525
0.01093966244795887
0.01093966244800173
0.01093966244798483
0.01093966244798287
0.01093966244802663
0.01093966244802706
0.01093966244803607
0.0109396624480524
0.0109396624480678
0.0109396624480507
0.01093966244805653
0.01093966244805437
0.010939662448066
0.01093966244805927
0.01093966244801958
0.01093966244802467
0.01093966244803821
0.01093966244801943
0.01093966244805099
0.01093966244803413
0.01093966244802089
0.01093966244804704
0.01093966244803314
0.01093966244799014
0.0109396624480051
0.01093966244805712
0.01093966244806937
0.01093966244806344
0.01093966244806264
0.01093966244807073
0.01093966244808721
0.01093966244808788
0.01093966244808744
0.01093966244809278
0.0109396624480715
0.01093966244805561
0.0109396624481035
0.01093966244805576
0.01093966244803109
0.01093966244809899
0.01093966244810082
0.01093966244808329
0.01093966244803862
0.0109396624480232
0.01093966244807728
0.01093966244809121
0.01093966244806275
0.01093966244801298
0.01093966244799069
0.01093966244797885
0.01082908718203179
0.01082908718199767
0.01082908718197553
0.01082908718204083
0.01082908718197592
0.01082908718194009
0.01082908718196727
0.01082908718197181
0.01082908718197769
0.01082908718202625
0.01082908718200519
0.01082908718199839
0.01082908718204351
0.01082908718204296
0.01082908718205155
0.01082908718206706
0.01082908718208551
0.01082908718206908
0.01082908718206626
0.01082908718206556
0.01082908718209724
0.01082908718207737
0.01082908718203936
0.01082908718206779
0.01082908718206414
0.01082908718203987
0.01082908718208525
0.01082908718204885
0.01082908718202627
0.01082908718207262
0.01082908718204651
0.01082908718202164
0.01082908718204799
0.01082908718207568
0.01082908718207347
0.01082908718208696
0.0108290871820974
0.01082908718208023
0.01082908718208666
0.01082908718208832
0.01082908718210278
0.01082908718209951
0.01082908718207799
0.01082908718207515
0.0108290871821252
0.01082908718207432
0.01082908718204745
0.01082908718211696
0.01082908718209163
0.01082908718206233
0.01082908718205975
0.01082908718205813
0.01082908718210035
0.01082908718211155
0.01082908718209449
0.01082908718202275
0.01082908718199922
0.01082908718199526
0.01067050591280042
0.01067050591276994
0.01067050591274818
0.01067050591281144
0.01067050591275108
0.01067050591271621
0.01067050591274297
0.01067050591275281
0.01067050591275801
0.01067050591280404
0.01067050591278499
0.01067050591277706
0.01067050591282454
0.0106705059128208
0.01067050591282627
0.01067050591283685
0.01067050591284461
0.0106705059128379
0.0106705059128474
0.01067050591283908
0.01067050591287388
0.01067050591285027
0.01067050591281779
0.01067050591284851
0.01067050591284
0.0106705059128199
0.01067050591286502
0.01067050591281586
0.01067050591279172
0.01067050591285081
0.01067050591281255
0.01067050591279408
0.01067050591282733
0.01067050591284416
0.01067050591284086
0.01067050591285791
0.01067050591287069
0.0106705059128493
0.0106705059128515
0.01067050591285544
0.01067050591286303
0.01067050591285325
0.01067050591284469
0.01067050591284761
0.01067050591289527
0.01067050591284703
0.01067050591281808
0.01067050591288257
0.0106705059128518
0.01067050591282429
0.01067050591284575
0.0106705059128514
0.01067050591288527
0.01067050591288171
0.01067050591287638
0.01067050591279742
0.01067050591276892
0.01067050591276747
0.01046259702353221
0.0104625970235069
0.01046259702348613
0.01046259702354497
0.01046259702349208
0.01046259702346468
0.01046259702349635
0.01046259702350721
0.01046259702350815
0.01046259702353943
0.01046259702353041
0.01046259702351963
0.01046259702354944
0.01046259702354607
0.0104625970235595
0.01046259702356184
0.01046259702358213
0.01046259702357061
0.01046259702356825
0.01046259702356908
0.01046259702360774
0.01046259702358725
0.01046259702357052
0.0104625970235854
0.01046259702357426
0.01046259702357073
0.01046259702360161
0.01046259702354352
0.01046259702352299
0.01046259702358868
0.01046259702354159
0.01046259702352322
0.01046259702355284
0.01046259702355795
0.01046259702356879
0.010462597023587
0.01046259702359646
0.01046259702358515
0.01046259702358283
0.01046259702358816
0.01046259702358042
0.01046259702357221
0.01046259702358488
0.01046259702358669
0.01046259702362249
0.01046259702358395
0.01046259702355521
0.01046259702360964
0.01046259702358785
0.01046259702356713
0.01046259702360202
0.01046259702361497
0.01046259702364023
0.01046259702362653
0.01046259702363558
0.01046259702354418
0.01046259702349832
0.01046259702349856
0.01020364961026149
0.01020364961024251
0.01020364961022497
0.01020364961027631
0.010203649610233
0.01020364961021066
0.01020364961024368
0.01020364961024391
0.01020364961025263
0.01020364961026895
0.01020364961027811
0.01020364961026012
0.01020364961026124
0.01020364961027052
0.01020364961029942
0.01020364961029848
0.01020364961031647
0.01020364961030577
0.01020364961028753
0.01020364961028976
0.01020364961033655
0.01020364961032203
0.01020364961031844
0.01020364961033986
0.01020364961033184
0.0102036496103315
0.01020364961033446
0.01020364961026706
0.01020364961025289
0.01020364961032042
0.01020364961027002
0.01020364961025049
0.01020364961028102
0.01020364961028593
0.0102036496102996
0.01020364961032447
0.01020364961032341
0.01020364961031479
0.01020364961030858
0.01020364961032848
0.01020364961031089
0.010203649610294
0.0102036496103131
0.01020364961031018
0.01020364961033905
0.01020364961031801
0.01020364961029731
0.01020364961033486
0.0102036496103296
0.01020364961031984
0.01020364961035291
0.01020364961036384
0.01020364961038455
0.01020364961037176
0.01020364961039034
0.01020364961029723
0.01020364961023256
0.01020364961023082
0.009891621260747729
0.00989162126073528
0.009891621260725979
0.009891621260765624
0.009891621260733452
0.009891621260712006
0.009891621260752648
0.009891621260745531
0.009891621260743061
0.009891621260748221
0.009891621260774143
0.009891621260754442
0.009891621260741074
0.009891621260758168
0.009891621260788757
0.009891621260786462
0.009891621260806239
0.009891621260804451
0.009891621260781467
0.009891621260778072
0.009891621260817782
0.009891621260812861
0.009891621260820237
0.009891621260840641
0.009891621260831098
0.009891621260844332
0.009891621260830737
0.009891621260751786
0.009891621260741033
0.0098916212608069
0.009891621260758944
0.009891621260738989
0.009891621260771769
0.009891621260784984
0.009891621260800237
0.00989162126081837
0.009891621260819094
0.009891621260809041
0.009891621260800555
0.009891621260831729
0.00989162126080334
0.009891621260781714
0.009891621260819373
0.009891621260803292
0.009891621260800244
0.009891621260801771
0.009891621260806501
0.00989162126083629
0.009891621260848056
0.009891621260841314
0.009891621260860661
0.009891621260865874
0.009891621260879797
0.009891621260872629
0.009891621260897217
0.00989162126081497
0.00989162126073282
0.00989162126072725
0.009524304491793277
0.009524304491788965
0.009524304491787244
0.009524304491810492
0.009524304491790736
0.009524304491772339
0.009524304491812144
0.009524304491795987
0.009524304491793811
0.009524304491795853
0.009524304491822719
0.009524304491801071
0.009524304491783131
0.00952430449179981
0.009524304491824022
0.00952430449182304
0.009524304491846526
0.009524304491853772
0.009524304491834435
0.009524304491830195
0.009524304491857273
0.009524304491867093
0.009524304491880901
0.009524304491891804
0.009524304491883054
0.009524304491898701
0.00952430449187733
0.009524304491795536
0.009524304491785157
0.009524304491846722
0.009524304491805318
0.009524304491783927
0.009524304491822124
0.009524304491837311
0.009524304491849808
0.009524304491864874
0.009524304491878089
0.009524304491864243
0.009524304491849375
0.009524304491888291
0.009524304491852454
0.009524304491829377
0.009524304491880919
0.009524304491852516
0.009524304491832879
0.009524304491850233
0.009524304491860612
0.009524304491882161
0.009524304491910886
0.009524304491913885
0.009524304491928023
0.009524304491928395
0.009524304491923142
0.009524304491920968
0.009524304491954867
0.009524304491897614
0.00952430449180207
0.009524304491784433
0.009099719280598811
0.009099719280606051
0.009099719280606886
0.009099719280607203
0.009099719280598365
0.009099719280591053
0.009099719280621744
0.009099719280597206
0.009099719280588755
0.009099719280590715
0.009099719280621393
0.009099719280599923
0.009099719280582277
0.009099719280588612
0.009099719280607167
0.009099719280618149
0.009099719280641076
0.009099719280645095
0.009099719280638852
0.009099719280647766
0.009099719280664019
0.009099719280671641
0.009099719280682124
0.00909971928069167
0.00909971928068376
0.009099719280696512
0.009099719280677364
0.009099719280595039
0.009099719280582856
0.009099719280638218
0.009099719280604934
0.009099719280580284
0.009099719280615556
0.009099719280633169
0.009099719280646337
0.009099719280664545
0.009099719280681462
0.009099719280668439
0.009099719280653661
0.009099719280693664
0.00909971928065405
0.00909971928063103
0.009099719280686983
0.009099719280651382
0.009099719280626662
0.009099719280654022
0.009099719280661105
0.009099719280681191
0.009099719280719485
0.009099719280733568
0.009099719280732445
0.009099719280736336
0.009099719280730244
0.009099719280723608
0.00909971928075873
0.009099719280730873
0.009099719280636274
0.009099719280595105
0.008616883871987575
0.008616883871992238
0.008616883871990551
0.008616883871997522
0.008616883872007168
0.008616883871997676
0.008616883872015249
0.008616883871986024
0.008616883871971865
0.008616883871973765
0.00861688387200518
0.008616883871987694
0.008616883871969121
0.008616883871969874
0.00861688387198239
0.00861688387199012
0.008616883872017403
0.008616883872030771
0.008616883872034247
0.008616883872044992
0.00861688387205786
0.008616883872059696
0.008616883872057921
0.008616883872073279
0.008616883872067863
0.008616883872074415
0.008616883872063975
0.008616883871985226
0.008616883871970536
0.008616883872018978
0.008616883871992956
0.008616883871970973
0.008616883871996982
0.008616883872009906
0.008616883872028245
0.008616883872052408
0.008616883872069435
0.008616883872058409
0.008616883872046502
0.008616883872083212
0.00861688387204315
0.008616883872020894
0.008616883872076216
0.00861688387203779
0.008616883872012728
0.008616883872046305
0.008616883872044265
0.008616883872063018
0.008616883872102923
0.00861688387212088
0.008616883872115573
0.008616883872113889
0.008616883872119603
0.00861688387212102
0.008616883872142626
0.008616883872132251
0.008616883872063844
0.008616883872000337
0.008077082438781353
0.008077082438780976
0.008077082438782362
0.00807708243878682
0.008077082438797879
0.008077082438791712
0.008077082438809811
0.00807708243878223
0.008077082438768512
0.008077082438769274
0.008077082438789102
0.00807708243877913
0.008077082438771217
0.008077082438768713
0.008077082438777817
0.008077082438774495
0.008077082438797012
0.008077082438823624
0.008077082438839254
0.008077082438847671
0.008077082438844542
0.008077082438838689
0.008077082438838135
0.008077082438860156
0.008077082438853496
0.008077082438846129
0.008077082438848247
0.008077082438783351
0.008077082438765978
0.008077082438808711
0.008077082438786813
0.00807708243876883
0.008077082438793959
0.008077082438799467
0.008077082438816718
0.008077082438845249
0.008077082438860376
0.00807708243885203
0.008077082438842342
0.008077082438874542
0.008077082438836796
0.008077082438815613
0.008077082438867398
0.008077082438829576
0.008077082438806111
0.008077082438844179
0.008077082438832855
0.00807708243884472
0.00807708243888045
0.008077082438897491
0.008077082438893587
0.008077082438899368
0.008077082438906844
0.008077082438916137
0.008077082438924028
0.008077082438915202
0.008077082438885651
0.008077082438816432
0.007485574047278652
0.007485574047274605
0.007485574047287866
0.007485574047295592
0.007485574047292032
0.00748557404727899
0.007485574047307856
0.007485574047283436
0.007485574047271062
0.007485574047271932
0.007485574047279335
0.007485574047275449
0.00748557404728182
0.007485574047277584
0.007485574047283748
0.007485574047270282
0.007485574047285034
0.00748557404731811
0.007485574047335983
0.007485574047336731
0.007485574047337792
0.007485574047334261
0.007485574047329297
0.007485574047352878
0.007485574047342846
0.007485574047329484
0.00748557404734192
0.007485574047287523
0.007485574047268523
0.007485574047308302
0.00748557404728737
0.00748557404727162
0.007485574047298799
0.007485574047294843
0.007485574047308127
0.007485574047341078
0.007485574047352939
0.007485574047347524
0.007485574047340127
0.007485574047367174
0.007485574047333791
0.007485574047313896
0.007485574047360348
0.007485574047325716
0.007485574047304615
0.007485574047347686
0.007485574047323881
0.007485574047323022
0.007485574047361623
0.007485574047374113
0.007485574047370254
0.007485574047387909
0.007485574047391122
0.007485574047409037
0.007485574047399606
0.007485574047379809
0.007485574047387851
0.007485574047338673
0.006853340669676061
0.006853340669659416
0.006853340669677138
0.006853340669685622
0.006853340669675131
0.00685334066965923
0.006853340669691727
0.006853340669670011
0.006853340669657543
0.006853340669661259
0.00685334066966495
0.0068533406696662
0.006853340669670695
0.00685334066966485
0.006853340669677792
0.006853340669653768
0.006853340669659
0.006853340669697013
0.006853340669713505
0.006853340669713336
0.006853340669713335
0.006853340669711432
0.006853340669709469
0.006853340669730879
0.006853340669718608
0.006853340669703696
0.006853340669722416
0.006853340669677734
0.006853340669658615
0.006853340669696177
0.006853340669675295
0.006853340669660594
0.006853340669690173
0.006853340669678812
0.006853340669687103
0.006853340669725043
0.006853340669730103
0.006853340669725596
0.006853340669722642
0.006853340669743243
0.006853340669715514
0.006853340669697301
0.006853340669737251
0.006853340669707507
0.006853340669688832
0.006853340669732901
0.006853340669705834
0.00685334066969428
0.006853340669727535
0.006853340669731449
0.006853340669731468
0.006853340669764801
0.006853340669766339
0.006853340669780779
0.006853340669763323
0.006853340669744044
0.006853340669770848
0.006853340669745611
0.006198050129093198
0.00619805012906253
0.006198050129080088
0.006198050129088023
0.006198050129075342
0.006198050129059184
0.006198050129090442
0.00619805012907095
0.006198050129056346
0.006198050129064715
0.006198050129069628
0.006198050129069467
0.006198050129063042
0.006198050129060704
0.006198050129084812
0.00619805012905865
0.006198050129055163
0.00619805012908981
0.006198050129103198
0.006198050129103693
0.006198050129107193
0.006198050129106415
0.006198050129104902
0.006198050129122375
0.006198050129110101
0.006198050129096333
0.006198050129116749
0.0061980501290815
0.006198050129063814
0.006198050129097984
0.006198050129078004
0.006198050129064352
0.006198050129095612
0.00619805012907712
0.006198050129079473
0.006198050129117454
0.006198050129121801
0.006198050129119495
0.00619805012911705
0.006198050129132527
0.006198050129111053
0.006198050129095059
0.006198050129127814
0.006198050129103817
0.006198050129087535
0.006198050129126557
0.006198050129101851
0.00619805012908665
0.006198050129120221
0.006198050129119543
0.006198050129115376
0.0061980501291508
0.006198050129151945
0.00619805012916392
0.006198050129145067
0.006198050129129894
0.006198050129162877
0.006198050129158107
0.005543198253903542
0.005543198253862915
0.005543198253877805
0.005543198253884577
0.00554319825387234
0.00554319825385747
0.005543198253884522
0.005543198253867433
0.005543198253850431
0.005543198253864279
0.005543198253866089
0.005543198253867002
0.0055431982538601
0.005543198253856111
0.005543198253883158
0.005543198253859333
0.005543198253850311
0.005543198253879139
0.005543198253888013
0.005543198253888736
0.00554319825389642
0.005543198253896864
0.005543198253895466
0.005543198253908699
0.00554319825389826
0.005543198253886901
0.005543198253905751
0.005543198253879124
0.00554319825386389
0.005543198253893342
0.005543198253875455
0.005543198253863143
0.005543198253893294
0.005543198253874333
0.005543198253871429
0.00554319825390349
0.005543198253907919
0.005543198253907072
0.005543198253905396
0.00554319825391674
0.00554319825390137
0.005543198253888174
0.005543198253913539
0.005543198253895352
0.005543198253881691
0.005543198253913477
0.005543198253893356
0.005543198253878402
0.005543198253907007
0.005543198253904195
0.005543198253899428
0.005543198253931224
0.00554319825393225
0.005543198253941563
0.005543198253924804
0.00554319825391492
0.005543198253944751
0.005543198253950009
0.004914780094568981
0.004914780094523038
0.004914780094534276
0.00491478009453974
0.004914780094529167
0.004914780094516422
0.004914780094537939
0.004914780094523648
0.004914780094507426
0.004914780094521369
0.004914780094522096
0.004914780094524142
0.004914780094517385
0.00491478009451293
0.004914780094537753
0.004914780094518275
0.004914780094507598
0.004914780094530806
0.004914780094533157
0.004914780094533491
0.00491478009454533
0.004914780094546763
0.004914780094545532
0.004914780094554908
0.004914780094547093
0.004914780094538567
0.004914780094554292
0.004914780094534954
0.004914780094522501
0.00491478009454659
0.004914780094531571
0.00491478009452082
0.004914780094547037
0.0049147800945306
0.004914780094524756
0.004914780094549895
0.00491478009455391
0.004914780094553857
0.00491478009455328
0.004914780094561086
0.004914780094551006
0.004914780094540933
0.004914780094559311
0.00491478009454637
0.004914780094535575
0.004914780094559716
0.004914780094544578
0.004914780094531602
0.004914780094553153
0.00491478009454985
0.004914780094546331
0.004914780094572233
0.004914780094573168
0.004914780094579679
0.004914780094566197
0.004914780094559964
0.004914780094586998
0.004914780094595658
0.004335987497699264
0.004335987497652379
0.004335987497659984
0.004335987497664372
0.004335987497655834
0.004335987497645515
0.00433598749766138
0.004335987497649942
0.004335987497636106
0.004335987497648154
0.004335987497648539
0.004335987497650927
0.004335987497644666
0.004335987497640538
0.004335987497661255
0.004335987497646353
0.004335987497636637
0.004335987497656149
0.004335987497654577
0.004335987497653008
0.004335987497665185
0.004335987497667145
0.004335987497666152
0.004335987497672516
0.004335987497667296
0.004335987497661372
0.004335987497673565
0.004335987497659993
0.004335987497650255
0.004335987497669035
0.004335987497657132
0.004335987497648077
0.004335987497668922
0.004335987497656008
0.004335987497649544
0.004335987497668396
0.004335987497671767
0.004335987497672461
0.004335987497672605
0.004335987497677191
0.004335987497671122
0.004335987497664076
0.004335987497676449
0.004335987497667788
0.00433598749765986
0.004335987497677016
0.004335987497666311
0.004335987497656013
0.004335987497670396
0.004335987497667467
0.004335987497665985
0.004335987497685548
0.004335987497686408
0.004335987497690952
0.004335987497680592
0.004335987497675517
0.004335987497699739
0.004335987497708175
0.003821843666523479
0.003821843666479305
0.00382184366648383
0.00382184366648737
0.003821843666480801
0.003821843666472796
0.00382184366648367
0.003821843666474851
0.003821843666463727
0.003821843666473488
0.003821843666473851
0.003821843666475995
0.003821843666470432
0.003821843666466926
0.003821843666483304
0.00382184366647236
0.003821843666464342
0.003821843666480006
0.003821843666476797
0.003821843666474098
0.003821843666484958
0.003821843666487029
0.00382184366648619
0.003821843666490581
0.003821843666487465
0.003821843666483567
0.003821843666492534
0.003821843666483299
0.003821843666475953
0.003821843666490059
0.003821843666481025
0.003821843666473652
0.003821843666489297
0.003821843666479802
0.003821843666474068
0.00382184366648777
0.003821843666489238
0.003821843666489527
0.003821843666491158
0.003821843666494164
0.003821843666490806
0.003821843666486282
0.00382184366649402
0.00382184366648858
0.003821843666483176
0.003821843666494545
0.003821843666487373
0.003821843666479812
0.003821843666488789
0.003821843666486373
0.003821843666486355
0.003821843666500256
0.003821843666501034
0.003821843666504016
0.003821843666496348
0.003821843666491256
0.003821843666512811
0.003821843666518867
0.003376223479523423
0.003376223479483813
0.003376223479485962
0.003376223479488805
0.003376223479483935
0.003376223479477891
0.003376223479484776
0.003376223479478187
0.003376223479469444
0.003376223479477191
0.003376223479477709
0.003376223479479302
0.003376223479474539
0.003376223479471605
0.003376223479484084
0.003376223479476369
0.003376223479469937
0.003376223479482108
0.003376223479478717
0.003376223479475412
0.003376223479484487
0.00337622347948634
0.003376223479485459
0.003376223479488903
0.003376223479487225
0.003376223479484662
0.00337622347949109
0.003376223479485054
0.003376223479479571
0.003376223479489864
0.003376223479483372
0.003376223479477394
0.003376223479488698
0.003376223479482094
0.003376223479477539
0.003376223479487429
0.003376223479487853
0.003376223479487294
0.003376223479489481
0.003376223479491778
0.003376223479490042
0.003376223479487212
0.003376223479491797
0.003376223479488653
0.00337622347948519
0.00337622347949218
0.003376223479487673
0.003376223479482411
0.003376223479487862
0.003376223479485218
0.003376223479486032
0.003376223479496005
0.003376223479496696
0.003376223479498384
0.003376223479492885
0.003376223479487486
0.003376223479505974
0.003376223479509414
0.002992595081188284
0.002992595081154751
0.002992595081155146
0.002992595081157361
0.002992595081153976
0.002992595081149413
0.002992595081153326
0.002992595081148645
0.002992595081141631
0.002992595081147889
0.00299259508114865
0.002992595081149544
0.002992595081145596
0.002992595081143006
0.002992595081152247
0.002992595081147147
0.002992595081141891
0.002992595081151115
0.00299259508114836
0.0029925950811448
0.002992595081152186
0.002992595081153567
0.002992595081152418
0.002992595081155771
0.002992595081154975
0.002992595081152952
0.002992595081157626
0.002992595081153978
0.002992595081149778
0.002992595081157122
0.002992595081152797
0.002992595081147888
0.002992595081155813
0.002992595081151615
0.002992595081148021
0.002992595081154902
0.002992595081154973
0.002992595081153855
0.002992595081156195
0.002992595081158221
0.00299259508115727
0.002992595081155291
0.002992595081158067
0.002992595081156485
0.002992595081154236
0.002992595081158246
0.00299259508115572
0.002992595081152139
0.002992595081155095
0.002992595081152256
0.002992595081153706
0.002992595081161036
0.002992595081161576
0.002992595081162169
0.002992595081158365
0.002992595081152643
0.002992595081168207
0.002992595081169152
0.002657760083171045
0.002657760083144239
0.002657760083143242
0.002657760083144816
0.002657760083142717
0.002657760083139367
0.002657760083141253
0.002657760083138016
0.002657760083132268
0.002657760083137398
0.002657760083138247
0.002657760083138507
0.002657760083135475
0.00265776008313312
0.002657760083139729
0.002657760083136578
0.002657760083132228
0.002657760083139067
0.00265776008313718
0.002657760083133658
0.002657760083139618
0.002657760083140525
0.002657760083139084
0.002657760083142742
0.002657760083142342
0.002657760083140374
0.002657760083143919
0.002657760083141888
0.002657760083138568
0.002657760083143754
0.002657760083141097
0.002657760083137028
0.002657760083142475
0.002657760083140094
0.002657760083137227
0.002657760083141911
0.002657760083141854
0.002657760083140476
0.002657760083142846
0.002657760083144672
0.002657760083144056
0.002657760083142483
0.002657760083144341
0.002657760083143648
0.002657760083142155
0.002657760083144354
0.002657760083143125
0.002657760083140803
0.002657760083142103
0.002657760083139084
0.00265776008314108
0.002657760083146464
0.002657760083146685
0.002657760083146597
0.002657760083143992
0.002657760083138057
0.002657760083150875
0.00265776008314968
0.002356507834611611
0.002356507834591407
0.002356507834589505
0.002356507834590561
0.002356507834589379
0.002356507834587138
0.002356507834587774
0.002356507834585481
0.002356507834580621
0.002356507834584843
0.002356507834585513
0.002356507834585395
0.002356507834583339
0.002356507834581204
0.002356507834585715
0.002356507834583924
0.002356507834580348
0.002356507834585306
0.00235650783458414
0.002356507834580868
0.002356507834585742
0.002356507834586252
0.002356507834584592
0.002356507834588431
0.002356507834588248
0.002356507834586226
0.002356507834588962
0.00235650783458792
0.002356507834585275
0.002356507834588973
0.002356507834587462
0.002356507834584121
0.002356507834587858
0.002356507834586653
0.002356507834584352
0.002356507834587492
0.002356507834587445
0.002356507834585944
0.002356507834588385
0.002356507834589939
0.002356507834589433
0.002356507834588134
0.0023565078345896
0.002356507834589288
0.002356507834588183
0.002356507834589382
0.00235650783458893
0.002356507834587707
0.002356507834587976
0.002356507834584685
0.00235650783458705
0.00235650783459094
0.002356507834590823
0.002356507834590355
0.002356507834588634
0.002356507834582589
0.002356507834593042
0.002356507834590175
0.002075262796887912
0.002075262796873888
0.002075262796871483
0.002075262796872251
0.002075262796871606
0.002075262796870386
0.002075262796870489
0.002075262796868684
0.002075262796864462
0.00207526279686796
0.002075262796868462
0.002075262796868166
0.002075262796866915
0.002075262796864913
0.002075262796867815
0.002075262796866844
0.002075262796863955
0.002075262796867525
0.002075262796866863
0.002075262796863988
0.00207526279686801
0.002075262796868242
0.002075262796866464
0.002075262796870253
0.002075262796870155
0.002075262796868152
0.002075262796870312
0.002075262796869792
0.002075262796867661
0.00207526279687032
0.00207526279686952
0.002075262796866831
0.002075262796869466
0.002075262796868886
0.002075262796867017
0.002075262796869236
0.002075262796869194
0.002075262796867709
0.002075262796870236
0.002075262796871431
0.002075262796870987
0.002075262796869875
0.002075262796871175
0.002075262796870995
0.002075262796870068
0.002075262796870697
0.002075262796870743
0.002075262796870171
0.002075262796869907
0.002075262796866597
0.002075262796869068
0.002075262796871763
0.002075262796871498
0.00207526279687091
0.002075262796869701
0.002075262796863673
0.00207526279687205
0.002075262796867997
0.001803917814104321
0.001803917814095901
0.001803917814093378
0.00180391781409418
0.001803917814093727
0.001803917814092963
0.001803917814093068
0.001803917814091647
0.001803917814087967
0.001803917814090934
0.001803917814091285
0.001803917814091006
0.001803917814090313
0.001803917814088376
0.001803917814090133
0.001803917814089645
0.001803917814087352
0.001803917814089879
0.001803917814089552
0.001803917814087125
0.001803917814090446
0.001803917814090501
0.001803917814088776
0.001803917814092048
0.001803917814092051
0.001803917814090245
0.001803917814092066
0.001803917814091785
0.001803917814090013
0.001803917814092035
0.001803917814091608
0.00180391781408944
0.00180391781409141
0.001803917814091112
0.001803917814089545
0.001803917814091209
0.001803917814091231
0.001803917814089809
0.001803917814092404
0.001803917814093226
0.001803917814092827
0.001803917814091845
0.001803917814093148
0.001803917814093008
0.001803917814091993
0.001803917814092351
0.001803917814092733
0.001803917814092465
0.001803917814091829
0.001803917814088808
0.001803917814091252
0.001803917814092808
0.001803917814092514
0.001803917814092056
0.001803917814091131
0.001803917814085417
0.001803917814091892
0.001803917814087133
0.00153610052018382
0.001536100520180236
0.001536100520177937
0.001536100520178863
0.001536100520178532
0.001536100520178021
0.001536100520178232
0.001536100520177115
0.001536100520174023
0.00153610052017666
0.001536100520176909
0.00153610052017669
0.001536100520176365
0.001536100520174477
0.001536100520175462
0.001536100520175244
0.00153610052017345
0.00153610052017528
0.001536100520175152
0.001536100520173184
0.00153610052017597
0.001536100520175884
0.001536100520174261
0.001536100520177043
0.001536100520177052
0.001536100520175473
0.001536100520177058
0.001536100520176855
0.001536100520175284
0.001536100520176999
0.001536100520176659
0.0015361005201749
0.001536100520176576
0.001536100520176367
0.001536100520174923
0.001536100520176348
0.001536100520176396
0.001536100520175031
0.001536100520177632
0.001536100520178082
0.001536100520177771
0.001536100520176911
0.001536100520177963
0.001536100520177936
0.001536100520176918
0.001536100520177107
0.001536100520177633
0.001536100520177616
0.001536100520176783
0.001536100520174112
0.001536100520176365
0.001536100520177233
0.001536100520176995
0.001536100520176569
0.001536100520175741
0.001536100520170568
0.001536100520175338
0.001536100520170404
0.001268592890659227
0.001268592890659284
0.00126859289065734
0.001268592890658723
0.001268592890658409
0.001268592890657895
0.001268592890658139
0.001268592890657335
0.00126859289065503
0.001268592890657469
0.001268592890657683
0.001268592890657271
0.001268592890657258
0.001268592890655726
0.001268592890656196
0.001268592890656153
0.001268592890654749
0.00126859289065616
0.001268592890656135
0.001268592890654495
0.001268592890656837
0.001268592890656702
0.001268592890655237
0.00126859289065742
0.001268592890657459
0.001268592890656138
0.001268592890657789
0.001268592890657554
0.001268592890655914
0.001268592890657635
0.001268592890657357
0.001268592890655666
0.001268592890657416
0.001268592890657178
0.001268592890655641
0.001268592890656834
0.001268592890656885
0.001268592890655689
0.001268592890658153
0.001268592890658351
0.001268592890658168
0.001268592890657485
0.001268592890657985
0.001268592890658148
0.001268592890657265
0.001268592890657344
0.001268592890657823
0.001268592890658222
0.001268592890657266
0.001268592890654822
0.001268592890656769
0.001268592890657166
0.001268592890656638
0.001268592890656255
0.001268592890655823
0.001268592890651561
0.001268592890654755
0.001268592890650266
0.001000452832166689
0.001000452832169037
0.001000452832167776
0.001000452832169262
0.001000452832169122
0.00100045283216824
0.001000452832168408
0.001000452832168076
0.001000452832166715
0.001000452832168924
0.001000452832169112
0.001000452832168938
0.001000452832169474
0.001000452832167862
0.001000452832167744
0.001000452832167881
0.001000452832166881
0.001000452832167968
0.001000452832167935
0.001000452832166559
0.001000452832168462
0.001000452832168329
0.001000452832167093
0.001000452832168674
0.001000452832168712
0.001000452832167708
0.001000452832169145
0.001000452832168958
0.001000452832167488
0.001000452832168992
0.001000452832168771
0.001000452832167321
0.001000452832168866
0.00100045283216872
0.001000452832167262
0.00100045283216821
0.001000452832168294
0.001000452832167291
0.001000452832169424
0.001000452832169459
0.001000452832169195
0.001000452832168802
0.001000452832168653
0.001000452832169181
0.001000452832168693
0.00100045283216847
0.001000452832168906
0.001000452832169532
0.001000452832168558
0.001000452832166569
0.001000452832167752
0.001000452832167872
0.00100045283216751
0.001000452832167183
0.001000452832166943
0.001000452832163822
0.001000452832165691
0.001000452832162401
0.0007308094770185212
0.0007308094770211955
0.0007308094770209588
0.0007308094770223249
0.000730809477022359
0.0007308094770214358
0.0007308094770215638
0.0007308094770213996
0.0007308094770207871
0.0007308094770226232
0.0007308094770228108
0.0007308094770226832
0.0007308094770235861
0.0007308094770222053
0.0007308094770217264
0.0007308094770219848
0.0007308094770213307
0.0007308094770223662
0.000730809477022367
0.000730809477020931
0.0007308094770224263
0.0007308094770223698
0.0007308094770213351
0.0007308094770224074
0.000730809477022428
0.0007308094770217301
0.0007308094770228283
0.0007308094770227075
0.0007308094770215378
0.0007308094770226972
0.0007308094770226039
0.0007308094770214693
0.0007308094770226199
0.0007308094770225619
0.0007308094770213737
0.000730809477022085
0.0007308094770221116
0.0007308094770214142
0.0007308094770230636
0.0007308094770230721
0.000730809477022687
0.0007308094770226196
0.0007308094770221751
0.0007308094770223844
0.0007308094770221309
0.0007308094770221434
0.0007308094770225632
0.0007308094770232045
0.0007308094770224326
0.0007308094770209007
0.0007308094770215902
0.0007308094770216609
0.0007308094770211917
0.0007308094770208549
0.0007308094770207109
0.0007308094770188138
0.0007308094770195218
0.0007308094770179551
0.0003920894679674884
0.0003920894679682223
0.0003920894679682086
0.0003920894679689676
0.0003920894679690252
0.0003920894679684267
0.0003920894679685053
0.0003920894679685005
0.0003920894679682274
0.0003920894679690815
0.0003920894679692455
0.0003920894679691867
0.0003920894679693351
0.0003920894679690412
0.000392089467968927
0.0003920894679689639
0.0003920894679687061
0.000392089467969009
0.0003920894679690564
0.000392089467968305
0.0003920894679689267
0.0003920894679689566
0.0003920894679684288
0.0003920894679691094
0.0003920894679691471
0.0003920894679685765
0.0003920894679691309
0.000392089467969144
0.0003920894679685297
0.0003920894679690635
0.000392089467969052
0.0003920894679684901
0.0003920894679690901
0.0003920894679690994
0.0003920894679684554
0.0003920894679689916
0.0003920894679690311
0.0003920894679684313
0.0003920894679692689
0.0003920894679693179
0.0003920894679688645
0.000392089467968857
0.0003920894679687279
0.0003920894679690742
0.0003920894679690431
0.0003920894679688156
0.0003920894679688608
0.0003920894679691938
0.0003920894679691694
0.0003920894679684439
0.0003920894679688475
0.000392089467968889
0.0003920894679683923
0.0003920894679683148
0.0003920894679683302
0.0003920894679676711
0.000392089467967741
0.0003920894679674666
0.000478133191783441
0.0004781331917833885
0.0004781331917834056
0.0004781331917834103
0.0004781331917833799
0.0004781331917834115
0.0004781331917834222
0.0004781331917834124
0.0004781331917834292
0.0004781331917834221
0.0004781331917834035
0.0004781331917834139
0.0004781331917834565
0.0004781331917834256
0.0004781331917834127
0.0004781331917834322
0.0004781331917834188
0.0004781331917834217
0.0004781331917834203
0.0004781331917834323
0.0004781331917834324
0.0004781331917834313
0.0004781331917834019
0.0004781331917834249
0.0004781331917834176
0.0004781331917834529
0.0004781331917834034
0.0004781331917834305
0.0004781331917834493
0.0004781331917834493
0.0004781331917834303
0.0004781331917834008
0.0004781331917834289
0.0004781331917834497
0.0004781331917834336
0.0004781331917834169
0.0004781331917834435
0.0004781331917833981
0.0004781331917834168
0.0004781331917834273
0.0004781331917834329
0.0004781331917834293
0.0004781331917834295
0.0004781331917834275
0.0004781331917834316
0.0004781331917834147
0.0004781331917834114
0.0004781331917834545
0.0004781331917834583
0.0004781331917834234
0.0004781331917834016
0.0004781331917834242
0.0004781331917834153
0.0004781331917834039
0.0004781331917834266
0.0004781331917833942
0.0004781331917833984
0.0004781331917834386
)
;

boundaryField
{
    inlet
    {
        type            cyclic;
    }
    outlet
    {
        type            cyclic;
    }
    bottomWall
    {
        type            fixedValue;
        value           uniform 0.0015;
    }
    topWall
    {
        type            fixedValue;
        value           uniform 0.0015;
    }
    left
    {
        type            cyclic;
    }
    right
    {
        type            cyclic;
    }
}


// ************************************************************************* //
