/*--------------------------------*- C++ -*----------------------------------*\
| =========                 |                                                 |
| \\      /  F ield         | OpenFOAM: The Open Source CFD Toolbox           |
|  \\    /   O peration     | Version:  v1812                                 |
|   \\  /    A nd           | Web:      www.OpenFOAM.com                      |
|    \\/     M anipulation  |                                                 |
\*---------------------------------------------------------------------------*/
FoamFile
{
    version     2.0;
    format      ascii;
    class       volScalarField;
    location    "20000";
    object      p;
}
// * * * * * * * * * * * * * * * * * * * * * * * * * * * * * * * * * * * * * //

dimensions      [0 2 -2 0 0 0 0];


internalField   nonuniform List<scalar> 
3770
(
8.137262090512828e-17
3.349577263461947e-13
7.539343862131531e-13
5.14821935292857e-13
9.635872837300989e-13
8.191900969135504e-13
1.152703978283357e-12
1.034071367319211e-12
1.316139938032354e-12
1.244599405013743e-12
1.427755999417249e-12
1.399823745528743e-12
1.552325362888498e-12
1.519091546174363e-12
1.630610770997534e-12
1.649229740336779e-12
1.726738468507858e-12
1.717851860730136e-12
1.820575729749917e-12
1.8011821600397e-12
1.853225063029086e-12
1.883347148542632e-12
1.921182297872469e-12
1.91652953288561e-12
1.998880604189676e-12
1.995546097323225e-12
2.038019791810969e-12
2.037093299617509e-12
2.067548326834637e-12
2.105056546160918e-12
2.127211746538984e-12
2.121787167734888e-12
2.17747185300604e-12
2.185534861649295e-12
2.211107711350713e-12
2.205703744170012e-12
2.223362487717435e-12
2.258152445974779e-12
2.262904052856797e-12
2.254253688494546e-12
2.299350141596081e-12
2.283358415584149e-12
2.285300642097493e-12
2.312255311317602e-12
2.305743174990378e-12
2.287436344298064e-12
2.317252054871149e-12
2.30374243641196e-12
2.303208007964552e-12
2.278695099201552e-12
2.270998675575632e-12
2.292225970618291e-12
2.286181735067677e-12
2.294616182906537e-12
2.371537153833838e-12
2.463236343220026e-12
2.475120081933546e-12
2.627346113230008e-12
3.86975735538049e-17
3.324728462742702e-13
7.546568324266368e-13
5.147252737490707e-13
9.635091840433408e-13
8.192846512104578e-13
1.152674136732138e-12
1.034046624298004e-12
1.316107053348901e-12
1.244719520100427e-12
1.427710189985096e-12
1.399883030594974e-12
1.552328202145253e-12
1.51914836405018e-12
1.630506977420518e-12
1.649229203987469e-12
1.72683760516804e-12
1.717775011583971e-12
1.820581518362473e-12
1.801280310705544e-12
1.853100815418151e-12
1.883379239554553e-12
1.921282232380303e-12
1.916435578910303e-12
1.998822067482945e-12
1.995589803318453e-12
2.038074156746527e-12
2.037128299313338e-12
2.067454001227349e-12
2.10510019837801e-12
2.127319013399722e-12
2.121703303903381e-12
2.177418367600596e-12
2.185563657848709e-12
2.211120824605216e-12
2.205749798651836e-12
2.223293913865425e-12
2.258134360703942e-12
2.262994633443856e-12
2.254203630898994e-12
2.299352852422656e-12
2.283424191668228e-12
2.285220575357546e-12
2.312253779602168e-12
2.305814943786721e-12
2.287350233834599e-12
2.317220106001203e-12
2.303805945351269e-12
2.303241351308606e-12
2.278752662282962e-12
2.270925449368623e-12
2.292179786581678e-12
2.286193975234393e-12
2.294530267617829e-12
2.371380577757104e-12
2.463227361671372e-12
2.475000569664726e-12
2.629647223290841e-12
1.404604847363815e-16
3.283804400725681e-13
7.557372259096072e-13
5.146500012578922e-13
9.633376048260165e-13
8.193894885821225e-13
1.152400800117996e-12
1.034001360617032e-12
1.316143745125521e-12
1.244900516610126e-12
1.427661621389907e-12
1.399881527951017e-12
1.552243542772486e-12
1.519274446180309e-12
1.630477217494785e-12
1.64930773383511e-12
1.726790577940085e-12
1.717652358973965e-12
1.820655214076839e-12
1.801346405240058e-12
1.853094092014596e-12
1.883453139064263e-12
1.921275191901605e-12
1.916321622837917e-12
1.998806512990208e-12
1.99567413643723e-12
2.038143398600288e-12
2.037077920991868e-12
2.067464140176043e-12
2.105277285009695e-12
2.127297273462689e-12
2.121612136572061e-12
2.177498044374776e-12
2.185565167776739e-12
2.211174049541152e-12
2.205733123066952e-12
2.223229126213487e-12
2.258188188016314e-12
2.262988320770803e-12
2.254128235950545e-12
2.299452100942045e-12
2.283440594791505e-12
2.285154345672371e-12
2.312281233532531e-12
2.30574174713568e-12
2.287263807607521e-12
2.317373276069791e-12
2.303929234246545e-12
2.303335994802593e-12
2.278737137433334e-12
2.270724175782648e-12
2.292185425942678e-12
2.286152145703596e-12
2.294321749111835e-12
2.371018759421296e-12
2.46304358735621e-12
2.4747882998688e-12
2.633690807573503e-12
1.828299088613568e-15
3.226481423803254e-13
7.570429957570084e-13
5.147622895504093e-13
9.62900962640027e-13
8.192666989627822e-13
1.1518623496773e-12
1.034401036965104e-12
1.316046912701561e-12
1.245004480282342e-12
1.427685079001271e-12
1.399731724291181e-12
1.552011997185204e-12
1.519647200101031e-12
1.630600966731144e-12
1.649156700841779e-12
1.726549871463394e-12
1.718038420332131e-12
1.820438775498469e-12
1.801217902867951e-12
1.853522714864442e-12
1.883227653026898e-12
1.921249358749986e-12
1.916736916580611e-12
1.998550494609598e-12
1.995652667548236e-12
2.03807962149292e-12
2.036966125982463e-12
2.068006438933031e-12
2.105264315104734e-12
2.127002994863868e-12
2.12189563300642e-12
2.177486084221846e-12
2.185447705008495e-12
2.211152262810497e-12
2.205644578873267e-12
2.223589052678581e-12
2.257896103198635e-12
2.262721744585758e-12
2.254494676244052e-12
2.299312834010029e-12
2.283370618177432e-12
2.28560208280124e-12
2.312031081519889e-12
2.305434174315749e-12
2.287551054035679e-12
2.317448573524433e-12
2.304006251375524e-12
2.303352835561483e-12
2.278501365509976e-12
2.270680717148838e-12
2.292230531326997e-12
2.285960213603483e-12
2.29413694818432e-12
2.370157881480001e-12
2.462429968569228e-12
2.474125686377261e-12
2.639320677070445e-12
5.460768729602433e-15
3.154774874003645e-13
7.582576614732012e-13
5.15242398846312e-13
9.622367937746948e-13
8.18480393809017e-13
1.151508147709573e-12
1.036058077223994e-12
1.315283112250169e-12
1.24455597153932e-12
1.428225107470832e-12
1.39957849976792e-12
1.551147977520713e-12
1.520181297868162e-12
1.631515559684183e-12
1.648077396487074e-12
1.726266769330546e-12
1.719628991360675e-12
1.819275110158466e-12
1.800773302817179e-12
1.854859168614991e-12
1.882187347205723e-12
1.921566634703888e-12
1.918536039744287e-12
1.997544491512715e-12
1.994964557398648e-12
2.037614289258947e-12
2.037028492635022e-12
2.069781159790476e-12
2.1044498647189e-12
2.12655576853061e-12
2.123210389054054e-12
2.176881251928396e-12
2.184797120981474e-12
2.2106918357548e-12
2.205784898186176e-12
2.225088139624647e-12
2.256481973451658e-12
2.261992675876204e-12
2.255980383346532e-12
2.298485440402626e-12
2.283344382736719e-12
2.287353113054092e-12
2.311011294507561e-12
2.304977259856256e-12
2.288856139903474e-12
2.316872858644409e-12
2.303534837736289e-12
2.302913241387456e-12
2.27847241046375e-12
2.271781217231375e-12
2.291470203580447e-12
2.285651268600436e-12
2.295020134579461e-12
2.368275513057444e-12
2.460785406522331e-12
2.472439113700309e-12
2.646663664357782e-12
9.519652266888158e-15
3.073828135129029e-13
7.592219821310963e-13
5.159335729188169e-13
9.617343729556262e-13
8.171392761850385e-13
1.151554406472284e-12
1.038749568451002e-12
1.313749669559261e-12
1.243441031060931e-12
1.429156371968274e-12
1.399706166719023e-12
1.549692975840271e-12
1.520699205510303e-12
1.6333812221753e-12
1.646225487045203e-12
1.725966081619556e-12
1.721987277007017e-12
1.817295699036333e-12
1.800272780261266e-12
1.85711076703352e-12
1.880462495094548e-12
1.9220685416832e-12
1.921316432178762e-12
1.996027166998011e-12
1.99363663081965e-12
2.036696564992255e-12
2.037396563876276e-12
2.072464866011598e-12
2.10289111516274e-12
2.126157206615582e-12
2.12550301991521e-12
2.175845088377888e-12
2.183452209834246e-12
2.209750924849711e-12
2.206297272776751e-12
2.227470749852001e-12
2.254314357750936e-12
2.261258279132841e-12
2.258299272869946e-12
2.296915455449397e-12
2.283288877959629e-12
2.290039887609618e-12
2.309322908505919e-12
2.304557544541817e-12
2.291153427956464e-12
2.315787754805949e-12
2.302348581473409e-12
2.301969386905705e-12
2.278923916181554e-12
2.274100873409167e-12
2.28977962487228e-12
2.285284322115498e-12
2.297045309347748e-12
2.365713968751851e-12
2.458470064562816e-12
2.470115353092112e-12
2.655123467412333e-12
1.184856195442572e-14
2.98820218117274e-13
7.601479602666859e-13
5.165773399197537e-13
9.617889127917999e-13
8.15699177339486e-13
1.15187344077203e-12
1.041529201405686e-12
1.311850037875328e-12
1.242222080343111e-12
1.429875707389588e-12
1.399884853776953e-12
1.548422714707113e-12
1.521254451765538e-12
1.635503688669488e-12
1.644184252725799e-12
1.72581343527621e-12
1.724231154682314e-12
1.815076879072558e-12
1.800056996298435e-12
1.859654405387424e-12
1.878540219608258e-12
1.922603697047684e-12
1.924110215027038e-12
1.994473468337813e-12
1.992099172397577e-12
2.035639171902083e-12
2.038046482441855e-12
2.07508383584493e-12
2.101121631328909e-12
2.126014125599511e-12
2.127934794018873e-12
2.174740302596082e-12
2.181850439961902e-12
2.208682024520284e-12
2.207121307405614e-12
2.229866512981344e-12
2.25207261520866e-12
2.261042038741587e-12
2.260707039010601e-12
2.29500419861557e-12
2.283282509270218e-12
2.292705508747682e-12
2.307411241951473e-12
2.304452572456237e-12
2.29371036228788e-12
2.314522795446967e-12
2.300856196271569e-12
2.300947170073671e-12
2.279751580886543e-12
2.276660789545772e-12
2.287861938776188e-12
2.285108753971113e-12
2.299223290488402e-12
2.363145112011349e-12
2.456344349566769e-12
2.468174595820444e-12
2.663962789071765e-12
1.192848111505056e-14
2.902122728084665e-13
7.612250169031043e-13
5.172938760913236e-13
9.623511982168714e-13
8.14365748094229e-13
1.152203222325078e-12
1.04388726819192e-12
1.309903225033412e-12
1.241337881318104e-12
1.430226743285438e-12
1.399914544144037e-12
1.54765557952064e-12
1.52183013302932e-12
1.637400501613137e-12
1.642286700182534e-12
1.72588735260403e-12
1.726005771510785e-12
1.812999773855079e-12
1.800157500710299e-12
1.861943864704571e-12
1.876729495286794e-12
1.923215183351885e-12
1.926487025804182e-12
1.993037812463351e-12
1.990700877711138e-12
2.034750944771022e-12
2.038720574983745e-12
2.077175106111477e-12
2.099570205436217e-12
2.12614653324799e-12
2.129838325791831e-12
2.173730596642393e-12
2.180510248490155e-12
2.207696844935783e-12
2.20805644981073e-12
2.231912646670728e-12
2.250051622690816e-12
2.261243318048457e-12
2.262780078743995e-12
2.29320859865989e-12
2.283485232210563e-12
2.294960352630343e-12
2.305618155797044e-12
2.304696327719285e-12
2.295931715499182e-12
2.313144717870644e-12
2.299541598634316e-12
2.300195740928621e-12
2.280738390951906e-12
2.278904428694462e-12
2.286067757114941e-12
2.28524932160293e-12
2.301061119585617e-12
2.360860656053761e-12
2.454675661650306e-12
2.467006274590524e-12
2.67248574392847e-12
1.02322947899461e-14
2.821228186161038e-13
7.624860428876241e-13
5.181771845526632e-13
9.63103963833555e-13
8.131311662796337e-13
1.152452426944523e-12
1.04583744301181e-12
1.308059023483834e-12
1.240737044649506e-12
1.430337357428672e-12
1.399854526120767e-12
1.547217545278322e-12
1.522406640163555e-12
1.638995869656569e-12
1.640655741180307e-12
1.726104358578057e-12
1.727337823908715e-12
1.811198190182068e-12
1.800475229237476e-12
1.863861555386785e-12
1.875128548421869e-12
1.923889450296634e-12
1.92832203574497e-12
1.991676939066723e-12
1.989696347161594e-12
2.034164754326631e-12
2.039147596819138e-12
2.078692429670482e-12
2.098348637235149e-12
2.126576965805425e-12
2.131334979027528e-12
2.172672308428733e-12
2.179540856496355e-12
2.206931305354689e-12
2.208809632224877e-12
2.233631135157895e-12
2.248388134671493e-12
2.261678408491865e-12
2.264475962520672e-12
2.291651588670244e-12
2.283833257567514e-12
2.296822528099449e-12
2.304058973702601e-12
2.305163778531809e-12
2.297754786519852e-12
2.311709553968199e-12
2.298523695737446e-12
2.299793426001224e-12
2.281702038031544e-12
2.28077013623913e-12
2.284484698683939e-12
2.285610319892579e-12
2.302607636199815e-12
2.358869592976268e-12
2.453343613982001e-12
2.466653329483591e-12
2.679961735087647e-12
7.174962080436504e-15
2.752720865149286e-13
7.638979539268733e-13
5.190110315451254e-13
9.638723811237901e-13
8.120484342688163e-13
1.152595307702763e-12
1.047572092292804e-12
1.306363608141894e-12
1.240272769834888e-12
1.430381466352053e-12
1.399752332140195e-12
1.546853832974293e-12
1.523013316366013e-12
1.640340448161766e-12
1.639297754886639e-12
1.726401342018325e-12
1.728348621957375e-12
1.809652044643117e-12
1.800927779938673e-12
1.865469984304678e-12
1.873717355501173e-12
1.924625136892156e-12
1.929702715911108e-12
1.990322205073558e-12
1.989118470991338e-12
2.033784069109661e-12
2.039372253846682e-12
2.079935125300581e-12
2.097290467831893e-12
2.127213740022969e-12
2.132698991513951e-12
2.171473851367986e-12
2.178824950607475e-12
2.2063676024886e-12
2.209292872079242e-12
2.23515048360365e-12
2.247069404487165e-12
2.262225168554522e-12
2.265893921648464e-12
2.290321649683024e-12
2.284239506337622e-12
2.298412624920949e-12
2.302729670730622e-12
2.305740646591702e-12
2.299310958660115e-12
2.31037049867577e-12
2.297634428823258e-12
2.299583436997077e-12
2.282695027627796e-12
2.282355923066408e-12
2.28309218229744e-12
2.286073651657146e-12
2.303978347457374e-12
2.357008247712408e-12
2.452221652385433e-12
2.467200714195851e-12
2.685637867855985e-12
2.875265198484661e-15
2.704061451857252e-13
7.652706768689052e-13
5.194197991459444e-13
9.648272888465736e-13
8.11199696487821e-13
1.15263958216007e-12
1.049296134214078e-12
1.304851125371144e-12
1.239806443805928e-12
1.430405362906889e-12
1.399642832851723e-12
1.546394754829663e-12
1.52369618671694e-12
1.641472451134344e-12
1.638188245505036e-12
1.726792451849409e-12
1.729177142888487e-12
1.808276358048989e-12
1.801470425238484e-12
1.866864782720826e-12
1.87243561473861e-12
1.925415218100739e-12
1.930795728426295e-12
1.988916979629857e-12
1.988873544785826e-12
2.033480722860601e-12
2.039641927452741e-12
2.081204144943851e-12
2.096154198332658e-12
2.12785412087569e-12
2.133966004304151e-12
2.170281648184896e-12
2.178266366234328e-12
2.205876752427387e-12
2.209712980749183e-12
2.236576748700573e-12
2.245956598945032e-12
2.262828295908524e-12
2.267131777424584e-12
2.289175060534974e-12
2.284650511919079e-12
2.299831668601713e-12
2.301604741860343e-12
2.306379811128981e-12
2.300729205268804e-12
2.309224898196822e-12
2.29673370429364e-12
2.299410202168073e-12
2.283849900403064e-12
2.28377380988747e-12
2.28180482460629e-12
2.286588454941523e-12
2.30514929689491e-12
2.355012682919638e-12
2.451320071879693e-12
2.46883000403279e-12
2.688790605933648e-12
-1.988678651909642e-15
2.678179743780634e-13
7.661625022215949e-13
5.194912683604918e-13
9.660742784941664e-13
8.106614429828784e-13
1.152521264348709e-12
1.051139661039186e-12
1.303479389712583e-12
1.239331499005671e-12
1.430393208156063e-12
1.399632514070262e-12
1.545841310527399e-12
1.524384011462964e-12
1.642380709474615e-12
1.637326903549596e-12
1.727312691121856e-12
1.729952393576558e-12
1.806998761394799e-12
1.802093519907319e-12
1.868156325510298e-12
1.871240609311637e-12
1.92623901064536e-12
1.931752851428736e-12
1.987478061665267e-12
1.988799744118815e-12
2.033207175161922e-12
2.04014322345604e-12
2.082525751711604e-12
2.09483125973186e-12
2.12849417500601e-12
2.135206304171979e-12
2.169175689739911e-12
2.177687881535611e-12
2.205365164657104e-12
2.210334219357456e-12
2.23798817218354e-12
2.244894048617244e-12
2.263490785067223e-12
2.268273479778379e-12
2.288153892872261e-12
2.285053913982352e-12
2.30114187812572e-12
2.300655614212069e-12
2.307066019003171e-12
2.302087621706088e-12
2.308240648662525e-12
2.29588830707717e-12
2.299244990550426e-12
2.285154554296414e-12
2.285124392636293e-12
2.280543050251278e-12
2.287094309094892e-12
2.306074815771471e-12
2.352686673264283e-12
2.450511508171403e-12
2.471432999025574e-12
2.688745252074459e-12
-6.008316633543545e-15
2.673743541934553e-13
7.662526006536164e-13
5.19695662461501e-13
9.67334108518183e-13
8.105037682504312e-13
1.152171613541487e-12
1.053163533501192e-12
1.302088125007291e-12
1.239066783166822e-12
1.430301921380796e-12
1.399813486453503e-12
1.545293643122566e-12
1.525048515476793e-12
1.643195165706108e-12
1.636586246252718e-12
1.727904277499466e-12
1.730792115516656e-12
1.805789246545906e-12
1.80281748774234e-12
1.869432457610034e-12
1.870106778683708e-12
1.927054077337634e-12
1.932672491618397e-12
1.986036377232262e-12
1.988779526245273e-12
2.032945271373985e-12
2.040907021926799e-12
2.083884851839089e-12
2.093356083418622e-12
2.129151659056968e-12
2.136507224448276e-12
2.16817758167386e-12
2.176940789828187e-12
2.204814337879898e-12
2.211324124288209e-12
2.239417309296409e-12
2.243825168926628e-12
2.264240998445138e-12
2.269387738869928e-12
2.287162304942175e-12
2.285586357813392e-12
2.302401665659287e-12
2.299731034401939e-12
2.307819277615726e-12
2.303410821533354e-12
2.307281525618417e-12
2.295375630406791e-12
2.299196879702583e-12
2.286356346805117e-12
2.286478809894351e-12
2.279277026503163e-12
2.28743895433962e-12
2.306699647230713e-12
2.349988399894062e-12
2.449543695723244e-12
2.474344382683707e-12
2.684935401016893e-12
-7.854803413362975e-15
2.684486505890861e-13
7.654798933790106e-13
5.202212696753074e-13
9.684056258594209e-13
8.107262162952129e-13
1.151532216762185e-12
1.055377438557339e-12
1.300516623880784e-12
1.23939295113613e-12
1.43022024302721e-12
1.400098920145596e-12
1.544766390875221e-12
1.525970112699773e-12
1.64407342758199e-12
1.63567954292902e-12
1.728497772051304e-12
1.731755842484742e-12
1.804649826943185e-12
1.80364725605231e-12
1.870736241374526e-12
1.869081743208228e-12
1.927790112414379e-12
1.933636640118185e-12
1.984681766144575e-12
1.988706373785176e-12
2.032701503078416e-12
2.041895271690038e-12
2.085243225677653e-12
2.091836710057923e-12
2.129825504347656e-12
2.137865129197286e-12
2.167169251972906e-12
2.176210907013782e-12
2.204382390447651e-12
2.21249722319429e-12
2.240888320541288e-12
2.242845018214388e-12
2.265021966170522e-12
2.27052672690228e-12
2.286199282616539e-12
2.28637129720509e-12
2.303672586125965e-12
2.29869343418761e-12
2.308643917284127e-12
2.30471543328478e-12
2.306313462667947e-12
2.295329896306918e-12
2.299293155635088e-12
2.287324836092513e-12
2.287852703004693e-12
2.27795372802417e-12
2.287433763441566e-12
2.306904825781072e-12
2.346792680779838e-12
2.447897046706682e-12
2.476730646226396e-12
2.67788108903042e-12
-6.326385044385709e-15
2.692071026807473e-13
7.640048905069702e-13
5.210527824066683e-13
9.691205964271882e-13
8.11330181363469e-13
1.150616628589114e-12
1.057803922954796e-12
1.29876173379168e-12
1.240541831064453e-12
1.430225048345067e-12
1.400421097593291e-12
1.544261365004642e-12
1.527280454875662e-12
1.644960892884203e-12
1.634646937861202e-12
1.729096542079233e-12
1.732855314117254e-12
1.803614593982133e-12
1.804582648904772e-12
1.872017416958546e-12
1.868248114271332e-12
1.928415241376046e-12
1.934702036179497e-12
1.983477645735372e-12
1.98856866068744e-12
2.03251197443283e-12
2.043045753530018e-12
2.086543029993265e-12
2.090378460481168e-12
2.130508045192441e-12
2.139231136800038e-12
2.166059541079579e-12
2.175785352976974e-12
2.204195717814694e-12
2.213622336865083e-12
2.242404162956666e-12
2.242031099838645e-12
2.265776458120462e-12
2.271702702232661e-12
2.285363319937362e-12
2.287307080666526e-12
2.304974349880875e-12
2.297697984786442e-12
2.309515344395355e-12
2.306011400740214e-12
2.305420857405395e-12
2.295647873419921e-12
2.299473476130051e-12
2.288124803962137e-12
2.289156203118955e-12
2.276489863268571e-12
2.286934216917983e-12
2.306475429167293e-12
2.342810887049368e-12
2.444966106701911e-12
2.477773044035846e-12
2.66968917908027e-12
-3.980380314186622e-16
2.676469284797052e-13
7.621123229620303e-13
5.217408600222277e-13
9.69412582636167e-13
8.123514913789154e-13
1.149516949858663e-12
1.060471568352529e-12
1.297014535816777e-12
1.242434141189273e-12
1.430269112006853e-12
1.400991250638788e-12
1.543796017755685e-12
1.528797095384812e-12
1.645779068961049e-12
1.633844619092109e-12
1.729669379068306e-12
1.734029856663147e-12
1.802760520175714e-12
1.805655242424525e-12
1.873179257341791e-12
1.867688568355268e-12
1.929021745291379e-12
1.935788880719427e-12
1.982403440044531e-12
1.988479756886394e-12
2.032415133699866e-12
2.044293892488059e-12
2.087715033815685e-12
2.089120662437182e-12
2.131189230263205e-12
2.140572515710165e-12
2.164979458995498e-12
2.175600159350713e-12
2.204182603146087e-12
2.214769568703775e-12
2.243888116328077e-12
2.241432659978517e-12
2.266619677623028e-12
2.272858529559671e-12
2.284659518027895e-12
2.288381082939852e-12
2.306240575118619e-12
2.296937997644041e-12
2.310422563956722e-12
2.307270080308582e-12
2.304681467313053e-12
2.296217089714424e-12
2.299711197084094e-12
2.288798075250953e-12
2.29023659370717e-12
2.274850799389383e-12
2.28579098544064e-12
2.305070786104116e-12
2.337572281449256e-12
2.441015184180753e-12
2.476767776850705e-12
2.662344936085837e-12
1.027985535497966e-14
2.609213627494274e-13
7.6048540975932e-13
5.218956966037008e-13
9.693859817949085e-13
8.13899740808856e-13
1.148391412326439e-12
1.063381792146185e-12
1.295462115785507e-12
1.244963173729321e-12
1.430356563465386e-12
1.401976591831736e-12
1.543401179859134e-12
1.53042185845442e-12
1.646448119395001e-12
1.633545013301622e-12
1.730135789105466e-12
1.735194800795817e-12
1.802222600123128e-12
1.806858588604349e-12
1.874111879681023e-12
1.867498494878458e-12
1.929711700418301e-12
1.936764440935269e-12
1.981444786268336e-12
1.988620962960565e-12
2.032394358869928e-12
2.045573727822344e-12
2.088694427765677e-12
2.088214284680292e-12
2.131845293228677e-12
2.141831180883594e-12
2.16406601581441e-12
2.175623847287614e-12
2.204273658404863e-12
2.215939659249587e-12
2.245246228978066e-12
2.241136378834876e-12
2.267568219899644e-12
2.273929232691117e-12
2.284195007847338e-12
2.289576280130527e-12
2.307399133384442e-12
2.296566270189162e-12
2.31134250194794e-12
2.308427601526647e-12
2.304173052350412e-12
2.29696750441412e-12
2.300023378072063e-12
2.289343042149055e-12
2.290925495278122e-12
2.273064771513991e-12
2.28388960312724e-12
2.302452127463003e-12
2.330873859254927e-12
2.436090364169636e-12
2.472743287516298e-12
2.658835209156441e-12
2.540917851418633e-14
2.457569315870572e-13
7.60020660490451e-13
5.21453834084176e-13
9.692773756463978e-13
8.161384341426031e-13
1.147450328519199e-12
1.06646537266124e-12
1.294290361061231e-12
1.248032304372299e-12
1.430537175269036e-12
1.403446838482763e-12
1.543095136307497e-12
1.53211601279573e-12
1.646868825348576e-12
1.633875577612884e-12
1.730498340803316e-12
1.736304757544267e-12
1.802049144280221e-12
1.80819422580361e-12
1.874710709764684e-12
1.867758688057462e-12
1.930457525386164e-12
1.937567259105162e-12
1.980696948524847e-12
1.98914614157771e-12
2.032448332171713e-12
2.046783905073474e-12
2.089436531692589e-12
2.087749994069871e-12
2.132446161058437e-12
2.142963407466871e-12
2.163428169683369e-12
2.175852189735527e-12
2.204434745986443e-12
2.217054270857232e-12
2.246404581588723e-12
2.241287967882479e-12
2.268467306482097e-12
2.274905927641661e-12
2.284182336436688e-12
2.29079612327482e-12
2.308394784679137e-12
2.296703570152372e-12
2.312241278529113e-12
2.3094205092919e-12
2.30398310549112e-12
2.29785562984504e-12
2.300433056732151e-12
2.289752603310047e-12
2.291112906536189e-12
2.27121142269771e-12
2.281227050250073e-12
2.298620540063773e-12
2.322955787099615e-12
2.429518595723059e-12
2.464342183689942e-12
2.662904960740437e-12
4.434082360604621e-14
2.217536811552802e-13
7.609381987679976e-13
5.203130913762861e-13
9.693907828387157e-13
8.19087400860017e-13
1.146942785572453e-12
1.069670060503117e-12
1.293681524901922e-12
1.251490302433249e-12
1.430840297719776e-12
1.405386546407192e-12
1.542907727976644e-12
1.533843581842215e-12
1.6469974288789e-12
1.634852615008489e-12
1.730780296027633e-12
1.737329538097618e-12
1.802262670146925e-12
1.809642050765098e-12
1.874946052429588e-12
1.868536873893706e-12
1.931124795659301e-12
1.938171096370014e-12
1.980338628946718e-12
1.990073423851031e-12
2.032599696448264e-12
2.047852968812247e-12
2.089912717119302e-12
2.087776192470921e-12
2.132979171221821e-12
2.143925116044791e-12
2.163119815519446e-12
2.176269352792114e-12
2.204646253035333e-12
2.218040500749769e-12
2.24729164520342e-12
2.241935351576877e-12
2.269292866321197e-12
2.275769553351139e-12
2.284700176067677e-12
2.292010115131042e-12
2.309200423960422e-12
2.297406737553722e-12
2.313125917499429e-12
2.310213783864375e-12
2.304181763780562e-12
2.29886840534941e-12
2.300974860585936e-12
2.290039432550382e-12
2.290776669255333e-12
2.269360828877347e-12
2.277874044856863e-12
2.293640556011684e-12
2.313945539381294e-12
2.421158202218137e-12
2.451009579880767e-12
2.675325280158243e-12
6.631106271514213e-14
1.905283591731323e-13
7.631822772566726e-13
5.185401810545713e-13
9.69952287349068e-13
8.22700047179737e-13
1.147044560342123e-12
1.072986685283408e-12
1.29375811003658e-12
1.255198094776036e-12
1.431285499191294e-12
1.407726111502273e-12
1.542894707996647e-12
1.535563169533573e-12
1.646826696773544e-12
1.636478260683356e-12
1.730941037562221e-12
1.738263874506417e-12
1.802885147557995e-12
1.811178542334973e-12
1.874865972698789e-12
1.869810818572104e-12
1.931679602055984e-12
1.938546736364753e-12
1.980380563433691e-12
1.991372282841349e-12
2.032883544881272e-12
2.048801077292109e-12
2.090115637137335e-12
2.088276486059413e-12
2.133437077361236e-12
2.144723501819594e-12
2.16311675436957e-12
2.176832515399505e-12
2.204929141586355e-12
2.218850750782317e-12
2.247835013495154e-12
2.243041185679288e-12
2.270110894060586e-12
2.276513918386757e-12
2.285705279774894e-12
2.293271333271657e-12
2.309842708209658e-12
2.298675152362166e-12
2.313984504814055e-12
2.310888866404117e-12
2.30477885529955e-12
2.299942669147393e-12
2.30170550508161e-12
2.290254541503255e-12
2.289966045116998e-12
2.267595614044524e-12
2.273894128002727e-12
2.287615463231167e-12
2.30393959198747e-12
2.411097403814876e-12
2.432648471495361e-12
2.694612134557637e-12
9.076573725341763e-14
1.547989011433116e-13
7.664981930684106e-13
5.163911396780072e-13
9.710844969830321e-13
8.268848400503637e-13
1.147858137748547e-12
1.07639977081493e-12
1.294498459100952e-12
1.259039793636936e-12
1.431923322208545e-12
1.410416108390259e-12
1.543101488086236e-12
1.537297788135076e-12
1.646408893628551e-12
1.638654396053833e-12
1.731039403800563e-12
1.739096489125545e-12
1.803827259923933e-12
1.812809556667373e-12
1.87452277049187e-12
1.871509478770501e-12
1.932135796165516e-12
1.93868103097487e-12
1.980762077189655e-12
1.993015214193693e-12
2.033304722241322e-12
2.049675486000076e-12
2.090098699013205e-12
2.089204532020263e-12
2.133827908509032e-12
2.14538562230129e-12
2.163363754368191e-12
2.177444579538615e-12
2.205311573915612e-12
2.219491107576949e-12
2.248030767164436e-12
2.244542816289318e-12
2.270964472997213e-12
2.277160442462108e-12
2.287085930449286e-12
2.2946090535496e-12
2.310360553330658e-12
2.300470108961252e-12
2.314887685133528e-12
2.311524045874462e-12
2.305725978512237e-12
2.301033198099148e-12
2.302648490428811e-12
2.290463528055997e-12
2.288788741455946e-12
2.265893590338107e-12
2.269390867290818e-12
2.280675644509294e-12
2.292995790284839e-12
2.399487433067086e-12
2.409480254714377e-12
2.717981781693389e-12
1.172633735123615e-13
1.175902056457838e-13
7.704245595250184e-13
5.143322562512294e-13
9.728944315159152e-13
8.314359685202934e-13
1.149379324631387e-12
1.079980606123594e-12
1.295813827496024e-12
1.26291597621763e-12
1.432733639390092e-12
1.41347841247448e-12
1.543575637375049e-12
1.539216242417221e-12
1.645855792859917e-12
1.641085919551355e-12
1.731084669290014e-12
1.739914242517032e-12
1.804986089599004e-12
1.814498157593119e-12
1.874034820537403e-12
1.873464091807972e-12
1.932482139192556e-12
1.938699052935421e-12
1.98138258673418e-12
1.994926664384298e-12
2.033904557279072e-12
2.050525958605814e-12
2.089969208385762e-12
2.09039784018731e-12
2.134199638041914e-12
2.145994237768752e-12
2.163760492166208e-12
2.178070874781747e-12
2.205685885563723e-12
2.219985105347666e-12
2.248018819065582e-12
2.246280952243545e-12
2.271896210712638e-12
2.277774357426355e-12
2.288730044698148e-12
2.296022642103648e-12
2.310839949886844e-12
2.302685663468417e-12
2.31595627002363e-12
2.31224615926137e-12
2.30687229189168e-12
2.302033152368289e-12
2.303788375008293e-12
2.2908196050414e-12
2.287438924131023e-12
2.264139878529474e-12
2.264465215573747e-12
2.272993934974468e-12
2.281105995976867e-12
2.386559196107375e-12
2.381974849229998e-12
2.742109880448749e-12
1.452102215189943e-13
8.169395713583424e-14
7.746283498869155e-13
5.127886715626156e-13
9.755664856464529e-13
8.360695727399208e-13
1.151454211183216e-12
1.083831714980753e-12
1.297693909027739e-12
1.266910091217972e-12
1.433656568930479e-12
1.416826536328263e-12
1.544276440285603e-12
1.54148708273065e-12
1.645447161673076e-12
1.643401846944057e-12
1.731051015852648e-12
1.740857466767716e-12
1.80622544004031e-12
1.816147934719418e-12
1.873637677350775e-12
1.87548348488293e-12
1.93262130486528e-12
1.938824977922114e-12
1.982107434309934e-12
1.99700472282145e-12
2.034630701627633e-12
2.051396724713143e-12
2.089937710848944e-12
2.091678672107223e-12
2.134566728855158e-12
2.146638520994739e-12
2.16419966327868e-12
2.178662258903422e-12
2.206002250526045e-12
2.220371475891012e-12
2.247991503212201e-12
2.248065776894699e-12
2.272870349845944e-12
2.278526671846357e-12
2.290460169410642e-12
2.297446031063373e-12
2.311447526072488e-12
2.305173210735151e-12
2.317258472286353e-12
2.313279532537537e-12
2.30809507921768e-12
2.302862078759074e-12
2.304971757957e-12
2.291421841455232e-12
2.286179481328472e-12
2.262163970999311e-12
2.259198496763976e-12
2.264835666198501e-12
2.268247402639643e-12
2.372490642360864e-12
2.350803050245401e-12
2.763899959082372e-12
1.740015340090087e-13
4.928119984317073e-14
7.789008979559099e-13
5.121843364083657e-13
9.791421738685884e-13
8.406695752176957e-13
1.153878531710124e-12
1.08792367580098e-12
1.300089068757859e-12
1.271145052097904e-12
1.434730577239149e-12
1.420384515131892e-12
1.545114987357069e-12
1.544094616664124e-12
1.645365504923046e-12
1.645584415467263e-12
1.730953199145047e-12
1.741915371707659e-12
1.807420423275579e-12
1.817810730505453e-12
1.873470151965368e-12
1.877435597051247e-12
1.932475948898188e-12
1.939148342235869e-12
1.982863843832737e-12
1.999164822329866e-12
2.035360033096621e-12
2.052323327523846e-12
2.090092332530134e-12
2.093016209075142e-12
2.135013291260357e-12
2.147352743637841e-12
2.164605322264979e-12
2.179069289812146e-12
2.206287679108291e-12
2.220768866835827e-12
2.248058855593849e-12
2.249914817293577e-12
2.273809539690535e-12
2.279522163740188e-12
2.292174587905629e-12
2.298775922361594e-12
2.312302085767347e-12
2.307727504787073e-12
2.318726803748683e-12
2.314697750318435e-12
2.309537008861932e-12
2.303605137461189e-12
2.305933202266493e-12
2.292213948059476e-12
2.285219542665231e-12
2.259905981172362e-12
2.253624573393851e-12
2.256348416924319e-12
2.254615825709749e-12
2.357366951832898e-12
2.316529136512443e-12
2.781005553347534e-12
2.031574218773736e-13
2.177249927405361e-14
7.831728303312818e-13
5.129514367058378e-13
9.835975318393314e-13
8.452680222936445e-13
1.156449724228872e-12
1.092146851522328e-12
1.302922664887426e-12
1.275655671933489e-12
1.436015819755731e-12
1.424107819893966e-12
1.546119985515387e-12
1.546792087475416e-12
1.645563376875755e-12
1.648044031745267e-12
1.73091837916464e-12
1.742835797410554e-12
1.808619357156532e-12
1.819570448626651e-12
1.87343611128524e-12
1.879316099371182e-12
1.932150297692057e-12
1.939596974406274e-12
1.983582813910373e-12
2.001346591870942e-12
2.036128675162907e-12
2.053283794876954e-12
2.090347022724871e-12
2.094416648834865e-12
2.135608683925467e-12
2.148094335622952e-12
2.164913766017538e-12
2.179272144354133e-12
2.20657330350212e-12
2.221256748692509e-12
2.248240525581108e-12
2.251918259835227e-12
2.274718525535255e-12
2.280773572560737e-12
2.293845294498443e-12
2.299887083615749e-12
2.313486835513825e-12
2.310326257170933e-12
2.320289605259428e-12
2.316379922334561e-12
2.311318331580098e-12
2.304340832758451e-12
2.306501356574678e-12
2.293151730676117e-12
2.284566151190265e-12
2.257403438041338e-12
2.247793384737303e-12
2.247561268456017e-12
2.240660699552619e-12
2.341238895323929e-12
2.279523481666011e-12
2.791684718492538e-12
2.320262422571619e-13
-4.212124422522968e-17
7.874972739876853e-13
5.154066620604588e-13
9.889467274691772e-13
8.498787083796521e-13
1.158975143750738e-12
1.096552264327462e-12
1.306159283140519e-12
1.280429611018665e-12
1.43756529150761e-12
1.427956338125037e-12
1.547352805430149e-12
1.549513703280362e-12
1.645906110848181e-12
1.650922613176025e-12
1.731091376776838e-12
1.743599828280392e-12
1.809847819968191e-12
1.821426178037292e-12
1.873417464551811e-12
1.881026243448029e-12
1.931699423154964e-12
1.940140765193871e-12
1.984250637726341e-12
2.003577035294139e-12
2.037001919855407e-12
2.054261163256893e-12
2.090601975086229e-12
2.095842809646876e-12
2.136258563296812e-12
2.148760968274934e-12
2.165055300344578e-12
2.179277206344094e-12
2.206919262403868e-12
2.221929077442211e-12
2.248601954367028e-12
2.253981862267233e-12
2.275614659599974e-12
2.282325842073775e-12
2.295517908555036e-12
2.300980782303541e-12
2.315027250477929e-12
2.312969870735669e-12
2.321949091925181e-12
2.318254098163935e-12
2.313289336026388e-12
2.304928192261446e-12
2.306774030654709e-12
2.294259686810914e-12
2.284154409886587e-12
2.254699780611267e-12
2.241874167659001e-12
2.238572981951428e-12
2.226577945545745e-12
2.324290630708667e-12
2.240210634113565e-12
2.79468974394323e-12
2.600980280664379e-13
-1.570881409764194e-14
7.919309421666249e-13
5.19455715512877e-13
9.951012247430762e-13
8.547882277520392e-13
1.161501290316725e-12
1.101339725130076e-12
1.309695178077663e-12
1.285378901212031e-12
1.439519725479366e-12
1.431936976579202e-12
1.548940997986813e-12
1.552445819816644e-12
1.646346524063675e-12
1.653830615767809e-12
1.73140107104525e-12
1.744514846375292e-12
1.811081890778504e-12
1.823399523532673e-12
1.873281419173403e-12
1.882362520386174e-12
1.931093353899192e-12
1.940587186296714e-12
1.985023416293298e-12
2.005947814461608e-12
2.038076560859387e-12
2.055413491590883e-12
2.090652904958641e-12
2.097304349986564e-12
2.136899875597707e-12
2.14904303587346e-12
2.164890707519531e-12
2.179273836160126e-12
2.207357160842175e-12
2.22286917746304e-12
2.249342515659866e-12
2.255984127168145e-12
2.276628871510677e-12
2.28402006702355e-12
2.297264533135705e-12
2.302419985386663e-12
2.316718254179867e-12
2.315648331835683e-12
2.323688039667121e-12
2.320311850066519e-12
2.315268082084827e-12
2.305297379224489e-12
2.306943104919317e-12
2.295636583087135e-12
2.283936224214283e-12
2.25162011336889e-12
2.235956180029994e-12
2.229421196409117e-12
2.212256528102525e-12
2.306573071153416e-12
2.199190722257781e-12
2.789326227606015e-12
2.873316806209783e-13
-2.465616954420021e-14
7.964263703812485e-13
5.243962095587462e-13
1.001703569063775e-12
8.605861062902212e-13
1.164467682835241e-12
1.106818922864199e-12
1.313291865653352e-12
1.290458794320981e-12
1.442131856227696e-12
1.436036401281317e-12
1.550741834905617e-12
1.555599778508289e-12
1.647076733938033e-12
1.656524504825858e-12
1.731826990880217e-12
1.745683367632215e-12
1.811934461643564e-12
1.825383094512185e-12
1.8730116350968e-12
1.883338773164911e-12
1.930595063114731e-12
1.940940167641274e-12
1.985843094105184e-12
2.008326133423928e-12
2.039496907481342e-12
2.056756410449546e-12
2.090308104533504e-12
2.098916660381266e-12
2.137554056866117e-12
2.148674503157757e-12
2.164344883839345e-12
2.179474120690907e-12
2.207876764788855e-12
2.224070071710261e-12
2.250673629118625e-12
2.257953416121809e-12
2.277758487886198e-12
2.285679371599696e-12
2.299101695748355e-12
2.304231840150236e-12
2.318510573096896e-12
2.318424177055649e-12
2.325476126612271e-12
2.322436605953763e-12
2.317437451602694e-12
2.305723643804464e-12
2.307063008727273e-12
2.296935153644427e-12
2.283709603849389e-12
2.248134208156706e-12
2.229933281406492e-12
2.220103076881331e-12
2.197451027513874e-12
2.287904392236757e-12
2.15701786587021e-12
2.775478260938416e-12
3.136863011990526e-13
-2.676716028299763e-14
8.006797772545218e-13
5.298632574491595e-13
1.008589117212579e-12
8.676474783571933e-13
1.168227373216441e-12
1.113256911831536e-12
1.317025859209013e-12
1.295725447445192e-12
1.445473886030821e-12
1.440324800243237e-12
1.552556400138173e-12
1.558740945837284e-12
1.648143057443381e-12
1.659224416371825e-12
1.73245959241831e-12
1.746860825005428e-12
1.811937015458394e-12
1.827153373549186e-12
1.872689196328277e-12
1.88423843538785e-12
1.930569635354261e-12
1.941501085959359e-12
1.986479917989783e-12
2.010240070941411e-12
2.04113873995607e-12
2.058113833364518e-12
2.089515820040103e-12
2.100640353366869e-12
2.138247861112849e-12
2.148035764457638e-12
2.163832088749315e-12
2.180006914564707e-12
2.208200686853657e-12
2.225191683481717e-12
2.252372681958773e-12
2.259865734637587e-12
2.278836767772068e-12
2.287311616128727e-12
2.301060651126588e-12
2.306189080126486e-12
2.320497323461113e-12
2.321348169672152e-12
2.327328716900587e-12
2.324645026197879e-12
2.320096247675036e-12
2.306980321529853e-12
2.307366256850464e-12
2.297390279959708e-12
2.28303298757959e-12
2.244556619503467e-12
2.223753665293901e-12
2.210553223932503e-12
2.182039686504049e-12
2.268024839159173e-12
2.114119460442066e-12
2.753504007371453e-12
3.387971681040555e-13
-2.251036806257866e-14
8.043974407802415e-13
5.36060892396273e-13
1.015954312542883e-12
8.761373447347165e-13
1.17296602832212e-12
1.120459790246995e-12
1.320898062694768e-12
1.301125509311067e-12
1.449464464612124e-12
1.444946117791669e-12
1.554440811124428e-12
1.561618735464781e-12
1.649380500682381e-12
1.662231597838047e-12
1.733326642838361e-12
1.74777558342673e-12
1.811116303402948e-12
1.828646414473137e-12
1.872414351789906e-12
1.885425941890755e-12
1.931187675145962e-12
1.942333317330247e-12
1.986626155158789e-12
2.010937081823774e-12
2.042649872279537e-12
2.059579940436048e-12
2.088497555395032e-12
2.102271731488998e-12
2.139061834228822e-12
2.147683908239007e-12
2.164044267464658e-12
2.180993601427149e-12
2.208302168961654e-12
2.225905980892026e-12
2.253969551490112e-12
2.261830067120927e-12
2.279755708036823e-12
2.288761511819653e-12
2.303093141146654e-12
2.308048205403957e-12
2.322470921221629e-12
2.324147901015533e-12
2.329240345462029e-12
2.327246625099713e-12
2.323397729806787e-12
2.309452700133231e-12
2.308283814364335e-12
2.29677869943891e-12
2.2817825958187e-12
2.24120986792869e-12
2.217407003101814e-12
2.200593031004263e-12
2.165825788394884e-12
2.24674557668499e-12
2.071076687324785e-12
2.723903654177046e-12
3.621579270603271e-13
-1.272398750198907e-14
8.077559464095617e-13
5.438360710360237e-13
1.023903111311691e-12
8.860897018131914e-13
1.178633204466928e-12
1.12812467097441e-12
1.324796467483497e-12
1.306375399270412e-12
1.4538311036817e-12
1.449845572729437e-12
1.556606182631918e-12
1.564382034922212e-12
1.650443449304932e-12
1.665598042210553e-12
1.734447884728607e-12
1.748415385679451e-12
1.80980085843863e-12
1.829634720894161e-12
1.872324970431833e-12
1.887187572576916e-12
1.932280006811028e-12
1.943375040897262e-12
1.986168061299445e-12
2.010137178788395e-12
2.043637842994983e-12
2.06143198934678e-12
2.087786099366116e-12
2.103639642957286e-12
2.139891904811954e-12
2.147773082446263e-12
2.165206273205398e-12
2.182642748362723e-12
2.208455567961781e-12
2.226335962513941e-12
2.255274885333256e-12
2.263809519680687e-12
2.280661941798717e-12
2.290084826058045e-12
2.305221358964648e-12
2.309857522225303e-12
2.323914764944432e-12
2.326217044817329e-12
2.331151301787055e-12
2.330325376385825e-12
2.327004519058408e-12
2.312622752240602e-12
2.309995864100367e-12
2.295647686235696e-12
2.280415314810605e-12
2.238493067757092e-12
2.210948216072325e-12
2.189958058930899e-12
2.148532358340796e-12
2.224086075081024e-12
2.028518892499926e-12
2.687011283723192e-12
3.83467544038127e-13
1.11999481097001e-15
8.109617802646975e-13
5.542817142726146e-13
1.032031807016668e-12
8.970880776507463e-13
1.1853755325408e-12
1.136308479875988e-12
1.328685336422351e-12
1.311166772293569e-12
1.458033185822259e-12
1.454971348170802e-12
1.559058553869516e-12
1.567361710974961e-12
1.651529553991431e-12
1.668736358090563e-12
1.735564545198288e-12
1.749388626744105e-12
1.808555022991911e-12
1.829648993759606e-12
1.872295695022531e-12
1.889608287462517e-12
1.933627881183899e-12
1.944753438417362e-12
1.98542872630245e-12
2.008173069869445e-12
2.044040873452843e-12
2.063866379274998e-12
2.087586692791095e-12
2.104578942657559e-12
2.140574898319411e-12
2.148105632868276e-12
2.166921446861702e-12
2.184969934777635e-12
2.209007919393351e-12
2.226946968149074e-12
2.256346937434018e-12
2.265546771210139e-12
2.281696703033315e-12
2.291586525360711e-12
2.307429720000547e-12
2.311863437334182e-12
2.324779522180889e-12
2.326880282633023e-12
2.332859564695399e-12
2.333829041614534e-12
2.330259831247824e-12
2.315277425436048e-12
2.312630755627037e-12
2.295222188960313e-12
2.279130684785341e-12
2.236425065325807e-12
2.204840134682151e-12
2.178826987600442e-12
2.130308013821242e-12
2.19997467966918e-12
1.986646790537762e-12
2.643596684113027e-12
4.025359491995839e-13
1.827225057725125e-14
8.142664120714684e-13
5.67400296626457e-13
1.03961060558972e-12
9.086573691326218e-13
1.193263398529756e-12
1.145222645156561e-12
1.332886304644406e-12
1.315639621241628e-12
1.461780668234725e-12
1.46025241523797e-12
1.561509965980894e-12
1.570337432048408e-12
1.65290555349953e-12
1.671436265087515e-12
1.736563163799031e-12
1.751386001015621e-12
1.807862658459124e-12
1.828440670341181e-12
1.872126519370015e-12
1.892481384078348e-12
1.934920928473189e-12
1.946652393993464e-12
1.984861796841026e-12
2.005522640700444e-12
2.044284179185909e-12
2.066904007956655e-12
2.087502804205393e-12
2.104994179577348e-12
2.14109731012794e-12
2.148394848971157e-12
2.168699472960121e-12
2.187728513836454e-12
2.21023929276501e-12
2.228035719192218e-12
2.25737648841268e-12
2.266912781160694e-12
2.28268988910289e-12
2.293295855576388e-12
2.309517015263482e-12
2.314126499735749e-12
2.32554768446506e-12
2.326319574955147e-12
2.333960941940875e-12
2.33751822619836e-12
2.333374742752256e-12
2.317193667003489e-12
2.315932530920485e-12
2.295792411390698e-12
2.277574083949164e-12
2.234553010137686e-12
2.199318162075583e-12
2.167654144372839e-12
2.111908155559868e-12
2.174560527642149e-12
1.945341232525417e-12
2.594402106750347e-12
4.188937219827339e-13
3.926361662327971e-14
8.180032635029727e-13
5.823288689413597e-13
1.046358681631324e-12
9.203851158202027e-13
1.201752375776781e-12
1.154672720596769e-12
1.337807865184837e-12
1.320557718449582e-12
1.465596194745396e-12
1.465674589858124e-12
1.563974673472421e-12
1.573285626362554e-12
1.654444486453041e-12
1.673816193166448e-12
1.737436037531402e-12
1.754176126950768e-12
1.807826375534027e-12
1.826396620063907e-12
1.872036997557742e-12
1.895270092213486e-12
1.93536200432246e-12
1.949102031337837e-12
1.984950519059422e-12
2.002656225723983e-12
2.044754486003163e-12
2.070414706516198e-12
2.087098435405451e-12
2.104901148167557e-12
2.141590973217458e-12
2.14843316836666e-12
2.170256338365817e-12
2.190630591912754e-12
2.212072778064484e-12
2.229541625663908e-12
2.25855422836459e-12
2.268125709736089e-12
2.283292488940364e-12
2.294955615648983e-12
2.311499854564238e-12
2.316458727977883e-12
2.326685392778064e-12
2.325696581643399e-12
2.334532876219465e-12
2.340786611623907e-12
2.336773409852532e-12
2.319045006934813e-12
2.319527267652369e-12
2.296614721959091e-12
2.275423551109921e-12
2.232860500563998e-12
2.194499098838424e-12
2.156486852758719e-12
2.093807909603627e-12
2.148224526632787e-12
1.904518729180192e-12
2.539221046127544e-12
4.323239075326808e-13
6.434158214877676e-14
8.2205616138888e-13
5.985109602046536e-13
1.052290458793887e-12
9.317607863287826e-13
1.210081205919595e-12
1.164152959044876e-12
1.343697768900575e-12
1.326656021219004e-12
1.470101719120431e-12
1.471634654681935e-12
1.566920922234723e-12
1.576295066272273e-12
1.655842251590317e-12
1.675840025216201e-12
1.73809727961219e-12
1.757181667939167e-12
1.808362863345296e-12
1.824395983632041e-12
1.872420668655687e-12
1.897642095590276e-12
1.934385177132971e-12
1.951733045466569e-12
1.985836054817258e-12
2.000044847930836e-12
2.045612899828537e-12
2.074123770227613e-12
2.08623826308125e-12
2.104489648808777e-12
2.142105462347972e-12
2.148064536096148e-12
2.171487881021717e-12
2.193491141846709e-12
2.214176870820014e-12
2.231188349940041e-12
2.259863840188269e-12
2.269345654811767e-12
2.283545968239784e-12
2.296647412565206e-12
2.313631166407604e-12
2.318257058920811e-12
2.327982077376109e-12
2.326629100158107e-12
2.335315450148121e-12
2.342929342914285e-12
2.340250936645879e-12
2.321402217632824e-12
2.3234006019975e-12
2.297120720574629e-12
2.272640964725957e-12
2.231692908604677e-12
2.19083025354343e-12
2.145254557616078e-12
2.075805340854958e-12
2.120972340318818e-12
1.863878560991874e-12
2.478036616410476e-12
4.426369035209766e-13
9.332737086846004e-14
8.262252409464761e-13
6.157270313915074e-13
1.057756376262687e-12
9.428099928052997e-13
1.217770043140544e-12
1.173236778358781e-12
1.350936022737849e-12
1.333837240240273e-12
1.474702644025161e-12
1.478592231322608e-12
1.571038749984697e-12
1.579500337773633e-12
1.657151774404315e-12
1.677529012330243e-12
1.738399956673059e-12
1.759789092525998e-12
1.809347579801789e-12
1.823324423559541e-12
1.873012121190861e-12
1.899161553456283e-12
1.932409051295185e-12
1.953981683060486e-12
1.987191875500294e-12
1.998459689475862e-12
2.046840609452126e-12
2.0775078512762e-12
2.085157117391303e-12
2.10400613409847e-12
2.142662693147562e-12
2.14743180776378e-12
2.172484068795333e-12
2.196304418492315e-12
2.216021974447571e-12
2.232321436789029e-12
2.261241339345135e-12
2.271084780920144e-12
2.283979656708801e-12
2.298378668271618e-12
2.316172097163195e-12
2.319212241807841e-12
2.328614713636696e-12
2.329577425082305e-12
2.336899945640477e-12
2.343687045538775e-12
2.344193579896955e-12
2.325161954867914e-12
2.327059036394113e-12
2.296535381341394e-12
2.269592627815568e-12
2.231291473064921e-12
2.188413225734957e-12
2.134082794233256e-12
2.057944920595071e-12
2.09274464128155e-12
1.823158053288699e-12
2.411080131821191e-12
4.495343637671508e-13
1.259067353067674e-13
8.305248341170454e-13
6.338928951713105e-13
1.063087984208466e-12
9.538985864323786e-13
1.224984577026233e-12
1.181793882850713e-12
1.359526331321814e-12
1.341609017956348e-12
1.478544092360325e-12
1.486437177020655e-12
1.576500904147903e-12
1.582929155499407e-12
1.658483481477761e-12
1.679114729129316e-12
1.738540535580686e-12
1.761678066070013e-12
1.810709943690351e-12
1.823837140150442e-12
1.872933955401039e-12
1.898988025018046e-12
1.930572008343844e-12
1.955434262842721e-12
1.988135588985851e-12
1.999107461129527e-12
2.048741345947667e-12
2.079683437059932e-12
2.084201677984121e-12
2.103610809549591e-12
2.143134048845098e-12
2.147042822703319e-12
2.173389573728194e-12
2.198978141218302e-12
2.217344692434406e-12
2.232507908011248e-12
2.262307822417304e-12
2.273216742433451e-12
2.284661129913563e-12
2.300405783683165e-12
2.319261383470144e-12
2.319434178415115e-12
2.328732224318944e-12
2.334117939772166e-12
2.339142060079041e-12
2.343396627186262e-12
2.348786801147123e-12
2.32963288207198e-12
2.329418723916045e-12
2.295720613502259e-12
2.267733764645973e-12
2.231617196135282e-12
2.186920466781448e-12
2.123216875054044e-12
2.040339254508649e-12
2.063610162440754e-12
1.782630597493488e-12
2.338710745874597e-12
4.525225059659148e-13
1.617137237529501e-13
8.35091575616113e-13
6.529510013070842e-13
1.068367203002073e-12
9.649616888929628e-13
1.232166545441676e-12
1.190219906794749e-12
1.368848135184057e-12
1.349556552836419e-12
1.481694929484923e-12
1.49471544943759e-12
1.582740391431968e-12
1.586341208483253e-12
1.659690743712548e-12
1.680666376050123e-12
1.738945637889579e-12
1.763082499711641e-12
1.81207333423796e-12
1.825857762335092e-12
1.872362735293917e-12
1.897279649694354e-12
1.93009066363227e-12
1.95660380687613e-12
1.987553529343686e-12
2.001408598436886e-12
2.051306547218646e-12
2.080047375078253e-12
2.083491235201542e-12
2.103552971633702e-12
2.143713426024089e-12
2.147798490995138e-12
2.174118821003521e-12
2.200669790544257e-12
2.218278017019663e-12
2.232264304264851e-12
2.262691101796706e-12
2.274883684528965e-12
2.285207233682648e-12
2.302943206306936e-12
2.322622123974336e-12
2.319303608125007e-12
2.329444314874995e-12
2.339766604906083e-12
2.341582560502783e-12
2.342473378392712e-12
2.353483659868946e-12
2.333073932276687e-12
2.32996842078728e-12
2.296667318647636e-12
2.268769365151853e-12
2.232340161944384e-12
2.185767569776164e-12
2.113083625908064e-12
2.022952958064799e-12
2.0335388034714e-12
1.743103407348724e-12
2.261569334650403e-12
4.511016647342551e-13
2.00430411745853e-13
8.399861281615294e-13
6.726986631876218e-13
1.073674749586587e-12
9.757975133016702e-13
1.239760545037738e-12
1.199121864785901e-12
1.37814971661004e-12
1.357217948957827e-12
1.484575352553936e-12
1.50301969215161e-12
1.589196427805699e-12
1.589814146132908e-12
1.66088724328136e-12
1.681910019108316e-12
1.739150628632916e-12
1.764162860652188e-12
1.813147376549343e-12
1.828854079949935e-12
1.872359538942578e-12
1.895296055337775e-12
1.930681013295331e-12
1.957790278262035e-12
1.985855709295717e-12
2.003973892519037e-12
2.053787006859491e-12
2.078927799044933e-12
2.083284700972658e-12
2.103875294057162e-12
2.1440559974431e-12
2.149807138802309e-12
2.174909659141447e-12
2.201235357825359e-12
2.218862962678281e-12
2.232118232331859e-12
2.262810927337825e-12
2.276019507601582e-12
2.28543128535125e-12
2.305411618478837e-12
2.325719363587089e-12
2.31936767337603e-12
2.331171527389243e-12
2.34605646491279e-12
2.344020360818759e-12
2.34104614386145e-12
2.357840725181781e-12
2.335378050663919e-12
2.329499873683374e-12
2.299896044487352e-12
2.272741165343535e-12
2.233091623185222e-12
2.184563137179132e-12
2.104112058435306e-12
2.006244075760739e-12
2.002679764735524e-12
1.704961543445288e-12
2.180069071619377e-12
4.452827045783182e-13
2.417353269107539e-13
8.451391297462138e-13
6.928580869695766e-13
1.079203416467801e-12
9.865905864497804e-13
1.248315499754706e-12
1.208805560249387e-12
1.386377151406265e-12
1.363921184048256e-12
1.487457764208531e-12
1.510507533508911e-12
1.595058939016991e-12
1.59367373888936e-12
1.662724013378973e-12
1.683336504371753e-12
1.739062539043443e-12
1.764508102783152e-12
1.813890950354411e-12
1.832475774522533e-12
1.873343019558561e-12
1.894114957290095e-12
1.931000032066737e-12
1.958249892966297e-12
1.985119214982221e-12
2.006681535470387e-12
2.054883944407823e-12
2.076910985905957e-12
2.083841147328184e-12
2.104195333312186e-12
2.143583329467357e-12
2.152301062783412e-12
2.176022315625493e-12
2.201465831167767e-12
2.219153029007057e-12
2.231949189276568e-12
2.263249790076471e-12
2.277160766956435e-12
2.285343923869374e-12
2.307233748536205e-12
2.328308651328429e-12
2.319854853741929e-12
2.333737357110517e-12
2.352627176026704e-12
2.346426451514579e-12
2.339469031361326e-12
2.361890286375729e-12
2.337445784509727e-12
2.329449143996311e-12
2.304979820141395e-12
2.278606402495877e-12
2.233735517461805e-12
2.183401405270877e-12
2.096416532349627e-12
1.990487998077364e-12
1.9708659830139e-12
1.667860550672599e-12
2.094944596262528e-12
4.351510537480631e-13
2.853896255321632e-13
8.503542314803783e-13
7.129470598254536e-13
1.085312409278287e-12
9.979118622942885e-13
1.257845348125958e-12
1.218929911932018e-12
1.393140633400661e-12
1.369561604412035e-12
1.49060845914105e-12
1.515898502027888e-12
1.599185831033348e-12
1.598284494320264e-12
1.666008263638975e-12
1.685719403679983e-12
1.738766205186983e-12
1.763602103177404e-12
1.814072089583711e-12
1.836655803555838e-12
1.875379862436582e-12
1.894315542201188e-12
1.931347815755504e-12
1.958402584405724e-12
1.98631013711459e-12
2.008679907473448e-12
2.052991587447853e-12
2.074156996294979e-12
2.085128976150358e-12
2.104214150345767e-12
2.142260616341817e-12
2.154736914789328e-12
2.177513748151597e-12
2.202028884511536e-12
2.219433044955242e-12
2.231589295596151e-12
2.264188762717981e-12
2.278555741802804e-12
2.285145542912106e-12
2.308342469819764e-12
2.330086736315431e-12
2.320943852675265e-12
2.336973873133585e-12
2.358629785318623e-12
2.348777573617184e-12
2.338917517549588e-12
2.36604955693007e-12
2.339990798700597e-12
2.330901984998335e-12
2.310787441343181e-12
2.284776023456072e-12
2.23447742118126e-12
2.182887586505541e-12
2.090089148113982e-12
1.975973645539347e-12
1.937966702058076e-12
1.631417549360092e-12
2.007144018259536e-12
4.203341276947854e-13
3.311588187580532e-13
8.554564064357817e-13
7.324572960731866e-13
1.09237529674739e-12
1.009833499954848e-12
1.267281274495556e-12
1.228238838482169e-12
1.398667873634215e-12
1.374877002936454e-12
1.494228727205289e-12
1.518891960250286e-12
1.601459153607464e-12
1.603346585065878e-12
1.670746007550598e-12
1.689339510358207e-12
1.738585384591887e-12
1.761990888470539e-12
1.81373364498387e-12
1.8408228172923e-12
1.87809099319268e-12
1.896128732038867e-12
1.932650895014578e-12
1.958725305231788e-12
1.988636721393123e-12
2.009130884213233e-12
2.048023647730727e-12
2.070993213386505e-12
2.086990395196912e-12
2.103875832370024e-12
2.140215945408373e-12
2.156887779137214e-12
2.179672550435893e-12
2.203643979947227e-12
2.220196823401724e-12
2.231127495520833e-12
2.265268734810056e-12
2.279753400433955e-12
2.285390889146103e-12
2.309248360247031e-12
2.330521325914754e-12
2.322675569768572e-12
2.340532303697694e-12
2.362371036869215e-12
2.351103137602301e-12
2.341006205532472e-12
2.371049326497711e-12
2.343567318931034e-12
2.334269839326569e-12
2.316131622851408e-12
2.289874916662937e-12
2.235246541260459e-12
2.183380692792262e-12
2.085268196702431e-12
1.963611696265673e-12
1.904585885535393e-12
1.595430737359441e-12
1.917392749216724e-12
4.005853521971311e-13
3.782020016372071e-13
8.601161560707627e-13
7.51143252442882e-13
1.100752928163819e-12
1.021802009355719e-12
1.275346489692375e-12
1.235205681046658e-12
1.403012980796237e-12
1.380533874371528e-12
1.498099314326679e-12
1.520459833756902e-12
1.602852077163924e-12
1.607815893389549e-12
1.675853588320086e-12
1.694236644113146e-12
1.739428900542518e-12
1.760815397999847e-12
1.813461888454584e-12
1.844315912295917e-12
1.880970386565189e-12
1.899313783162254e-12
1.934342192499531e-12
1.958770658170872e-12
1.991255505614153e-12
2.008471407533585e-12
2.041273520180492e-12
2.067690873642871e-12
2.088955055928533e-12
2.103335536986309e-12
2.137964986755956e-12
2.158914224119493e-12
2.182426474141024e-12
2.206498985645756e-12
2.22211850949455e-12
2.231257123132686e-12
2.265998142069998e-12
2.280006983158114e-12
2.28634817221321e-12
2.310276246091981e-12
2.329532763615547e-12
2.325131819277433e-12
2.344199260590173e-12
2.363182160131273e-12
2.353310596163504e-12
2.345683104325865e-12
2.377144195127025e-12
2.348751584040175e-12
2.339545302942408e-12
2.320830551701539e-12
2.293833343185278e-12
2.235539877860361e-12
2.184322751573131e-12
2.082068680309819e-12
1.955017025589624e-12
1.872073287914054e-12
1.559509875919056e-12
1.826246289270286e-12
3.758323360247491e-13
4.251701884048756e-13
8.640078525171781e-13
7.688229595715679e-13
1.110558219950757e-12
1.032880986784015e-12
1.281114013505005e-12
1.239518165508885e-12
1.406400418749567e-12
1.386905935387194e-12
1.502098300296287e-12
1.521496208740212e-12
1.603769423413092e-12
1.610989585776717e-12
1.680594756166259e-12
1.699851713056704e-12
1.741767185829444e-12
1.761025357860833e-12
1.813915164474337e-12
1.847137210941358e-12
1.883532878440311e-12
1.902865494477606e-12
1.935867423392148e-12
1.9584587607229e-12
1.993683415994235e-12
2.007581788053715e-12
2.033804333578157e-12
2.063841811268018e-12
2.09044333812143e-12
2.102876847679351e-12
2.136219456581122e-12
2.160785172809558e-12
2.185220428171236e-12
2.210223957671678e-12
2.225514899242162e-12
2.232333979735635e-12
2.266443798576245e-12
2.279498156382432e-12
2.287672292543937e-12
2.311249184924138e-12
2.327670519154346e-12
2.32820439712756e-12
2.34784454997462e-12
2.362109338501954e-12
2.355532856330219e-12
2.351340068778514e-12
2.383770104415171e-12
2.355633787413627e-12
2.346696330457563e-12
2.325304196979477e-12
2.297078565484902e-12
2.235525541074852e-12
2.185266442020261e-12
2.080404538944618e-12
1.951333519356053e-12
1.842573204721011e-12
1.523703316511898e-12
1.733870106223356e-12
3.452520083548151e-13
4.707445160346223e-13
8.676422451252912e-13
7.854639996882948e-13
1.121347476566765e-12
1.042023417854214e-12
1.284429734371931e-12
1.241865014682956e-12
1.409073692497085e-12
1.393756248176717e-12
1.506270486330332e-12
1.522469185721768e-12
1.604236980015986e-12
1.612931146579084e-12
1.684558266261982e-12
1.705308581403395e-12
1.745738552790875e-12
1.763251630827973e-12
1.815161924643866e-12
1.849243712739682e-12
1.885157927261469e-12
1.905595561682521e-12
1.93747138814737e-12
1.958213535536421e-12
1.995297846558019e-12
2.007061153356161e-12
2.026682798912575e-12
2.059267581422977e-12
2.0911769600786e-12
2.102623683746182e-12
2.135319410984053e-12
2.162401522720428e-12
2.187458743788202e-12
2.214395124547165e-12
2.230315315910942e-12
2.234219085066145e-12
2.267011680410287e-12
2.278922720311883e-12
2.288947098966645e-12
2.311883705960232e-12
2.325485226186138e-12
2.331444843052117e-12
2.351183438713557e-12
2.360286885697555e-12
2.358107365313058e-12
2.356715400903622e-12
2.389967855863843e-12
2.363434773347158e-12
2.355248639618635e-12
2.329958685649555e-12
2.299967874128639e-12
2.236089949563299e-12
2.187176488181029e-12
2.079931117766604e-12
1.951528769455325e-12
1.818287338803171e-12
1.489960910355027e-12
1.64058727986873e-12
3.074080738566108e-13
5.136576185754398e-13
8.721133341365849e-13
8.005714437090371e-13
1.131991952500888e-12
1.049534057613961e-12
1.28646841927093e-12
1.242960990223648e-12
1.411207918451939e-12
1.399872894306878e-12
1.5100723948065e-12
1.524116674693254e-12
1.604947586068866e-12
1.613802455496623e-12
1.687013539798544e-12
1.709725875155094e-12
1.751252803433809e-12
1.767770496619925e-12
1.817081548392917e-12
1.850341973547227e-12
1.885388449675896e-12
1.906992814286887e-12
1.939249366215237e-12
1.958330243757437e-12
1.995454787458497e-12
2.006717763009097e-12
2.020983473670273e-12
2.054571708354312e-12
2.091413786067595e-12
2.102422745594182e-12
2.134866475708026e-12
2.164230612652142e-12
2.189274213616525e-12
2.218420644480049e-12
2.236095598530159e-12
2.236790770192065e-12
2.267850664366822e-12
2.278567951300177e-12
2.289992337992665e-12
2.312110940119953e-12
2.323184976423062e-12
2.334596734139759e-12
2.354241134453277e-12
2.358329128128075e-12
2.361193292281445e-12
2.361277911999814e-12
2.394719031118808e-12
2.370806363686435e-12
2.363996941885251e-12
2.334812775795791e-12
2.303313691592693e-12
2.238081976193882e-12
2.191226601956147e-12
2.080288688176238e-12
1.952823285971629e-12
1.800224640768716e-12
1.462163204226873e-12
1.548389627391411e-12
2.621062259576407e-13
5.526133799362321e-13
8.780812983758817e-13
8.128128833028214e-13
1.140286025655338e-12
1.056165898062163e-12
1.289094311833411e-12
1.243328923214097e-12
1.413009324599898e-12
1.404214198706845e-12
1.512776276296984e-12
1.526993170203506e-12
1.606429712131222e-12
1.613916277290907e-12
1.687818577362907e-12
1.712236709143571e-12
1.757431330769843e-12
1.773937244926524e-12
1.8192450779284e-12
1.850512554637577e-12
1.884756114211113e-12
1.9073946049548e-12
1.941241895572166e-12
1.958835429821787e-12
1.993874776965119e-12
2.006258829854982e-12
2.01731623887106e-12
2.050366164685285e-12
2.091771930445798e-12
2.102342911152641e-12
2.1341515489177e-12
2.1665664769785e-12
2.190731352797242e-12
2.221386110801681e-12
2.242260190726862e-12
2.23998190821929e-12
2.26900958267919e-12
2.278571911672757e-12
2.290891751132119e-12
2.312139896084282e-12
2.320828577582616e-12
2.337463905777835e-12
2.357175065560142e-12
2.356499277992709e-12
2.364817967400112e-12
2.364949236318032e-12
2.397220793341818e-12
2.376769392731398e-12
2.372008014219647e-12
2.339511319351425e-12
2.308181953394286e-12
2.24190971544417e-12
2.197092332307969e-12
2.08094580649901e-12
1.953475963464408e-12
1.788203000035891e-12
1.443740487476837e-12
1.461449208814734e-12
2.112483987901599e-13
5.857561524923978e-13
8.850359756017966e-13
8.213990021786057e-13
1.145149700703649e-12
1.061616439535087e-12
1.292555763342293e-12
1.242952316654609e-12
1.414652136788565e-12
1.407240976458829e-12
1.514499250621784e-12
1.530196981964067e-12
1.607936256622023e-12
1.614085256715135e-12
1.687785016597614e-12
1.712494432258037e-12
1.763053150824887e-12
1.780588310578967e-12
1.821270781963755e-12
1.850442339062881e-12
1.884179763593692e-12
1.907308929276596e-12
1.943348043797206e-12
1.959550194165018e-12
1.991220636765827e-12
2.005890329381442e-12
2.015387325134086e-12
2.046718775682161e-12
2.092647100335187e-12
2.10261150862754e-12
2.132829469395863e-12
2.169130746247832e-12
2.191752324324074e-12
2.222810564692529e-12
2.248331623562989e-12
2.243761422262839e-12
2.270436079662706e-12
2.278882372904206e-12
2.291487773715665e-12
2.31202332885399e-12
2.318577633293638e-12
2.339954808249946e-12
2.360058572636122e-12
2.354896525211384e-12
2.36873849509328e-12
2.367866098511397e-12
2.397462314661779e-12
2.381357007622512e-12
2.378971107728226e-12
2.343436582588199e-12
2.314701475201711e-12
2.247495539984631e-12
2.203779900624886e-12
2.081675568573901e-12
1.954056178876344e-12
1.781721220879144e-12
1.43544093141119e-12
1.384470216838002e-12
1.582370023872391e-13
6.112444905715529e-13
8.917960422847209e-13
8.263139751441373e-13
1.147529782459723e-12
1.065555867453801e-12
1.295784846375718e-12
1.241318183233328e-12
1.4160343487866e-12
1.40983195931307e-12
1.515716021530705e-12
1.532433772842899e-12
1.608490835943782e-12
1.615055181406615e-12
1.687906130369979e-12
1.710787669133423e-12
1.767363732803902e-12
1.786730506585285e-12
1.823028576807511e-12
1.850716449144492e-12
1.884149194598892e-12
1.907164324764389e-12
1.945211516954059e-12
1.960063376660547e-12
1.988571969806778e-12
2.00599277213292e-12
2.014511127232539e-12
2.043483009770553e-12
2.093948562233965e-12
2.103132035784547e-12
2.131022953930438e-12
2.1717524946461e-12
2.192408483373603e-12
2.222729083947426e-12
2.253785463054828e-12
2.247879995976622e-12
2.27216599178653e-12
2.279283532562474e-12
2.291665278754781e-12
2.311834391957066e-12
2.316648686219347e-12
2.341980024720402e-12
2.362884036263631e-12
2.353582870967582e-12
2.372515557918352e-12
2.370250897546637e-12
2.396356044935784e-12
2.385163520467658e-12
2.38501533903031e-12
2.34623006871277e-12
2.321727511332287e-12
2.254011531684293e-12
2.210507118917092e-12
2.082670582786124e-12
1.955722361752291e-12
1.779841444037561e-12
1.435782704069447e-12
1.321263654246566e-12
1.079288547620376e-13
6.284578145315988e-13
8.972999034603634e-13
8.280976557014019e-13
1.148213325000177e-12
1.067804444017021e-12
1.298130862899644e-12
1.238379624670497e-12
1.416957902819435e-12
1.412196838838931e-12
1.516645545439416e-12
1.533657914695238e-12
1.608096869918098e-12
1.616509792292048e-12
1.688459353320455e-12
1.707958887179687e-12
1.770252386223563e-12
1.791694346538358e-12
1.824265641064224e-12
1.85138080594966e-12
1.884761680721787e-12
1.907064637950585e-12
1.946606378023193e-12
1.960426555277082e-12
1.986576170263042e-12
2.006445824895445e-12
2.014049986360136e-12
2.040779676601137e-12
2.09538930131864e-12
2.10367626742669e-12
2.129103187801352e-12
2.174304064356875e-12
2.192830612544242e-12
2.221522958995407e-12
2.258203058024053e-12
2.251857693119035e-12
2.273963768242799e-12
2.279674989873424e-12
2.291532526204938e-12
2.311769276540773e-12
2.315222928864593e-12
2.343520002460174e-12
2.365535127927725e-12
2.352647777828482e-12
2.375820492248426e-12
2.372227071365726e-12
2.394852168339879e-12
2.388466466903963e-12
2.390165389085351e-12
2.348155015608075e-12
2.328182372231006e-12
2.260357026997655e-12
2.216777761449036e-12
2.084071532358096e-12
1.958835760343302e-12
1.781106731350601e-12
1.441874562121696e-12
1.273918982440223e-12
6.456270299134298e-14
6.380398975467335e-13
9.009088564783605e-13
8.275418416091091e-13
1.147727189270527e-12
1.068518051468518e-12
1.299413803645727e-12
1.234743402069471e-12
1.417369793672381e-12
1.414140224338667e-12
1.517370569050827e-12
1.534348929426825e-12
1.607128060289828e-12
1.617729386255689e-12
1.68911383308424e-12
1.704835414745123e-12
1.77207057028752e-12
1.795242912819359e-12
1.824702592749727e-12
1.852343183809356e-12
1.885936774579601e-12
1.907087514817204e-12
1.947420336043587e-12
1.960647526969628e-12
1.985395576800276e-12
2.007017436313151e-12
2.013753639132135e-12
2.038726812052509e-12
2.096720076059258e-12
2.104139607292121e-12
2.127338656538045e-12
2.176537904610014e-12
2.193100640955203e-12
2.219818120434738e-12
2.261430126041944e-12
2.255202844658594e-12
2.275477320516427e-12
2.280173829579225e-12
2.291311646065492e-12
2.311871901925562e-12
2.31439904945854e-12
2.344538307601096e-12
2.367886469525773e-12
2.352160361848661e-12
2.378501895663664e-12
2.373822547307416e-12
2.393457531723727e-12
2.391094347732287e-12
2.394229407082772e-12
2.349715238709963e-12
2.333691540423644e-12
2.26587652865006e-12
2.222287517640733e-12
2.08575889597787e-12
1.962963774962118e-12
1.784292687143199e-12
1.450854111287761e-12
1.242074556491431e-12
3.03785522267173e-14
6.415735434760925e-13
9.02475723171656e-13
8.254589455055902e-13
1.14650615223883e-12
1.068085555674917e-12
1.299716233528098e-12
1.230985399226777e-12
1.41721860734451e-12
1.415555451317334e-12
1.517930792411572e-12
1.53472178178373e-12
1.606021409696592e-12
1.618446278993293e-12
1.689632701772734e-12
1.701998383978462e-12
1.773241523363124e-12
1.797581681388245e-12
1.824441107163017e-12
1.853289394161288e-12
1.887347778472686e-12
1.907230963867168e-12
1.947767894415727e-12
1.960758522788393e-12
1.984937452182489e-12
2.007426479581245e-12
2.013539936648671e-12
2.037293377317442e-12
2.097805482989542e-12
2.104479693967779e-12
2.125903118195406e-12
2.178295595373583e-12
2.193221421128133e-12
2.218129788725118e-12
2.263611571007337e-12
2.257775166735888e-12
2.276640033672928e-12
2.280791150403335e-12
2.291073622043295e-12
2.311980081520933e-12
2.314106782154202e-12
2.345060497368238e-12
2.369887565589559e-12
2.352057033581e-12
2.380609248279022e-12
2.375070800707562e-12
2.392345201939561e-12
2.393128048045866e-12
2.397208989876618e-12
2.35118039491412e-12
2.33809158161674e-12
2.270277165001878e-12
2.226885271463061e-12
2.087577263357868e-12
1.967326843488662e-12
1.788458216487966e-12
1.460716775376539e-12
1.223234511495681e-12
5.773717430288968e-15
6.409085648370687e-13
9.022501546662443e-13
8.226180080583485e-13
1.144920204042013e-12
1.066944769879962e-12
1.299257720115096e-12
1.227527477993457e-12
1.416576370892165e-12
1.416448282602296e-12
1.518325413390987e-12
1.534905042535903e-12
1.605006034158595e-12
1.618763527890469e-12
1.689890223690279e-12
1.699672597471153e-12
1.774029137768377e-12
1.799089864552414e-12
1.823803697576896e-12
1.85404075143992e-12
1.888689089596601e-12
1.907456259359954e-12
1.947755845216197e-12
1.960807184319459e-12
1.985035456525652e-12
2.007585647234355e-12
2.01331500274996e-12
2.036448614067002e-12
2.098621332612675e-12
2.104672397748713e-12
2.124830274455758e-12
2.179556103029114e-12
2.19320998028604e-12
2.216684180710712e-12
2.265017651778859e-12
2.259617665287117e-12
2.277395936633631e-12
2.281520706662815e-12
2.290852882526755e-12
2.312085888897499e-12
2.314191176566072e-12
2.345139292409435e-12
2.371527402139332e-12
2.352322900542784e-12
2.382204103992438e-12
2.37599417169349e-12
2.391530960869189e-12
2.394719354524494e-12
2.399231126162677e-12
2.352540046626333e-12
2.341471826828718e-12
2.273627586980592e-12
2.230584403635228e-12
2.089339228834341e-12
1.971278937287849e-12
1.792839126703579e-12
1.469990526470636e-12
1.213997293950469e-12
-1.038386870558183e-14
6.377275583179913e-13
9.006824920687968e-13
8.195494096554001e-13
1.143185243288677e-12
1.065501631054629e-12
1.298299307172897e-12
1.224462886423451e-12
1.415514248993738e-12
1.417023110551948e-12
1.518628522549744e-12
1.535041524251543e-12
1.604189534823623e-12
1.618717567462042e-12
1.689928360445301e-12
1.697865584947429e-12
1.774474323365405e-12
1.800134082152518e-12
1.823090569969191e-12
1.85460419194532e-12
1.889834255280023e-12
1.907740959068231e-12
1.947487693847814e-12
1.960790449295751e-12
1.985490145392316e-12
2.007559578621197e-12
2.013034189684157e-12
2.036047690098945e-12
2.099160113223144e-12
2.104787471838267e-12
2.124051948112963e-12
2.180422383380369e-12
2.193091688915808e-12
2.215502460728879e-12
2.265869184051889e-12
2.260922205960086e-12
2.277844298169445e-12
2.282273034364769e-12
2.290621437512315e-12
2.312202830855621e-12
2.314436124275265e-12
2.344808877607912e-12
2.372956084766585e-12
2.352845414727171e-12
2.383463368439076e-12
2.376653960051004e-12
2.390876681196982e-12
2.39608997248211e-12
2.400489989612329e-12
2.353622210983495e-12
2.34404745212546e-12
2.276188630490782e-12
2.233479629459915e-12
2.090878018650566e-12
1.974568166671633e-12
1.796959073790683e-12
1.477917007980954e-12
1.211104379445321e-12
-2.000976317788801e-14
6.331886213377487e-13
8.982991289655002e-13
8.165614764502617e-13
1.141486016848939e-12
1.063967871635154e-12
1.29704568621394e-12
1.221774726054458e-12
1.414202123622704e-12
1.417399692495415e-12
1.518927919007539e-12
1.535133001775236e-12
1.603542159319656e-12
1.618432477340848e-12
1.68983409218141e-12
1.696426091643857e-12
1.774680566405117e-12
1.800897620851824e-12
1.822392531944307e-12
1.855070436464529e-12
1.890824489287028e-12
1.908035195765005e-12
1.947082991679229e-12
1.960750515983842e-12
1.986121420520727e-12
2.007347148384559e-12
2.012753662729371e-12
2.035977791230469e-12
2.09947187874188e-12
2.1048363970084e-12
2.123512316644437e-12
2.180978287535935e-12
2.192900674275826e-12
2.214528437451565e-12
2.266339367359861e-12
2.261877107944705e-12
2.278096491033038e-12
2.28300919488633e-12
2.290428974257058e-12
2.312302427427208e-12
2.314746427501519e-12
2.344178639534643e-12
2.374212717884425e-12
2.353534236429756e-12
2.384474254720381e-12
2.377153599872117e-12
2.390316940559273e-12
2.397265336406209e-12
2.401175999894611e-12
2.354457012366909e-12
2.346125407751905e-12
2.278209764778611e-12
2.235697616296164e-12
2.092132788567405e-12
1.977227462334606e-12
1.800603265794243e-12
1.484361724836399e-12
1.211967416928849e-12
-2.500883478368488e-14
6.280603978950125e-13
8.954197670522991e-13
8.137181083784304e-13
1.139854856157332e-12
1.062471751927988e-12
1.295680575337522e-12
1.219331959032733e-12
1.41272387772666e-12
1.417730786414499e-12
1.519231968364047e-12
1.535241237698956e-12
1.603095194071504e-12
1.617951289297125e-12
1.689606134233262e-12
1.695251002732776e-12
1.774705424475989e-12
1.801541627808589e-12
1.821769931606226e-12
1.855428788800329e-12
1.891680452903508e-12
1.908306033543474e-12
1.946656970310365e-12
1.960706679079714e-12
1.986804620257542e-12
2.006974303091678e-12
2.012498334573256e-12
2.036065709054302e-12
2.099628684557119e-12
2.104876497347062e-12
2.123119932366053e-12
2.181288639472479e-12
2.192714250318168e-12
2.213725720002408e-12
2.266563861054304e-12
2.262610644453829e-12
2.278265583130808e-12
2.283736580772646e-12
2.29022743891966e-12
2.312370548039877e-12
2.315050732514224e-12
2.343357741697666e-12
2.375399803276359e-12
2.3542904015069e-12
2.385340244518073e-12
2.377573366419146e-12
2.389779583631583e-12
2.398347561698896e-12
2.401476024821303e-12
2.355106034632255e-12
2.347887963076296e-12
2.279825830752894e-12
2.237415532199242e-12
2.093150598384736e-12
1.979379313465684e-12
1.80377223126857e-12
1.489500958306732e-12
1.214972281700735e-12
-2.677361413966613e-14
6.226588006535169e-13
8.921885388005576e-13
8.110254361508905e-13
1.138291481077699e-12
1.061034241045455e-12
1.294247820010564e-12
1.217076640079368e-12
1.411157874066579e-12
1.418002469743671e-12
1.519526960019441e-12
1.535351557105289e-12
1.602697787027478e-12
1.617386370499255e-12
1.689287462114084e-12
1.694266664654255e-12
1.774609454158981e-12
1.802080590015628e-12
1.821173845533e-12
1.855793808333885e-12
1.892432783036938e-12
1.908510818044646e-12
1.946254437537541e-12
1.960726472419371e-12
1.987455594960854e-12
2.006500477452095e-12
2.012288602777989e-12
2.036247229750444e-12
2.099685361462496e-12
2.104943420789143e-12
2.122804327856482e-12
2.181445863453511e-12
2.192528187714066e-12
2.213017139586618e-12
2.26662634131043e-12
2.263199001688266e-12
2.278352553723898e-12
2.28450179872329e-12
2.290022089624817e-12
2.312443666289742e-12
2.315343096977272e-12
2.342462911528465e-12
2.376498662361602e-12
2.355025722030029e-12
2.3861019143849e-12
2.377982521769464e-12
2.389293406550768e-12
2.399319442012784e-12
2.401431603711701e-12
2.355651138282643e-12
2.349466820148423e-12
2.281200470793797e-12
2.238806112370961e-12
2.094013648870652e-12
1.981087134173141e-12
1.806628681140461e-12
1.493577590208464e-12
1.219276990937006e-12
-2.61086509590873e-14
6.170311153561707e-13
8.886729319002591e-13
8.084484577184886e-13
1.13672775275357e-12
1.05964586452626e-12
1.292754203072475e-12
1.214955166188538e-12
1.409475059554491e-12
1.418222360215499e-12
1.51977577422267e-12
1.535474308131425e-12
1.602395121677849e-12
1.616688822539087e-12
1.688912118824378e-12
1.693386726612492e-12
1.774452184272047e-12
1.802577313696203e-12
1.820628676463454e-12
1.856088356245791e-12
1.89306246520806e-12
1.908678894302572e-12
1.945870383967783e-12
1.960809678944937e-12
1.988053784646048e-12
2.0059847249156e-12
2.012075520109054e-12
2.036453458101504e-12
2.099689376785378e-12
2.105017321194401e-12
2.12251862096814e-12
2.181554068523197e-12
2.192374816261159e-12
2.212387001037611e-12
2.266578798017514e-12
2.263743839507468e-12
2.278376595652034e-12
2.285278141399973e-12
2.289843870260294e-12
2.312493265527453e-12
2.3155914940093e-12
2.341558555612611e-12
2.377596445911721e-12
2.355651213853793e-12
2.386822495254098e-12
2.378386223088319e-12
2.388830331480315e-12
2.400256644580034e-12
2.40118612227472e-12
2.356124845873744e-12
2.350869520180404e-12
2.282430555107314e-12
2.239976733796686e-12
2.094855116407799e-12
1.982455967165244e-12
1.809246368313077e-12
1.496867097291031e-12
1.22451043722557e-12
-2.345187328942262e-14
6.111921274875122e-13
8.849555864895002e-13
8.058617258197981e-13
1.135089505070295e-12
1.058248124250444e-12
1.291211384666908e-12
1.212904917645133e-12
1.407792592214357e-12
1.418357788362795e-12
1.519983025241782e-12
1.535569115898918e-12
1.602027236065134e-12
1.615907429367642e-12
1.688509336902035e-12
1.692586713922983e-12
1.774256598523786e-12
1.802999953290914e-12
1.820101107451633e-12
1.856321020985198e-12
1.893624414898146e-12
1.908775746306521e-12
1.945532369491195e-12
1.960955963638278e-12
1.988562553123595e-12
2.005450173141718e-12
2.011931697433161e-12
2.036619665393904e-12
2.099676509734268e-12
2.105135959971158e-12
2.122248855188796e-12
2.18159825972197e-12
2.192279498008412e-12
2.211807996388053e-12
2.266461512946405e-12
2.264247938612258e-12
2.278344094084366e-12
2.286049019291281e-12
2.289778497481978e-12
2.312515433793004e-12
2.315803739793586e-12
2.340662837514553e-12
2.378620539504873e-12
2.356208860116501e-12
2.387475197374074e-12
2.378802487575937e-12
2.38842895957146e-12
2.401072611989425e-12
2.400829589534224e-12
2.356586656420388e-12
2.352171538095821e-12
2.283527958645562e-12
2.241043383805053e-12
2.095744708519024e-12
1.983549015666389e-12
1.81174926503239e-12
1.499468853509338e-12
1.230542768678027e-12
-1.905017176649319e-14
6.050700621030348e-13
8.81136211450614e-13
8.032007113644921e-13
1.133272748332789e-12
1.05674848077829e-12
1.289618797201496e-12
1.210870796564592e-12
1.406177898668342e-12
1.418492962775289e-12
1.520106333597153e-12
1.535571902511855e-12
1.601582442153362e-12
1.615036789702693e-12
1.688022195776596e-12
1.691852983572976e-12
1.774033691118447e-12
1.803420265265587e-12
1.819607511519239e-12
1.856523311212896e-12
1.894103087471987e-12
1.908745792768204e-12
1.945307212500569e-12
1.96116618799446e-12
1.988911519254932e-12
2.004940558416692e-12
2.011850557595257e-12
2.036705773662295e-12
2.099616315693108e-12
2.105324575630202e-12
2.12195383924149e-12
2.181607742677096e-12
2.192311069782363e-12
2.211262177253889e-12
2.266306256419603e-12
2.264728734570126e-12
2.278244176767182e-12
2.286810570850049e-12
2.289795495356481e-12
2.312517001847795e-12
2.315983844031601e-12
2.339782826267286e-12
2.379553805648587e-12
2.356726528394301e-12
2.388016303137774e-12
2.379238037408165e-12
2.388080161131776e-12
2.401786706500246e-12
2.400387839924632e-12
2.357043889060686e-12
2.353430150117665e-12
2.284523275654324e-12
2.242031758883936e-12
2.096710804265031e-12
1.984400266950693e-12
1.814194183374183e-12
1.501522197140997e-12
1.237361120857894e-12
-1.282945928291616e-14
5.983253298135888e-13
8.772322937690019e-13
8.004499515076336e-13
1.131053709163614e-12
1.055069816638347e-12
1.2879802572727e-12
1.208855163231841e-12
1.404594910027529e-12
1.418750651168161e-12
1.520132779490773e-12
1.535405028489041e-12
1.601092808598551e-12
1.614104178785384e-12
1.687438690933902e-12
1.691121605470994e-12
1.773779095092391e-12
1.803878491040887e-12
1.819126851826397e-12
1.856584603598908e-12
1.89449691663648e-12
1.908646412557472e-12
1.945180953987568e-12
1.961441665409262e-12
1.989064288311188e-12
2.004520115109943e-12
2.011857836027638e-12
2.036629788658071e-12
2.099512080782088e-12
2.105635223502503e-12
2.121569682850318e-12
2.181623106056551e-12
2.192493656556045e-12
2.210699327618019e-12
2.266112853761509e-12
2.265212618573565e-12
2.278113078438885e-12
2.287566883422741e-12
2.289933471487998e-12
2.312471825418507e-12
2.316093808115273e-12
2.338926988371683e-12
2.380409177358682e-12
2.357227178298481e-12
2.388458326902494e-12
2.379650450068246e-12
2.38771991290397e-12
2.4024780485608e-12
2.399948446935064e-12
2.357553673455827e-12
2.354669067687248e-12
2.285437883892735e-12
2.24290843011237e-12
2.097809558757181e-12
1.985069006508541e-12
1.816675531137826e-12
1.503116234533816e-12
1.245198964497033e-12
-4.435786582425576e-15
5.910185378485942e-13
8.732063379014503e-13
7.976424919483299e-13
1.128268251281091e-12
1.052994120182747e-12
1.286158619559929e-12
1.206887422731033e-12
1.403268694582013e-12
1.418874970908295e-12
1.520065684995367e-12
1.534949646239106e-12
1.600328629912574e-12
1.613457261010183e-12
1.686811706079094e-12
1.690261494507989e-12
1.773525767875845e-12
1.80427784565304e-12
1.818483160871329e-12
1.85667683665113e-12
1.894907699896199e-12
1.908340884294706e-12
1.945205854906871e-12
1.961819165375744e-12
1.988942832841639e-12
2.004217702608154e-12
2.012017421407745e-12
2.036299881913807e-12
2.099439408296656e-12
2.106060454574019e-12
2.121107766511006e-12
2.18155176773722e-12
2.192903901661563e-12
2.210065956605739e-12
2.265933254781499e-12
2.265730599113202e-12
2.277709814579799e-12
2.288483764351935e-12
2.290321055177664e-12
2.312195359126259e-12
2.316204456545801e-12
2.338013598401146e-12
2.380985938196767e-12
2.358024144240936e-12
2.388734621050631e-12
2.380031204576068e-12
2.387547625649984e-12
2.402907460649654e-12
2.399425526194998e-12
2.358261160662105e-12
2.355954400890863e-12
2.286284135199933e-12
2.243705385783651e-12
2.099096848074437e-12
1.985274911950471e-12
1.819477343078199e-12
1.504270082313267e-12
1.254112995001331e-12
5.373583557477427e-15
5.848635473836803e-13
8.698214827476683e-13
7.950244405644448e-13
1.124848717044097e-12
1.050819443885068e-12
1.284564325278886e-12
1.204801423821556e-12
1.401740887867993e-12
1.419300186470386e-12
1.519864764581712e-12
1.534276145292666e-12
1.599803361558751e-12
1.612783630292522e-12
1.68603262535002e-12
1.689431712665711e-12
1.773151813048487e-12
1.804694072283776e-12
1.817989287514869e-12
1.856562617268694e-12
1.895236011836282e-12
1.907935588191582e-12
1.945418272738465e-12
1.962273857365789e-12
1.988535620818979e-12
2.004043204910886e-12
2.012309711005246e-12
2.035711586327952e-12
2.099377723502281e-12
2.106598200149214e-12
2.120458253608657e-12
2.181578711267793e-12
2.193482055758672e-12
2.209312761731569e-12
2.265771459902016e-12
2.266307866490307e-12
2.277295627874881e-12
2.289315992885902e-12
2.29091243510412e-12
2.311764851121528e-12
2.316021990219278e-12
2.337359036176858e-12
2.38154510410818e-12
2.358790018010762e-12
2.388928136565582e-12
2.380228776275772e-12
2.387186727624662e-12
2.403396272443633e-12
2.399030383189632e-12
2.358935801660104e-12
2.357278395328264e-12
2.287049593827498e-12
2.244127809317566e-12
2.100601779049119e-12
1.985227690192602e-12
1.822087098609595e-12
1.504794891850941e-12
1.262321440459346e-12
1.239564645651132e-14
5.810136914979513e-13
8.680420350124222e-13
7.934534737666129e-13
1.12226381671771e-12
1.049310578501069e-12
1.28368796503466e-12
1.203326066714056e-12
1.400547421489423e-12
1.419793371194729e-12
1.519722361401912e-12
1.533686975034475e-12
1.59954117140464e-12
1.612417604612379e-12
1.685407059657651e-12
1.688809416528489e-12
1.772908291356571e-12
1.804985979108753e-12
1.817722285857477e-12
1.856378694074152e-12
1.895384861131024e-12
1.907612938471942e-12
1.945623734735359e-12
1.962720202118176e-12
1.988112940623986e-12
2.003932002145496e-12
2.012638266041971e-12
2.035160680828069e-12
2.099266634298355e-12
2.107030659515177e-12
2.11995458638971e-12
2.181679922312958e-12
2.194031514103006e-12
2.208649665925753e-12
2.265630152139429e-12
2.26685658302082e-12
2.276961027387321e-12
2.289827329275393e-12
2.291480190662706e-12
2.311339947047066e-12
2.315731988572514e-12
2.337031766432343e-12
2.381951311212714e-12
2.359314104570285e-12
2.388986505219417e-12
2.380234901258728e-12
2.386992106435746e-12
2.403731903999567e-12
2.398797550436314e-12
2.359392340527882e-12
2.358204665426051e-12
2.287511108666572e-12
2.244150218061055e-12
2.101633004601913e-12
1.98515794576693e-12
1.823818343509929e-12
1.50486699259343e-12
1.267505297440432e-12
1.472931329724023e-14
5.793704511440912e-13
8.676919834355149e-13
7.926949616206407e-13
1.121289548317214e-12
1.048930413037108e-12
1.283452673321914e-12
1.202679874802792e-12
1.399987020557643e-12
1.420113888781428e-12
1.519598816955149e-12
1.533614330233149e-12
1.599648855522988e-12
1.612027540338824e-12
1.685185116097104e-12
1.68868256577683e-12
1.772781249878627e-12
1.805131636411183e-12
1.817829695280527e-12
1.856217435165908e-12
1.895288408577289e-12
1.907540899762336e-12
1.945696016312503e-12
1.962834152473449e-12
1.988026355743861e-12
2.003861568769241e-12
2.012678750083934e-12
2.035017467239453e-12
2.099217239280153e-12
2.10710173952969e-12
2.119754611848922e-12
2.181805772766746e-12
2.194273180495464e-12
2.208420128896393e-12
2.265541618975936e-12
2.267083181049261e-12
2.276950796874339e-12
2.289858818310777e-12
2.291561412302284e-12
2.311148398697801e-12
2.315483112588537e-12
2.337032488450389e-12
2.38227568049474e-12
2.359388648934264e-12
2.388986690267026e-12
2.380160299216439e-12
2.386916355016649e-12
2.404063634481112e-12
2.398884915531817e-12
2.359495376749767e-12
2.358420353413916e-12
2.287602443015304e-12
2.243983741932641e-12
2.102062861281641e-12
1.985374081672656e-12
1.824515870649212e-12
1.504738861553069e-12
1.269643734737642e-12
)
;

boundaryField
{
    inlet
    {
        type            cyclic;
    }
    outlet
    {
        type            cyclic;
    }
    bottomWall
    {
        type            zeroGradient;
    }
    topWall
    {
        type            zeroGradient;
    }
    left
    {
        type            cyclic;
    }
    right
    {
        type            cyclic;
    }
}


// ************************************************************************* //
