/*--------------------------------*- C++ -*----------------------------------*\
| =========                 |                                                 |
| \\      /  F ield         | OpenFOAM: The Open Source CFD Toolbox           |
|  \\    /   O peration     | Version:  v1812                                 |
|   \\  /    A nd           | Web:      www.OpenFOAM.com                      |
|    \\/     M anipulation  |                                                 |
\*---------------------------------------------------------------------------*/
FoamFile
{
    version     2.0;
    format      ascii;
    class       volScalarField;
    location    "10000";
    object      p;
}
// * * * * * * * * * * * * * * * * * * * * * * * * * * * * * * * * * * * * * //

dimensions      [0 2 -2 0 0 0 0];


internalField   nonuniform List<scalar> 
3770
(
-1.143893861511072e-14
-6.145591941510829e-13
3.098998859826008e-11
2.500419517290388e-11
4.332387570687742e-11
4.136544073515979e-11
5.251536867528112e-11
5.114466301270168e-11
5.910294780608245e-11
5.883246840710567e-11
6.414013016460366e-11
6.285694892063731e-11
6.618445440363799e-11
6.609512931152533e-11
7.014905471700301e-11
6.978190682288477e-11
7.155018998923469e-11
7.079490630346788e-11
7.385425138528216e-11
7.349285505675076e-11
7.443613559729349e-11
7.425822243646118e-11
7.527205664777475e-11
7.458840486116311e-11
7.629375633582142e-11
7.621573151668574e-11
7.708186365586279e-11
7.661690524080687e-11
7.715183885270362e-11
7.721512269177922e-11
7.861923105549958e-11
7.787896812695328e-11
7.871429563037825e-11
7.794956328735648e-11
7.690728473737288e-11
7.691121312141803e-11
7.612668715314101e-11
7.517829911234949e-11
7.520711977764492e-11
7.428557963508667e-11
7.349739873741006e-11
7.242396734160678e-11
7.224366845718213e-11
7.055307708490532e-11
6.944742421424963e-11
6.797717092241428e-11
6.52885866872561e-11
6.259351642817198e-11
6.208241669077291e-11
5.934651109863161e-11
5.648337886880545e-11
5.444439097747385e-11
5.20171437106674e-11
5.051624864461003e-11
4.87725643366389e-11
5.310379504823527e-11
5.159883314384038e-11
7.856102901426468e-11
1.328023886898409e-14
-6.692877866366123e-13
3.098559161596852e-11
2.500873583853022e-11
4.331747320717089e-11
4.136612041502526e-11
5.251424857794246e-11
5.114340963737548e-11
5.910174101752277e-11
5.882976715352955e-11
6.413979206160347e-11
6.285653927398272e-11
6.618518007183014e-11
6.60929027783633e-11
7.014948665384172e-11
6.978367936260035e-11
7.155240812394422e-11
7.079356207871118e-11
7.38530571938225e-11
7.349381916216772e-11
7.443906685468249e-11
7.425671137274954e-11
7.527303129952479e-11
7.458863217217676e-11
7.629433618206555e-11
7.621533528363346e-11
7.708394164605992e-11
7.661693670344823e-11
7.715336137245471e-11
7.721409361908699e-11
7.861888393454428e-11
7.788116140480846e-11
7.871450780328169e-11
7.795039417989083e-11
7.691093412856485e-11
7.691000470808247e-11
7.612799490212809e-11
7.517985400966763e-11
7.520703674450958e-11
7.428697711135644e-11
7.349880898788628e-11
7.241993978718844e-11
7.224398128691459e-11
7.055495205900401e-11
6.944759908184256e-11
6.797918230044765e-11
6.529179146439886e-11
6.259271725455043e-11
6.208208594467954e-11
5.935076167871047e-11
5.648490229558678e-11
5.444445614503096e-11
5.201819006926189e-11
5.051807463518087e-11
4.876748566941322e-11
5.310154818080834e-11
5.156877520657541e-11
7.861025584935129e-11
6.150264252828151e-14
-7.633037366145505e-13
3.097871233574891e-11
2.502217750782522e-11
4.330755222797006e-11
4.13712667764323e-11
5.251194345866565e-11
5.1144251743487e-11
5.910042555680447e-11
5.882769697044745e-11
6.413976161891475e-11
6.285719183223098e-11
6.618507120851609e-11
6.609031692811741e-11
7.01499772401081e-11
6.978797701205901e-11
7.155523970787109e-11
7.079134061940426e-11
7.385036610432459e-11
7.34957785730438e-11
7.444385226788325e-11
7.425442843053193e-11
7.527327869067608e-11
7.458888577460145e-11
7.629514686115821e-11
7.621492020991742e-11
7.708714128253474e-11
7.661715032574751e-11
7.715478696664031e-11
7.721300876614397e-11
7.861736446276989e-11
7.788529413243663e-11
7.871492629681969e-11
7.795126904314141e-11
7.691771695613475e-11
7.690734634706512e-11
7.612886031690137e-11
7.518308876336853e-11
7.520633815377798e-11
7.428979039869266e-11
7.35013955824481e-11
7.241293919456386e-11
7.224510606099351e-11
7.055822474939919e-11
6.944735628375219e-11
6.798273989252462e-11
6.529620456579722e-11
6.258954588791077e-11
6.208176305813888e-11
5.935775732484535e-11
5.648641148815338e-11
5.444392872823357e-11
5.2018748066401e-11
5.051965969374919e-11
4.87586488903548e-11
5.309366129866198e-11
5.152815316790458e-11
7.868193900567629e-11
1.245882479729022e-13
-8.844164645953989e-13
3.097038427231749e-11
2.504281246977164e-11
4.329676695111225e-11
4.137997845064165e-11
5.250937494067891e-11
5.114737603448578e-11
5.909982173580797e-11
5.882653039508978e-11
6.413993646065046e-11
6.285747649200161e-11
6.618495764223495e-11
6.608853075966898e-11
7.0150784462109e-11
6.979418229462362e-11
7.155863376368388e-11
7.078903208861026e-11
7.384592974644489e-11
7.349811200005436e-11
7.445124703237227e-11
7.425142092523545e-11
7.527200417818167e-11
7.458908963791489e-11
7.629669973124799e-11
7.621383966734538e-11
7.709092578909715e-11
7.66178668247643e-11
7.715618379428859e-11
7.721256792923502e-11
7.861456716642314e-11
7.78902145283688e-11
7.871532730833208e-11
7.795160796801838e-11
7.692773555606959e-11
7.690381546437452e-11
7.612850408957591e-11
7.51876639348941e-11
7.52051055289998e-11
7.429424665248805e-11
7.350578745005171e-11
7.240470308945582e-11
7.224659314733237e-11
7.056199872277122e-11
6.944648196344414e-11
6.798695349718842e-11
6.530068799872866e-11
6.258443511516776e-11
6.208200139672789e-11
5.936682645078685e-11
5.648767232052661e-11
5.444283323943063e-11
5.20184036828609e-11
5.052045763512576e-11
4.874618340539634e-11
5.307870286187845e-11
5.14782909891036e-11
7.877024368757267e-11
2.035229253067254e-13
-1.01915821299056e-12
3.095736099600413e-11
2.506959131503378e-11
4.328389369316115e-11
4.138920385150897e-11
5.250835165116113e-11
5.115395201058191e-11
5.909958903182312e-11
5.88265470665196e-11
6.413711990900525e-11
6.285286949746679e-11
6.618722966156387e-11
6.609209264734536e-11
7.015473019672383e-11
6.979878683280702e-11
7.156204317196606e-11
7.079014439710656e-11
7.383806174180687e-11
7.349961482078152e-11
7.446391431949494e-11
7.424598452583803e-11
7.526780506331014e-11
7.459117349909943e-11
7.630000427751593e-11
7.621214852523936e-11
7.709313093270995e-11
7.661809368772955e-11
7.716083294447141e-11
7.721174959021591e-11
7.86103437716266e-11
7.789780026264501e-11
7.871481595327144e-11
7.795095715873051e-11
7.693926671696104e-11
7.689632037608533e-11
7.612897522225983e-11
7.519509197301248e-11
7.52045725713619e-11
7.430123204683285e-11
7.351198995429009e-11
7.239651915737033e-11
7.224689355788675e-11
7.056480501716688e-11
6.944638676087668e-11
6.799147739821728e-11
6.530453265530471e-11
6.257829984948026e-11
6.208314718415284e-11
5.937769759398357e-11
5.649134847994855e-11
5.444145354599017e-11
5.201648522047378e-11
5.051900083091458e-11
4.872975932467152e-11
5.305792967245589e-11
5.141415541179857e-11
7.886618577577462e-11
2.918476855732349e-13
-1.151533192275412e-12
3.093970864571038e-11
2.510162816207935e-11
4.32622638720374e-11
4.139179822087852e-11
5.251459388705089e-11
5.116790640372314e-11
5.909885307653972e-11
5.882731697913692e-11
6.412490438500032e-11
6.283540158808952e-11
6.61967809364988e-11
6.610892277075599e-11
7.016563787021278e-11
6.97965046725839e-11
7.156565319823723e-11
7.080191844821532e-11
7.382494794467915e-11
7.349698085652015e-11
7.448465550371403e-11
7.423465601355003e-11
7.526032189790585e-11
7.460099981269714e-11
7.630426971250064e-11
7.620825181605005e-11
7.708819393662048e-11
7.661511655056706e-11
7.717657662542493e-11
7.720821096595288e-11
7.860500737912374e-11
7.791446306515652e-11
7.871284066495645e-11
7.794825435187869e-11
7.69461923882502e-11
7.687925584750957e-11
7.613696635054888e-11
7.520982949107725e-11
7.520394349887149e-11
7.431075341084791e-11
7.35181834254455e-11
7.238842344435125e-11
7.224366008405369e-11
7.056419168598435e-11
6.945023864846288e-11
6.799508467522181e-11
6.530987174845226e-11
6.25796629298319e-11
6.208024744935788e-11
5.938757213368201e-11
5.650409301686342e-11
5.443869578007764e-11
5.201057983244807e-11
5.051021536091681e-11
4.870781350958831e-11
5.30363219485196e-11
5.134015886487593e-11
7.895914625411952e-11
3.775884250803316e-13
-1.259496065623575e-12
3.091917226264198e-11
2.513474603168578e-11
4.322371203755059e-11
4.137581937969164e-11
5.253549232331745e-11
5.119962439821167e-11
5.909619639985819e-11
5.882454265223453e-11
6.409553077463401e-11
6.279619795592417e-11
6.622347155561706e-11
6.61475488474574e-11
7.018526497339819e-11
6.978154378990949e-11
7.156975548474284e-11
7.083519599447292e-11
7.38066745249494e-11
7.348556161360322e-11
7.451470439375335e-11
7.421082340028647e-11
7.525035335539022e-11
7.462954122504581e-11
7.630822573374964e-11
7.619764360359775e-11
7.706782313168856e-11
7.660624437483122e-11
7.721247534458518e-11
7.719771942911695e-11
7.859983764670668e-11
7.79517637568403e-11
7.870890854447859e-11
7.793978080030737e-11
7.693689176742546e-11
7.684692416515808e-11
7.616535329219318e-11
7.524110506197124e-11
7.52001203328335e-11
7.431763766306543e-11
7.352145950523719e-11
7.237884624441274e-11
7.223694425586968e-11
7.055739151356889e-11
6.945768975652247e-11
6.799543391965028e-11
6.532322069220952e-11
6.259952253382811e-11
6.20663077033948e-11
5.939419457454423e-11
5.653655085064591e-11
5.443374724327798e-11
5.199743107042871e-11
5.048546119388217e-11
4.867855612240182e-11
5.302538197358187e-11
5.126238774937085e-11
7.903354452206458e-11
4.563041756297839e-13
-1.315294275728906e-12
3.089254776935807e-11
2.515992564422761e-11
4.316536447644153e-11
4.132857221162025e-11
5.257407313110398e-11
5.126260099445014e-11
5.909024056868044e-11
5.881018857045059e-11
6.403932207167523e-11
6.273069000222957e-11
6.628252913985978e-11
6.621601413543983e-11
7.021012268492128e-11
6.974573603449837e-11
7.15768206512333e-11
7.090224914907567e-11
7.378331856250313e-11
7.346101310178176e-11
7.455383622866596e-11
7.416611611602557e-11
7.523890936775517e-11
7.468817085135318e-11
7.631138768817193e-11
7.617555242747468e-11
7.702486481112202e-11
7.659081475051624e-11
7.727624407449227e-11
7.717599896350876e-11
7.859457601787068e-11
7.801896027912719e-11
7.870379217334445e-11
7.792089325194371e-11
7.690285867289003e-11
7.679573428064996e-11
7.622300594733562e-11
7.529874742402463e-11
7.519099535997643e-11
7.431351479726274e-11
7.352097771750781e-11
7.236603149576139e-11
7.223035934643635e-11
7.054489437877995e-11
6.945763090869615e-11
6.798850434958666e-11
6.535484553620985e-11
6.265172877618936e-11
6.203767242389584e-11
5.939546603181908e-11
5.659756924095479e-11
5.442715656121605e-11
5.197282391467373e-11
5.0435187894316e-11
4.864059582549441e-11
5.303943499797623e-11
5.11839760174944e-11
7.90673815549148e-11
5.195864371143448e-13
-1.294033338323043e-12
3.085820365010064e-11
2.516788014472152e-11
4.308839098813152e-11
4.124443748604132e-11
5.262710034325711e-11
5.136366606932473e-11
5.907940997142179e-11
5.877657101707599e-11
6.394988505477859e-11
6.264201102346311e-11
6.638731081679822e-11
6.631826823457535e-11
7.023703087779131e-11
6.968535904420563e-11
7.159217212391729e-11
7.100894948498627e-11
7.375290174984406e-11
7.341941293854665e-11
7.459988232706127e-11
7.40976908289856e-11
7.522782868524516e-11
7.478204212631612e-11
7.631198187421318e-11
7.61385949488299e-11
7.695519097960175e-11
7.657071896343848e-11
7.737291966465768e-11
7.714181631267274e-11
7.85882693014775e-11
7.811913196419482e-11
7.869777623738102e-11
7.788693307136883e-11
7.684382336255658e-11
7.672722681615705e-11
7.631223259709478e-11
7.538753030944707e-11
7.517497266941214e-11
7.429080638304849e-11
7.351805632620031e-11
7.234627704923907e-11
7.223141850596656e-11
7.05284693040966e-11
6.942746990629884e-11
6.79754942214049e-11
6.542168551580229e-11
6.274562913157748e-11
6.199788016405409e-11
5.939240009081107e-11
5.66900006983727e-11
5.441776649040749e-11
5.193356863330602e-11
5.035395180611122e-11
4.8591526131403e-11
5.308703488586213e-11
5.110961033957163e-11
7.903768370912684e-11
5.63105813278977e-13
-1.180738056343664e-12
3.081083245631616e-11
2.515210520243237e-11
4.299762731665986e-11
4.113070410383739e-11
5.268927165112456e-11
5.149640758044758e-11
5.905767846669864e-11
5.871663685779827e-11
6.382668283480968e-11
6.254097805018857e-11
6.65448542946223e-11
6.644987797079132e-11
7.026548065494466e-11
6.960473016109725e-11
7.16233638407711e-11
7.115560108438035e-11
7.371462295640123e-11
7.335663652003271e-11
7.464690045874889e-11
7.40089039292519e-11
7.522280229784472e-11
7.49095732647516e-11
7.630501944383896e-11
7.608475156592458e-11
7.685772076153948e-11
7.655054998910115e-11
7.750539462914281e-11
7.709904771591337e-11
7.858041478713891e-11
7.824430961709843e-11
7.868885796794542e-11
7.783605651184819e-11
7.677060537370462e-11
7.665310129091462e-11
7.642718995582882e-11
7.550313615217547e-11
7.515143495408682e-11
7.424273914031437e-11
7.3512858343156e-11
7.232062931500884e-11
7.224016773053074e-11
7.050512690473973e-11
6.934672435175111e-11
6.796562982094852e-11
6.555232552979002e-11
6.288814383902821e-11
6.195168958213588e-11
5.939071897060117e-11
5.680778764306768e-11
5.439932466797232e-11
5.187739728616588e-11
5.024094313321143e-11
4.852944882540426e-11
5.316670522870365e-11
5.104127453239149e-11
7.892502980941249e-11
5.974362110649814e-13
-9.699190863703573e-13
3.073011979814508e-11
2.510876316177784e-11
4.289576683836715e-11
4.100474059516838e-11
5.275955155220561e-11
5.164306612385689e-11
5.901559870965373e-11
5.862690866987548e-11
6.367600975397497e-11
6.244507972835188e-11
6.675792982588954e-11
6.660055229980505e-11
7.029494888300537e-11
6.95136089724365e-11
7.167776441327627e-11
7.133701125288519e-11
7.3671090549787e-11
7.327236355993321e-11
7.468439202993715e-11
7.390692619066457e-11
7.523227781477954e-11
7.50624742676798e-11
7.628245446200166e-11
7.601363107331444e-11
7.673518439316998e-11
7.653674935580151e-11
7.767190672286563e-11
7.705606089398393e-11
7.857318576912435e-11
7.837811318784334e-11
7.866772565700098e-11
7.776930832195727e-11
7.670902775049956e-11
7.659297339597588e-11
7.655243750079887e-11
7.563050454601856e-11
7.512648949662686e-11
7.416993871515569e-11
7.350226186160478e-11
7.229180219925518e-11
7.224408689549109e-11
7.0479749445892e-11
6.922405349312265e-11
6.796448711571588e-11
6.576346248707911e-11
6.307711437992529e-11
6.190776701506065e-11
5.939997631304567e-11
5.693810573876893e-11
5.436353726937025e-11
5.180398357643963e-11
5.010022848271107e-11
4.845508779980036e-11
5.326660080406169e-11
5.097212783657719e-11
7.871260423335022e-11
6.508225048995171e-13
-6.613262359385354e-13
3.05928166158314e-11
2.504208768777754e-11
4.278621400824784e-11
4.089004932429004e-11
5.282887253678395e-11
5.17735557929951e-11
5.894472619633988e-11
5.851057692265926e-11
6.351252787257268e-11
6.237580446981191e-11
6.702307937318975e-11
6.675293964584485e-11
7.031960056266971e-11
6.942827444812148e-11
7.176157845939219e-11
7.154170539547886e-11
7.362918826848529e-11
7.317050518499349e-11
7.470009636943949e-11
7.380474658526323e-11
7.526425240528722e-11
7.522382480488905e-11
7.623586901079855e-11
7.592730627206304e-11
7.659824526332482e-11
7.653608290257522e-11
7.786221066161036e-11
7.702668599684249e-11
7.857044249387207e-11
7.849409432176052e-11
7.862357736914789e-11
7.769463810359913e-11
7.67014517588696e-11
7.657460686588072e-11
7.665478180812765e-11
7.574019623929978e-11
7.510709727278816e-11
7.408516814485616e-11
7.34831549896032e-11
7.225877117407177e-11
7.223340002373258e-11
7.047294229005747e-11
6.90988073497102e-11
6.796812903870375e-11
6.604456606095716e-11
6.330909279498446e-11
6.187901000582828e-11
5.942855464790827e-11
5.705962897959977e-11
5.430145361683098e-11
5.171608651755875e-11
4.994157512668132e-11
4.837158966218273e-11
5.336291783736971e-11
5.088231697382791e-11
7.837741293655564e-11
7.58010924151503e-13
-2.646304595374215e-13
3.038839745791759e-11
2.497348275314499e-11
4.267791697918765e-11
4.081266663730329e-11
5.287255321003079e-11
5.184569055129674e-11
5.884684468908521e-11
5.838416612793691e-11
6.336262229715071e-11
6.235310925851045e-11
6.732256807132615e-11
6.6889218233774e-11
7.033138398864152e-11
6.937144722232552e-11
7.187472630087811e-11
7.174323743922307e-11
7.358876905173222e-11
7.306390847377862e-11
7.469536281580159e-11
7.372327370862325e-11
7.531905428206575e-11
7.536553306471531e-11
7.616387539476667e-11
7.583287652088095e-11
7.646448001987251e-11
7.654701566712936e-11
7.805144053654686e-11
7.703097939564954e-11
7.857389962224934e-11
7.856690431309682e-11
7.856533966051097e-11
7.76342226287046e-11
7.676984800043144e-11
7.660649702904448e-11
7.670148634036933e-11
7.580259629580855e-11
7.509492783640394e-11
7.401028179751374e-11
7.345923377768674e-11
7.222910687498734e-11
7.221624759966187e-11
7.049558838893359e-11
6.901613664268435e-11
6.797812334470518e-11
6.636325313917009e-11
6.357304333382819e-11
6.188362978003918e-11
5.947881295029985e-11
5.714895687692191e-11
5.421480288632314e-11
5.162376399879217e-11
4.978119194663358e-11
4.82821599329874e-11
5.341375285402378e-11
5.073404332729512e-11
7.789301004766435e-11
9.634795921334962e-13
1.958771807991038e-13
3.012805724559736e-11
2.493891835055206e-11
4.257473664750101e-11
4.079416831423957e-11
5.2865825862469e-11
5.181532541334722e-11
5.873456912686766e-11
5.827809760623041e-11
6.325876599313591e-11
6.239085620551608e-11
6.762498259235629e-11
6.700360362210303e-11
7.032123880449008e-11
6.935939495540497e-11
7.200673104280816e-11
7.189959172264107e-11
7.354551624131676e-11
7.296994367610871e-11
7.467992446854337e-11
7.369323186022536e-11
7.539109108582526e-11
7.545383636439936e-11
7.607636679660281e-11
7.574262824047923e-11
7.635748132646092e-11
7.655488896615793e-11
7.81983367970618e-11
7.709265929530721e-11
7.858160468922409e-11
7.858010261902459e-11
7.851397704169733e-11
7.762045609454733e-11
7.690975003331149e-11
7.666373164098051e-11
7.668132885808021e-11
7.58088611359026e-11
7.509180287910127e-11
7.396629014694544e-11
7.344917080533931e-11
7.223358682827062e-11
7.220318984822505e-11
7.053496466860816e-11
6.902230052082797e-11
6.800659684910357e-11
6.666063280565688e-11
6.384745678086832e-11
6.193525157254144e-11
5.954124883439153e-11
5.718919938637721e-11
5.412361809726804e-11
5.154296797081979e-11
4.963454272134723e-11
4.818525178064668e-11
5.336228762975646e-11
5.047356794138864e-11
7.724044654531278e-11
1.308717284003904e-12
6.81026569285363e-13
2.984470838673458e-11
2.49678343709091e-11
4.2471645955322e-11
4.082480956237896e-11
5.27951313245301e-11
5.168984633992125e-11
5.864860401724318e-11
5.822649309946292e-11
6.321608759362982e-11
6.250087724987693e-11
6.789189152250779e-11
6.709822654884204e-11
7.028466037908614e-11
6.938980346833064e-11
7.21356234646238e-11
7.196462608270418e-11
7.350364910971708e-11
7.291477884991602e-11
7.465663803416698e-11
7.373557733723728e-11
7.546823241739805e-11
7.54622539936878e-11
7.598563088389785e-11
7.566819681811518e-11
7.631217347107022e-11
7.654888059450495e-11
7.825847004123803e-11
7.722436848825117e-11
7.860054666818543e-11
7.854141467678766e-11
7.8477537433226e-11
7.766163185740062e-11
7.710549229452108e-11
7.670859925991205e-11
7.660540727815905e-11
7.57852306340025e-11
7.510728680435792e-11
7.396031884247592e-11
7.347400193744711e-11
7.231609642515907e-11
7.217860486032761e-11
7.057044146606381e-11
6.915832023933627e-11
6.804524730546927e-11
6.686813218916661e-11
6.411118725158452e-11
6.203996087662084e-11
5.959864304654485e-11
5.717936377868582e-11
5.405557767667068e-11
5.148581569506128e-11
4.951604700706627e-11
4.807546468202591e-11
5.31513605022267e-11
5.004654709389162e-11
7.642545671974105e-11
1.807232564073821e-12
1.1448047792956e-12
2.957362953497097e-11
2.507329217802647e-11
4.237177653373224e-11
4.0884754415616e-11
5.268229950875568e-11
5.155288241718225e-11
5.862431193218858e-11
5.822343752355833e-11
6.323121932106295e-11
6.268253190866388e-11
6.806586074110697e-11
6.715426882061863e-11
7.024085722082729e-11
6.946114315997212e-11
7.223908411850153e-11
7.192485862678084e-11
7.347332130712469e-11
7.292041345475866e-11
7.464233327924736e-11
7.385993817452622e-11
7.552583264249267e-11
7.53802605522966e-11
7.589456294940285e-11
7.562378763647336e-11
7.635472434074272e-11
7.653200897558458e-11
7.822047967874957e-11
7.740087703512601e-11
7.863699138634673e-11
7.84768358102999e-11
7.84538245323403e-11
7.77325100877449e-11
7.731599072508346e-11
7.673408546423164e-11
7.651091548571463e-11
7.5756906356395e-11
7.513974162498299e-11
7.399668806348491e-11
7.354179927199053e-11
7.247082279894062e-11
7.213727073126915e-11
7.060783802656946e-11
6.939759215141238e-11
6.806879752749693e-11
6.697465368116734e-11
6.436197712082897e-11
6.218497261758399e-11
5.964275213593422e-11
5.714154259479384e-11
5.400914200920638e-11
5.143524568756668e-11
4.941786776868515e-11
4.793404452919773e-11
5.278401666013687e-11
4.945051672408091e-11
7.546327365391431e-11
2.433165472311795e-12
1.549069769669061e-12
2.933919528916216e-11
2.525850377636045e-11
4.228940058359611e-11
4.098151766569543e-11
5.257805236124795e-11
5.149729160467235e-11
5.86669859503424e-11
5.823607112814016e-11
6.329836257462835e-11
6.290661938133214e-11
6.809011976401271e-11
6.713952427127182e-11
7.0224702048308e-11
6.957396348259487e-11
7.23074182194664e-11
7.18487362952746e-11
7.34683289923716e-11
7.297306372232656e-11
7.465041151402511e-11
7.402601906763492e-11
7.553132124330351e-11
7.523838443369103e-11
7.580745307945002e-11
7.561985184926567e-11
7.647023340786682e-11
7.65152329442863e-11
7.813461189861215e-11
7.757148634870843e-11
7.86619183175205e-11
7.841235693677214e-11
7.844605685717625e-11
7.780022701099047e-11
7.749397011295618e-11
7.677132914501691e-11
7.643867668494429e-11
7.573092961321e-11
7.518849753708776e-11
7.407596154247221e-11
7.363280562770419e-11
7.263897158091305e-11
7.211472471852759e-11
7.066926273771909e-11
6.965627000257973e-11
6.808080644638114e-11
6.702805074244729e-11
6.459421122084464e-11
6.233926576746868e-11
5.969272392718295e-11
5.712916520010994e-11
5.396966576425356e-11
5.136241874312419e-11
4.931100307291779e-11
4.771926969955754e-11
5.229297953947085e-11
4.872063942828239e-11
7.436598296362988e-11
3.163897025891217e-12
1.880007214216806e-12
2.915009411014057e-11
2.551309391554111e-11
4.224564201345668e-11
4.112889578711131e-11
5.250602797539301e-11
5.154871793021322e-11
5.877417932253542e-11
5.827884058845698e-11
6.339701900292668e-11
6.312021992081866e-11
6.799184701479153e-11
6.709089090774961e-11
7.024631046188448e-11
6.96885216489169e-11
7.233512054533803e-11
7.182340247318295e-11
7.349128263069828e-11
7.304661659647674e-11
7.466927922379149e-11
7.414580704104218e-11
7.547508230691534e-11
7.509745363061122e-11
7.574688008689934e-11
7.564690166607043e-11
7.659876919009922e-11
7.651043820151612e-11
7.805675661897479e-11
7.770721106002346e-11
7.865394681586235e-11
7.83612916817855e-11
7.847204325167236e-11
7.784980608443425e-11
7.761143248773148e-11
7.6859459051534e-11
7.641658117991136e-11
7.570936797328023e-11
7.525413352016838e-11
7.417153380539112e-11
7.371990798067151e-11
7.278928409468433e-11
7.212564791779623e-11
7.075626662191825e-11
6.988611182781818e-11
6.810039789450506e-11
6.70698236104696e-11
6.479480684635511e-11
6.247458245609228e-11
5.976281578748012e-11
5.718374387664348e-11
5.395421417037366e-11
5.128010861044427e-11
4.917939425011977e-11
4.740186674223324e-11
5.167534888671992e-11
4.784252050457895e-11
7.315098720986624e-11
3.98424827071797e-12
2.157320008620192e-12
2.901094524643057e-11
2.582434404612881e-11
4.225704293144802e-11
4.133797929109045e-11
5.247858763475507e-11
5.16794989760087e-11
5.891518394660947e-11
5.837848559866781e-11
6.350378600477387e-11
6.328821313879347e-11
6.785311976928995e-11
6.707386640835519e-11
7.02794106370613e-11
6.976213945976896e-11
7.232681101562251e-11
7.186029921364411e-11
7.352713371082472e-11
7.312236266812894e-11
7.467960567342947e-11
7.419772884134239e-11
7.540210849321933e-11
7.500317460435028e-11
7.572698184001609e-11
7.568612213064259e-11
7.667743784899987e-11
7.651772461511166e-11
7.800333434939336e-11
7.780837402167057e-11
7.862828154314766e-11
7.832853980327719e-11
7.853530696215944e-11
7.788486226834311e-11
7.766945569995652e-11
7.699193274881889e-11
7.645360387838999e-11
7.569460220500855e-11
7.531192203317672e-11
7.426333241200847e-11
7.380402622366659e-11
7.292065038442727e-11
7.216127359092089e-11
7.085587527837067e-11
7.007653421621537e-11
6.813974377127236e-11
6.712304339714351e-11
6.495953727796404e-11
6.258603673538127e-11
5.984733285395385e-11
5.72935750174078e-11
5.396962167142128e-11
5.120902777653858e-11
4.902180066024486e-11
4.700006478696162e-11
5.094598836162344e-11
4.678178617875238e-11
7.182261311472786e-11
4.861823045890934e-12
2.430942862191759e-12
2.893273959056077e-11
2.618928834361967e-11
4.232202214815432e-11
4.160327834403489e-11
5.249835175594854e-11
5.186591726886498e-11
5.906449789494026e-11
5.853019112571844e-11
6.360504104157191e-11
6.341656238484706e-11
6.771676103897321e-11
6.708987294048564e-11
7.030118479314237e-11
6.980667738759492e-11
7.230144081538674e-11
7.192460236973474e-11
7.355603818496844e-11
7.318690102452934e-11
7.467763867865127e-11
7.4215930419396e-11
7.534969313082067e-11
7.496912448985744e-11
7.572770268446424e-11
7.571721183555928e-11
7.671183082943183e-11
7.654644142967276e-11
7.797774980719977e-11
7.787887070939603e-11
7.860322666896643e-11
7.832235022172523e-11
7.860377556426257e-11
7.791772514487776e-11
7.769758177968296e-11
7.711064578244734e-11
7.652702286238185e-11
7.570726349562091e-11
7.535395952845751e-11
7.435167631858729e-11
7.389400896853511e-11
7.30322523149717e-11
7.220922487294077e-11
7.095551574061176e-11
7.023292984069829e-11
6.82015281558421e-11
6.719574524049513e-11
6.510091814236463e-11
6.269672735969549e-11
5.994503775615644e-11
5.741851982160602e-11
5.399117227193072e-11
5.11448468205545e-11
4.884495762236172e-11
4.652915561956531e-11
5.011866755385175e-11
4.556713555146514e-11
7.037646205438178e-11
5.755692938195364e-12
2.762347570446624e-12
2.892207932558937e-11
2.66074661599884e-11
4.243184198020388e-11
4.19139008849996e-11
5.255771059193593e-11
5.208853687178689e-11
5.920783603571077e-11
5.871618760901999e-11
6.369635072600033e-11
6.352765382177328e-11
6.76046080306658e-11
6.712829069298422e-11
7.030782680157861e-11
6.984699617665563e-11
7.227204795780003e-11
7.198716892378587e-11
7.357175785891688e-11
7.324136486826303e-11
7.46732735527658e-11
7.422970179095123e-11
7.531891492631322e-11
7.498290201929744e-11
7.57256000663868e-11
7.572820649293983e-11
7.673448797465244e-11
7.659455347464382e-11
7.796398031750099e-11
7.792570771285707e-11
7.858400752196314e-11
7.833469793621972e-11
7.865230690859932e-11
7.796872507618522e-11
7.774555728377213e-11
7.719111857126137e-11
7.659671262305811e-11
7.575130878492288e-11
7.538506883149142e-11
7.44357156083154e-11
7.399046428100688e-11
7.311657757711056e-11
7.226331373593323e-11
7.105265043191265e-11
7.03607856159642e-11
6.828162966455292e-11
6.728492789958278e-11
6.5231385021804e-11
6.283044486978733e-11
6.005795173059692e-11
5.752855599649909e-11
5.400124978239079e-11
5.107854134458764e-11
4.864566249831246e-11
4.599671906028197e-11
4.920978477208701e-11
4.425514911664684e-11
6.879450977206596e-11
6.635291076804137e-12
3.204373811646196e-12
2.897721310463878e-11
2.70792003975004e-11
4.257861519354507e-11
4.226137500773082e-11
5.264815978054819e-11
5.233598665639298e-11
5.933941562641768e-11
5.891667469761201e-11
6.377391003419492e-11
6.3639889441785e-11
6.75320063116021e-11
6.718145582465643e-11
7.02947651897918e-11
6.989659257366741e-11
7.22488437429986e-11
7.204357995556108e-11
7.358445100256692e-11
7.329446723031499e-11
7.466957105061064e-11
7.424771509384635e-11
7.529872026345717e-11
7.501845960587499e-11
7.572135056566317e-11
7.572810452493685e-11
7.675000987899932e-11
7.664561885162315e-11
7.79470403594603e-11
7.795954650670442e-11
7.856801949265408e-11
7.835436708240867e-11
7.869195215109097e-11
7.804066222137318e-11
7.782579725064857e-11
7.725254695201576e-11
7.664934491040027e-11
7.581221070279019e-11
7.540861423371041e-11
7.450049856916581e-11
7.407720208143671e-11
7.318113060580424e-11
7.232752202064178e-11
7.114722926382675e-11
7.046623332127772e-11
6.837636188259471e-11
6.73852984510824e-11
6.535450189436533e-11
6.298357574703212e-11
6.018007362016703e-11
5.762809618031075e-11
5.400580830103901e-11
5.099947236290639e-11
4.841013437918681e-11
4.542999031886271e-11
4.824499569078676e-11
4.287370431630184e-11
6.704811111835093e-11
7.478064162868791e-12
3.792286081980108e-12
2.908907530189502e-11
2.760311022682593e-11
4.275541735846626e-11
4.264201700184834e-11
5.276659327086889e-11
5.26021136477963e-11
5.945762033291599e-11
5.912081477861179e-11
6.383477616171679e-11
6.375895171594867e-11
6.750479758748926e-11
6.724725332327405e-11
7.026269233171788e-11
6.995983655055158e-11
7.22360390665002e-11
7.209423943884715e-11
7.359946431024801e-11
7.335173820719638e-11
7.466739728763027e-11
7.427148487034181e-11
7.527736906524477e-11
7.504799766869676e-11
7.571958825514416e-11
7.573358772320754e-11
7.676115923188148e-11
7.669478906510633e-11
7.792267467831964e-11
7.79819392699562e-11
7.855529593436135e-11
7.838185410012175e-11
7.873740498261171e-11
7.811748090786482e-11
7.791280631759361e-11
7.731693052909925e-11
7.670046997524943e-11
7.587846431350356e-11
7.543425039387878e-11
7.454180302654223e-11
7.413698019996042e-11
7.323817774528398e-11
7.240433872749646e-11
7.123597234598662e-11
7.055545774070478e-11
6.848113928173256e-11
6.749109523503269e-11
6.546940506380775e-11
6.314376380944619e-11
6.030298909434407e-11
5.772931791278431e-11
5.401576238958888e-11
5.090385988003516e-11
4.812919677570158e-11
4.485181953490284e-11
4.724187638969993e-11
4.144166260347929e-11
6.511782684767303e-11
8.264162923308189e-12
4.544934859836537e-12
2.924920048193833e-11
2.818028881942488e-11
4.295540305031278e-11
4.305207647208408e-11
5.291093398554e-11
5.28822952661646e-11
5.956219637929065e-11
5.932765976342515e-11
6.388065245190987e-11
6.387969530234314e-11
6.751558117474015e-11
6.732507293307987e-11
7.021966952004826e-11
7.0037612061086e-11
7.223299702226509e-11
7.213842028027906e-11
7.361637751949035e-11
7.341253685920598e-11
7.466651148348431e-11
7.429948973064204e-11
7.525381197377745e-11
7.506613237722055e-11
7.572067900440313e-11
7.575034260718822e-11
7.677104065256294e-11
7.673738895271789e-11
7.789078743791041e-11
7.799758660548732e-11
7.854527901175233e-11
7.841363583885891e-11
7.879149785866102e-11
7.819121599933219e-11
7.799228145281425e-11
7.739268957162448e-11
7.675912588521529e-11
7.594501411218933e-11
7.547190927603011e-11
7.457316250680367e-11
7.416885661196794e-11
7.328476206654015e-11
7.248670653089102e-11
7.131724384912629e-11
7.063339537129016e-11
6.859149585769285e-11
6.759783295461936e-11
6.55749619450424e-11
6.33112807486557e-11
6.042671040848958e-11
5.782754353862485e-11
5.402716455726795e-11
5.07976938545116e-11
4.780904668934562e-11
4.426940735265075e-11
4.620591229434808e-11
3.99849031107615e-11
6.299713595658627e-11
8.975799205906865e-12
5.468598019475935e-12
2.945151998220512e-11
2.881386763872602e-11
4.317314719188141e-11
4.348509667302073e-11
5.30757750381265e-11
5.317344770231216e-11
5.965583300336311e-11
5.954044619475064e-11
6.392089087183021e-11
6.399734271825303e-11
6.754399863733864e-11
6.74109147704126e-11
7.017977146910095e-11
7.012985637696662e-11
7.223656399150591e-11
7.217468051499778e-11
7.363303914460942e-11
7.347442154960215e-11
7.46684850168578e-11
7.432976273010512e-11
7.522877034176808e-11
7.50802156206243e-11
7.572177774181799e-11
7.577220142390274e-11
7.677698248147346e-11
7.676721391479545e-11
7.785535987186825e-11
7.80140706182128e-11
7.853979715364425e-11
7.844771891721505e-11
7.885178059086925e-11
7.82606666415678e-11
7.806190490300384e-11
7.747983912855201e-11
7.682754668501653e-11
7.600957280820757e-11
7.552005211674413e-11
7.460387873246215e-11
7.4183060249438e-11
7.331915673753961e-11
7.256613229707033e-11
7.138829270973801e-11
7.070208184550474e-11
6.870477601230219e-11
6.770599032250463e-11
6.567312463033367e-11
6.348659971783638e-11
6.055457521101612e-11
5.792450460688614e-11
5.4036786189943e-11
5.069199951784868e-11
4.746447387316935e-11
4.367521265445361e-11
4.51271689313654e-11
3.85292784354881e-11
6.069124653878858e-11
9.59787295148278e-12
6.561229807414681e-12
2.968941659809129e-11
2.950413624690283e-11
4.340616813720328e-11
4.393542001251827e-11
5.32530021606949e-11
5.347416353391216e-11
5.97442514411403e-11
5.975919554413325e-11
6.396350410347474e-11
6.411356401001411e-11
6.757512809859016e-11
6.74994364072527e-11
7.015168796956534e-11
7.023408194349704e-11
7.224286373493655e-11
7.220151755715059e-11
7.364655752696755e-11
7.353575262071365e-11
7.46740739143562e-11
7.436131266999704e-11
7.520618029538003e-11
7.509770536143249e-11
7.571906387182855e-11
7.579079535712001e-11
7.677748461598295e-11
7.678159502165263e-11
7.781840888361056e-11
7.803617208813223e-11
7.853767188785157e-11
7.848169988338593e-11
7.891575341731325e-11
7.832906352971805e-11
7.812943690100727e-11
7.757647139986309e-11
7.690301095203237e-11
7.60711937140624e-11
7.557310714339196e-11
7.463571427375772e-11
7.418948488043074e-11
7.334550949433861e-11
7.263879499400091e-11
7.144632276010343e-11
7.076128469329806e-11
6.881491496462471e-11
6.78173005943768e-11
6.577028212388589e-11
6.366607535838562e-11
6.068886871474868e-11
5.803135995309811e-11
5.404903065921901e-11
5.059437326068105e-11
4.710479476442714e-11
4.306541922159181e-11
4.399679005415008e-11
3.70903275664942e-11
5.820909168927845e-11
1.012086421998777e-11
7.815101749951464e-12
2.995557619819479e-11
3.024664320625501e-11
4.365329508363367e-11
4.440073416126329e-11
5.343409493288527e-11
5.378297098693911e-11
5.983370535641751e-11
5.997946665221312e-11
6.40084074512683e-11
6.423043046191576e-11
6.760569971732506e-11
6.758837940111654e-11
7.013838406500741e-11
7.034866555487566e-11
7.224902184671383e-11
7.221945957262489e-11
7.365665699494211e-11
7.359554278461123e-11
7.468399008687763e-11
7.439317133226276e-11
7.518610649117776e-11
7.511898836360746e-11
7.571341197132017e-11
7.580312316930976e-11
7.676982115675677e-11
7.678268994451959e-11
7.77825601640696e-11
7.80637161699877e-11
7.853585178887278e-11
7.851353407707672e-11
7.898118547236497e-11
7.839949268610616e-11
7.82029251266398e-11
7.768119289578854e-11
7.69841292833082e-11
7.613295262264488e-11
7.562772571943072e-11
7.46655275419296e-11
7.419082980965387e-11
7.336626603053837e-11
7.270396341728544e-11
7.149183270038159e-11
7.081330433506246e-11
6.891623654864519e-11
6.793137549181912e-11
6.587145716556027e-11
6.384482902156734e-11
6.082874875661878e-11
5.815501883164322e-11
5.40662852751931e-11
5.05087628816015e-11
4.673643819599811e-11
4.2445889321732e-11
4.281464192426184e-11
3.567660081472574e-11
5.55650914192171e-11
1.054088559244037e-11
9.216515134963906e-12
3.024022618335544e-11
3.103211043342347e-11
4.391153500745502e-11
4.487991969637949e-11
5.361369229090737e-11
5.409914050869875e-11
5.992829751116404e-11
6.019601165349303e-11
6.405569375749138e-11
6.434706492954203e-11
6.763151697389803e-11
6.767738196818214e-11
7.014005535835758e-11
7.047205875200985e-11
7.225567531322609e-11
7.223266209130308e-11
7.366514901002248e-11
7.365211760278436e-11
7.469830017061609e-11
7.442427675953882e-11
7.516764950373683e-11
7.514323746971372e-11
7.570804221049713e-11
7.580954858765746e-11
7.675111462417111e-11
7.677370312822212e-11
7.774735545229169e-11
7.809259508143369e-11
7.853583501808833e-11
7.854487054603182e-11
7.904637677650665e-11
7.847236295066155e-11
7.828391240906681e-11
7.779128162653906e-11
7.707207541913271e-11
7.619997697788428e-11
7.568258241148466e-11
7.469059707574174e-11
7.41876371518122e-11
7.338182073820095e-11
7.27614793245032e-11
7.152645417866222e-11
7.086235003631031e-11
6.900748298315575e-11
6.804565340914646e-11
6.597703118602703e-11
6.402098603552432e-11
6.097098415221038e-11
5.829430365979676e-11
5.408840274147847e-11
5.043893486246449e-11
4.636571655235509e-11
4.182748124232465e-11
4.158612934752523e-11
3.42936431022607e-11
5.278041621657897e-11
1.0856080778379e-11
1.074647028108419e-11
3.053264962732703e-11
3.185098687653188e-11
4.417641640060469e-11
4.53704737549063e-11
5.379001789971349e-11
5.442304872477059e-11
6.002981008030297e-11
6.040508892831334e-11
6.410620096786915e-11
6.446244000935907e-11
6.764919772486309e-11
6.776511023083363e-11
7.015132983979877e-11
7.059906603217427e-11
7.226761848258456e-11
7.224813479933795e-11
7.367436558255325e-11
7.370545287469425e-11
7.471691382275748e-11
7.445455111267889e-11
7.514970758461768e-11
7.516823210787433e-11
7.570564775918677e-11
7.581236958686641e-11
7.672078094481022e-11
7.675795331758583e-11
7.771042544065108e-11
7.811670621367266e-11
7.854077459778527e-11
7.857925072983892e-11
7.911086789408756e-11
7.854946930408111e-11
7.8370258834684e-11
7.789865870032967e-11
7.716505061417181e-11
7.627516938596607e-11
7.573870957893892e-11
7.471188517990097e-11
7.418079221300379e-11
7.339318335052968e-11
7.281289751141451e-11
7.15520336841895e-11
7.091000991572522e-11
6.908889794258944e-11
6.815809544956384e-11
6.608599584232242e-11
6.419667900667789e-11
6.111041010628031e-11
5.844348422535918e-11
5.411597291723667e-11
5.038667478616835e-11
4.59966946224455e-11
4.122443049268631e-11
4.032192889318078e-11
3.294654099561799e-11
4.987941065245703e-11
1.106402449396246e-11
1.23826794140768e-11
3.082265065397973e-11
3.269535419530485e-11
4.444418575572591e-11
4.586944623803956e-11
5.396291981040181e-11
5.475391981252795e-11
6.01382589174894e-11
6.060471187400427e-11
6.415861616439937e-11
6.457667862416445e-11
6.766124571494396e-11
6.785252897885683e-11
7.016479457963558e-11
7.071971715727151e-11
7.228831940894104e-11
7.227206215928539e-11
7.368666628131047e-11
7.375671532514983e-11
7.473735041892279e-11
7.448262959240438e-11
7.513297282514549e-11
7.519401042154868e-11
7.570749048138466e-11
7.581347757091813e-11
7.668098538104357e-11
7.673975905801203e-11
7.767227073568798e-11
7.813206752263005e-11
7.855063895177165e-11
7.861773813637951e-11
7.917471053708796e-11
7.863363698576439e-11
7.846019394576448e-11
7.799385078495685e-11
7.725685311963761e-11
7.635764679159842e-11
7.579918557871205e-11
7.473396430530762e-11
7.417225529799647e-11
7.34015871918528e-11
7.285868775376914e-11
7.156928218222986e-11
7.095694699233011e-11
6.916243838516503e-11
6.826833708170918e-11
6.619668614811442e-11
6.437678733247331e-11
6.124112186078889e-11
5.859354695339378e-11
5.415008220140529e-11
5.035071341576793e-11
4.562926739391349e-11
4.065346781594033e-11
3.903853742755413e-11
3.164085039222194e-11
4.688637496164639e-11
1.115995860176159e-11
1.41032426299469e-11
3.110246893882021e-11
3.355793787774807e-11
4.471239437699045e-11
4.637377885466916e-11
5.413219144521951e-11
5.508979171225948e-11
6.025300174088036e-11
6.079437991384446e-11
6.421211684661495e-11
6.468974302673506e-11
6.767045320958731e-11
6.79430176927298e-11
7.017737059533575e-11
7.082438230489091e-11
7.231668863537591e-11
7.230663891054736e-11
7.370296743664085e-11
7.38047786951388e-11
7.475529472018912e-11
7.450975459024714e-11
7.512209253563235e-11
7.522317557753086e-11
7.571308630350105e-11
7.581313670240578e-11
7.66346846531601e-11
7.672281619233797e-11
7.763517167903038e-11
7.813749647289492e-11
7.856377347249475e-11
7.865970688895422e-11
7.92377188975615e-11
7.872620370954613e-11
7.855371832697508e-11
7.807166270145151e-11
7.733977081274535e-11
7.644040293395379e-11
7.586428113932586e-11
7.476365739878088e-11
7.416718234488192e-11
7.341066944055082e-11
7.289988394927909e-11
7.157821179534975e-11
7.100515290899397e-11
6.922974173193842e-11
6.837735423342484e-11
6.630557529422681e-11
6.455871591703516e-11
6.136107291314103e-11
5.874157415038127e-11
5.419001964930658e-11
5.032442126408216e-11
4.525786477718988e-11
4.013122473177877e-11
3.775853773532622e-11
3.038430195868191e-11
4.382319086179788e-11
1.113721741165613e-11
1.588834463251008e-11
3.136784025882528e-11
3.443069075098728e-11
4.497813045148988e-11
4.68801461923585e-11
5.429707166947078e-11
5.542842416296149e-11
6.037340335415346e-11
6.097395917756996e-11
6.426644709415898e-11
6.480153376820439e-11
6.767831195185952e-11
6.803845567142255e-11
7.019005785986109e-11
7.090990230139782e-11
7.235028425640488e-11
7.234971300013545e-11
7.372229935133085e-11
7.384727890215292e-11
7.476752462317367e-11
7.454051026506502e-11
7.512065538054832e-11
7.525594483190665e-11
7.5722356313385e-11
7.581198145142484e-11
7.658429508666274e-11
7.670921277640446e-11
7.760055532012202e-11
7.813290267946363e-11
7.857955363687025e-11
7.870470156569183e-11
7.929887771178716e-11
7.882581773018997e-11
7.865164967993114e-11
7.813370001505502e-11
7.741211714478389e-11
7.651392152260784e-11
7.592642365931127e-11
7.480492286868962e-11
7.417317044404205e-11
7.342647427036215e-11
7.294047938255435e-11
7.158215572448098e-11
7.105772241076714e-11
6.928638020052521e-11
6.848278635108889e-11
6.640906842611054e-11
6.473270837522128e-11
6.147311177399294e-11
5.889436458731499e-11
5.42338528756435e-11
5.03009383103613e-11
4.487718359038902e-11
3.966804033794215e-11
3.650335423175831e-11
2.918626986461385e-11
4.070907338713555e-11
1.09908560300783e-11
1.771927150190075e-11
3.161582069931929e-11
3.53066356618367e-11
4.523877063715325e-11
4.7385441791777e-11
5.445684539763238e-11
5.576743758391162e-11
6.049882293978239e-11
6.114313103723296e-11
6.432123683251659e-11
6.491173089839577e-11
6.768512823075626e-11
6.813775039031479e-11
7.02043146417871e-11
7.097897464560763e-11
7.238851760739227e-11
7.239700164074785e-11
7.374359241643368e-11
7.388444374241203e-11
7.477169275404109e-11
7.457627256841322e-11
7.512961841513235e-11
7.529261371357734e-11
7.573572611480727e-11
7.581063161086456e-11
7.653156754199513e-11
7.669953237495494e-11
7.756906459188884e-11
7.8118963119953e-11
7.859827259743541e-11
7.875289855745323e-11
7.935700958674123e-11
7.8930107809624e-11
7.875473890139645e-11
7.818494066082095e-11
7.748107219410661e-11
7.657395162136564e-11
7.597045264705653e-11
7.48515805259103e-11
7.419332423401629e-11
7.345305856287561e-11
7.298513090711908e-11
7.158633254350812e-11
7.111776207024128e-11
6.932864284402644e-11
6.858006768701424e-11
6.650763369514865e-11
6.489871820691137e-11
6.15799935288838e-11
5.905599167207037e-11
5.428051609489939e-11
5.028197511862595e-11
4.449166024241936e-11
3.926511074625967e-11
3.528231233687125e-11
2.805235977821093e-11
3.756095241903977e-11
1.072271071379115e-11
1.957800797026946e-11
3.184093393699056e-11
3.618176942479782e-11
4.549350112902944e-11
4.788556853033841e-11
5.461012631855952e-11
5.610388377541439e-11
6.062850238294784e-11
6.130165449699344e-11
6.437592660378967e-11
6.501975293332017e-11
6.769051565705446e-11
6.823834996553072e-11
7.022085944768937e-11
7.10370686105733e-11
7.243380634397174e-11
7.244681685118877e-11
7.376683376260457e-11
7.391767872629695e-11
7.476655595094708e-11
7.461319101364539e-11
7.514571263303728e-11
7.5333636802919e-11
7.575391617970655e-11
7.580981746196896e-11
7.647788635135914e-11
7.669293183190119e-11
7.754059925855723e-11
7.809701860413741e-11
7.862041015939474e-11
7.880449029187749e-11
7.941120646004969e-11
7.903700162313675e-11
7.886365940492594e-11
7.822985589587762e-11
7.755488597219597e-11
7.662384598398343e-11
7.598558275936485e-11
7.488936268580907e-11
7.422250446291431e-11
7.34926313077852e-11
7.30397066033064e-11
7.159448213590868e-11
7.118453536365192e-11
6.936002141345188e-11
6.867247472960427e-11
6.660372168457773e-11
6.506096139876438e-11
6.168171499201699e-11
5.922611124333085e-11
5.432888807341285e-11
5.027284741663568e-11
4.411103842224881e-11
3.891994509881997e-11
3.409904921613983e-11
2.698179204569262e-11
3.439218658123954e-11
1.033918111478348e-11
2.144714631946763e-11
3.203523678633074e-11
3.705385780988157e-11
4.574329758355278e-11
4.837576379428688e-11
5.475491737344741e-11
5.643421979931073e-11
6.076165874954229e-11
6.144940117229412e-11
6.442966977166859e-11
6.512485118475458e-11
6.769392782846423e-11
6.833788527139277e-11
7.023996666020366e-11
7.10893070956158e-11
7.248898038086226e-11
7.249943996716697e-11
7.379202256795904e-11
7.394837733140901e-11
7.47524979577851e-11
7.464580048767322e-11
7.516373034801519e-11
7.537838292377598e-11
7.577738968063651e-11
7.581062275878055e-11
7.642436407730624e-11
7.668792400822606e-11
7.751467863800655e-11
7.80686621375637e-11
7.864581469382111e-11
7.885962319194715e-11
7.946166623384795e-11
7.914560375000746e-11
7.897892191004468e-11
7.82704031588878e-11
7.763519165727408e-11
7.666781226288309e-11
7.597122713836184e-11
7.490710181969458e-11
7.425139697542082e-11
7.354466693191187e-11
7.311059652623019e-11
7.160996503615269e-11
7.125538816401921e-11
6.938716814716273e-11
6.876818452571382e-11
6.669747671820988e-11
6.522186912029205e-11
6.177924275915935e-11
5.94037793026776e-11
5.437768618258086e-11
5.027682550019189e-11
4.374190487102282e-11
3.863142800726708e-11
3.296311294023428e-11
2.597212469507903e-11
3.121245486450762e-11
9.839864722643793e-12
2.331018141198493e-11
3.219532241837232e-11
3.791344182110125e-11
4.598426462926407e-11
4.885082446877053e-11
5.488926453996372e-11
5.675490942001123e-11
6.089717466081112e-11
6.158622838453142e-11
6.448148766345529e-11
6.522626210652693e-11
6.769485238115358e-11
6.843481056100723e-11
7.026180921442957e-11
7.113874948183477e-11
7.255393013554817e-11
7.255425581337329e-11
7.382003241167646e-11
7.39772146903784e-11
7.472953904968316e-11
7.46731480777562e-11
7.518271661041842e-11
7.54240215460283e-11
7.580418586718443e-11
7.581406736990726e-11
7.637256052672469e-11
7.668370793083688e-11
7.749078473009143e-11
7.80348458962424e-11
7.867335075222287e-11
7.891789876305194e-11
7.950914097493873e-11
7.925574917523774e-11
7.910089715084251e-11
7.830683332678564e-11
7.771977039190396e-11
7.670799617798706e-11
7.593188333042226e-11
7.490299158441831e-11
7.427419138975744e-11
7.360509964881301e-11
7.320139294791746e-11
7.163541592700935e-11
7.132918424407287e-11
6.941464294263923e-11
6.887148190257403e-11
6.678790466300955e-11
6.538315512690842e-11
6.187410182094826e-11
5.958813035959615e-11
5.442638767920065e-11
5.029611224893167e-11
4.338815781938651e-11
3.839978464218303e-11
3.188801130714582e-11
2.502996798516206e-11
2.803768510848307e-11
9.215915893894566e-12
2.515470103917686e-11
3.23254323221881e-11
3.87453258985659e-11
4.620808482636752e-11
4.930514359686657e-11
5.501180598687688e-11
5.706223214834965e-11
6.103317289846926e-11
6.171222503204907e-11
6.453037658653757e-11
6.532316023442207e-11
6.769291781968266e-11
6.852807047746405e-11
7.028621712046115e-11
7.118675829407062e-11
7.262680858408356e-11
7.261072717575154e-11
7.385213692273445e-11
7.400388842589546e-11
7.469920065097593e-11
7.469762459481233e-11
7.520437513139695e-11
7.546869416655594e-11
7.582820543280817e-11
7.58178939646087e-11
7.632547332580746e-11
7.668081166522159e-11
7.746824499053176e-11
7.799585939734528e-11
7.87016662124409e-11
7.897913922094711e-11
7.955436544714877e-11
7.936747244820086e-11
7.922978066497271e-11
7.833858252765883e-11
7.780625101480569e-11
7.674585563161043e-11
7.587338266166533e-11
7.48819880228531e-11
7.428754427027511e-11
7.36655740641751e-11
7.331282969790759e-11
7.167370054649122e-11
7.140672921880585e-11
6.944484277254404e-11
6.898484188255688e-11
6.687538470929259e-11
6.554276546104177e-11
6.196422277491157e-11
5.977924810997013e-11
5.447659210328448e-11
5.033255777161758e-11
4.305201540181667e-11
3.822518263235945e-11
3.088624713547591e-11
2.417043059999109e-11
2.488986015101009e-11
8.455215797464882e-12
2.697076931876871e-11
3.243216581794152e-11
3.953656558820921e-11
4.640913134150576e-11
4.973456686338381e-11
5.512300855062236e-11
5.734982818060822e-11
6.116455988922531e-11
6.182937256614999e-11
6.457658783487842e-11
6.541448871254487e-11
6.768797462214814e-11
6.861689891941071e-11
7.031281025145813e-11
7.123403854232735e-11
7.270636969212769e-11
7.266794028233107e-11
7.388703625630198e-11
7.402748603967013e-11
7.466613770800283e-11
7.47218539389562e-11
7.523010537463461e-11
7.551407729669968e-11
7.583941347832556e-11
7.581580825700172e-11
7.629016991202754e-11
7.668174214716644e-11
7.744551186877897e-11
7.795161341720176e-11
7.87296261711187e-11
7.904298323963455e-11
7.959735725345992e-11
7.948028357038476e-11
7.936549475625125e-11
7.83651831213449e-11
7.789343149252454e-11
7.678286243091744e-11
7.580174053108623e-11
7.48514911333793e-11
7.428825787673712e-11
7.371624378221567e-11
7.344499291736674e-11
7.172775645965216e-11
7.148853338366187e-11
6.947885398587205e-11
6.910954856812223e-11
6.696057126508724e-11
6.570004086255308e-11
6.204919268429435e-11
5.997791004655179e-11
5.452710017683758e-11
5.038472070333893e-11
4.273514263559409e-11
3.810702994316195e-11
2.996554987901713e-11
2.341009528620289e-11
2.179261632079566e-11
7.557783780992038e-12
2.873724056139322e-11
3.251357757566646e-11
4.02770968663486e-11
4.657828268483267e-11
5.013460784273038e-11
5.522755156999181e-11
5.760782079912516e-11
6.128335047643782e-11
6.194343583109906e-11
6.462160805186195e-11
6.549808954238897e-11
6.768006772166402e-11
6.870047212065222e-11
7.034074496144587e-11
7.128096685977701e-11
7.279209028027444e-11
7.272528475931218e-11
7.392254018013606e-11
7.404666305291014e-11
7.463434273258387e-11
7.47459756292002e-11
7.526068780837771e-11
7.556205682265844e-11
7.58253824222995e-11
7.580446489099388e-11
7.627900471191053e-11
7.668864242418727e-11
7.741937261650931e-11
7.790201502489366e-11
7.875641809383898e-11
7.910927295786582e-11
7.963804113385157e-11
7.959352549857936e-11
7.950765608069442e-11
7.838618213711203e-11
7.798054820456265e-11
7.681987814540077e-11
7.572190968912468e-11
7.481872314953754e-11
7.427593799922363e-11
7.375028819552212e-11
7.359475610497159e-11
7.179720630564443e-11
7.157542467867981e-11
6.951639105845665e-11
6.92453243726928e-11
6.704702946643408e-11
6.585861415168243e-11
6.213176270516792e-11
6.018582070535107e-11
5.457165508913311e-11
5.044649296681987e-11
4.243992371817857e-11
3.804284248949492e-11
2.912592807277515e-11
2.276722556233284e-11
1.878795174843556e-11
6.540557378654677e-12
3.042537629262354e-11
3.255934229189005e-11
4.095839590606878e-11
4.669879214040529e-11
5.04972379523996e-11
5.533461518448081e-11
5.782763004583493e-11
6.138320826847003e-11
6.206097367438624e-11
6.466361428195082e-11
6.556927892892092e-11
6.766948067381601e-11
6.87779265243422e-11
7.036893717362796e-11
7.132777188915055e-11
7.288192586019422e-11
7.278089431202449e-11
7.395922819739657e-11
7.406128865219758e-11
7.460220493408338e-11
7.476735626076122e-11
7.52954080572391e-11
7.56130795523806e-11
7.578875920053636e-11
7.57928577349924e-11
7.629680426047729e-11
7.669533069318706e-11
7.73846986725468e-11
7.784688499206588e-11
7.878111265102682e-11
7.917730343029371e-11
7.967621388190635e-11
7.970621590491361e-11
7.96556682976885e-11
7.840173160627079e-11
7.806730663237587e-11
7.68571187311646e-11
7.563761995792942e-11
7.478969567121079e-11
7.425491118610752e-11
7.376611589649532e-11
7.375423504359827e-11
7.187636248946815e-11
7.166888412071956e-11
6.955695515128271e-11
6.939291162208926e-11
6.71416323716389e-11
6.602299701448454e-11
6.220934519043812e-11
6.040009464594406e-11
5.460630325563273e-11
5.051444607477681e-11
4.217136551313146e-11
3.802733656916226e-11
2.836049626793587e-11
2.225982505068762e-11
1.593458561759633e-11
5.426743056561579e-12
3.200923869521175e-11
3.255532819973313e-11
4.156874824597405e-11
4.67677336142645e-11
5.081979646639867e-11
5.544221842370897e-11
5.800769017350953e-11
6.146704630387276e-11
6.218083559430202e-11
6.46944590280306e-11
6.562314654186695e-11
6.765689181708655e-11
6.884815053614579e-11
7.039555218926746e-11
7.137456446758401e-11
7.297200666428408e-11
7.283181273234896e-11
7.400045849805909e-11
7.407272784836432e-11
7.456359412748542e-11
7.478277524238329e-11
7.533270578425156e-11
7.566724489062701e-11
7.574600156828294e-11
7.579222951543654e-11
7.633617873967608e-11
7.669333196632026e-11
7.733838405134784e-11
7.778655024611987e-11
7.880277418665979e-11
7.924629544706225e-11
7.971219858835801e-11
7.981746395123318e-11
7.980863601467411e-11
7.841244658891638e-11
7.815323097099171e-11
7.689374031027797e-11
7.55514636295188e-11
7.476686091447275e-11
7.423110516844641e-11
7.376837116305542e-11
7.391363053470694e-11
7.195607690926063e-11
7.17693471532653e-11
6.959979489417222e-11
6.955426143878145e-11
6.724813864474257e-11
6.619387464393194e-11
6.227952365139754e-11
6.061919375103211e-11
5.463255448193712e-11
5.058902911104325e-11
4.193777436662892e-11
3.805299524366278e-11
2.765703425676044e-11
2.190124303717423e-11
1.328901443042345e-11
4.245408907567955e-12
3.346675205304304e-11
3.248736705025236e-11
4.209363947959695e-11
4.67978049444772e-11
5.110135943958094e-11
5.553402888313175e-11
5.815305169042028e-11
6.153926421843924e-11
6.229224442442442e-11
6.470772380749919e-11
6.565916175072048e-11
6.764375693257559e-11
6.891017275412049e-11
7.041849337005976e-11
7.142179587417973e-11
7.305873266731791e-11
7.287512721045732e-11
7.404808101889506e-11
7.408122096116664e-11
7.451254631151138e-11
7.478976636965192e-11
7.537181124323513e-11
7.572450981693369e-11
7.57098561492642e-11
7.580456941636625e-11
7.638764624610767e-11
7.668306142602745e-11
7.728293486044318e-11
7.772225075826809e-11
7.882041529427938e-11
7.931459832815427e-11
7.974627713658557e-11
7.992588283778317e-11
7.996451824178855e-11
7.841946699752696e-11
7.823773073706268e-11
7.692814443559025e-11
7.546621963289864e-11
7.474996210921704e-11
7.420893530985129e-11
7.376453249666944e-11
7.406471974806551e-11
7.202755858226119e-11
7.187465651547594e-11
6.964260819128462e-11
6.972941307476348e-11
6.736471757752843e-11
6.636867063306554e-11
6.234437415050106e-11
6.084566001456622e-11
5.466099632865169e-11
5.067736056161733e-11
4.174188546352185e-11
3.811540237855518e-11
2.701086552895043e-11
2.168937574631134e-11
1.089544881402102e-11
3.033988180195276e-12
3.478248358327168e-11
3.234382378072966e-11
4.252035243787155e-11
4.679912692304972e-11
5.133701296445833e-11
5.55964702244829e-11
5.826880848413885e-11
6.159527971641622e-11
6.238164555231102e-11
6.470437547432552e-11
6.56813820004859e-11
6.763245123430179e-11
6.896277786686559e-11
7.043499162081454e-11
7.146999586026497e-11
7.313868380857204e-11
7.29080015822789e-11
7.410142182347922e-11
7.408546109018287e-11
7.444657802161612e-11
7.47886719419256e-11
7.541223722929991e-11
7.578281691865826e-11
7.568863482575336e-11
7.582863345985319e-11
7.644292182168896e-11
7.66682037280766e-11
7.722250759714296e-11
7.765632219720914e-11
7.883317488732146e-11
7.938006370463928e-11
7.977924154979095e-11
8.00297879211722e-11
8.011983709727814e-11
7.842404451058811e-11
7.831946546365266e-11
7.695741962479233e-11
7.538573148010536e-11
7.473799812518248e-11
7.418974831823627e-11
7.376181405110424e-11
7.420228167963393e-11
7.208353732209687e-11
7.198003923864622e-11
6.968201826016376e-11
6.991571060958298e-11
6.748731360946674e-11
6.654527987967497e-11
6.240564806040872e-11
6.107977946425726e-11
5.470021635993037e-11
5.078404058348189e-11
4.157980836502654e-11
3.822121379598606e-11
2.643609119027634e-11
2.161174824694822e-11
8.786729261896125e-12
1.841190803619978e-12
3.59498248861332e-11
3.211829122205792e-11
4.283807647347776e-11
4.677098517229518e-11
5.151856053391656e-11
5.562085649222515e-11
5.835386465448424e-11
6.162524660050044e-11
6.243868426849124e-11
6.468808478354556e-11
6.569446263515466e-11
6.762582883199979e-11
6.900470046024243e-11
7.044206329727186e-11
7.151952790672427e-11
7.320828404947625e-11
7.292731750302899e-11
7.415695032030191e-11
7.408230952416464e-11
7.436889911646195e-11
7.478411695574522e-11
7.545620006613803e-11
7.584281227080479e-11
7.568476160908189e-11
7.586100610538463e-11
7.649700535355814e-11
7.664992939622455e-11
7.715851576013974e-11
7.759087002415348e-11
7.883936608406703e-11
7.943894161864127e-11
7.981160740474105e-11
8.012705907560649e-11
8.026987061493245e-11
7.842817179091558e-11
7.839742262766242e-11
7.697824220548635e-11
7.531568307159946e-11
7.473147178473093e-11
7.417378586790872e-11
7.376607151476598e-11
7.432342736953201e-11
7.211874326778751e-11
7.207884706864648e-11
6.971436162441308e-11
7.01092827516576e-11
6.761113078207025e-11
6.672048068753228e-11
6.246283927857192e-11
6.131890355767546e-11
5.474843573053417e-11
5.090690846582648e-11
4.145174539794218e-11
3.837858317204787e-11
2.595229484024634e-11
2.165879590011314e-11
6.994235608101875e-12
7.187412943875525e-13
3.696779835666328e-11
3.181597241610664e-11
4.304240422027352e-11
4.670564737089477e-11
5.163520036619768e-11
5.560000908338831e-11
5.84018607684653e-11
6.161906157162484e-11
6.245830585593445e-11
6.466138618892641e-11
6.570085538965259e-11
6.76265065972769e-11
6.903490909288895e-11
7.043689311324247e-11
7.156921973036076e-11
7.3264005044284e-11
7.293175420393326e-11
7.420911850323141e-11
7.406703769749207e-11
7.428626418260244e-11
7.47800616030102e-11
7.550526331446791e-11
7.59118048650448e-11
7.569995788913056e-11
7.589578195245765e-11
7.65458407485509e-11
7.662834710590722e-11
7.709159321554816e-11
7.752653846388808e-11
7.883588713455679e-11
7.94871266462261e-11
7.984336326331111e-11
8.021565241707259e-11
8.040924182978363e-11
7.843256007922167e-11
7.847460287592936e-11
7.699302581268986e-11
7.525960908133599e-11
7.472842748811279e-11
7.416112424837464e-11
7.378154564353478e-11
7.442698898941793e-11
7.213093278321284e-11
7.216415967239129e-11
6.97370238087711e-11
7.030652382856992e-11
6.773226892730374e-11
6.689105519954089e-11
6.251373345915956e-11
6.155722465146326e-11
5.480167922394165e-11
5.104876071501246e-11
4.136348986569323e-11
3.858470974259875e-11
2.557025991481311e-11
2.182139977127143e-11
5.544500864253285e-12
-2.822432114641158e-13
3.783791579723403e-11
3.144667735850057e-11
4.313368577822177e-11
4.659761039099907e-11
5.168090669533257e-11
5.552955913280172e-11
5.8401199427076e-11
6.156849450385838e-11
6.244211017408587e-11
6.462449831627141e-11
6.570022132325859e-11
6.763555089109822e-11
6.905460874191554e-11
7.041906818603232e-11
7.161367112686152e-11
7.330195465168701e-11
7.292225831959407e-11
7.425004850196424e-11
7.403413592513441e-11
7.420432864981051e-11
7.477848155147729e-11
7.555768514984384e-11
7.599650569466044e-11
7.57409252059794e-11
7.593242498523488e-11
7.658717161211418e-11
7.660334076739747e-11
7.702292331453506e-11
7.746045644107484e-11
7.881852852470395e-11
7.952130066757224e-11
7.987133167993549e-11
8.029349675558966e-11
8.053277523604386e-11
7.843454536234182e-11
7.85548236730619e-11
7.701001275661891e-11
7.522226720529974e-11
7.472688421252414e-11
7.415307672538791e-11
7.380936729683653e-11
7.451286159023129e-11
7.212385149986555e-11
7.223046868905314e-11
6.974786466157874e-11
7.050374920372553e-11
6.784963640881967e-11
6.705660303685941e-11
6.25552528536932e-11
6.178412292947647e-11
5.485627675702804e-11
5.121621358450849e-11
4.132112515480793e-11
3.8826007330922e-11
2.52909884636208e-11
2.20880183354619e-11
4.455339353035205e-12
-1.110458271155467e-12
3.85719343291204e-11
3.10247272952648e-11
4.312022955090278e-11
4.64464056347268e-11
5.165541592030366e-11
5.540876060751198e-11
5.833792344698922e-11
6.146802599764095e-11
6.239681287479736e-11
6.457772781393749e-11
6.569263469607124e-11
6.765251036649405e-11
6.906670132946658e-11
7.038827186724991e-11
7.164109185644143e-11
7.331550238345207e-11
7.290143466757543e-11
7.427522779753797e-11
7.39855321184318e-11
7.413251728716637e-11
7.478012571058118e-11
7.560744903889755e-11
7.609659731464398e-11
7.581087091374847e-11
7.597292216416661e-11
7.662094224016414e-11
7.656970420154745e-11
7.694992707841792e-11
7.73939768897744e-11
7.879256632762724e-11
7.954094440110372e-11
7.988906466793751e-11
8.035946117812321e-11
8.063396081499617e-11
7.842944022057595e-11
7.86347753028367e-11
7.703068841205532e-11
7.521052725341548e-11
7.473157365123243e-11
7.415463769748074e-11
7.384661617245261e-11
7.458141590720846e-11
7.210749905348368e-11
7.227567352729657e-11
6.974322700618001e-11
7.069129186874488e-11
6.796494393896209e-11
6.721727047654021e-11
6.258445107199469e-11
6.199403096539236e-11
5.491087905286756e-11
5.141062873085601e-11
4.132898660067779e-11
3.909083648243795e-11
2.51127807147192e-11
2.243374951385222e-11
3.716803764023054e-12
-1.725682124264179e-12
3.920166724729822e-11
3.057366648147674e-11
4.302074512375404e-11
4.625603044871985e-11
5.156402919128869e-11
5.524340946288566e-11
5.820765873139711e-11
6.131959621315821e-11
6.233341524066616e-11
6.451935814101137e-11
6.567885160543513e-11
6.768039704950376e-11
6.907319632409946e-11
7.034596026211034e-11
7.163972787732233e-11
7.329452009605284e-11
7.286975287499545e-11
7.428625198968604e-11
7.393719026459857e-11
7.408880927796333e-11
7.478507765361256e-11
7.56445977666041e-11
7.620207456294575e-11
7.590544398398461e-11
7.601781398533095e-11
7.664513514687029e-11
7.65125844141608e-11
7.686421252642619e-11
7.733973325262998e-11
7.877271550307261e-11
7.954417690282143e-11
7.98904675146701e-11
8.040849224689939e-11
8.070449032645912e-11
7.842148776953704e-11
7.871075537160813e-11
7.705160662445521e-11
7.522994770818663e-11
7.475155120734342e-11
7.417426066297048e-11
7.388346744685518e-11
7.4631239321593e-11
7.209550923001945e-11
7.230537331415909e-11
6.972605450599523e-11
7.085211599411165e-11
6.807016562418995e-11
6.737058925942998e-11
6.260276332234204e-11
6.218412054358343e-11
5.496251429893921e-11
5.162952386361912e-11
4.13942427795576e-11
3.937874156105699e-11
2.503333132875785e-11
2.280598381034271e-11
3.265518117125766e-12
-2.101575173761044e-12
3.976416857294913e-11
3.01206778428715e-11
4.286184896654554e-11
4.603718828892807e-11
5.142006142491713e-11
5.50490868211183e-11
5.802445816529374e-11
6.113916583472467e-11
6.226771952663677e-11
6.444610760502092e-11
6.566145266133026e-11
6.772711804177188e-11
6.907080463601575e-11
7.029348588205502e-11
7.160408106849036e-11
7.323257580746652e-11
7.283090443282472e-11
7.428334315107717e-11
7.390073798396996e-11
7.408526950773256e-11
7.479692837626807e-11
7.566793744755738e-11
7.630107658613687e-11
7.601669704443515e-11
7.60641664354509e-11
7.665316518461266e-11
7.641884111294735e-11
7.676110655663976e-11
7.730631110085988e-11
7.875595050976748e-11
7.952849126527509e-11
7.987952641886234e-11
8.04399520352801e-11
8.075328574125681e-11
7.84230732342386e-11
7.877212616694707e-11
7.707090173091478e-11
7.52909649093526e-11
7.479459364542132e-11
7.421103568340559e-11
7.390543076968018e-11
7.465828458723e-11
7.209911750654032e-11
7.233745411755891e-11
6.971688854062096e-11
7.09639569646114e-11
6.814142176054064e-11
6.751239937976603e-11
6.261538709765803e-11
6.234532100597129e-11
5.500881233154506e-11
5.187471424890765e-11
4.152274400051474e-11
3.967844305586506e-11
2.504211184985957e-11
2.314013786888924e-11
2.994816680589654e-12
-2.235285403197411e-12
4.023989011481595e-11
2.968761507896644e-11
4.268612129024495e-11
4.581160209131874e-11
5.124084528869005e-11
5.484896807421693e-11
5.781343377861174e-11
6.095110695353638e-11
6.221894628443392e-11
6.436181668861448e-11
6.564064554007046e-11
6.779525986280035e-11
6.906291704513223e-11
7.023183034096857e-11
7.153179117267926e-11
7.313213382363063e-11
7.278887329199113e-11
7.426132923876227e-11
7.387625268891166e-11
7.412359541335531e-11
7.482064699182595e-11
7.567999342522856e-11
7.638682595569985e-11
7.613663977141088e-11
7.610799468021755e-11
7.664344476692362e-11
7.629032062939655e-11
7.664489835430497e-11
7.728827379172728e-11
7.87212309957656e-11
7.9495639104777e-11
7.987215388095105e-11
8.045469981891074e-11
8.079082931922073e-11
7.84454202356523e-11
7.880956652705793e-11
7.709083166350006e-11
7.540389103413139e-11
7.486264819676412e-11
7.425510415345211e-11
7.390076763426218e-11
7.465964039587733e-11
7.212492437102988e-11
7.237948248181522e-11
6.972889921953141e-11
7.101491324566386e-11
6.816559082247409e-11
6.763884464031761e-11
6.26277313976825e-11
6.24664646183182e-11
5.505464626096703e-11
5.214890115695123e-11
4.171288549443431e-11
3.996020816590291e-11
2.512036244293287e-11
2.339149885595925e-11
2.8208967124641e-12
-2.144952855294603e-12
4.059641356475094e-11
2.928830756999813e-11
4.252518003813234e-11
4.558551593662789e-11
5.104032588320958e-11
5.466347811515683e-11
5.759855340822464e-11
6.078054892066725e-11
6.220219737922639e-11
6.42760374810039e-11
6.561115261129651e-11
6.787536374480791e-11
6.906051945426799e-11
7.016439425341628e-11
7.142334525764917e-11
7.299990778199811e-11
7.274567811720838e-11
7.421991627048095e-11
7.386644413961518e-11
7.420381164143105e-11
7.485633148649754e-11
7.567862720635724e-11
7.645313316161227e-11
7.625461653138722e-11
7.614535881133638e-11
7.662030587084148e-11
7.61412337902349e-11
7.652497763891091e-11
7.728027059939293e-11
7.866033950360314e-11
7.94522596023359e-11
7.987808130647632e-11
8.045072039452012e-11
8.081781692516971e-11
7.849018534153427e-11
7.882175744005133e-11
7.711752476119845e-11
7.556404983634791e-11
7.494739717805606e-11
7.429971861727347e-11
7.386545668226963e-11
7.463762917292196e-11
7.217607401280486e-11
7.242100546451211e-11
6.975492780555334e-11
7.101036215860625e-11
6.814976131432668e-11
6.775107654509313e-11
6.264504440612711e-11
6.254090000256236e-11
5.510834328465938e-11
5.244733148156139e-11
4.19456951681631e-11
4.020265441805222e-11
2.52488740143956e-11
2.354649108090316e-11
2.703851341813616e-12
-1.873378565736516e-12
4.084179596979885e-11
2.894655411405189e-11
4.238311389657212e-11
4.535597130498002e-11
5.082928977553081e-11
5.450364696758681e-11
5.739677576475617e-11
6.064461163685449e-11
6.222468217567571e-11
6.419537336147678e-11
6.556703103242986e-11
6.795670329929993e-11
6.907319216175012e-11
7.009554213560555e-11
7.128666060901633e-11
7.284667732815606e-11
7.269665677893784e-11
7.416265009805055e-11
7.387830740675421e-11
7.432126788326647e-11
7.489938387094116e-11
7.566181217825662e-11
7.649434222336419e-11
7.636122976192415e-11
7.618011682380958e-11
7.659213099940486e-11
7.598325587193817e-11
7.640852746641831e-11
7.727877160156413e-11
7.857897480461064e-11
7.940042431085876e-11
7.989087258167908e-11
8.043163009650964e-11
8.083918271348779e-11
7.855446003645992e-11
7.881163532501704e-11
7.715748024856982e-11
7.575596129375901e-11
7.503379184986601e-11
7.434347967225578e-11
7.380224412301976e-11
7.459886600341126e-11
7.225201120799763e-11
7.245439130081031e-11
6.978515327031371e-11
7.095540109077954e-11
6.810105145721219e-11
6.785149608835304e-11
6.267362360615893e-11
6.256935184442491e-11
5.517805699265941e-11
5.276200715744917e-11
4.21964157437602e-11
4.039545995640226e-11
2.540635556035231e-11
2.360611435536497e-11
2.618349122201017e-12
-1.493464059212729e-12
4.100058164399514e-11
2.8682600564093e-11
4.226057218928878e-11
4.513454107790138e-11
5.062146013892822e-11
5.437110147919989e-11
5.721799851446775e-11
6.055165793616815e-11
6.228346288509693e-11
6.412443117523026e-11
6.551314896492563e-11
6.803026645017641e-11
6.909535237565338e-11
7.002740917992946e-11
7.113521506078872e-11
7.268565642277202e-11
7.264264479434737e-11
7.409447846085818e-11
7.391434412888344e-11
7.446650920207168e-11
7.494272024835149e-11
7.56308488892866e-11
7.650901375563445e-11
7.64484947895941e-11
7.621087480997328e-11
7.656229476214507e-11
7.583014928064539e-11
7.630338579641259e-11
7.728217986364483e-11
7.848473636167797e-11
7.934414737325926e-11
7.990699689599784e-11
8.040349122013944e-11
8.086061462874797e-11
7.863090477631656e-11
7.878268470363635e-11
7.72148672002695e-11
7.59630829841246e-11
7.510983722182218e-11
7.438142701476296e-11
7.371674936377382e-11
7.455225246098999e-11
7.234711829845509e-11
7.247793488463655e-11
6.981453178934165e-11
7.085685780895046e-11
6.802721170552065e-11
6.794375771719182e-11
6.27167392705782e-11
6.255873400780152e-11
5.526652460077837e-11
5.308318614205465e-11
4.244548578427201e-11
4.053549738896225e-11
2.55659903817811e-11
2.358680309644097e-11
2.543706136197067e-12
-1.082058410760631e-12
4.109472438565416e-11
2.850179575857632e-11
4.215551259088708e-11
4.493033977855533e-11
5.043138558227322e-11
5.426825374157058e-11
5.706499122290168e-11
6.050012633564051e-11
6.237080356300501e-11
6.406947267285718e-11
6.545640419537324e-11
6.808523800854249e-11
6.912178097690398e-11
6.996409687732556e-11
7.098112062217924e-11
7.252870394644971e-11
7.258139991702026e-11
7.402041402603773e-11
7.397331061699464e-11
7.462601327165493e-11
7.498081897402121e-11
7.559007606505302e-11
7.650178777563971e-11
7.650960798868539e-11
7.622855327610316e-11
7.653189724584792e-11
7.569621400511758e-11
7.62180695355669e-11
7.728934117069632e-11
7.838508658836894e-11
7.928396042904489e-11
7.992128166539659e-11
8.037378747162076e-11
8.088615605279541e-11
7.871278295619258e-11
7.87438292597018e-11
7.729043820054589e-11
7.617260363269076e-11
7.516989065052908e-11
7.44076892048574e-11
7.361581974230482e-11
7.450680380560167e-11
7.245244510920373e-11
7.249198942534353e-11
6.983872471247752e-11
7.072624713996707e-11
6.794177501442215e-11
6.80298708529495e-11
6.276814685791111e-11
6.252198495060169e-11
5.53719609796679e-11
5.339437394488167e-11
4.267359180771205e-11
4.062738583026167e-11
2.570892009626853e-11
2.351909948832613e-11
2.478446554561181e-12
-7.042075503936254e-13
4.114833377606616e-11
2.83990214876834e-11
4.206453980075589e-11
4.475043048070241e-11
5.027025558262134e-11
5.419437376439196e-11
5.693571070468992e-11
6.048238220624249e-11
6.247459240643594e-11
6.403340739216632e-11
6.540527029065844e-11
6.8114740849646e-11
6.914246766794598e-11
6.990741781888876e-11
7.083434681429473e-11
7.238374293138701e-11
7.251736159745942e-11
7.394757475594071e-11
7.405003867314918e-11
7.478668824158912e-11
7.500943466339565e-11
7.554607278618769e-11
7.647809916121896e-11
7.654087885563432e-11
7.622688340752567e-11
7.649980997884822e-11
7.559018153226534e-11
7.615689458893647e-11
7.730058487284536e-11
7.828643494870742e-11
7.922200574750791e-11
7.993170516592639e-11
8.034810910078381e-11
8.091644819796613e-11
7.879094950756546e-11
7.870385918357222e-11
7.738301160560312e-11
7.637234985632071e-11
7.52129599605263e-11
7.442064440341045e-11
7.350795627660578e-11
7.446800914531968e-11
7.255872997445765e-11
7.249718101742261e-11
6.985571604747199e-11
7.057893732629856e-11
6.786148680793393e-11
6.811267901615797e-11
6.281713877181297e-11
6.247080604414251e-11
5.548858454761142e-11
5.367793752778069e-11
4.286644617198485e-11
4.068116616194768e-11
2.582692383044412e-11
2.344054527992979e-11
2.422538027508554e-12
-3.824904763141872e-13
4.119053251200286e-11
2.835310432806081e-11
4.19760425290293e-11
4.459888839895557e-11
5.014601660229388e-11
5.414541139229833e-11
5.682581227696102e-11
6.048789552825705e-11
6.25829118413974e-11
6.401526716987887e-11
6.536629911298766e-11
6.811580836992761e-11
6.914853107833191e-11
6.985819760792657e-11
7.070288423180905e-11
7.226139245419463e-11
7.245559117598283e-11
7.387794492267782e-11
7.413611336349381e-11
7.49374195398405e-11
7.502748089631367e-11
7.550493385117726e-11
7.644652616975924e-11
7.654605610077281e-11
7.62092748582095e-11
7.646849465162753e-11
7.550797065603085e-11
7.611450502934497e-11
7.731327099637848e-11
7.819491842261742e-11
7.916060451499766e-11
7.993623839380921e-11
8.032762960329877e-11
8.094650805434358e-11
7.885999026578938e-11
7.867189133605356e-11
7.748917254522126e-11
7.65547154240993e-11
7.524128284290235e-11
7.442294816726194e-11
7.339985667530871e-11
7.443787617335146e-11
7.265947833847068e-11
7.249516279670341e-11
6.98639451330988e-11
7.042816104994572e-11
6.77951890384584e-11
6.81923876320922e-11
6.285850406808086e-11
6.24143386831065e-11
5.560938522882172e-11
5.392344371587069e-11
4.30179299838073e-11
4.070769482283983e-11
2.591940245695649e-11
2.337089366673283e-11
2.374598148822481e-12
-1.083486162902791e-13
4.125096254197312e-11
2.833841658831585e-11
4.187736868529908e-11
4.447395331784672e-11
5.005876041650474e-11
5.41158190430073e-11
5.673306743121238e-11
6.05084275845195e-11
6.268491706755288e-11
6.400812898287396e-11
6.534077388070744e-11
6.808983039712681e-11
6.913295515759869e-11
6.981752257453375e-11
7.05924047778932e-11
7.216784929155411e-11
7.240687019550473e-11
7.381365334075898e-11
7.422242845744443e-11
7.507159736887476e-11
7.503469169280002e-11
7.547192374999351e-11
7.641707518001754e-11
7.653405834123535e-11
7.617821897645031e-11
7.643696244325614e-11
7.544739655292745e-11
7.608444979751379e-11
7.732347840694482e-11
7.811416468070706e-11
7.910610322778132e-11
7.993743946815251e-11
8.030823914918064e-11
8.09725540513607e-11
7.891751333128199e-11
7.864750854125421e-11
7.760095050960637e-11
7.671470739494918e-11
7.52576770288055e-11
7.441680615904344e-11
7.329749628494579e-11
7.441645226725261e-11
7.275073914563763e-11
7.248768983374332e-11
6.986394255014986e-11
7.02843076368774e-11
6.774405854862746e-11
6.826496800115437e-11
6.289194248356706e-11
6.236111696646987e-11
5.572938643394245e-11
5.412781973939112e-11
4.312998832230924e-11
4.071682708950387e-11
2.598766714331558e-11
2.331478836554824e-11
2.326775353364186e-12
1.18777294656898e-13
4.133492095944198e-11
2.834090149060018e-11
4.1774715070435e-11
4.437304968157674e-11
5.000446618234684e-11
5.410366973764874e-11
5.665589661692292e-11
6.053607253596061e-11
6.277511658861613e-11
6.400576307159981e-11
6.532230053976426e-11
6.804046922297695e-11
6.910142486329034e-11
6.978836241455175e-11
7.050419584939517e-11
7.210842892333451e-11
7.237488926221618e-11
7.375506916829878e-11
7.430238240642773e-11
7.51835821730553e-11
7.503326569751124e-11
7.544783656108757e-11
7.639533279911737e-11
7.65125588435539e-11
7.613936165015795e-11
7.641010966598524e-11
7.54053943486796e-11
7.606210660007847e-11
7.732810400610671e-11
7.804757375580796e-11
7.906025712614721e-11
7.993263343665426e-11
8.028823708470523e-11
8.099353958202271e-11
7.89664776137826e-11
7.862938114545997e-11
7.770686112744758e-11
7.685018613153892e-11
7.52657812991957e-11
7.440463515627893e-11
7.320458748079694e-11
7.44022852287237e-11
7.282968343503137e-11
7.24775160045603e-11
6.985585171007985e-11
7.015527783992951e-11
6.770841027028251e-11
6.832615698637588e-11
6.29174382547675e-11
6.231695630298925e-11
5.584316735865823e-11
5.429038006102044e-11
4.320677774670705e-11
4.071568899823098e-11
2.603412501168476e-11
2.327391387769091e-11
2.275948315618393e-12
2.896190250533887e-13
4.142356756430902e-11
2.834976899813539e-11
4.169254121289556e-11
4.430236661323642e-11
4.997554191679902e-11
5.410592421040782e-11
5.659556564954073e-11
6.056376777830077e-11
6.284655829109941e-11
6.400349783147963e-11
6.53084206251184e-11
6.798032830174549e-11
6.90634118326219e-11
6.977176688480747e-11
7.043549698525447e-11
7.207809567821281e-11
7.236425214034155e-11
7.370382431394382e-11
7.436679593444655e-11
7.526959664531039e-11
7.502606866552559e-11
7.543102815005283e-11
7.638027291991305e-11
7.648896525652849e-11
7.609974287935792e-11
7.639162227753166e-11
7.538355142624435e-11
7.604330393340774e-11
7.732350042952249e-11
7.799618265301361e-11
7.902696244778875e-11
7.992389031929374e-11
8.026787909253566e-11
8.100908998345762e-11
7.900437730002559e-11
7.861678663355272e-11
7.779920755579116e-11
7.695881136596771e-11
7.526916202301556e-11
7.438789492526025e-11
7.312543535588247e-11
7.43915971342532e-11
7.289222102482097e-11
7.246714779109228e-11
6.98422849804825e-11
7.004945672228222e-11
6.769093689812178e-11
6.837498498832806e-11
6.293336495018236e-11
6.228396211509169e-11
5.594192986804079e-11
5.440957046441794e-11
4.325049857111082e-11
4.070644555220667e-11
2.60629216946272e-11
2.325469349518911e-11
2.224265203538514e-12
4.015776276545807e-13
4.1493292861821e-11
2.836027976872142e-11
4.164470858476378e-11
4.426504457584526e-11
4.996255848271071e-11
5.411585169682493e-11
5.655149076494848e-11
6.05809740202943e-11
6.289185600009632e-11
6.400206342439193e-11
6.530086581912936e-11
6.792329670859958e-11
6.903270954300106e-11
6.976819450347913e-11
7.038192620491009e-11
7.206851137020175e-11
7.237028269400748e-11
7.366099211595834e-11
7.440752620871289e-11
7.53256633659969e-11
7.501881137965086e-11
7.541908476559263e-11
7.636910551021606e-11
7.646799936501121e-11
7.606843606572248e-11
7.638576685892728e-11
7.537513569462866e-11
7.602500250752259e-11
7.731074553636906e-11
7.796182678004463e-11
7.900718207631306e-11
7.991164051326999e-11
8.025307712208459e-11
8.101924508000648e-11
7.902817760710111e-11
7.861224868816103e-11
7.787180426096011e-11
7.703891963754563e-11
7.527003949905765e-11
7.436894095695644e-11
7.306450575332042e-11
7.43811716130777e-11
7.293392702128562e-11
7.245887947283852e-11
6.982811867987167e-11
6.997432952644728e-11
6.769103959340066e-11
6.841095693799177e-11
6.293997717417528e-11
6.226239595044186e-11
5.601462980917403e-11
5.448566045307162e-11
4.326326431394055e-11
4.068696462189447e-11
2.607945416588467e-11
2.326105101239623e-11
2.19252943815116e-12
4.689983687392895e-13
4.152151370848728e-11
2.837153016496921e-11
4.162656935040634e-11
4.425138669272736e-11
4.995396848972131e-11
5.412472586678187e-11
5.652352201937357e-11
6.058389464940027e-11
6.290961048826873e-11
6.400347907178618e-11
6.530180670509715e-11
6.787875715338766e-11
6.90144328737066e-11
6.977466919750645e-11
7.034243458155059e-11
7.207036219434472e-11
7.238366164380165e-11
7.362929287536715e-11
7.442454752725667e-11
7.53519061957297e-11
7.501511057756811e-11
7.540913164825034e-11
7.635988964031325e-11
7.645254204664086e-11
7.605035318771667e-11
7.639214482196257e-11
7.536921426897772e-11
7.600958822451773e-11
7.729768078387265e-11
7.794369813683989e-11
7.900010319649854e-11
7.98946345762136e-11
8.024951922884936e-11
8.102639768316595e-11
7.903544454341014e-11
7.861627058851922e-11
7.791998731252064e-11
7.708819883981975e-11
7.527094314033118e-11
7.435281953649071e-11
7.302520711201575e-11
7.437154481092735e-11
7.295529904101302e-11
7.245477412024241e-11
6.98185365083555e-11
6.993069827343019e-11
6.770006167955174e-11
6.84320559621661e-11
6.294154077000049e-11
6.225177110167475e-11
5.605539651217667e-11
5.452294562542553e-11
4.325836891566012e-11
4.066601525440967e-11
2.6082424175132e-11
2.328068472928341e-11
2.210543898645959e-12
5.100837178603255e-13
4.150814682665543e-11
2.837977419892978e-11
4.162424351064619e-11
4.424792829232773e-11
4.994098623630393e-11
5.412704494512662e-11
5.651230422528933e-11
6.058074749682833e-11
6.290625963089907e-11
6.400540539068284e-11
6.531097669812559e-11
6.785389933240299e-11
6.900118198351388e-11
6.97817941650538e-11
7.031836608225877e-11
7.20701815563491e-11
7.240226970363902e-11
7.361169881313234e-11
7.442357413123053e-11
7.535744881523301e-11
7.501167967211089e-11
7.540249962640428e-11
7.63519394146236e-11
7.644529941638897e-11
7.603916912486591e-11
7.639957955556777e-11
7.537023427469535e-11
7.599904653930947e-11
7.728800604604291e-11
7.793479094677947e-11
7.900616479675735e-11
7.98784591967882e-11
8.024728479523038e-11
8.103534554925933e-11
7.902710013301685e-11
7.862456727678631e-11
7.79480926204598e-11
7.710902321443555e-11
7.527373010151859e-11
7.434343262601618e-11
7.300705868780672e-11
7.436502773519892e-11
7.296311656100731e-11
7.245171487254452e-11
6.981574407995785e-11
6.991162805014687e-11
6.770771998237877e-11
6.843972808829883e-11
6.294130714982918e-11
6.224963122614917e-11
5.607059247791486e-11
5.453402605379524e-11
4.325296804978784e-11
4.065730698817415e-11
2.607226373141663e-11
2.329814234118799e-11
2.275568833827722e-12
5.343192523526182e-13
4.147245502489491e-11
2.839120951750846e-11
4.162381436893387e-11
4.424372019448025e-11
4.993091788917083e-11
5.412720136388244e-11
5.650677956622701e-11
6.057495605640168e-11
6.289752892106184e-11
6.400894286259652e-11
6.531834779273249e-11
6.783674464093714e-11
6.89971853679915e-11
6.978849252067098e-11
7.030267022376794e-11
7.207482396096759e-11
7.241167807185352e-11
7.359984175243412e-11
7.441997543484302e-11
7.535186987076237e-11
7.500907172696923e-11
7.539766025531951e-11
7.634785429119188e-11
7.644033629660551e-11
7.603284955321621e-11
7.640896625486069e-11
7.537071174417655e-11
7.599513291862439e-11
7.727964906153469e-11
7.793345264884064e-11
7.901472019902807e-11
7.986088483210377e-11
8.024766287962427e-11
8.103869293035672e-11
7.901893522509366e-11
7.86348887326587e-11
7.796151048578283e-11
7.711442852657792e-11
7.527592650454644e-11
7.434110795746533e-11
7.300026683960031e-11
7.43622516207949e-11
7.29656467193996e-11
7.245050012535064e-11
6.981454567235825e-11
6.990466759315538e-11
6.771113410298868e-11
6.843749885203761e-11
6.294316562952731e-11
6.22513407727778e-11
5.607361169422879e-11
5.45350979923925e-11
4.325316100846059e-11
4.065916042210935e-11
2.606160226545436e-11
2.330713700692534e-11
2.355018993954952e-12
5.334338666366506e-13
4.143838362981103e-11
2.840920946156918e-11
4.16224441013296e-11
4.424159482428972e-11
4.992675481491689e-11
5.412687919555275e-11
5.650191951983362e-11
6.057068083297248e-11
6.289104810941351e-11
6.401160397427577e-11
6.532036451653176e-11
6.78234870457957e-11
6.899761915068455e-11
6.979332199531337e-11
7.029246765510999e-11
7.207916325315039e-11
7.241510087592972e-11
7.359161228267053e-11
7.441747493273606e-11
7.534581987814364e-11
7.50068113429084e-11
7.539348863271512e-11
7.634473130481085e-11
7.643671069510776e-11
7.60294129442484e-11
7.641434841806778e-11
7.537215213903368e-11
7.599462180990006e-11
7.727243158662827e-11
7.793397395630898e-11
7.90184592141698e-11
7.984862323766252e-11
8.024793918400341e-11
8.10375143962229e-11
7.901639104772322e-11
7.864287937470004e-11
7.796908945230439e-11
7.711557165321337e-11
7.527741973177946e-11
7.434156787866608e-11
7.299632423967502e-11
7.436016472626919e-11
7.296829319969629e-11
7.245129065694392e-11
6.981399729766649e-11
6.989979257746786e-11
6.771196378025559e-11
6.843394384953209e-11
6.294707503174782e-11
6.225258957205456e-11
5.607510599520236e-11
5.453694124898918e-11
4.325670094505039e-11
4.06659675264997e-11
2.605564042043911e-11
2.33187121800754e-11
2.415131936079908e-12
5.202335033087658e-13
4.141536205574105e-11
2.842876449413316e-11
4.161985829494728e-11
4.424196984056039e-11
4.992811651786408e-11
5.412697500439129e-11
5.64964644283008e-11
6.056828604782134e-11
6.289044717931121e-11
6.401337136134423e-11
6.531650910821975e-11
6.781321133029086e-11
6.900239469484339e-11
6.979567075997365e-11
7.028588224616877e-11
7.208473214386216e-11
7.241081880784225e-11
7.358593090142434e-11
7.44184597448734e-11
7.534148448253957e-11
7.500612495887213e-11
7.53891544051204e-11
7.634309973798819e-11
7.643325432049502e-11
7.603045201376882e-11
7.641871656561964e-11
7.536920087073659e-11
7.599509195236269e-11
7.726706323603384e-11
7.79354309612989e-11
7.901565550937356e-11
7.984005073667113e-11
8.025093936891472e-11
8.103339755339672e-11
7.902069098162207e-11
7.864832874463388e-11
7.797266487356916e-11
7.711709129267052e-11
7.527807801717846e-11
7.434240130742137e-11
7.299267953965315e-11
7.435832392114392e-11
7.297052659161582e-11
7.245282476935777e-11
6.981315052973271e-11
6.989542111363377e-11
6.771280745864208e-11
6.843214264503319e-11
6.295250198702887e-11
6.225212481133583e-11
5.607821888586014e-11
5.454024145285403e-11
4.326045553774811e-11
4.067018983093485e-11
2.605349181150078e-11
2.333109119598685e-11
2.446803375773842e-12
)
;

boundaryField
{
    inlet
    {
        type            cyclic;
    }
    outlet
    {
        type            cyclic;
    }
    bottomWall
    {
        type            zeroGradient;
    }
    topWall
    {
        type            zeroGradient;
    }
    left
    {
        type            cyclic;
    }
    right
    {
        type            cyclic;
    }
}


// ************************************************************************* //
