0.0544191913779456457	0.0011286415
0.107284564527820009	0.001215317
0.157199341102769619	0.0016646098
0.206356414521824238	0.00072363958
0.255402942232100139	0.0007057279
0.305045393711926405	0.00071397052
0.35585129586435682	0.00073552724
0.408298442482505908	0.00077237971
0.462905750394356774	0.00082918695
0.520242748837675739	0.0009075763
0.576856182607486723	0.00088597037
0.633127721436195223	0.00086637207
0.689875184933584684	0.00087636275
0.747998037739293742	0.00091532345
0.807017415378487368	0.00094081942
0.864954185154731658	0.00090727141
0.920680849915347377	0.00083657169
0.975060683776776016	0.00078971984
1.02882132727979791	0.0007654077
1.08261600097065447	0.00076055467
1.13706892327715203	0.00077240616
1.19214930664407848	0.0007840416
1.24691071073336235	0.00077098747
1.30191823511824256	0.00077092021
1.35775774762018253	0.00078697285
1.41461008306607283	0.00081014504
1.47091568077283652	0.00079251261
1.52698144374527001	0.00078037103
1.58309515738334916	0.00077715345
1.63950838283169253	0.00078111861
1.69644507741092476	0.00079122391
1.75411570299318642	0.00080767907
1.81272832069085932	0.00083225769
1.87000522597918661	0.00079998394
1.92663877867054056	0.0007824306
1.98339104676433453	0.00078831918
2.04102998126976187	0.00081902407
2.10038821149735577	0.00087298012
2.15907260225273046	0.0008603636
2.21654385095958739	0.00082923672
2.27290350202554903	0.00079843884
2.32861844866490841	0.00077740435
2.38410670185945417	0.00076772145
2.43899566920103572	0.00074958272
2.49368903576713175	0.0007422594
2.54885771794478311	0.00075304232
2.60518596003944491	0.00078320096
2.66347790330464651	0.00083933062
2.72265214895979701	0.00086848805
2.78026642561513215	0.00082698458
2.83642645651458958	0.00078218295
2.89188026939705534	0.00075911757
2.94727998741290342	0.00075512227
3.00327791216688	0.00077159423
3.06056264944229817	0.00080922346
3.11800249568821508	0.00081921437
3.17464495296105209	0.00080002474
3.23104047698257402	0.00078953449
3.28743799930750225	0.00078941918
3.34441267811897447	0.00080750616
3.40164667476428928	0.00081903096
3.45842790725642413	0.00081312508
3.51541641747088285	0.00082361075
3.57282736353795682	0.00083941703
3.6310578542998786	0.00086330679
3.69100963566832041	0.0009133302
3.75062639579039336	0.00090756447
3.81011784615962812	0.00090250158
3.86943888889295673	0.00089587303
3.92716508422932886	0.00084789796
3.98396632177607524	0.00081601637
4.04045075778949858	0.00080524756
4.09695248946110802	0.0008053427
4.15378750686317044	0.00081209314
4.21152895446210618	0.00083430054
4.27077782464886724	0.0008745146
4.33110760540075646	0.00090456645
4.3903169704266789	0.00087595206
4.4489966076594305	0.00085940793
4.50770692115840976	0.00085897564
4.56699283805239453	0.00087312965
4.62613306978911432	0.00087217071
4.68518243220568564	0.00087154947
4.74483687663606002	0.00089056035
4.80439003252543184	0.00089182795
4.86383843350803335	0.00089115518
4.92395648311615108	0.00091049936
4.98396796629842065	0.0009057689
5.04287846094106307	0.00086945315
5.10091667849484054	0.00083991866
5.15861643208150511	0.00082813682
5.21650039249088149	0.00083489945
5.27506656903160476	0.00085416889
5.33315631036520266	0.00084262509
5.39111162169810587	0.00083649371
5.44935521982141235	0.00084301078
5.50857185707959296	0.00086929383
5.56790632960215959	0.0008734689
5.62612870623916184	0.0008468372
5.68391011423537673	0.0008354465
5.74187668227843151	0.00084085726
5.80013930888255658	0.00085044561
5.85917142600634033	0.00086964633
5.91739594073379926	0.00084653364
5.97480819806394159	0.00082426834
6.03190323826838704	0.00081711595
6.08914715295516284	0.00082261881
6.14699575032488799	0.00084130009
6.20484643985591067	0.00084369898
6.26184266468053696	0.00082169357
6.31827390013757206	0.00080627425
6.37421810150415258	0.00079321258
6.43009607127694949	0.00078925202
6.48631658362817376	0.00079696992
6.5432867446386922	0.00081793711
6.60095850329936606	0.00083989307
6.65958294953003715	0.00086619338
6.71824245974611856	0.00086507262
6.77685904622001178	0.00085907962
6.83501860405872019	0.00084322653
6.89253749261339088	0.00082617193
6.94976411112416059	0.00082070543
7.00713580819353155	0.0008279052
7.06417801746988339	0.000821343
7.12018936545681669	0.00079400312
7.17562229231641791	0.00077625934
7.23049389788333929	0.00076059479
7.28514152911808566	0.00075351253
7.33997267133216269	0.00075654481
7.39540437713475729	0.00077425804
7.45148746595884681	0.00079307521
7.50837954493806059	0.00081546897
7.56627589046384674	0.00084212721
7.62414062400227177	0.00084039682
7.68243234442661826	0.00084617625
7.74161734733187501	0.00086903997
7.80118723590023855	0.000881445
7.86078746279112828	0.00088604727
7.92085149334818439	0.00090125175
7.98026250789018299	0.00088322323
8.03847596230350447	0.00084805425
8.09578270587326543	0.00082039088
8.15260776549306065	0.00080795267
8.20937894549054192	0.00080843518
8.26619333328159733	0.00080802231
8.32330134530312193	0.00081293731
8.38077074814645862	0.00082015843
8.43798500696302867	0.00081059492
8.49508562231547337	0.00080600287
8.55226304556518713	0.0008068543
8.6088152737065613	0.00078741499
8.66430006327473379	0.00075308782
8.71939152969687647	0.0007351303
8.77476758559155634	0.00073699814
8.83117945550597661	0.00075983068
8.88950098235185138	0.00080938347
8.94766011099525294	0.00080882174
9.00500371076565109	0.00078804117
9.06153247826026309	0.00076519763
9.11725193868386619	0.00074104169
9.17266008918842779	0.00072805681
9.22840577514187466	0.00073304243
9.28521588874149906	0.00075857234
9.34241715633914538	0.0007699608
9.40042784801697273	0.00079207676
9.45838466638867992	0.000793296
9.51544795469614968	0.0007706703
9.57246490798638305	0.00076714432
9.62940272406071252	0.00076389746
9.68557405053687148	0.00074561051
9.74187911528886552	0.0007493028
9.7992391104618779	0.00077568202
9.85812907308246977	0.00081469122
9.91719605267001825	0.00082410333
9.97564047080192395	0.00081522672
10.0336411415469868	0.00081118089
10.0916125626437214	0.00081451451
10.1497106772337737	0.00081794125
10.2077875596081498	0.00081409028
10.2663294932362898	0.00082182807
10.3258282652158062	0.00084505431
10.384494276360364	0.00082364088
10.4425305251002385	0.00080269724
10.500600502131288	0.00079625378
10.5590784065869414	0.0008003912
10.6177805359772002	0.00079858811
10.6758071565363171	0.00077702212
10.733606234487608	0.00077233136
10.7909863551145175	0.00076497085
10.8472875041888575	0.00074034499
10.9026307549950623	0.00071518371
10.9573202669992842	0.00069742142
11.0117477127378081	0.00069061655
11.0661066682893203	0.00068996001
11.1198983641173221	0.00067665818
11.1734689598399335	0.00066950557
11.2271354452321948	0.00066891298
11.2811987530062527	0.00067487925
11.3359435127216948	0.00068856652
11.3907968393992807	0.00068905173
11.444336653418306	0.00065432314
11.4969267084709728	0.00062598041
11.5488699860057693	0.00060645333
11.6004448439642793	0.00059601312
11.6519094459503396	0.00059506814
11.7034993774230944	0.00059890491
11.755445264663436	0.00060770504
11.8080108672056099	0.00062249062
11.8613308651363738	0.00064065543
11.9156662956323363	0.00066923474
11.9713614872332457	0.00070797039
12.0281196755005393	0.00074248763
12.084321387157706	0.00073632623
12.1402109720525004	0.00073170041
12.1957935551078709	0.00072545545
12.2513655382751008	0.00072681567
12.3072884090775361	0.00073596416
12.3639281056784931	0.00075416594
12.4214426150012258	0.00077907468
12.4799361553576169	0.00080732647
12.5389864030200027	0.00082536496
12.5974972977166164	0.0008116667
12.655902461949637	0.00080423139
12.7146003402490315	0.00080637607
12.7739925895372259	0.00082000737
12.8343779245355556	0.0008457433
12.8937480935955708	0.00082069228
12.952548286487275	0.00080219407
13.0111680887838705	0.00079396706
13.0699991417303867	0.00079531425
13.1294378898959199	0.00080776829
13.1897529002774032	0.00082790045
13.2496289190134782	0.00081922356
13.3087398988159542	0.00080312781
13.367528024213982	0.0007995545
13.4263832575687978	0.00080623648
13.4856944090250508	0.00082176028
13.5453689214148199	0.00083538606
13.6053072669630986	0.00084516248
13.6659673746092363	0.00086804583
13.7256403136821081	0.0008440512
13.784665277321416	0.00082259052
13.8435588815593373	0.0008163748
13.9028423079531276	0.00082173226
13.9626843697239771	0.00083166337
14.0230260394951571	0.00084009136
14.0843320302851076	0.00086101231
14.1446664981552814	0.00083627126
14.203972604033769	0.00080917182
14.2627086999056818	0.00079594211
14.3212919969775481	0.00079580239
14.3801354727980932	0.00080681796
14.4396508063491229	0.0008308864
14.5002813952281571	0.00087222409
14.5620834186558632	0.00091911538
14.623314289665748	0.00090983369
14.6837905946497731	0.0008877585
14.7438266869023629	0.00087055994
14.8042310773679162	0.00087605747
14.8658527694952021	0.00091114423
14.9267170372213478	0.00089268248
14.9865792638934625	0.00086025995
15.0447347999364531	0.00080852034
15.1015247673500461	0.00076598701
15.1577460898951504	0.00074689133
15.2137201521596275	0.00074032386
15.2692051658832657	0.0007308385
15.324769377830334	0.00073372683
15.3809905220956988	0.00075181911
15.4384951449330377	0.0007875985
15.4979865114495468	0.00084315965
15.5571348918831838	0.00084176943
15.6145043171611313	0.00079614796
15.6708715996426111	0.0007652574
15.7269218894153475	0.00074763572
15.7832725159916265	0.00074447504
15.8406244387291224	0.00076379094
15.8979760907274095	0.00076236361
15.9558555725632623	0.00077691749
16.0148570295755235	0.00080960934
16.0733500158453815	0.00080196152
16.1317251343812131	0.00079801216
16.1892388292531244	0.00077379547
16.2461592524479137	0.00075698681
16.3030174949889677	0.00075628799
16.3603484428694763	0.00077227178
16.4186625607555285	0.00080020832
16.4782556725535123	0.00083710972
16.5381573276390981	0.00084854327
16.5970721578078013	0.00081990935
16.6555397205391635	0.0008008135
16.7140363197565449	0.000795394
16.7730644964386606	0.00080449645
16.8331058136990031	0.00083184252
16.8942937075944002	0.00086516684
16.9546684631011964	0.00084610143
17.0148688973722351	0.00083740787
17.0756006482581206	0.00084916117
17.1375394120536022	0.00088265084
17.1980875100896462	0.00085086443
17.2577308604719413	0.00082528587
17.3171399952608098	0.00081867905
17.3769136300917744	0.00083524612
17.4377217720096809	0.00087117155
17.4976211438491234	0.00085459756
17.5567196054348251	0.00083766228
17.6155742026437458	0.00083373993
17.6747168658053759	0.00084226256
17.734722369841009	0.00086762757
17.7946266292402484	0.00086960956
17.8531814615425262	0.00083898042
17.9109972991144453	0.00082024555
17.9686178429769079	0.00081596041
18.0265638239628814	0.00082325453
18.0853517627249403	0.00084536401
18.1455833859609719	0.00088864853
18.2066034532455205	0.00091837293
18.2661285412564105	0.00087967618
18.3248045838740019	0.00085447237
18.3832095867594845	0.00084312427
18.441884320551484	0.00084842984
18.5013640568041708	0.00087435948
18.5622472672307772	0.00091658694
18.625214041910592	0.00097883368
18.6866741074408722	0.00094005209
18.747269750370382	0.00091238683
18.80762333309114	0.00090334772
18.8682971254409217	0.00091183694
18.9298659882587756	0.00093814517
18.9929365523273006	0.00098009578
19.0565527350318717	0.00099254008
19.119657130064116	0.00097581309
19.182622453296819	0.00097064919
19.2457634503843167	0.00097778928
19.309408218681984	0.00099488943
19.3739067392389153	0.0010221124
19.4379560273218246	0.0010087554
19.5009543657494078	0.0009692992
19.5632647099655053	0.0009440882
19.6252056660413885	0.00093153241
19.6868303895910763	0.00092330687
19.747863466829898	0.00090335661
19.8085613273842398	0.00089059535
19.8691656759104198	0.00088083279
19.9299290813964554	0.00087665019
19.9911326957211237	0.0008840489
