0.0544191913779456457	0.066514036
0.107284564527820009	0.18188363
0.157199341102769619	0.1575299
0.206356414521824238	0.072041405
0.255402942232100139	0.059655848
0.305045393711926405	0.059087168
0.35585129586435682	0.059837623
0.408298442482505908	0.06149909
0.462905750394356774	0.063828852
0.520242748837675739	0.066789921
0.576856182607486723	0.065720168
0.633127721436195223	0.065132089
0.689875184933584684	0.065585394
0.747998037739293742	0.067026693
0.807017415378487368	0.067819358
0.864954185154731658	0.066359042
0.920680849915347377	0.063739071
0.975060683776776016	0.062172113
1.02882132727979791	0.061602592
1.08261600097065447	0.061760059
1.13706892327715203	0.062507124
1.19214930664407848	0.063073396
1.24691071073336235	0.062570533
1.30191823511824256	0.062812283
1.35775774762018253	0.063723229
1.41461008306607283	0.064874911
1.47091568077283652	0.064210455
1.52698144374527001	0.063856854
1.58309515738334916	0.063835244
1.63950838283169253	0.064215583
1.69644507741092476	0.064937608
1.75411570299318642	0.065949645
1.81272832069085932	0.067162396
1.87000522597918661	0.065701108
1.92663877867054056	0.065073618
1.98339104676433453	0.065378322
2.04102998126976187	0.066546172
2.10038821149735577	0.068665343
2.15907260225273046	0.067966755
2.21654385095958739	0.066632091
2.27290350202554903	0.065418281
2.32861844866490841	0.064826693
2.38410670185945417	0.064762253
2.43899566920103572	0.064178165
2.49368903576713175	0.063923458
2.54885771794478311	0.064383074
2.60518596003944491	0.06566843
2.66347790330464651	0.068009817
2.72265214895979701	0.0691949
2.78026642561513215	0.067495893
2.83642645651458958	0.065902747
2.89188026939705534	0.065149776
2.94727998741290342	0.065111627
3.00327791216688	0.065794092
3.06056264944229817	0.067211262
3.11800249568821508	0.067287426
3.17464495296105209	0.066280796
3.23104047698257402	0.066076352
3.28743799930750225	0.066188189
3.34441267811897447	0.066950589
3.40164667476428928	0.067323981
3.45842790725642413	0.066787988
3.51541641747088285	0.067016529
3.57282736353795682	0.067468288
3.6310578542998786	0.06841329
3.69100963566832041	0.070483876
3.75062639579039336	0.070192256
3.81011784615962812	0.07006513
3.86943888889295673	0.069860111
3.92716508422932886	0.068041408
3.98396632177607524	0.067036475
4.04045075778949858	0.066736162
4.09695248946110802	0.066901157
4.15378750686317044	0.067360992
4.21152895446210618	0.068427756
4.27077782464886724	0.070273994
4.33110760540075646	0.071654503
4.3903169704266789	0.07050045
4.4489966076594305	0.069961654
4.50770692115840976	0.070050106
4.56699283805239453	0.070768846
4.62613306978911432	0.070612374
4.68518243220568564	0.070566271
4.74483687663606002	0.07121961
4.80439003252543184	0.070985411
4.86383843350803335	0.070800147
4.92395648311615108	0.071587575
4.98396796629842065	0.071512838
5.04287846094106307	0.070278948
5.10091667849484054	0.069316365
5.15861643208150511	0.068980577
5.21650039249088149	0.069160312
5.27506656903160476	0.069846546
5.33315631036520266	0.069222382
5.39111162169810587	0.069036675
5.44935521982141235	0.069444401
5.50857185707959296	0.070653104
5.56790632960215959	0.070735666
5.62612870623916184	0.069387156
5.68391011423537673	0.068874747
5.74187668227843151	0.069205604
5.80013930888255658	0.069645781
5.85917142600634033	0.070531302
5.91739594073379926	0.069546671
5.97480819806394159	0.068601182
6.03190323826838704	0.068235601
6.08914715295516284	0.068461548
6.14699575032488799	0.069269998
6.20484643985591067	0.069398862
6.26184266468053696	0.068444779
6.31827390013757206	0.06773827
6.37421810150415258	0.06722189
6.43009607127694949	0.067215423
6.48631658362817376	0.067561235
6.5432867446386922	0.068274504
6.60095850329936606	0.068843827
6.65958294953003715	0.069835461
6.71824245974611856	0.069900772
6.77685904622001178	0.070037281
6.83501860405872019	0.069583885
6.89253749261339088	0.068747634
6.94976411112416059	0.0683467
7.00713580819353155	0.068469221
7.06417801746988339	0.068262693
7.12018936545681669	0.067349819
7.17562229231641791	0.066909048
7.23049389788333929	0.066247083
7.28514152911808566	0.065894791
7.33997267133216269	0.066031402
7.39540437713475729	0.06667618
7.45148746595884681	0.067441256
7.50837954493806059	0.068323606
7.56627589046384674	0.06947626
7.62414062400227177	0.069408049
7.68243234442661826	0.069862422
7.74161734733187501	0.070888544
7.80118723590023855	0.07138316
7.86078746279112828	0.071362204
7.92085149334818439	0.071899884
7.98026250789018299	0.071038727
8.03847596230350447	0.069634116
8.09578270587326543	0.068675947
8.15260776549306065	0.068233619
8.20937894549054192	0.068263436
8.26619333328159733	0.068257466
8.32330134530312193	0.068570553
8.38077074814645862	0.068944752
8.43798500696302867	0.068636912
8.49508562231547337	0.068479957
8.55226304556518713	0.068478579
8.6088152737065613	0.067633152
8.66430006327473379	0.066263319
8.71939152969687647	0.065839672
8.77476758559155634	0.066373287
8.83117945550597661	0.067802057
8.88950098235185138	0.070096387
8.94766011099525294	0.069806074
9.00500371076565109	0.068702134
9.06153247826026309	0.067509259
9.11725193868386619	0.066444628
9.17266008918842779	0.066033836
9.22840577514187466	0.066346853
9.28521588874149906	0.067523883
9.34241715633914538	0.067884994
9.40042784801697273	0.068790919
9.45838466638867992	0.068629148
9.51544795469614968	0.067542391
9.57246490798638305	0.067535479
9.62940272406071252	0.06747274
9.68557405053687148	0.066709203
9.74187911528886552	0.066966715
9.7992391104618779	0.0682456
9.85812907308246977	0.069972931
9.91719605267001825	0.07004318
9.97564047080192395	0.069167871
10.0336411415469868	0.068538315
10.0916125626437214	0.068522118
10.1497106772337737	0.068760619
10.2077875596081498	0.068764171
10.2663294932362898	0.069340184
10.3258282652158062	0.070398546
10.384494276360364	0.069377047
10.4425305251002385	0.06853093
10.500600502131288	0.068463452
10.5590784065869414	0.068942112
10.6177805359772002	0.069208196
10.6758071565363171	0.068378786
10.733606234487608	0.068117521
10.7909863551145175	0.067653511
10.8472875041888575	0.066404823
10.9026307549950623	0.065376812
10.9573202669992842	0.064605311
11.0117477127378081	0.064136716
11.0661066682893203	0.063882822
11.1198983641173221	0.063173859
11.1734689598399335	0.063004073
11.2271354452321948	0.063273728
11.2811987530062527	0.063795871
11.3359435127216948	0.064466055
11.3907968393992807	0.064340246
11.444336653418306	0.062678645
11.4969267084709728	0.061542865
11.5488699860057693	0.060800803
11.6004448439642793	0.060387524
11.6519094459503396	0.060227488
11.7034993774230944	0.060286068
11.755445264663436	0.060625306
11.8080108672056099	0.061267225
11.8613308651363738	0.062170512
11.9156662956323363	0.063399913
11.9713614872332457	0.064998333
12.0281196755005393	0.066160824
12.084321387157706	0.06534093
12.1402109720525004	0.064841326
12.1957935551078709	0.064459546
12.2513655382751008	0.064549647
12.3072884090775361	0.065034659
12.3639281056784931	0.065855943
12.4214426150012258	0.066812086
12.4799361553576169	0.067915635
12.5389864030200027	0.06845618
12.5974972977166164	0.067804598
12.655902461949637	0.067657008
12.7146003402490315	0.067962164
12.7739925895372259	0.068701805
12.8343779245355556	0.069787995
12.8937480935955708	0.068547943
12.952548286487275	0.067785885
13.0111680887838705	0.067498307
13.0699991417303867	0.067701259
13.1294378898959199	0.068404275
13.1897529002774032	0.069462475
13.2496289190134782	0.069010572
13.3087398988159542	0.068167874
13.367528024213982	0.06774377
13.4263832575687978	0.06772085
13.4856944090250508	0.068238307
13.5453689214148199	0.068708648
13.6053072669630986	0.06907503
13.6659673746092363	0.069910375
13.7256403136821081	0.068765445
13.784665277321416	0.06791995
13.8435588815593373	0.067712607
13.9028423079531276	0.068114373
13.9626843697239771	0.068817982
14.0230260394951571	0.069563905
14.0843320302851076	0.070796586
14.1446664981552814	0.069696695
14.203972604033769	0.068442515
14.2627086999056818	0.067662614
14.3212919969775481	0.067427471
14.3801354727980932	0.06771748
14.4396508063491229	0.068589458
14.5002813952281571	0.069991201
14.5620834186558632	0.071414622
14.623314289665748	0.070724433
14.6837905946497731	0.069737651
14.7438266869023629	0.069222367
14.8042310773679162	0.069681461
14.8658527694952021	0.071051778
14.9267170372213478	0.070183684
14.9865792638934625	0.068919574
15.0447347999364531	0.066848589
15.1015247673500461	0.065160689
15.1577460898951504	0.064460958
15.2137201521596275	0.06409936
15.2692051658832657	0.063476763
15.324769377830334	0.063530877
15.3809905220956988	0.064216001
15.4384951449330377	0.06562263
15.4979865114495468	0.067816943
15.5571348918831838	0.06729804
15.6145043171611313	0.065259551
15.6708715996426111	0.0642798
15.7269218894153475	0.064107369
15.7832725159916265	0.064539201
15.8406244387291224	0.065754264
15.8979760907274095	0.065736126
15.9558555725632623	0.066236399
16.0148570295755235	0.067435114
16.0733500158453815	0.066846271
16.1317251343812131	0.066679642
16.1892388292531244	0.065671653
16.2461592524479137	0.064988959
16.3030174949889677	0.064902801
16.3603484428694763	0.065389439
16.4186625607555285	0.06644925
16.4782556725535123	0.067846392
16.5381573276390981	0.068121965
16.5970721578078013	0.067067119
16.6555397205391635	0.066642901
16.7140363197565449	0.066637179
16.7730644964386606	0.067183662
16.8331058136990031	0.068351489
16.8942937075944002	0.069620497
16.9546684631011964	0.068717053
17.0148688973722351	0.068550519
17.0756006482581206	0.069062756
17.1375394120536022	0.070369177
17.1980875100896462	0.068827398
17.2577308604719413	0.067772104
17.3171399952608098	0.067468881
17.3769136300917744	0.067775889
17.4377217720096809	0.068741621
17.4976211438491234	0.067697541
17.5567196054348251	0.066816802
17.6155742026437458	0.06663184
17.6747168658053759	0.06703137
17.734722369841009	0.067995171
17.7946266292402484	0.067806424
17.8531814615425262	0.06621113
17.9109972991144453	0.065390238
17.9686178429769079	0.065139121
18.0265638239628814	0.065521306
18.0853517627249403	0.066491804
18.1455833859609719	0.068125102
18.2066034532455205	0.068950834
18.2661285412564105	0.067183868
18.3248045838740019	0.06612903
18.3832095867594845	0.065691802
18.441884320551484	0.065893775
18.5013640568041708	0.066775739
18.5622472672307772	0.068303083
18.625214041910592	0.070562585
18.6866741074408722	0.068837617
18.747269750370382	0.067938892
18.80762333309114	0.067710305
18.8682971254409217	0.068076169
18.9298659882587756	0.069082622
18.9929365523273006	0.070708182
19.0565527350318717	0.071322734
19.119657130064116	0.070767335
19.182622453296819	0.070623979
19.2457634503843167	0.070778615
19.309408218681984	0.071273554
19.3739067392389153	0.072235714
19.4379560273218246	0.071751935
19.5009543657494078	0.070502522
19.5632647099655053	0.069565063
19.6252056660413885	0.068959457
19.6868303895910763	0.068609975
19.747863466829898	0.068067659
19.8085613273842398	0.067830629
19.8691656759104198	0.067658425
19.9299290813964554	0.067636377
19.9911326957211237	0.067895401
