0.0544191913779456457	0.066927257
0.107284564527820009	0.12317164
0.157199341102769619	0.077130012
0.206356414521824238	0.065380984
0.255402942232100139	0.062791233
0.305045393711926405	0.063005853
0.35585129586435682	0.063859361
0.408298442482505908	0.065325472
0.462905750394356774	0.06746799
0.520242748837675739	0.070405609
0.576856182607486723	0.069212219
0.633127721436195223	0.068561024
0.689875184933584684	0.068968088
0.747998037739293742	0.070486846
0.807017415378487368	0.071403173
0.864954185154731658	0.06992248
0.920680849915347377	0.067178761
0.975060683776776016	0.065497165
1.02882132727979791	0.064732673
1.08261600097065447	0.064660975
1.13706892327715203	0.065365657
1.19214930664407848	0.066099999
1.24691071073336235	0.065690659
1.30191823511824256	0.06591558
1.35775774762018253	0.066871
1.41461008306607283	0.067964736
1.47091568077283652	0.067224694
1.52698144374527001	0.066891563
1.58309515738334916	0.066870454
1.63950838283169253	0.067143359
1.69644507741092476	0.067695368
1.75411570299318642	0.068523999
1.81272832069085932	0.06964222
1.87000522597918661	0.068118624
1.92663877867054056	0.067437865
1.98339104676433453	0.067550892
2.04102998126976187	0.068616612
2.10038821149735577	0.070703921
2.15907260225273046	0.069997072
2.21654385095958739	0.068676969
2.27290350202554903	0.067516035
2.32861844866490841	0.066772337
2.38410670185945417	0.066436564
2.43899566920103572	0.065680245
2.49368903576713175	0.065430455
2.54885771794478311	0.065952698
2.60518596003944491	0.067253489
2.66347790330464651	0.069602274
2.72265214895979701	0.070646062
2.78026642561513215	0.068869969
2.83642645651458958	0.067168489
2.89188026939705534	0.066339528
2.94727998741290342	0.0662689
3.00327791216688	0.066968032
3.06056264944229817	0.068485526
3.11800249568821508	0.068696532
3.17464495296105209	0.067756761
3.23104047698257402	0.067478225
3.28743799930750225	0.067578661
3.34441267811897447	0.068289503
3.40164667476428928	0.068606506
3.45842790725642413	0.068082667
3.51541641747088285	0.068351517
3.57282736353795682	0.068915099
3.6310578542998786	0.070007965
3.69100963566832041	0.072094148
3.75062639579039336	0.071705194
3.81011784615962812	0.071539672
3.86943888889295673	0.071162947
3.92716508422932886	0.069093835
3.98396632177607524	0.067969591
4.04045075778949858	0.067666496
4.09695248946110802	0.067736856
4.15378750686317044	0.068186738
4.21152895446210618	0.069286216
4.27077782464886724	0.071073819
4.33110760540075646	0.07234029
4.3903169704266789	0.070976513
4.4489966076594305	0.070329139
4.50770692115840976	0.070321073
4.56699283805239453	0.070974928
4.62613306978911432	0.070783143
4.68518243220568564	0.070668138
4.74483687663606002	0.071278753
4.80439003252543184	0.071000415
4.86383843350803335	0.070833283
4.92395648311615108	0.071660126
4.98396796629842065	0.071611025
5.04287846094106307	0.07035097
5.10091667849484054	0.069334066
5.15861643208150511	0.069003979
5.21650039249088149	0.069269267
5.27506656903160476	0.070101782
5.33315631036520266	0.069533681
5.39111162169810587	0.069386627
5.44935521982141235	0.069800336
5.50857185707959296	0.070892669
5.56790632960215959	0.070895275
5.62612870623916184	0.069540732
5.68391011423537673	0.069003616
5.74187668227843151	0.069214288
5.80013930888255658	0.069577423
5.85917142600634033	0.070441012
5.91739594073379926	0.069440538
5.97480819806394159	0.068406738
6.03190323826838704	0.067949216
6.08914715295516284	0.068005897
6.14699575032488799	0.068690433
6.20484643985591067	0.0687523
6.26184266468053696	0.067754036
6.31827390013757206	0.067117949
6.37421810150415258	0.066588392
6.43009607127694949	0.066510896
6.48631658362817376	0.066926372
6.5432867446386922	0.067872353
6.60095850329936606	0.06878355
6.65958294953003715	0.069940973
6.71824245974611856	0.069949144
6.77685904622001178	0.069862795
6.83501860405872019	0.069391196
6.89253749261339088	0.06868553
6.94976411112416059	0.06831166
7.00713580819353155	0.068438672
7.06417801746988339	0.068032092
7.12018936545681669	0.066769631
7.17562229231641791	0.066069149
7.23049389788333929	0.065426164
7.28514152911808566	0.065185155
7.33997267133216269	0.065288234
7.39540437713475729	0.065878981
7.45148746595884681	0.066584122
7.50837954493806059	0.067501176
7.56627589046384674	0.068638701
7.62414062400227177	0.06851193
7.68243234442661826	0.068941401
7.74161734733187501	0.069891586
7.80118723590023855	0.070293129
7.86078746279112828	0.070467614
7.92085149334818439	0.071283496
7.98026250789018299	0.070612181
8.03847596230350447	0.069122884
8.09578270587326543	0.067993389
8.15260776549306065	0.06739572
8.20937894549054192	0.067434567
8.26619333328159733	0.067584373
8.32330134530312193	0.068011308
8.38077074814645862	0.068482386
8.43798500696302867	0.068166767
8.49508562231547337	0.068019687
8.55226304556518713	0.068047323
8.6088152737065613	0.067264286
8.66430006327473379	0.065911508
8.71939152969687647	0.065296576
8.77476758559155634	0.065488285
8.83117945550597661	0.066641197
8.88950098235185138	0.068840213
8.94766011099525294	0.068667826
9.00500371076565109	0.067688862
9.06153247826026309	0.066681161
9.11725193868386619	0.065661706
9.17266008918842779	0.065293143
9.22840577514187466	0.065714395
9.28521588874149906	0.067014833
9.34241715633914538	0.067599526
9.40042784801697273	0.068631515
9.45838466638867992	0.068568402
9.51544795469614968	0.067488826
9.57246490798638305	0.067364921
9.62940272406071252	0.067191506
9.68557405053687148	0.0663892
9.74187911528886552	0.066716532
9.7992391104618779	0.067919975
9.85812907308246977	0.069494114
9.91719605267001825	0.069494136
9.97564047080192395	0.068706836
10.0336411415469868	0.068230149
10.0916125626437214	0.06830616
10.1497106772337737	0.068537448
10.2077875596081498	0.068483859
10.2663294932362898	0.068878255
10.3258282652158062	0.069857334
10.384494276360364	0.068879365
10.4425305251002385	0.068219292
10.500600502131288	0.068369811
10.5590784065869414	0.068925132
10.6177805359772002	0.069183304
10.6758071565363171	0.068365701
10.733606234487608	0.068088842
10.7909863551145175	0.067532131
10.8472875041888575	0.066331486
10.9026307549950623	0.065180389
10.9573202669992842	0.06432783
11.0117477127378081	0.063907398
11.0661066682893203	0.063748843
11.1198983641173221	0.063027723
11.1734689598399335	0.062738452
11.2271354452321948	0.062814539
11.2811987530062527	0.063174669
11.3359435127216948	0.063888645
11.3907968393992807	0.064017321
11.444336653418306	0.062557376
11.4969267084709728	0.061472594
11.5488699860057693	0.060669053
11.6004448439642793	0.060175576
11.6519094459503396	0.060040681
11.7034993774230944	0.060225518
11.755445264663436	0.060692775
11.8080108672056099	0.061450881
11.8613308651363738	0.062303292
11.9156662956323363	0.063370354
11.9713614872332457	0.064892467
12.0281196755005393	0.066168091
12.084321387157706	0.065634793
12.1402109720525004	0.065312118
12.1957935551078709	0.064919061
12.2513655382751008	0.064921418
12.3072884090775361	0.065296207
12.3639281056784931	0.066060942
12.4214426150012258	0.066965587
12.4799361553576169	0.067977733
12.5389864030200027	0.068584223
12.5974972977166164	0.067896646
12.655902461949637	0.067762713
12.7146003402490315	0.068059143
12.7739925895372259	0.068787898
12.8343779245355556	0.069842427
12.8937480935955708	0.068658833
12.952548286487275	0.068065862
13.0111680887838705	0.067889571
13.0699991417303867	0.068020312
13.1294378898959199	0.068575919
13.1897529002774032	0.069485975
13.2496289190134782	0.068978469
13.3087398988159542	0.068167546
13.367528024213982	0.067810019
13.4263832575687978	0.067829658
13.4856944090250508	0.068250912
13.5453689214148199	0.068605814
13.6053072669630986	0.068891433
13.6659673746092363	0.069709942
13.7256403136821081	0.068515521
13.784665277321416	0.06774352
13.8435588815593373	0.067620389
13.9028423079531276	0.0681036
13.9626843697239771	0.068681118
14.0230260394951571	0.069069521
14.0843320302851076	0.070033943
14.1446664981552814	0.06889674
14.203972604033769	0.067833463
14.2627086999056818	0.067270942
14.3212919969775481	0.067091898
14.3801354727980932	0.06735031
14.4396508063491229	0.068005014
14.5002813952281571	0.069254188
14.5620834186558632	0.070718863
14.623314289665748	0.070088164
14.6837905946497731	0.069242489
14.7438266869023629	0.068609555
14.8042310773679162	0.068889537
14.8658527694952021	0.070232862
14.9267170372213478	0.069535362
14.9865792638934625	0.068537471
15.0447347999364531	0.066611562
15.1015247673500461	0.065017225
15.1577460898951504	0.064200664
15.2137201521596275	0.063777113
15.2692051658832657	0.063289271
15.324769377830334	0.063458884
15.3809905220956988	0.064225609
15.4384951449330377	0.065612853
15.4979865114495468	0.067750532
15.5571348918831838	0.067376574
15.6145043171611313	0.065513514
15.6708715996426111	0.064550667
15.7269218894153475	0.064164738
15.7832725159916265	0.064313468
15.8406244387291224	0.065356655
15.8979760907274095	0.065383324
15.9558555725632623	0.066057455
16.0148570295755235	0.067420704
16.0733500158453815	0.066834962
16.1317251343812131	0.066560402
16.1892388292531244	0.065455325
16.2461592524479137	0.064841167
16.3030174949889677	0.064855601
16.3603484428694763	0.065389039
16.4186625607555285	0.066441695
16.4782556725535123	0.067774012
16.5381573276390981	0.068013321
16.5970721578078013	0.066891973
16.6555397205391635	0.066393552
16.7140363197565449	0.066407392
16.7730644964386606	0.066914338
16.8331058136990031	0.067926339
16.8942937075944002	0.069113284
16.9546684631011964	0.068170785
17.0148688973722351	0.068053096
17.0756006482581206	0.068708788
17.1375394120536022	0.070076902
17.1980875100896462	0.068515452
17.2577308604719413	0.067535796
17.3171399952608098	0.067288051
17.3769136300917744	0.067738868
17.4377217720096809	0.068943756
17.4976211438491234	0.067912638
17.5567196054348251	0.067078989
17.6155742026437458	0.066901832
17.6747168658053759	0.067182239
17.734722369841009	0.068068988
17.7946266292402484	0.067838956
17.8531814615425262	0.066286888
17.9109972991144453	0.065520574
17.9686178429769079	0.065350032
18.0265638239628814	0.065790196
18.0853517627249403	0.066698847
18.1455833859609719	0.068285571
18.2066034532455205	0.069215939
18.2661285412564105	0.067514845
18.3248045838740019	0.066649098
18.3832095867594845	0.066435683
18.441884320551484	0.066752754
18.5013640568041708	0.067667894
18.5622472672307772	0.069237857
18.625214041910592	0.071447272
18.6866741074408722	0.069591188
18.747269750370382	0.068598313
18.80762333309114	0.068324908
18.8682971254409217	0.068695961
18.9298659882587756	0.069770845
18.9929365523273006	0.071481347
19.0565527350318717	0.07190086
19.119657130064116	0.071185795
19.182622453296819	0.071041956
19.2457634503843167	0.071335482
19.309408218681984	0.071991672
19.3739067392389153	0.073008845
19.4379560273218246	0.072428957
19.5009543657494078	0.07115174
19.5632647099655053	0.070330219
19.6252056660413885	0.069855123
19.6868303895910763	0.069480763
19.747863466829898	0.068745669
19.8085613273842398	0.068329826
19.8691656759104198	0.068243858
19.9299290813964554	0.06838236
19.9911326957211237	0.068783877
