/*--------------------------------*- C++ -*----------------------------------*\
| =========                 |                                                 |
| \\      /  F ield         | OpenFOAM: The Open Source CFD Toolbox           |
|  \\    /   O peration     | Version:  v1812                                 |
|   \\  /    A nd           | Web:      www.OpenFOAM.com                      |
|    \\/     M anipulation  |                                                 |
\*---------------------------------------------------------------------------*/
FoamFile
{
    version     2.0;
    format      ascii;
    class       volScalarField;
    location    "20000";
    object      nuTilda;
}
// * * * * * * * * * * * * * * * * * * * * * * * * * * * * * * * * * * * * * //

dimensions      [0 2 -1 0 0 0 0];


internalField   nonuniform List<scalar> 
3770
(
0.0004780001408465665
0.0004780001408402053
0.0004780001408421369
0.0004780001408417078
0.000478000140841568
0.0004780001408421706
0.0004780001408419946
0.0004780001408420707
0.0004780001408419279
0.0004780001408416222
0.0004780001408406312
0.0004780001408415975
0.0004780001408410467
0.0004780001408414317
0.0004780001408459713
0.000478000140839947
0.0004780001408412181
0.0004780001408428908
0.0004780001408416435
0.0004780001408409984
0.0004780001408362216
0.0004780001408400416
0.0004780001408387416
0.000478000140845633
0.0004780001408438574
0.0004780001408399625
0.0004780001408388491
0.0004780001408447967
0.0004780001408420806
0.0004780001408396591
0.000478000140840863
0.0004780001408407757
0.000478000140845411
0.0004780001408391067
0.0004780001408384884
0.0004780001408459097
0.0004780001408401128
0.0004780001408407663
0.0004780001408437145
0.0004780001408375634
0.0004780001408336855
0.0004780001408462701
0.0004780001408460598
0.0004780001408379601
0.0004780001408389636
0.0004780001408419319
0.0004780001408461296
0.0004780001408405623
0.0004780001408421394
0.0004780001408418294
0.0004780001408426937
0.000478000140839553
0.0004780001408357848
0.0004780001408417194
0.0004780001408382358
0.0004780001408414911
0.0004780001408354011
0.0004780001408421024
0.0002400418477478645
0.0002400418476764031
0.0002400418477276521
0.0002400418477241869
0.0002400418477194721
0.0002400418476919665
0.0002400418476995378
0.0002400418476921581
0.0002400418477006222
0.0002400418476862633
0.0002400418477038773
0.0002400418476923569
0.0002400418477321426
0.0002400418477060982
0.0002400418477450135
0.0002400418476452408
0.0002400418477139587
0.0002400418477237598
0.0002400418477167031
0.0002400418476730385
0.0002400418476597337
0.0002400418476911773
0.0002400418477279028
0.0002400418477519108
0.0002400418477231093
0.0002400418476725367
0.0002400418476604824
0.0002400418477020077
0.0002400418477064394
0.000240041847677968
0.0002400418476703619
0.0002400418477076499
0.000240041847756803
0.0002400418476476576
0.000240041847707829
0.0002400418477234919
0.0002400418477248381
0.0002400418477224793
0.0002400418477266988
0.0002400418476740996
0.0002400418476964377
0.0002400418477524742
0.0002400418478145702
0.0002400418476461402
0.0002400418477324881
0.0002400418477012207
0.0002400418477653548
0.0002400418476660765
0.0002400418477095708
0.0002400418477185636
0.0002400418477327755
0.0002400418477279558
0.0002400418476480129
0.0002400418476909084
0.0002400418476977397
0.0002400418477067579
0.0002400418477056295
0.0002400418477355658
0.0002109108540260827
0.0002109108534816154
0.0002109108539151411
0.0002109108538504216
0.0002109108539185118
0.0002109108538465502
0.0002109108539206617
0.0002109108538475173
0.0002109108539213954
0.0002109108538472617
0.000210910853945578
0.0002109108537373726
0.0002109108539167315
0.0002109108537871558
0.0002109108540740159
0.0002109108534683297
0.0002109108539730467
0.0002109108539747152
0.0002109108539692063
0.0002109108537048212
0.0002109108535829125
0.0002109108537746428
0.0002109108539748504
0.0002109108539977509
0.0002109108537685664
0.0002109108537022972
0.0002109108536492047
0.0002109108537925511
0.0002109108539531025
0.0002109108537201602
0.0002109108536910649
0.0002109108538720081
0.0002109108540530582
0.0002109108534509985
0.0002109108539326652
0.0002109108539584065
0.0002109108538480999
0.0002109108538801632
0.000210910853851116
0.000210910853580755
0.0002109108538562855
0.000210910853982726
0.0002109108543201039
0.0002109108533804879
0.0002109108539993567
0.0002109108538031343
0.000210910854153792
0.000210910853487453
0.0002109108539757025
0.0002109108538265653
0.0002109108537644455
0.0002109108540744496
0.0002109108534991167
0.0002109108538328259
0.0002109108539333018
0.0002109108538742444
0.0002109108538594445
0.0002109108540840654
0.0002621321243384917
0.0002621321234589288
0.0002621321248157588
0.0002621321246740112
0.0002621321248242603
0.0002621321247168406
0.0002621321248361155
0.000262132124733058
0.0002621321249088622
0.0002621321248437688
0.0002621321250120331
0.0002621321243221484
0.0002621321238395851
0.0002621321248955624
0.0002621321245145673
0.0002621321235837271
0.0002621321250170304
0.0002621321244291047
0.0002621321238417277
0.0002621321251074381
0.000262132123499914
0.0002621321243412827
0.0002621321250185267
0.000262132124443872
0.0002621321237571267
0.0002621321250654843
0.0002621321236554644
0.0002621321242546273
0.0002621321252115695
0.0002621321235364038
0.0002621321242869878
0.0002621321248987276
0.0002621321244972916
0.0002621321236320216
0.0002621321250150607
0.0002621321243912819
0.0002621321238337671
0.0002621321251947903
0.0002621321235311351
0.0002621321243752832
0.0002621321250473464
0.0002621321246250768
0.000262132125444397
0.000262132123414489
0.0002621321246309455
0.0002621321250344321
0.0002621321249136143
0.0002621321236526958
0.0002621321253505836
0.0002621321237703629
0.0002621321245109808
0.0002621321253770093
0.0002621321237978959
0.0002621321244907252
0.0002621321251908233
0.00026213212462473
0.000262132123962172
0.0002621321250688473
0.000318869475550002
0.0003188694764561924
0.0003188694775827772
0.0003188694772519872
0.0003188694775567844
0.0003188694773894186
0.0003188694775418645
0.0003188694773797383
0.0003188694777320657
0.000318869477598338
0.000318869478068106
0.0003188694757364493
0.0003188694769604434
0.0003188694779435313
0.0003188694758624221
0.0003188694767006041
0.000318869478056339
0.0003188694758543945
0.0003188694767944775
0.0003188694779208046
0.0003188694758274296
0.0003188694767649581
0.000318869478045413
0.000318869475877391
0.0003188694767132922
0.0003188694776710163
0.0003188694770330512
0.0003188694759018614
0.0003188694777771348
0.0003188694768992373
0.0003188694760395997
0.0003188694779110942
0.0003188694759427987
0.0003188694767145946
0.0003188694781154433
0.0003188694757230556
0.0003188694769047128
0.0003188694780193692
0.0003188694758360819
0.0003188694768664498
0.000318869477910937
0.0003188694772484356
0.0003188694783027484
0.0003188694757470872
0.0003188694771481872
0.000318869477939634
0.0003188694775090936
0.0003188694760514777
0.0003188694780402441
0.0003188694772672603
0.0003188694763441798
0.0003188694780972427
0.0003188694773688517
0.000318869476387607
0.0003188694783858823
0.0003188694762563743
0.0003188694771448961
0.0003188694782731544
0.0003790786790782069
0.0003790786801240096
0.0003790786812847749
0.0003790786805727
0.0003790786811212218
0.0003790786809346769
0.0003790786810067055
0.0003790786807971779
0.0003790786813618908
0.0003790786810356739
0.0003790786814663256
0.0003790786794605085
0.0003790786806640187
0.0003790786814872638
0.0003790786794194363
0.0003790786803360712
0.0003790786813562239
0.0003790786803236974
0.0003790786797601617
0.0003790786811750009
0.0003790786804667323
0.0003790786796041309
0.0003790786813325609
0.0003790786803639521
0.0003790786797262568
0.0003790786812111762
0.0003790786807495387
0.000379078679458529
0.0003790786813089028
0.0003790786806242497
0.0003790786795721083
0.0003790786812233727
0.0003790786804752069
0.0003790786797231169
0.0003790786816865332
0.000379078679272244
0.0003790786805349025
0.0003790786812944208
0.0003790786804844105
0.0003790786797987825
0.0003790786814715852
0.0003790786808779205
0.0003790786818350619
0.0003790786794766551
0.0003790786807418532
0.000379078681545651
0.000379078681077397
0.000379078679816258
0.0003790786816499106
0.0003790786810871713
0.0003790786799893305
0.0003790786817423152
0.0003790786811974119
0.0003790786800439839
0.0003790786817950512
0.0003790786809279588
0.0003790786802775657
0.000379078682020414
0.0004579854881119042
0.0004579854889740804
0.0004579854898023588
0.0004579854886515284
0.0004579854893094486
0.0004579854897044115
0.0004579854888188062
0.0004579854891946343
0.0004579854896785556
0.0004579854894177361
0.0004579854888557178
0.000457985488998778
0.0004579854890706213
0.0004579854897284432
0.0004579854881972152
0.0004579854889096177
0.0004579854895406159
0.00045798548888177
0.0004579854884561812
0.0004579854894739263
0.0004579854889192529
0.0004579854883973455
0.0004579854895163486
0.000457985488882239
0.0004579854884385788
0.0004579854894912007
0.0004579854889789408
0.000457985488356698
0.0004579854895048996
0.000457985488929198
0.0004579854883814617
0.0004579854894631843
0.0004579854888991541
0.0004579854884539957
0.0004579854897424498
0.0004579854881085705
0.0004579854889484523
0.0004579854895095332
0.0004579854889386245
0.0004579854885073666
0.0004579854896710608
0.0004579854892957131
0.0004579854898524157
0.000457985488274265
0.0004579854891038591
0.0004579854897062077
0.0004579854892161444
0.0004579854886286126
0.0004579854897859817
0.0004579854892666793
0.0004579854887191782
0.0004579854898461072
0.0004579854893180235
0.000457985488732146
0.0004579854898296274
0.0004579854892166476
0.0004579854887570779
0.0004579854899147067
0.0005556359022665867
0.0005556359028315494
0.0005556359032961908
0.0005556359024840985
0.0005556359029387532
0.0005556359032615123
0.0005556359025461956
0.0005556359028826598
0.0005556359032686207
0.0005556359026037275
0.0005556359026738335
0.0005556359028680932
0.0005556359027904846
0.0005556359031512093
0.00055563590220902
0.0005556359026608905
0.0005556359030141097
0.0005556359026117261
0.0005556359023830167
0.0005556359029764864
0.0005556359026106174
0.0005556359023473225
0.000555635902976924
0.0005556359025836448
0.0005556359023539163
0.0005556359029598828
0.0005556359025971086
0.0005556359023117294
0.0005556359029481863
0.0005556359025717148
0.0005556359023126333
0.0005556359029306614
0.0005556359025664844
0.0005556359023523519
0.0005556359030838707
0.0005556359021168433
0.0005556359026270194
0.0005556359029682117
0.0005556359026079919
0.0005556359023900051
0.0005556359030678368
0.0005556359029629998
0.0005556359031571676
0.0005556359022568749
0.0005556359027485589
0.0005556359031150489
0.0005556359027988746
0.0005556359025415967
0.0005556359031984227
0.0005556359028563989
0.0005556359026066553
0.0005556359032449111
0.0005556359028935688
0.0005556359026165642
0.0005556359032264634
0.0005556359028455734
0.0005556359026073376
0.0005556359032345242
0.000671169558767287
0.00067116955909881
0.0006711695593310729
0.0006711695588792038
0.0006711695591376741
0.0006711695593069978
0.000671169558882055
0.0006711695590810511
0.0006711695592930528
0.0006711695588151286
0.0006711695589438508
0.0006711695590480462
0.0006711695590405383
0.0006711695591634421
0.0006711695586444804
0.0006711695588954331
0.0006711695590726213
0.0006711695588519509
0.0006711695587337522
0.0006711695590413234
0.0006711695588300444
0.0006711695586973239
0.0006711695590196322
0.0006711695587971121
0.0006711695586882629
0.0006711695589962045
0.0006711695587814308
0.0006711695586491408
0.0006711695589729232
0.0006711695587602964
0.0006711695586423616
0.0006711695589644524
0.0006711695587589932
0.0006711695586618834
0.0006711695590425647
0.0006711695585335478
0.000671169558809238
0.0006711695589981452
0.0006711695587958675
0.0006711695586984938
0.0006711695590710152
0.0006711695590246219
0.0006711695590723452
0.0006711695586630703
0.000671169558909112
0.0006711695591116124
0.0006711695589745739
0.0006711695588571643
0.0006711695592130957
0.0006711695590264
0.0006711695589195775
0.0006711695592556855
0.000671169559073503
0.0006711695589425321
0.0006711695592497744
0.0006711695590472304
0.0006711695589927963
0.0006711695592035371
0.000809029177171489
0.0008090291772956195
0.0008090291774091594
0.0008090291772321092
0.000809029177346145
0.0008090291773817481
0.000809029177191619
0.0008090291772637297
0.0008090291773374169
0.0008090291771495489
0.0008090291771907447
0.0008090291772037281
0.0008090291772108963
0.000809029177231038
0.0008090291769945015
0.0008090291771036742
0.0008090291771721331
0.0008090291770671733
0.0008090291770133845
0.0008090291771371979
0.0008090291770330869
0.0008090291769649017
0.0008090291771020103
0.000809029176988065
0.0008090291769508443
0.0008090291770656271
0.0008090291769639954
0.0008090291769011747
0.0008090291770339188
0.0008090291769323036
0.0008090291768899509
0.0008090291770250292
0.0008090291769284877
0.0008090291768941476
0.0008090291770647795
0.0008090291768461588
0.0008090291769629034
0.0008090291770569258
0.0008090291769593925
0.0008090291769263046
0.0008090291771113918
0.0008090291770786208
0.0008090291770095164
0.0008090291769991866
0.0008090291770507934
0.0008090291771448073
0.0008090291771591931
0.0008090291771007812
0.0008090291772769568
0.0008090291771926108
0.0008090291771650037
0.0008090291773187753
0.0008090291772694754
0.0008090291772109318
0.0008090291773374692
0.0008090291772612174
0.0008090291772691593
0.0008090291772060119
0.0009785140833895563
0.0009785140835120855
0.0009785140834772182
0.0009785140834788358
0.0009785140835191263
0.0009785140834408432
0.0009785140834116415
0.000978514083389684
0.000978514083405563
0.0009785140833171756
0.0009785140833332377
0.0009785140833040603
0.0009785140833144181
0.0009785140832918766
0.0009785140832329724
0.0009785140832441019
0.0009785140832565221
0.0009785140831991481
0.0009785140831965484
0.000978514083203285
0.0009785140831582624
0.0009785140831228807
0.0009785140831722904
0.0009785140830999731
0.0009785140831159449
0.0009785140831065507
0.000978514083086651
0.0009785140830464863
0.0009785140830677534
0.0009785140830240763
0.0009785140830305063
0.0009785140830480686
0.0009785140830140182
0.0009785140830154866
0.0009785140830867174
0.0009785140830176362
0.0009785140830302196
0.000978514083084958
0.0009785140830440161
0.0009785140830310417
0.0009785140831140753
0.0009785140831034551
0.0009785140830606584
0.0009785140831088974
0.0009785140831282614
0.0009785140831434487
0.0009785140832674645
0.0009785140832760677
0.0009785140833225023
0.0009785140832723907
0.0009785140833021247
0.0009785140833630851
0.0009785140833929692
0.0009785140833839315
0.0009785140834221318
0.0009785140834074476
0.0009785140833989915
0.0009785140833280844
0.001193794784956296
0.001193794785131974
0.001193794785002491
0.001193794785051121
0.001193794785136379
0.0011937947849511
0.001193794784963166
0.001193794784906902
0.001193794784925448
0.001193794784857112
0.001193794784874253
0.001193794784815911
0.001193794784834182
0.001193794784795531
0.001193794784800081
0.001193794784773287
0.001193794784783741
0.001193794784731677
0.001193794784734075
0.001193794784687968
0.001193794784667225
0.001193794784593683
0.001193794784727153
0.001193794784591647
0.001193794784638428
0.001193794784534286
0.001193794784640959
0.001193794784517188
0.001193794784527654
0.001193794784497303
0.001193794784503113
0.001193794784480614
0.00119379478447431
0.001193794784432135
0.001193794784576073
0.001193794784504828
0.001193794784451193
0.00119379478454041
0.00119379478451504
0.001193794784440149
0.001193794784530081
0.001193794784574881
0.001193794784483034
0.001193794784546696
0.001193794784634123
0.001193794784521051
0.001193794784810589
0.001193794784734994
0.001193794784810971
0.001193794784723276
0.001193794784786024
0.001193794784807299
0.001193794784890351
0.001193794784865932
0.001193794784925225
0.001193794784981024
0.001193794784980472
0.001193794784867234
0.001472456411537743
0.00147245641172482
0.001472456411574897
0.001472456411619883
0.001472456411728381
0.001472456411511338
0.001472456411538883
0.001472456411466361
0.001472456411495382
0.001472456411434936
0.001472456411461441
0.001472456411377249
0.001472456411400965
0.001472456411361317
0.001472456411392221
0.001472456411355039
0.00147245641137415
0.0014724564113138
0.001472456411311177
0.001472456411220191
0.001472456411217241
0.001472456411129222
0.001472456411278542
0.001472456411124848
0.001472456411167964
0.001472456411040598
0.001472456411157641
0.001472456411011923
0.001472456411023052
0.001472456411001805
0.001472456410994614
0.001472456410954041
0.001472456410952705
0.00147245641090887
0.001472456410965483
0.001472456411018783
0.001472456410907255
0.00147245641094904
0.001472456411015558
0.001472456410872959
0.001472456410955121
0.001472456411020619
0.001472456410921704
0.001472456410979451
0.001472456411095792
0.001472456410963319
0.001472456411224597
0.001472456411163057
0.001472456411158396
0.001472456411141468
0.001472456411301236
0.001472456411311868
0.001472456411344038
0.001472456411344552
0.001472456411509218
0.001472456411478493
0.001472456411547883
0.001472456411438922
0.001832812373758937
0.001832812373864131
0.001832812373772815
0.001832812373798974
0.001832812373889254
0.001832812373704343
0.001832812373744275
0.00183281237366427
0.001832812373695625
0.001832812373654534
0.001832812373706937
0.001832812373580406
0.001832812373602999
0.001832812373568408
0.001832812373625726
0.001832812373589088
0.001832812373631069
0.001832812373554161
0.001832812373565971
0.001832812373368579
0.001832812373436665
0.001832812373324466
0.00183281237341754
0.001832812373295354
0.001832812373314977
0.00183281237320359
0.001832812373212934
0.001832812373122549
0.001832812373133792
0.001832812373152739
0.001832812373108301
0.001832812373042962
0.001832812373049409
0.001832812372985458
0.001832812373022401
0.001832812373047697
0.00183281237295608
0.001832812372969789
0.001832812373035806
0.001832812372908409
0.001832812372967356
0.001832812373022614
0.001832812372957165
0.001832812372992845
0.00183281237309872
0.00183281237299993
0.001832812373130247
0.001832812373134323
0.001832812373135719
0.001832812373161312
0.001832812373296985
0.001832812373244166
0.001832812373409946
0.001832812373493322
0.001832812373554346
0.001832812373607113
0.001832812373637497
0.001832812373604934
0.002292527492534133
0.002292527492827838
0.002292527492637356
0.002292527492677809
0.00229252749274907
0.002292527492571725
0.002292527492644461
0.00229252749257612
0.002292527492575607
0.00229252749255487
0.002292527492712224
0.002292527492467382
0.002292527492505306
0.002292527492462782
0.002292527492570856
0.002292527492524887
0.002292527492644216
0.002292527492569644
0.002292527492496381
0.002292527492225924
0.002292527492282822
0.002292527492181194
0.002292527492247833
0.002292527492156948
0.002292527492178501
0.00229252749203395
0.002292527492033757
0.002292527491888945
0.002292527491935948
0.002292527491939141
0.002292527491771651
0.002292527491797397
0.002292527491846618
0.002292527491724789
0.002292527491771486
0.002292527491696564
0.002292527491643206
0.002292527491643442
0.002292527491728518
0.002292527491576065
0.002292527491619148
0.002292527491689252
0.00229252749162525
0.002292527491638665
0.002292527491758243
0.002292527491643325
0.002292527491680096
0.002292527491767416
0.002292527491754402
0.002292527491757108
0.002292527491908716
0.002292527491894636
0.002292527491945688
0.002292527492146982
0.002292527492119927
0.002292527492245848
0.002292527492447268
0.002292527492406417
0.002864866249581148
0.002864866250283943
0.002864866249693192
0.00286486624990351
0.002864866250106847
0.002864866249628739
0.002864866249843803
0.002864866249902452
0.002864866249678532
0.002864866249816264
0.002864866250119499
0.00286486624967309
0.002864866249834743
0.002864866249584845
0.002864866249903453
0.002864866249669421
0.002864866250043824
0.00286486624992768
0.002864866249932259
0.002864866249358274
0.002864866249522171
0.002864866249376151
0.002864866249468602
0.002864866249313442
0.002864866249341908
0.002864866249272552
0.002864866249420915
0.002864866248873669
0.002864866249042796
0.00286486624911869
0.002864866248688676
0.002864866248861448
0.002864866249033519
0.00286486624874842
0.00286486624879965
0.002864866248873189
0.002864866248480597
0.002864866248673137
0.00286486624889739
0.002864866248367752
0.002864866248607908
0.002864866248781175
0.002864866248410487
0.002864866248616144
0.002864866248851401
0.00286486624842566
0.002864866248581289
0.002864866248723254
0.002864866248650256
0.002864866248558766
0.002864866248883101
0.002864866248826241
0.002864866248677713
0.002864866249095428
0.002864866248917728
0.002864866249073536
0.002864866249579474
0.002864866249335036
0.003555683528369407
0.003555683529664964
0.003555683528569087
0.003555683528997894
0.003555683529335429
0.00355568352850886
0.003555683528893358
0.003555683529124789
0.003555683528513394
0.003555683528831383
0.003555683529294318
0.003555683528909121
0.003555683529007791
0.003555683528808691
0.003555683528954897
0.003555683528604693
0.003555683529341482
0.003555683529112214
0.003555683529144598
0.003555683528596842
0.003555683528688496
0.003555683528445929
0.003555683528624204
0.003555683528182846
0.003555683528368426
0.003555683528021065
0.003555683528708004
0.003555683527631414
0.003555683528024639
0.003555683528184493
0.003555683527325628
0.003555683527726589
0.003555683528183162
0.003555683527401691
0.00355568352766936
0.003555683527862743
0.003555683527053937
0.003555683527488747
0.003555683527966829
0.003555683526911773
0.003555683527409458
0.003555683527710743
0.003555683526918099
0.003555683527336624
0.003555683527705978
0.003555683527239932
0.003555683527135031
0.003555683527527909
0.003555683527180561
0.003555683527276795
0.003555683527692534
0.003555683527472547
0.003555683527210498
0.003555683527743821
0.003555683527572394
0.003555683527724219
0.003555683528369486
0.00355568352789244
0.004361345334794544
0.004361345337123984
0.004361345335521595
0.004361345336093923
0.004361345336580109
0.004361345335128268
0.004361345335904605
0.004361345336468939
0.004361345335006336
0.004361345335733743
0.00436134533660848
0.00436134533587098
0.004361345336252622
0.004361345335903876
0.004361345335344456
0.00436134533526047
0.004361345336680165
0.004361345336192612
0.00436134533647493
0.00436134533582719
0.004361345335918879
0.004361345335243395
0.004361345335860058
0.00436134533445262
0.004361345335177028
0.004361345334637294
0.004361345336133917
0.00436134533406533
0.004361345335006261
0.004361345335258323
0.004361345333779549
0.004361345334463715
0.004361345335551495
0.004361345333633671
0.00436134533447566
0.004361345334872643
0.004361345333397024
0.004361345334176432
0.004361345335181044
0.004361345333218773
0.004361345334170422
0.004361345334681965
0.004361345333174458
0.004361345333907875
0.004361345334707121
0.004361345333734884
0.004361345333902506
0.004361345334392163
0.004361345333265616
0.004361345333774006
0.00436134533450928
0.004361345333797968
0.00436134533361473
0.004361345334383492
0.004361345333857037
0.004361345333754637
0.004361345334889439
0.004361345334205726
0.005256917951672463
0.00525691795497024
0.005256917952615787
0.005256917953188132
0.005256917954299821
0.005256917951404795
0.005256917953050329
0.005256917954339602
0.005256917951293406
0.005256917952847926
0.00525691795432907
0.005256917952810743
0.00525691795358576
0.00525691795331584
0.005256917952547594
0.005256917951697279
0.005256917954299999
0.00525691795368421
0.005256917954079828
0.005256917953365568
0.005256917953431486
0.005256917951913576
0.005256917952536939
0.005256917951931105
0.005256917952080028
0.005256917951840527
0.005256917954023398
0.005256917950228129
0.005256917952125265
0.005256917952962852
0.005256917949895037
0.005256917951451827
0.005256917953355428
0.005256917949822042
0.005256917951480758
0.005256917952536358
0.005256917949472021
0.005256917951132171
0.005256917952932143
0.005256917949449607
0.005256917951143976
0.005256917952311282
0.005256917949274018
0.00525691795075624
0.005256917952062267
0.005256917950749594
0.005256917950096862
0.005256917952004537
0.005256917949165424
0.005256917950670232
0.005256917952173631
0.005256917949547711
0.00525691795082328
0.005256917951963375
0.005256917949687441
0.005256917950892871
0.005256917952626836
0.005256917949518235
0.006183631855544992
0.00618363185938524
0.006183631857255148
0.00618363185567784
0.006183631859358402
0.006183631854133113
0.006183631857102278
0.006183631859499029
0.006183631854163723
0.006183631857077036
0.006183631859820765
0.00618363185476652
0.006183631856798414
0.00618363185844859
0.006183631855601963
0.006183631855957144
0.006183631858954047
0.006183631858346826
0.006183631858229693
0.006183631857796538
0.00618363185821609
0.006183631855493945
0.00618363185462411
0.006183631857195301
0.006183631856164247
0.006183631854592937
0.006183631859131142
0.00618363185296301
0.006183631856092539
0.006183631858123688
0.006183631852500815
0.006183631855519845
0.006183631858372981
0.006183631852672539
0.006183631855453969
0.00618363185769753
0.00618363185213847
0.006183631855215356
0.006183631857995042
0.006183631852319481
0.006183631855087557
0.006183631857388025
0.006183631852333337
0.006183631854817695
0.006183631856928297
0.006183631854493213
0.006183631853460644
0.006183631857195748
0.006183631852185192
0.006183631854888303
0.00618363185731515
0.006183631852858576
0.006183631855208365
0.006183631857434158
0.006183631852641358
0.006183631855363727
0.006183631858104291
0.006183631852526904
0.007089740270291388
0.007089740274423313
0.007089740271309708
0.007089740269102124
0.007089740274975653
0.007089740267231201
0.007089740271541913
0.007089740275112309
0.007089740267687656
0.007089740271512812
0.007089740274516592
0.00708974027054097
0.007089740269358816
0.007089740273879246
0.007089740270871225
0.00708974026862903
0.007089740274098874
0.007089740273770833
0.007089740270982009
0.007089740270224301
0.007089740273348411
0.007089740269624153
0.007089740268018299
0.007089740272687245
0.007089740270506728
0.007089740268373462
0.007089740274819629
0.007089740266271514
0.007089740270516434
0.007089740273861006
0.007089740265606792
0.007089740270046778
0.007089740273954996
0.007089740265873485
0.007089740269926918
0.007089740273493396
0.007089740265302256
0.007089740269809469
0.007089740273703345
0.007089740265601933
0.007089740269429627
0.007089740272703984
0.00708974026719643
0.007089740269222626
0.007089740272471233
0.007089740269041737
0.007089740267468451
0.007089740273135387
0.007089740265878997
0.007089740269735711
0.007089740273286561
0.007089740266731787
0.007089740270245309
0.007089740273663043
0.007089740266630511
0.007089740270506716
0.00708974027437439
0.007089740266020081
0.007947299872596385
0.007947299877163548
0.007947299872489249
0.007947299870337883
0.007947299878138414
0.007947299868092138
0.007947299873563652
0.007947299878298694
0.00794729986915685
0.007947299873669473
0.007947299877482354
0.007947299872558494
0.007947299870747831
0.007947299877263784
0.007947299873448655
0.007947299870803601
0.007947299876620528
0.007947299874209557
0.007947299874830343
0.007947299870860201
0.00794729987609138
0.007947299871525624
0.007947299869344983
0.007947299875743023
0.007947299872589197
0.007947299869907486
0.00794729987812952
0.007947299867393861
0.007947299872573836
0.007947299877076937
0.007947299866941471
0.007947299872191208
0.007947299877168764
0.007947299866856711
0.007947299872054571
0.007947299876888775
0.007947299866340444
0.007947299872048912
0.007947299877092202
0.007947299866812186
0.007947299871434946
0.007947299875270746
0.007947299870807346
0.007947299869221019
0.0079472998756974
0.007947299871097749
0.007947299869565253
0.007947299876758875
0.007947299867340558
0.007947299872196868
0.007947299876830939
0.007947299868690276
0.007947299872948984
0.007947299877538413
0.007947299868340797
0.007947299873187737
0.007947299878149275
0.007947299867400455
0.008744823813410831
0.008744823818522816
0.008744823813033382
0.008744823810287303
0.008744823819780439
0.008744823807780751
0.008744823814180538
0.008744823820098224
0.008744823809202575
0.008744823814480647
0.008744823819192718
0.008744823813408161
0.008744823811031928
0.008744823819896679
0.008744823812089264
0.008744823815376572
0.008744823814263723
0.008744823817197036
0.008744823813695296
0.008744823810169394
0.008744823817428932
0.008744823812432606
0.00874482380947518
0.008744823817386419
0.008744823813387734
0.008744823810185823
0.008744823819968252
0.008744823807347615
0.008744823813299607
0.008744823818939023
0.008744823806931746
0.008744823812950513
0.008744823818945091
0.008744823806688487
0.008744823812809952
0.008744823818803321
0.008744823806310999
0.008744823812913569
0.008744823819064457
0.008744823807027242
0.008744823812184487
0.008744823816877712
0.008744823811750419
0.008744823809515724
0.00874482381831914
0.008744823809535288
0.008744823812816211
0.008744823818951744
0.008744823807486419
0.008744823813192618
0.008744823818803826
0.008744823809646892
0.0087448238141972
0.00874482381986043
0.008744823808727037
0.008744823814317395
0.00874482382025398
0.008744823807692124
0.00947935111606904
0.00947935112177016
0.009479351115693826
0.009479351112249701
0.009479351123171671
0.009479351109563321
0.009479351116654593
0.009479351123701853
0.009479351111137483
0.009479351117183224
0.009479351122845796
0.00947935111669479
0.009479351113292393
0.009479351121545816
0.009479351117694481
0.009479351118743236
0.009479351116996538
0.009479351120861743
0.009479351115265159
0.00947935111185742
0.009479351120596825
0.009479351116025273
0.009479351111614017
0.009479351120879026
0.009479351115950071
0.009479351112798358
0.009479351123582872
0.009479351109385187
0.009479351115960427
0.009479351122787636
0.009479351108575527
0.009479351115604539
0.009479351122519245
0.009479351108580121
0.009479351115460052
0.0094793511225048
0.009479351108553786
0.009479351115667728
0.009479351122830706
0.009479351109345445
0.009479351114861131
0.00947935112032584
0.009479351114738766
0.009479351112064735
0.009479351122666953
0.009479351109840852
0.009479351116049061
0.009479351122910791
0.009479351109533274
0.009479351116000134
0.009479351122511496
0.009479351112560173
0.009479351117207628
0.009479351123829379
0.009479351111092833
0.009479351117197093
0.009479351124035404
0.009479351109975439
0.01015149296799601
0.01015149297424416
0.01015149296765105
0.01015149296362546
0.01015149297571763
0.01015149296086709
0.01015149296838705
0.0101514929765685
0.01015149296221765
0.0101514929690387
0.01015149297558606
0.01015149297018916
0.01015149296601181
0.01015149297250724
0.01015149296943991
0.01015149296992843
0.01015149296799699
0.01015149297354087
0.01015149296676404
0.0101514929631956
0.01015149297308555
0.01015149296894557
0.01015149296339464
0.01015149297479715
0.01015149296367129
0.01015149296755514
0.01015149297638991
0.01015149296087002
0.01015149296789202
0.01015149297568657
0.01015149296020383
0.01015149296755948
0.01015149297526115
0.01015149295992936
0.01015149296740976
0.01015149297540597
0.01015149296051238
0.01015149296770502
0.01015149297576555
0.0101514929610732
0.01015149296687316
0.0101514929730385
0.01015149296681151
0.01015149296394862
0.01015149297586288
0.01015149296070227
0.01015149296822363
0.01015149297603957
0.01015149296084389
0.01015149296806405
0.01015149297549145
0.01015149296430567
0.01015149296935904
0.01015149297683586
0.01015149296285148
0.01015149296925731
0.01015149297691172
0.01015149296166466
0.01076292263130575
0.01076292263802376
0.01076292263096316
0.01076292262650761
0.01076292263952329
0.01076292262368
0.0107629226314511
0.0107629226405369
0.01076292262553838
0.01076292263210009
0.01076292263920488
0.01076292263568541
0.01076292263405175
0.01076292263126559
0.0107629226360505
0.01076292263237284
0.01076292262793324
0.01076292263760849
0.0107629226293326
0.01076292262651012
0.01076292263694319
0.01076292263292157
0.01076292262668418
0.01076292263965776
0.0107629226241098
0.01076292263128244
0.01076292264046272
0.01076292262388752
0.01076292263120994
0.01076292263985289
0.01076292262349907
0.01076292263088725
0.01076292263920989
0.01076292262310572
0.01076292263078585
0.01076292263960889
0.01076292262401784
0.01076292263113481
0.01076292263996808
0.01076292262425689
0.01076292263029515
0.01076292263707334
0.01076292263013797
0.01076292262721442
0.01076292264009208
0.01076292262372401
0.01076292263168508
0.01076292264038895
0.01076292262370587
0.0107629226315202
0.01076292264005447
0.01076292262639143
0.01076292263274745
0.01076292264099168
0.01076292262610894
0.01076292263261382
0.01076292264096241
0.01076292262495546
0.0113152933249154
0.01131529333201622
0.01131529332454128
0.01131529331979407
0.01131529333348602
0.01131529331681631
0.01131529332481672
0.01131529333467406
0.01131529331924904
0.01131529332576718
0.01131529333378956
0.01131529332921075
0.01131529332708352
0.01131529332750782
0.01131529333309007
0.01131529331908347
0.01131529332405991
0.0113152933334523
0.01131529331790666
0.01131529332298466
0.01131529333105553
0.01131529332681624
0.01131529332024925
0.01131529333414125
0.01131529331706167
0.01131529332492709
0.01131529333473149
0.01131529331732959
0.01131529332482918
0.01131529333421558
0.01131529331722909
0.01131529332445286
0.01131529333297297
0.01131529331829747
0.01131529332451534
0.01131529333400566
0.01131529331769891
0.0113152933248716
0.01131529333435278
0.01131529331777835
0.01131529332400727
0.01131529333131382
0.01131529332378403
0.01131529332075475
0.01131529333435167
0.01131529331727808
0.01131529332538618
0.01131529333481494
0.01131529331720858
0.01131529332521687
0.01131529333483558
0.01131529331908956
0.01131529332630585
0.01131529333522175
0.01131529331977535
0.01131529332617928
0.01131529333504656
0.011315293318943
0.01180984996480296
0.01180984997219704
0.01180984996435189
0.01180984995941847
0.01180984997343273
0.01180984995686112
0.01180984996447619
0.01180984997492999
0.01180984995890915
0.01180984996594027
0.01180984997590856
0.01180984997096052
0.01180984996244264
0.01180984996591102
0.01180984997412924
0.0118098499570651
0.01180984996425687
0.0118098499739687
0.01180984995674878
0.01180984996331684
0.01180984997142274
0.01180984996660055
0.01180984996009821
0.01180984997468176
0.01180984995682565
0.01180984996478795
0.01180984997518232
0.01180984995715183
0.01180984996472588
0.01180984997475569
0.01180984995732738
0.01180984996432793
0.01180984997312862
0.01180984995968529
0.01180984996455905
0.01180984997458573
0.01180984995741774
0.01180984996488561
0.01180984997490337
0.01180984995761148
0.01180984996397186
0.01180984997173304
0.01180984996380363
0.01180984996051566
0.01180984997452959
0.01180984995761135
0.01180984996533653
0.0118098499753702
0.01180984995710885
0.01180984996508671
0.01180984997547015
0.01180984995937487
0.01180984996604927
0.01180984997552122
0.01180984995983435
0.01180984996594769
0.01180984997514722
0.01180984995971244
0.01224732919769747
0.01224732920529931
0.01224732919710529
0.012247329192049
0.01224732920609292
0.01224732919102419
0.01224732919699727
0.01224732920796849
0.01224732919159342
0.01224732919891176
0.01224732920903617
0.01224732919984848
0.01224732919841904
0.01224732919497339
0.01224732920750545
0.01224732918948551
0.01224732919702423
0.01224732920673595
0.01224732919094329
0.0122473291963459
0.01224732920482907
0.01224732919901698
0.01224732919302614
0.01224732920809438
0.01224732918974025
0.0122473291976486
0.01224732920854654
0.01224732919005872
0.01224732919763221
0.01224732920820979
0.01224732919050505
0.01224732919726457
0.01224732920644309
0.01224732919356538
0.01224732919764012
0.01224732920812913
0.01224732919002619
0.01224732919789511
0.01224732920836131
0.0122473291905004
0.01224732919692236
0.01224732920507073
0.01224732919694825
0.01224732919323376
0.0122473292072725
0.01224732919214329
0.01224732919828427
0.0122473292088104
0.0122473291900872
0.01224732919791781
0.0122473292089157
0.01224732919280209
0.01224732919873666
0.01224732920864688
0.01224732919302608
0.01224732919869494
0.01224732920812464
0.01224732919377899
0.01262795462134968
0.01262795462908899
0.01262795462054239
0.01262795461543167
0.01262795462909159
0.012627954617424
0.01262795461964404
0.01262795463121422
0.0126279546162732
0.01262795462323903
0.01262795462918041
0.01262795462776801
0.0126279546213106
0.01262795461806875
0.01262795463145859
0.01262795461296884
0.01262795462054641
0.01262795463051561
0.01262795461527047
0.01262795462014716
0.01262795462913163
0.01262795462148469
0.01262795461715533
0.01262795463215741
0.01262795461345302
0.01262795462126748
0.01262795463256643
0.01262795461376138
0.01262795462130179
0.0126279546323348
0.0126279546145007
0.01262795462099815
0.01262795463056822
0.01262795461781776
0.01262795462148611
0.01262795463240596
0.01262795461371647
0.01262795462163799
0.01262795463248831
0.0126279546142101
0.01262795462062258
0.01262795462909493
0.01262795462094061
0.01262795461675954
0.01262795463077938
0.01262795461755487
0.01262795462196775
0.0126279546328974
0.01262795461387171
0.01262795462148806
0.01262795463294576
0.01262795461670939
0.01262795462214446
0.01262795463238315
0.01262795461708264
0.01262795462221626
0.01262795463190225
0.01262795461839032
0.01295144595621032
0.01295144596403607
0.01295144595514167
0.01295144595010497
0.01295144596289286
0.01295144595451325
0.01295144595051795
0.0129514459638943
0.01295144595551975
0.01295144595856652
0.01295144595917143
0.01295144596563308
0.01295144595013298
0.01295144595554522
0.01295144596656677
0.01295144594757851
0.01295144595535211
0.01295144596594514
0.01295144594929963
0.01295144595529551
0.01295144596622334
0.01295144595055273
0.01295144595520558
0.01295144596733955
0.01295144594837981
0.01295144595608448
0.01295144596767043
0.01295144594865312
0.01295144595617616
0.01295144596757551
0.01295144594974651
0.01295144595595089
0.01295144596587679
0.01295144595305474
0.0129514459565257
0.012951445967835
0.01295144594889966
0.01295144595656322
0.01295144596773431
0.01295144594918722
0.012951445955529
0.01295144596426614
0.0129514459561477
0.01295144595159867
0.0129514459657131
0.01295144595346318
0.01295144595681411
0.01295144596807723
0.01295144594888136
0.01295144595624479
0.01295144596801065
0.0129514459515246
0.01295144595673114
0.01295144596720655
0.01295144595238887
0.01295144595695963
0.01295144596695733
0.01295144595376792
0.01321701210487378
0.01321701211275996
0.01321701210355918
0.0132170120987155
0.01321701211149728
0.0132170121029723
0.01321701209860411
0.01321701211312144
0.01321701210464516
0.01321701210691779
0.01321701210386672
0.0132170121151555
0.01321701209721796
0.01321701210434198
0.01321701211539712
0.01321701209608488
0.01321701210395282
0.01321701211524014
0.01321701209702839
0.01321701210404318
0.01321701211534664
0.01321701209772977
0.01321701210439026
0.01321701211618783
0.01321701209710265
0.01321701210467884
0.01321701211643506
0.01321701209728291
0.01321701210483332
0.01321701211651309
0.01321701209881401
0.01321701210468934
0.01321701211491514
0.01321701210195801
0.01321701210532873
0.01321701211694692
0.01321701209794708
0.01321701210526565
0.01321701211668543
0.01321701209801031
0.01321701210423291
0.01321701211317658
0.01321701210508796
0.01321701210033476
0.01321701211461284
0.01321701210240254
0.01321701210540742
0.01321701211693307
0.01321701209767639
0.01321701210477202
0.01321701211671705
0.0132170120999416
0.01321701210508812
0.01321701211572604
0.01321701210145754
0.01321701210548364
0.01321701211578803
0.01321701210268895
0.01342331761352286
0.01342331762146996
0.01342331761213099
0.01342331760714454
0.01342331761976694
0.01342331761224604
0.01342331760833675
0.01342331761837938
0.01342331761965112
0.01342331761093758
0.01342331761372734
0.01342331762413066
0.01342331760539403
0.01342331761277226
0.0134233176241421
0.01342331760477056
0.01342331761247382
0.01342331762412261
0.01342331760617241
0.0134233176126274
0.01342331762375498
0.01342331760699618
0.01342331761310351
0.01342331762490875
0.0134233176058141
0.0134233176132429
0.01342331762506719
0.01342331760586466
0.01342331761345556
0.01342331762533435
0.01342331760788079
0.01342331761339359
0.01342331762385744
0.01342331761075146
0.01342331761407352
0.01342331762589197
0.0134233176069221
0.01342331761394275
0.01342331762553327
0.01342331760686413
0.01342331761292683
0.01342331762201687
0.01342331761392864
0.01342331760913211
0.0134233176235724
0.01342331761082566
0.01342331761395162
0.0134233176256574
0.01342331760643219
0.01342331761326469
0.0134233176252848
0.01342331760826372
0.0134233176134121
0.01342331762414738
0.01342331761043309
0.01342331761396086
0.01342331762452224
0.01342331761150708
0.01356841679009729
0.01356841679815873
0.01356841678907072
0.01356841678329206
0.0135684167951247
0.01356841679021756
0.01356841679057736
0.01356841678918212
0.01356841679640784
0.01356841679008116
0.01356841678694726
0.01356841680080393
0.01356841678199813
0.01356841678916369
0.01356841680076648
0.0135684167815293
0.01356841678895466
0.01356841680083157
0.01356841678350265
0.01356841678912612
0.01356841679998775
0.0135684167851237
0.01356841678968814
0.01356841680149845
0.01356841678250809
0.01356841678977234
0.01356841680159093
0.01356841678250314
0.01356841679002392
0.01356841680202478
0.0135684167849243
0.01356841679004799
0.0135684168006831
0.01356841678744679
0.01356841679074581
0.01356841680264839
0.01356841678378777
0.01356841679058558
0.01356841680226687
0.01356841678374069
0.01356841678960005
0.01356841679877109
0.01356841679067606
0.01356841678595667
0.01356841680050802
0.01356841678697836
0.01356841679045391
0.01356841680224516
0.01356841678313768
0.01356841678972159
0.01356841680172958
0.01356841678456758
0.01356841678970053
0.01356841680046499
0.01356841678730699
0.01356841679038615
0.01356841680117084
0.01356841678803656
0.01365361317398386
0.01365361318205882
0.0136536131737943
0.01365361316704681
0.01365361317772932
0.013653613173749
0.0136536131748441
0.0136536131747916
0.01365361318067233
0.01365361317373841
0.01365361316981229
0.01365361318469393
0.01365361316613442
0.01365361317292139
0.01365361318462929
0.01365361316563429
0.01365361317279023
0.01365361318477502
0.01365361316799543
0.01365361317299967
0.01365361318384141
0.01365361316963735
0.01365361317356096
0.01365361318533672
0.01365361316654948
0.0136536131736416
0.01365361318541497
0.01365361316671545
0.01365361317390479
0.01365361318596137
0.01365361316929052
0.01365361317402331
0.01365361318476755
0.0136536131714197
0.01365361317472129
0.01365361318660585
0.01365361316792749
0.01365361317456464
0.01365361318626584
0.01365361316800807
0.01365361317362277
0.01365361318281279
0.01365361317472516
0.01365361317015311
0.01365361318474647
0.01365361317041148
0.01365361317430447
0.0136536131860859
0.01365361316716461
0.01365361317352728
0.0136536131854531
0.013653613168274
0.01365361317333733
0.01365361318406584
0.01365361317143978
0.01365361317412725
0.01365361318513456
0.01365361317129302
0.01367939990097239
0.01367939990852018
0.01367939990146238
0.01367939989507806
0.01367939990267994
0.01367939990167088
0.01367939990128848
0.01367939990082004
0.01367939990760379
0.01367939990078485
0.0136793998962778
0.013679399911488
0.01367939989331822
0.01367939989971025
0.01367939991140215
0.0136793998927311
0.01367939989965256
0.01367939991162518
0.01367939989526508
0.01367939989991914
0.01367939991083386
0.01367939989647908
0.01367939990041254
0.01367939991209916
0.0136793998936181
0.01367939990052741
0.01367939991222323
0.01367939989415049
0.01367939990077586
0.01367939991282148
0.01367939989662929
0.01367939990099483
0.0136793999117887
0.01367939989835068
0.0136793999016802
0.01367939991346059
0.01367939989504181
0.01367939990155165
0.01367939991320928
0.01367939989534294
0.01367939990066804
0.01367939990981802
0.01367939990176077
0.01367939989737742
0.01367939991192156
0.01367939989694484
0.01367939990119408
0.01367939991287239
0.01367939989420004
0.01367939990037026
0.01367939991215371
0.01367939989509153
0.01367939990001832
0.01367939991065599
0.01367939989841102
0.01367939990074785
0.01367939991189847
0.01367939989752095
0.01364558415115655
0.01364558415755637
0.01364558414952451
0.01364558415086654
0.01364558414737354
0.01364558415392465
0.01364558415083002
0.01364558414638756
0.01364558415727608
0.01364558415120328
0.01364558414590759
0.0136455841611111
0.01364558414339409
0.01364558414945472
0.01364558416102478
0.01364558414276492
0.01364558414946565
0.01364558416131738
0.01364558414530578
0.01364558414979603
0.01364558416077526
0.01364558414595497
0.01364558415018498
0.01364558416171066
0.01364558414369328
0.01364558415037077
0.01364558416193882
0.01364558414443326
0.01364558415058344
0.01364558416254064
0.01364558414685338
0.01364558415089839
0.01364558416168553
0.01364558414817249
0.01364558415156239
0.01364558416316403
0.01364558414508924
0.01364558415147813
0.013645584163033
0.01364558414568142
0.01364558415066998
0.01364558415972275
0.01364558415171054
0.01364558414755224
0.01364558416193545
0.0136455841466164
0.01364558415107022
0.01364558416255698
0.01364558414419974
0.01364558415019995
0.01364558416178526
0.01364558414497715
0.01364558414971185
0.01364558416024293
0.01364558414783708
0.01364558414998929
0.01364558416064705
0.01364558414916358
0.01355136199998996
0.01355136199969676
0.01355136200346002
0.0135513619997551
0.01355136199487445
0.01355136200443458
0.01355136199896178
0.01355136199442053
0.01355136200619219
0.01355136200075241
0.01355136199492247
0.01355136200988528
0.01355136199265462
0.01355136199847321
0.01355136200982713
0.01355136199209911
0.01355136199854698
0.01355136201018378
0.01355136199451291
0.01355136199893763
0.01355136200992702
0.01355136199460415
0.01355136199920231
0.01355136201045848
0.01355136199328272
0.01355136199948774
0.0135513620108543
0.01355136199382854
0.01355136199965843
0.01355136201144382
0.01355136199627313
0.0135513620000598
0.01355136201078836
0.01355136199719507
0.01355136200069366
0.01355136201205036
0.01355136199441767
0.01355136200066555
0.01355136201205983
0.01355136199534224
0.01355136199995115
0.01355136200885341
0.0135513620008841
0.01355136199699646
0.01355136201109666
0.01355136199580165
0.01355136200026473
0.01355136201148055
0.01355136199351469
0.01355136199935475
0.01355136201068691
0.0135513619942623
0.01355136199877958
0.01355136200923981
0.01355136199574133
0.01355136199814511
0.01355136200695269
0.01355136200344007
0.01339535865414676
0.01339535865213592
0.01339535865896518
0.01339535865254737
0.01339535864831617
0.01339535865899862
0.01339535865248769
0.01339535864817832
0.01339535865992886
0.01339535865491775
0.01339535864887215
0.01339535866341656
0.01339535864670648
0.01339535865235219
0.013395358663391
0.01339535864643097
0.01339535865248758
0.01339535866382572
0.01339535864852475
0.01339535865292664
0.01339535866384743
0.01339535864813114
0.01339535865306669
0.01339535866393519
0.01339535864807655
0.01339535865345569
0.01339535866454469
0.01339535864801071
0.01339535865359467
0.0133953586651232
0.01339535865047753
0.0133953586540726
0.01339535866469328
0.01339535865099494
0.0133953586546649
0.01339535866571576
0.01339535864866161
0.01339535865470402
0.01339535866587719
0.01339535864989962
0.01339535865410009
0.01339535866280337
0.01339535865487471
0.01339535865130257
0.01339535866500229
0.01339535865008623
0.01339535865437159
0.01339535866524717
0.01339535864776809
0.01339535865343972
0.01339535866446101
0.01339535864852345
0.01339535865283004
0.01339535866326058
0.01339535864797094
0.01339535865132213
0.01339535865966533
0.01339535865917467
0.01317564739198182
0.01317564738931973
0.01317564739656444
0.01317564738911024
0.01317564738550198
0.01317564739642616
0.01317564738971065
0.0131756473855041
0.01317564739692621
0.01317564739219455
0.0131756473862013
0.01317564740019243
0.01317564738406262
0.01317564738955055
0.01317564740017231
0.01317564738429846
0.01317564738974924
0.01317564740071086
0.01317564738582584
0.01317564739021659
0.01317564740097006
0.01317564738508483
0.01317564739027329
0.01317564740078569
0.01317564738588941
0.0131756473907174
0.01317564740146816
0.01317564738552409
0.01317564739085123
0.01317564740203837
0.01317564738793377
0.0131756473913958
0.01317564740185709
0.013175647388029
0.01317564739193545
0.01317564740260741
0.0131756473863955
0.01317564739205171
0.0131756474029371
0.01317564738777981
0.01317564739156824
0.01317564740002639
0.0131756473921961
0.01317564738893462
0.01317564740213546
0.01317564738786705
0.01317564739184499
0.01317564740232012
0.01317564738545982
0.0131756473909248
0.0131756474015723
0.01317564738617965
0.01317564739030759
0.01317564740063395
0.01317564738387739
0.01317564738816155
0.01317564739636108
0.01317564739655904
0.01288976808955944
0.01288976808495284
0.01288976809187272
0.01288976808425755
0.0128897680810366
0.01288976809175926
0.01288976808521339
0.01288976808109884
0.01288976809203642
0.01288976808742895
0.0128897680817608
0.0128897680950938
0.01288976807964342
0.01288976808492871
0.01288976809509646
0.01288976808030113
0.01288976808518207
0.01288976809569526
0.01288976808128451
0.01288976808565134
0.0128897680961051
0.01288976808046784
0.01288976808568765
0.0128897680959464
0.01288976808121928
0.01288976808611747
0.01288976809647885
0.01288976808125697
0.01288976808627669
0.01288976809703846
0.01288976808350479
0.01288976808687589
0.01288976809711585
0.01288976808317239
0.01288976808736327
0.0128897680976306
0.01288976808231222
0.01288976808755269
0.01288976809807769
0.01288976808378379
0.01288976808719217
0.01288976809534878
0.01288976808782644
0.01288976808474579
0.01288976809737672
0.01288976808388895
0.01288976808751982
0.01288976809753857
0.01288976808151479
0.01288976808666393
0.01288976809687148
0.01288976808203928
0.01288976808604068
0.01288976809599482
0.01288976807936055
0.01288976808371029
0.01288976809226131
0.01288976808991128
0.01253478887999834
0.01253478888057354
0.01253478888553555
0.0125347888781688
0.01253478887519643
0.01253478888546197
0.01253478887923486
0.01253478887530583
0.01253478888564807
0.01253478888093191
0.01253478887592608
0.0125347888885123
0.0125347888738734
0.01253478887886271
0.01253478888854357
0.01253478887476705
0.01253478887915767
0.01253478888915374
0.01253478887529621
0.01253478887960174
0.01253478888960342
0.01253478887474126
0.01253478887965016
0.01253478888955509
0.01253478887534262
0.01253478888004158
0.01253478888995021
0.01253478887557619
0.01253478888023997
0.01253478889049137
0.01253478887757362
0.01253478888087384
0.0125347888908108
0.01253478887687079
0.012534788881322
0.012534788891191
0.0125347888766314
0.01253478888157034
0.01253478889165541
0.01253478887822818
0.01253478888133398
0.01253478888913642
0.01253478888208141
0.01253478887911032
0.01253478889111425
0.01253478887842276
0.01253478888174632
0.01253478889121608
0.01253478887652345
0.01253478888102047
0.01253478889072471
0.01253478887648015
0.01253478888042414
0.01253478888993254
0.01253478887410681
0.012534788878416
0.01253478888831539
0.01253478888129527
0.01210749874410919
0.01210749874061372
0.01210749874760702
0.01210749874076071
0.01210749873795757
0.01210749874759466
0.01210749874175668
0.01210749873812578
0.01210749874778656
0.0121074987427259
0.0121074987387012
0.01210749875045663
0.0121074987367757
0.01210749874136138
0.01210749875051416
0.01210749873770813
0.01210749874168149
0.01210749875109528
0.01210749873790508
0.012107498742085
0.01210749875153955
0.01210749873767258
0.01210749874215586
0.01210749875155806
0.0121074987383361
0.01210749874250898
0.01210749875188742
0.01210749873846369
0.01210749874274374
0.01210749875239812
0.01210749874015558
0.01210749874338019
0.01210749875288537
0.01210749873934147
0.01210749874380491
0.01210749875317424
0.01210749873969554
0.01210749874410834
0.01210749875366218
0.01210749874108775
0.01210749874398789
0.01210749875137987
0.01210749874489592
0.01210749874203133
0.01210749875335088
0.01210749874140709
0.01210749874452526
0.01210749875345687
0.01210749874002674
0.01210749874396942
0.01210749875312028
0.01210749873958889
0.01210749874345818
0.01210749875246848
0.01210749873786271
0.01210749874191322
0.0121074987517546
0.0121074987412985
0.0116048810355383
0.0116048810321268
0.01160488103909216
0.01160488103287451
0.01160488103022695
0.01160488103910532
0.01160488103371269
0.0116048810304486
0.01160488103933691
0.01160488103409486
0.01160488103097933
0.01160488104182372
0.0116048810292463
0.01160488103333636
0.01160488104191382
0.01160488103002509
0.01160488103366011
0.01160488104243086
0.01160488103007653
0.01160488103401628
0.01160488104284007
0.01160488103012186
0.01160488103411785
0.01160488104291637
0.01160488103074001
0.01160488103443167
0.01160488104319629
0.01160488103081287
0.01160488103469187
0.01160488104366374
0.01160488103217502
0.01160488103529379
0.01160488104420333
0.0116048810316605
0.01160488103572209
0.01160488104450329
0.01160488103215813
0.01160488103606548
0.01160488104499385
0.01160488103330694
0.01160488103604711
0.01160488104296575
0.01160488103712904
0.01160488103440749
0.01160488104497815
0.01160488103370021
0.011604881036744
0.01160488104517995
0.01160488103267273
0.01160488103638013
0.01160488104493784
0.0116048810323101
0.01160488103596659
0.01160488104436105
0.01160488103151238
0.011604881035002
0.01160488104300964
0.01160488103344727
0.01102506847853037
0.01102506847853635
0.01102506848377068
0.01102506847823742
0.01102506847576812
0.011025068483783
0.01102506847890746
0.01102506847601484
0.01102506848402352
0.01102506847910535
0.01102506847650399
0.01102506848635436
0.01102506847502488
0.01102506847854409
0.01102506848649472
0.01102506847547552
0.01102506847884861
0.01102506848691736
0.01102506847564018
0.01102506847915747
0.01102506848726845
0.01102506847584519
0.01102506847928838
0.01102506848739048
0.01102506847630019
0.01102506847956346
0.01102506848762975
0.01102506847640406
0.01102506847983624
0.01102506848804574
0.01102506847743073
0.01102506848037984
0.01102506848859419
0.01102506847731414
0.01102506848082098
0.01102506848892327
0.01102506847775155
0.01102506848118475
0.01102506848939775
0.01102506847872982
0.01102506848125416
0.01102506848763237
0.01102506848250521
0.01102506847997726
0.0110250684897183
0.0110250684790682
0.01102506848211694
0.01102506849000379
0.01102506847852278
0.01102506848196847
0.01102506848988767
0.01102506847840491
0.01102506848155595
0.01102506848898342
0.01102506847907088
0.01102506848205772
0.01102506848500192
0.01102506848241815
0.01036894742279121
0.01036894742181462
0.01036894742645219
0.01036894742166038
0.01036894741940171
0.01036894742646682
0.01036894742220843
0.01036894741964628
0.01036894742668355
0.01036894742236494
0.01036894742009076
0.01036894742885075
0.0103689474189196
0.01036894742178939
0.01036894742899871
0.01036894741915906
0.01036894742206636
0.01036894742936914
0.01036894741942579
0.01036894742232898
0.01036894742964308
0.01036894741966216
0.01036894742247276
0.01036894742979397
0.01036894741996846
0.01036894742271094
0.01036894742999457
0.01036894742012058
0.0103689474229864
0.01036894743036276
0.01036894742082185
0.01036894742346059
0.01036894743089496
0.01036894742105569
0.01036894742390838
0.01036894743124133
0.01036894742140109
0.01036894742426963
0.0103689474316853
0.01036894742220559
0.01036894742441651
0.01036894743018579
0.01036894742582121
0.01036894742352939
0.01036894743229694
0.01036894742259242
0.01036894742542393
0.01036894743264094
0.01036894742262326
0.01036894742550863
0.01036894743273085
0.01036894742264245
0.01036894742494763
0.0103689474300706
0.01036894742623644
0.01036894743000123
0.01036894742484456
0.01036894742419642
0.009642367810748512
0.009642367809920595
0.009642367814113973
0.009642367810083199
0.009642367808083731
0.009642367814125554
0.009642367810566483
0.009642367808300337
0.009642367814262873
0.009642367810699609
0.009642367808691
0.009642367816244174
0.009642367807871706
0.009642367810022309
0.009642367816365372
0.009642367808055699
0.009642367810271271
0.009642367816739911
0.009642367808335819
0.009642367810490377
0.009642367816922924
0.009642367808518588
0.009642367810620609
0.00964236781708386
0.009642367808750628
0.009642367810822606
0.009642367817237684
0.009642367808921953
0.009642367811094326
0.009642367817572354
0.009642367809392679
0.009642367811498534
0.009642367818077365
0.009642367809823874
0.009642367811942281
0.009642367818419194
0.009642367810091701
0.009642367812266526
0.009642367818807198
0.009642367810747997
0.009642367812488006
0.00964236781758464
0.009642367814009734
0.009642367812002136
0.009642367819615074
0.009642367811395807
0.009642367813607356
0.009642367820056022
0.009642367811734665
0.009642367813925216
0.009642367820371468
0.00964236781194797
0.009642367813504664
0.009642367817831968
0.0096423678168326
0.009642367821118717
0.009642367813637743
0.009642367811918406
0.008858474577674379
0.008858474577635446
0.008858474581345206
0.008858474578046642
0.008858474576400696
0.008858474581353975
0.008858474578497389
0.008858474576567467
0.008858474581330704
0.008858474578622284
0.008858474576871753
0.008858474583080499
0.008858474576424467
0.008858474577840477
0.008858474583199345
0.008858474576592876
0.00885847457805675
0.008858474583619
0.008858474576885439
0.008858474578242461
0.008858474583707802
0.008858474576971602
0.0088584745783246
0.008858474583852209
0.008858474577182597
0.008858474578494844
0.008858474583950404
0.008858474577347614
0.00885847457876243
0.008858474584271681
0.008858474577668956
0.008858474579100726
0.008858474584759059
0.008858474578185376
0.008858474579530257
0.008858474585063498
0.008858474578368818
0.008858474579774421
0.008858474585353633
0.008858474578950778
0.008858474580069541
0.00885847458442829
0.008858474581613492
0.008858474579992493
0.008858474586329169
0.008858474579798031
0.008858474581264408
0.008858474586831987
0.00885847458036346
0.008858474581796439
0.008858474587348683
0.008858474580837657
0.008858474581845211
0.008858474585777678
0.008858474586091668
0.008858474590847838
0.00885847458301176
0.008858474581511526
0.008039119242349674
0.00803911924195411
0.008039119245088197
0.008039119242384214
0.008039119241269564
0.00803911924513635
0.00803911924280384
0.008039119241386665
0.008039119244812846
0.008039119242999548
0.008039119241539069
0.008039119246226734
0.008039119241440374
0.008039119242192408
0.008039119246439616
0.008039119241601151
0.008039119242365039
0.008039119246956628
0.008039119241928726
0.008039119242540844
0.008039119246970879
0.008039119241908319
0.008039119242531055
0.008039119247046813
0.008039119242116168
0.008039119242691878
0.008039119247095952
0.00803911924227174
0.008039119242951786
0.008039119247414768
0.008039119242473929
0.008039119243230506
0.008039119247933241
0.008039119243039284
0.008039119243635314
0.008039119248144603
0.008039119243106536
0.008039119243762558
0.00803911924828506
0.008039119243662648
0.008039119244125066
0.008039119247697199
0.008039119245461268
0.008039119244439301
0.008039119249438386
0.008039119244649938
0.008039119245376146
0.008039119249931401
0.008039119245404345
0.008039119246089398
0.008039119250542012
0.008039119246140451
0.008039119246803686
0.008039119250605348
0.008039119250948388
0.008039119255944053
0.008039119249466813
0.008039119245764477
0.007213997472501582
0.00721399747173965
0.007213997474534107
0.007213997471889525
0.007213997471714094
0.007213997474762151
0.007213997472294305
0.007213997471838567
0.007213997473908952
0.007213997472755434
0.00721399747176543
0.007213997474586091
0.007213997471970438
0.007213997472206035
0.007213997475221365
0.007213997472056168
0.007213997472303991
0.007213997475890101
0.007213997472467857
0.007213997472514979
0.007213997475910897
0.007213997472376738
0.00721399747235863
0.007213997475796721
0.007213997472562714
0.007213997472561166
0.007213997475862036
0.007213997472729678
0.007213997472804313
0.007213997476138793
0.007213997472779669
0.00721399747301528
0.007213997476805296
0.007213997473447762
0.007213997473387445
0.007213997476816927
0.007213997473330041
0.007213997473394566
0.007213997476793989
0.007213997473779064
0.007213997473801207
0.007213997476634581
0.007213997474338134
0.007213997474401258
0.007213997478142363
0.007213997475028136
0.007213997475153055
0.007213997478535693
0.007213997475936268
0.007213997476017829
0.007213997478879386
0.007213997476854235
0.007213997477208318
0.007213997480632101
0.007213997480978681
0.007213997485654563
0.00721399748151894
0.007213997476119343
0.00641659393261619
0.006416593931263308
0.006416593933618696
0.006416593931477392
0.006416593931625828
0.006416593934468844
0.006416593932568206
0.006416593931924145
0.006416593933509101
0.006416593931957272
0.006416593931544696
0.006416593933869097
0.006416593932121759
0.006416593932006971
0.006416593933707107
0.006416593931851825
0.006416593931932025
0.006416593934470995
0.006416593932431275
0.006416593932244334
0.006416593934800901
0.006416593932382916
0.006416593931882991
0.006416593934152787
0.006416593932467989
0.006416593932216905
0.00641659393455677
0.006416593932683569
0.006416593932419763
0.006416593934479416
0.006416593932473677
0.006416593932511641
0.006416593935548894
0.006416593933453596
0.006416593932864019
0.006416593935134831
0.006416593932982103
0.006416593932798285
0.006416593935134938
0.006416593933319911
0.006416593933185478
0.006416593935644494
0.006416593933886621
0.006416593933858742
0.006416593936584104
0.006416593934985955
0.0064165939348359
0.006416593936768274
0.00641659393595641
0.006416593935880241
0.006416593937752738
0.006416593936811599
0.006416593937139965
0.006416593940119235
0.006416593940480891
0.006416593944312097
0.006416593942352217
0.006416593937322867
0.005677444830636721
0.005677444828654447
0.005677444830843912
0.005677444829028531
0.005677444829209302
0.005677444831576877
0.005677444830420068
0.00567744482980961
0.005677444831339957
0.005677444829679946
0.005677444829074474
0.005677444831161081
0.005677444830000039
0.005677444829678018
0.005677444831016123
0.0056774448294893
0.005677444829362882
0.005677444831414268
0.00567744482995819
0.005677444829770047
0.005677444832075128
0.005677444829978646
0.005677444829230856
0.005677444830719064
0.005677444829926027
0.005677444829756228
0.00567744483107521
0.005677444829853969
0.005677444829740163
0.005677444831458753
0.005677444829901966
0.005677444829784713
0.00567744483221349
0.005677444830788391
0.005677444830182258
0.00567744483188542
0.005677444830249475
0.005677444830073398
0.005677444832208168
0.005677444830687462
0.005677444830346631
0.005677444832352802
0.005677444831155463
0.005677444831085231
0.005677444833323069
0.005677444832620784
0.005677444832721656
0.005677444834232622
0.005677444834054403
0.005677444833703006
0.005677444834434144
0.00567744483445637
0.005677444834838899
0.005677444837411704
0.005677444837721723
0.00567744484016619
0.005677444839734634
0.005677444836021049
0.005017077983997433
0.005017077981437851
0.005017077983640756
0.005017077982010149
0.005017077982086252
0.005017077983609077
0.005017077983137629
0.0050170779829257
0.005017077984292576
0.005017077982687103
0.005017077981902866
0.005017077983695849
0.00501707798297404
0.005017077982616683
0.005017077983893776
0.00501707798247119
0.005017077982117368
0.005017077983896697
0.005017077982778949
0.005017077982575941
0.005017077984724757
0.00501707798282531
0.005017077981959791
0.00501707798294695
0.005017077982863523
0.005017077982784525
0.005017077983559452
0.005017077982518848
0.005017077982409517
0.005017077984068372
0.005017077982704707
0.005017077982401467
0.005017077984249786
0.005017077983312198
0.005017077982867179
0.005017077984324658
0.005017077982924644
0.005017077982693176
0.005017077984785281
0.005017077983400502
0.005017077982873298
0.005017077984582608
0.005017077983788758
0.00501707798372995
0.005017077985357248
0.005017077985158365
0.005017077985452818
0.005017077986485758
0.005017077986512509
0.005017077986347166
0.005017077986615921
0.005017077986854334
0.005017077987226416
0.005017077989383567
0.005017077989748027
0.005017077991011447
0.005017077991199723
0.005017077989270207
0.004441824636739118
0.004441824633744546
0.004441824635984838
0.004441824634487486
0.004441824634444522
0.004441824635552916
0.004441824635364219
0.004441824635297145
0.004441824636444549
0.004441824635009585
0.004441824634207687
0.00444182463551606
0.004441824635121485
0.004441824634946885
0.004441824636170699
0.004441824634846118
0.004441824634349293
0.004441824635891504
0.004441824635023689
0.004441824634817656
0.00444182463674592
0.004441824635067914
0.004441824634223062
0.004441824634949352
0.004441824635073896
0.004441824635046071
0.004441824635736925
0.004441824634772623
0.004441824634584573
0.004441824636187001
0.004441824634967071
0.004441824634546024
0.004441824636031592
0.004441824635402353
0.004441824635042707
0.004441824636366011
0.00444182463511239
0.004441824634798806
0.004441824636747867
0.004441824635528361
0.004441824634930269
0.004441824636322758
0.004441824635893308
0.004441824635917181
0.00444182463714997
0.004441824637177755
0.00444182463746534
0.004441824638208135
0.004441824638206356
0.004441824638287811
0.004441824638507611
0.004441824638662698
0.004441824638862829
0.004441824640610746
0.004441824641034731
0.004441824641753261
0.004441824642055915
0.004441824641301786
0.003944411309421917
0.003944411306135412
0.003944411308340898
0.003944411306977904
0.003944411306787249
0.003944411307649318
0.00394441130758198
0.003944411307575725
0.003944411308539242
0.003944411307307704
0.003944411306568673
0.003944411307594141
0.003944411307380834
0.003944411307268925
0.003944411308389796
0.003944411307194623
0.003944411306647548
0.003944411307996702
0.003944411307315958
0.00394441130709506
0.003944411308769993
0.003944411307325715
0.003944411306553644
0.003944411307127331
0.003944411307289686
0.003944411307289905
0.003944411307992834
0.003944411307098414
0.003944411306836114
0.003944411308335954
0.003944411307260253
0.003944411306785611
0.003944411308036377
0.003944411307591498
0.00394441130726706
0.003944411308483488
0.003944411307358149
0.0039444113069826
0.003944411308691656
0.003944411307668184
0.003944411307100341
0.003944411308187063
0.003944411308138626
0.003944411308245321
0.003944411309085057
0.003944411309271699
0.003944411309459566
0.003944411309958703
0.003944411309903382
0.003944411310040976
0.003944411310140191
0.003944411310237337
0.003944411310433046
0.003944411311865543
0.003944411312237982
0.003944411312756766
0.003944411313029479
0.003944411312962435
0.003508580517386047
0.0035085805139489
0.003508580516024059
0.003508580514814761
0.003508580514501283
0.00350858051518988
0.003508580515165064
0.00350858051518849
0.00350858051601298
0.003508580514978606
0.00350858051432818
0.003508580515084745
0.003508580514978918
0.003508580514954968
0.003508580515938328
0.003508580514894691
0.003508580514364223
0.003508580515545835
0.003508580515007599
0.003508580514771127
0.003508580516192801
0.003508580514974431
0.00350858051428316
0.003508580514762075
0.003508580514893879
0.003508580514907834
0.003508580515625137
0.003508580514814755
0.003508580514509678
0.003508580515851255
0.003508580514930124
0.00350858051445913
0.003508580515518226
0.003508580515180823
0.003508580514890022
0.00350858051599741
0.003508580515003983
0.003508580514602409
0.003508580516051009
0.003508580515217925
0.003508580514729613
0.003508580515627857
0.00350858051572415
0.003508580515830926
0.003508580516423495
0.003508580516607193
0.003508580516700208
0.003508580517107355
0.003508580517093759
0.003508580517151364
0.003508580517251696
0.003508580517377007
0.00350858051745652
0.003508580518613926
0.00350858051887245
0.003508580519400099
0.003508580519555646
0.003508580519787545
0.003115087114131344
0.003115087110685673
0.003115087112547169
0.003115087111509198
0.003115087111136671
0.003115087111700715
0.003115087111696843
0.003115087111719148
0.003115087112403627
0.003115087111548489
0.003115087110992247
0.003115087111606425
0.003115087111542311
0.003115087111527283
0.003115087112368446
0.003115087111482269
0.003115087111003388
0.003115087112008981
0.003115087111586026
0.00311508711135782
0.003115087112543498
0.003115087111534328
0.003115087110933263
0.003115087111351343
0.003115087111407712
0.003115087111422234
0.00311508711213587
0.003115087111424307
0.003115087111109663
0.003115087112263294
0.003115087111497746
0.003115087111065694
0.003115087111955665
0.003115087111681195
0.003115087111426497
0.003115087112410716
0.003115087111556274
0.003115087111162826
0.003115087112361488
0.003115087111697448
0.003115087111292329
0.003115087112033611
0.003115087112169263
0.003115087112250664
0.003115087112670596
0.003115087112815189
0.003115087112841503
0.003115087113191365
0.00311508711325169
0.003115087113319614
0.003115087113324894
0.003115087113388141
0.003115087113444673
0.003115087114385994
0.003115087114563065
0.003115087115051091
0.003115087115159453
0.003115087115542114
0.002746507890817532
0.002746507887511486
0.002746507889095111
0.002746507888237935
0.002746507887854665
0.002746507888313016
0.002746507888324575
0.002746507888336932
0.002746507888888578
0.002746507888193811
0.002746507887729296
0.002746507888279942
0.002746507888225099
0.00274650788816559
0.002746507888872696
0.002746507888141173
0.002746507887731126
0.002746507888562177
0.002746507888232675
0.002746507888026493
0.002746507888994618
0.002746507888177347
0.002746507887673543
0.002746507888047383
0.002746507887999413
0.002746507888004234
0.002746507888700722
0.002746507888098774
0.002746507887802891
0.002746507888760932
0.002746507888143624
0.002746507887767958
0.002746507888501649
0.00274650788826956
0.00274650788805291
0.002746507888896274
0.00274650788818514
0.002746507887827281
0.002746507888795655
0.002746507888276573
0.002746507887938721
0.002746507888533992
0.002746507888661667
0.002746507888708021
0.002746507889009776
0.002746507889116781
0.002746507889110608
0.002746507889399664
0.00274650788945934
0.002746507889516541
0.0027465078895079
0.002746507889510389
0.002746507889550784
0.002746507890342713
0.002746507890467951
0.002746507890886266
0.002746507890977828
0.002746507891387351
0.002389726053669607
0.002389726050670568
0.002389726051934836
0.002389726051257588
0.002389726050901243
0.00238972605127519
0.002389726051314023
0.002389726051300364
0.002389726051717007
0.002389726051165286
0.002389726050796104
0.002389726051266141
0.002389726051214326
0.002389726051131091
0.002389726051708444
0.002389726051124795
0.002389726050792432
0.002389726051454988
0.002389726051202898
0.002389726051026423
0.002389726051792804
0.002389726051151112
0.002389726050746993
0.00238972605107093
0.002389726050978212
0.002389726050970133
0.002389726051579132
0.002389726051091755
0.00238972605083493
0.002389726051599782
0.002389726051119576
0.002389726050808811
0.002389726051394219
0.00238972605119849
0.002389726051021497
0.00238972605171237
0.002389726051143305
0.00238972605083824
0.002389726051597191
0.002389726051201317
0.002389726050917943
0.002389726051393997
0.002389726051484473
0.00238972605149274
0.00238972605172554
0.00238972605180312
0.00238972605178154
0.002389726051989874
0.002389726052005127
0.002389726052062501
0.002389726052085881
0.002389726052068747
0.002389726052090041
0.002389726052721178
0.002389726052813884
0.002389726053144465
0.002389726053244399
0.002389726053568013
0.002036363803594848
0.002036363800998719
0.00203636380193054
0.002036363801421418
0.002036363801122239
0.002036363801403355
0.00203636380143887
0.002036363801412354
0.002036363801732469
0.002036363801307286
0.002036363801035258
0.002036363801408183
0.002036363801364247
0.002036363801275145
0.002036363801724044
0.002036363801278442
0.002036363801027277
0.002036363801529241
0.002036363801343379
0.002036363801201601
0.002036363801780623
0.002036363801298239
0.002036363800992254
0.002036363801254151
0.002036363801152605
0.002036363801138814
0.002036363801626428
0.00203636380125234
0.002036363801046319
0.002036363801625965
0.002036363801269762
0.002036363801027414
0.002036363801471344
0.002036363801312893
0.002036363801176851
0.002036363801710214
0.002036363801276772
0.002036363801034349
0.002036363801604151
0.002036363801312956
0.002036363801081274
0.002036363801448627
0.0020363638014753
0.002036363801459371
0.002036363801666555
0.002036363801721334
0.002036363801693541
0.002036363801852134
0.002036363801847949
0.002036363801874525
0.002036363801904986
0.002036363801879278
0.002036363801883916
0.002036363802360042
0.002036363802427169
0.002036363802661013
0.002036363802757667
0.002036363802978283
0.001682131163207936
0.001682131161120635
0.001682131161733762
0.001682131161371553
0.001682131161150412
0.001682131161318357
0.001682131161336871
0.001682131161320367
0.001682131161574093
0.001682131161257867
0.00168213116108035
0.001682131161347253
0.00168213116131843
0.001682131161237044
0.001682131161562252
0.001682131161241217
0.001682131161069148
0.001682131161422324
0.001682131161293504
0.001682131161188856
0.001682131161597494
0.00168213116125651
0.00168213116104265
0.001682131161234895
0.001682131161146678
0.001682131161134274
0.001682131161489417
0.001682131161221391
0.0016821311610709
0.001682131161479402
0.001682131161232273
0.001682131161057265
0.001682131161369888
0.001682131161250636
0.001682131161155073
0.001682131161534494
0.001682131161225299
0.001682131161048813
0.001682131161450747
0.001682131161248047
0.001682131161074238
0.001682131161337964
0.001682131161332227
0.001682131161305196
0.00168213116146954
0.001682131161502257
0.001682131161472746
0.001682131161603518
0.001682131161589494
0.001682131161564047
0.001682131161613637
0.001682131161593695
0.001682131161565974
0.001682131161900789
0.001682131161942046
0.0016821311620784
0.001682131162152363
0.001682131162251917
0.00132613305529315
0.00132613305384075
0.001326133054186909
0.001326133053943658
0.001326133053814038
0.001326133053896266
0.001326133053921503
0.001326133053892703
0.00132613305407527
0.001326133053850689
0.001326133053759455
0.001326133053922188
0.001326133053913339
0.001326133053847656
0.001326133054060544
0.001326133053846263
0.001326133053746226
0.001326133053967633
0.00132613305388712
0.001326133053819384
0.001326133054079594
0.001326133053858161
0.001326133053726576
0.00132613305385009
0.001326133053785814
0.001326133053779608
0.001326133054007861
0.001326133053832801
0.001326133053737332
0.001326133053995087
0.001326133053839139
0.00132613305372683
0.001326133053923937
0.001326133053843316
0.001326133053785318
0.001326133054024956
0.001326133053822832
0.001326133053710336
0.001326133053968086
0.001326133053837147
0.001326133053720917
0.001326133053890653
0.001326133053876069
0.001326133053850886
0.00132613305396497
0.001326133053971991
0.001326133053947279
0.001326133054044556
0.00132613305402946
0.0013261330539941
0.001326133054033766
0.001326133054015611
0.001326133053978926
0.001326133054185865
0.001326133054199475
0.001326133054243253
0.001326133054285246
0.00132613305426252
0.0009709481845878992
0.0009709481837695158
0.0009709481839471406
0.00097094818378575
0.0009709481837426546
0.0009709481837606227
0.0009709481838102411
0.0009709481837620194
0.0009709481838887695
0.0009709481837365398
0.000970948183708769
0.000970948183783985
0.0009709481837934668
0.00097094818374635
0.0009709481838715625
0.0009709481837406489
0.0009709481836948921
0.0009709481838123901
0.000970948183770176
0.00097094818373312
0.0009709481838786849
0.0009709481837491448
0.0009709481836807457
0.0009709481837494425
0.0009709481837106154
0.0009709481837083626
0.0009709481838343985
0.0009709481837324026
0.0009709481836822308
0.0009709481838222234
0.0009709481837353155
0.0009709481836736149
0.0009709481837815644
0.0009709481837343257
0.0009709481837050921
0.0009709481838355693
0.000970948183717022
0.0009709481836567953
0.000970948183802026
0.0009709481837250606
0.0009709481836578725
0.000970948183753
0.0009709481837404983
0.000970948183724294
0.0009709481837903048
0.0009709481837916187
0.0009709481837765697
0.0009709481838326762
0.0009709481838232696
0.0009709481837953541
0.0009709481838133853
0.0009709481838017626
0.000970948183774254
0.0009709481838798016
0.0009709481838737386
0.0009709481838697165
0.0009709481838991904
0.0009709481837999951
0.000536665176405103
0.0005366651763126748
0.0005366651764097158
0.0005366651762784818
0.0005366651763679794
0.0005366651762884238
0.0005366651764138301
0.0005366651763079402
0.0005366651764270691
0.0005366651763064327
0.0005366651763473908
0.0005366651763361499
0.0005366651763797419
0.0005366651763292902
0.0005366651764001784
0.0005366651763357971
0.0005366651763332991
0.00053666517635807
0.0005366651763553848
0.0005366651763320623
0.0005366651763917131
0.000536665176343344
0.0005366651763200424
0.00053666517633716
0.0005366651763339419
0.0005366651763262653
0.0005366651763668339
0.0005366651763314206
0.0005366651763128264
0.0005366651763532462
0.0005366651763296725
0.0005366651763029877
0.000536665176339159
0.0005366651763276957
0.0005366651763129653
0.0005366651763506818
0.0005366651763095326
0.0005366651762846711
0.0005366651763333816
0.0005366651763096804
0.0005366651762769197
0.00053666517630662
0.0005366651763027803
0.0005366651762908963
0.0005366651763231935
0.0005366651763263582
0.0005366651763080141
0.0005366651763397802
0.0005366651763405039
0.0005366651763102869
0.000536665176307961
0.0005366651763068112
0.0005366651762860689
0.0005366651762965847
0.0005366651762853661
0.0005366651762221755
0.0005366651762242615
0.0005366651760416384
0.0004790683954813365
0.0004790683954827016
0.000479068395484658
0.0004790683954835602
0.0004790683954852052
0.0004790683954840138
0.0004790683954854949
0.000479068395484343
0.0004790683954854525
0.000479068395484694
0.0004790683954851808
0.0004790683954847219
0.0004790683954853229
0.0004790683954848065
0.0004790683954852481
0.0004790683954850611
0.0004790683954850562
0.0004790683954849567
0.0004790683954851428
0.0004790683954848687
0.0004790683954851062
0.0004790683954850272
0.0004790683954848253
0.0004790683954848254
0.0004790683954850601
0.0004790683954848708
0.0004790683954849254
0.0004790683954849617
0.0004790683954848351
0.000479068395484918
0.000479068395484879
0.0004790683954846497
0.0004790683954849177
0.0004790683954850091
0.0004790683954847037
0.0004790683954848031
0.0004790683954848115
0.0004790683954845892
0.0004790683954847282
0.0004790683954846831
0.0004790683954845131
0.0004790683954846456
0.000479068395484537
0.0004790683954844676
0.0004790683954845892
0.0004790683954846738
0.0004790683954846775
0.0004790683954846942
0.0004790683954847877
0.0004790683954843469
0.0004790683954838575
0.000479068395484579
0.0004790683954848878
0.0004790683954842949
0.0004790683954844671
0.0004790683954838011
0.0004790683954838203
0.0004790683954828701
)
;

boundaryField
{
    inlet
    {
        type            cyclic;
    }
    outlet
    {
        type            cyclic;
    }
    bottomWall
    {
        type            fixedValue;
        value           uniform 0.0015;
    }
    topWall
    {
        type            fixedValue;
        value           uniform 0.0015;
    }
    left
    {
        type            cyclic;
    }
    right
    {
        type            cyclic;
    }
}


// ************************************************************************* //
