/*--------------------------------*- C++ -*----------------------------------*\
| =========                 |                                                 |
| \\      /  F ield         | OpenFOAM: The Open Source CFD Toolbox           |
|  \\    /   O peration     | Version:  v1812                                 |
|   \\  /    A nd           | Web:      www.OpenFOAM.com                      |
|    \\/     M anipulation  |                                                 |
\*---------------------------------------------------------------------------*/
FoamFile
{
    version     2.0;
    format      ascii;
    class       volScalarField;
    location    "10000";
    object      nut;
}
// * * * * * * * * * * * * * * * * * * * * * * * * * * * * * * * * * * * * * //

dimensions      [0 2 -1 0 0 0 0];


internalField   nonuniform List<scalar> 
1856
(
5.835843593504016e-06
5.835762521482516e-06
5.835759506708868e-06
5.835752436990897e-06
5.835735618021115e-06
5.835720398428377e-06
5.835710783054662e-06
5.835702857635816e-06
5.835706699376591e-06
5.835720413739784e-06
5.835743272895575e-06
5.835776188409794e-06
5.835816231584588e-06
5.835838828300287e-06
5.835870943970651e-06
5.835888167295585e-06
5.835898286257513e-06
5.835900399247046e-06
5.835895370219549e-06
5.835881442928233e-06
5.835867220873794e-06
5.835861323054314e-06
5.835843049816928e-06
5.835831229100784e-06
5.835821787415878e-06
5.835803165336875e-06
5.835794367500443e-06
5.835772899886595e-06
5.835764404835946e-06
5.835741355819679e-06
5.835733041972016e-06
5.83571341589206e-06
5.835706744568859e-06
5.83568852870113e-06
5.835670932525698e-06
5.835656212998039e-06
5.835631484736041e-06
5.835617876724769e-06
5.835588924398318e-06
5.835579466944676e-06
5.835555252646636e-06
5.835544572718728e-06
5.835528724316966e-06
5.835525298711955e-06
5.835519420293851e-06
5.835542587692195e-06
5.835557314586576e-06
5.835592147196003e-06
5.835616580392528e-06
5.835654046155226e-06
5.835670444468207e-06
5.835709972866333e-06
5.835729121232455e-06
5.835744941261631e-06
5.835752084319774e-06
5.835757076722696e-06
5.835765378437066e-06
5.835776479269511e-06
7.701425869157748e-06
7.701450956692991e-06
7.701385139362815e-06
7.701108275362259e-06
7.701055749258548e-06
7.700840562769487e-06
7.700836674765693e-06
7.700824590185007e-06
7.701209239088434e-06
7.701691304264551e-06
7.702364600223743e-06
7.703010819494113e-06
7.703854953230049e-06
7.704346215203063e-06
7.704911398628621e-06
7.705272270146092e-06
7.705468046189086e-06
7.705592576714821e-06
7.705601411224496e-06
7.70546210742153e-06
7.705202343779029e-06
7.70506049909798e-06
7.704742406485923e-06
7.704480842489475e-06
7.704227537280764e-06
7.703911863079723e-06
7.70368205083507e-06
7.70330991693072e-06
7.702958958839398e-06
7.702545084433196e-06
7.702279709042608e-06
7.701996726029259e-06
7.701659062484861e-06
7.701353192976071e-06
7.700798663738648e-06
7.700454956493644e-06
7.699859155601887e-06
7.699445111706416e-06
7.698964682714505e-06
7.698453497253689e-06
7.698041520504201e-06
7.697617412227371e-06
7.6973478994184e-06
7.697237372046873e-06
7.697245024957207e-06
7.697575495169002e-06
7.698008133957485e-06
7.69866907699502e-06
7.699200532208086e-06
7.699820874740816e-06
7.700137732405768e-06
7.700698032988303e-06
7.700959707826646e-06
7.70129656714302e-06
7.701407699099468e-06
7.701450493288074e-06
7.701446119361731e-06
7.701401671731054e-06
8.793901532494152e-05
8.793976833036633e-05
8.793690866473936e-05
8.793308564842645e-05
8.793009524136303e-05
8.792541244328411e-05
8.792351919224071e-05
8.792245911194756e-05
8.792297619295025e-05
8.792785274061933e-05
8.793560791828456e-05
8.79453145179044e-05
8.795926578214297e-05
8.797050214438361e-05
8.798264253345652e-05
8.799308986379492e-05
8.799959619410536e-05
8.800423591181967e-05
8.80054678384694e-05
8.80054493740615e-05
8.800316261264525e-05
8.800191000154574e-05
8.799909128932237e-05
8.799594180864098e-05
8.799354690665191e-05
8.798989390432128e-05
8.798770805787394e-05
8.798351505036203e-05
8.79792978985689e-05
8.797395977005121e-05
8.797042981476504e-05
8.796690268766965e-05
8.796227334412627e-05
8.795814233970215e-05
8.795014647428203e-05
8.794466512262798e-05
8.793566167360797e-05
8.79282492585481e-05
8.792046558109856e-05
8.791095406721068e-05
8.790284815463238e-05
8.789420101647263e-05
8.788694753949213e-05
8.788095703603803e-05
8.787803481752843e-05
8.787701137904484e-05
8.787888347930075e-05
8.788610182476736e-05
8.789273075470843e-05
8.790299255154222e-05
8.790842979090978e-05
8.791835535691449e-05
8.792394942562662e-05
8.793131723587483e-05
8.793426960690176e-05
8.793556607188364e-05
8.793567645095854e-05
8.7935970418432e-05
0.0004698877903957268
0.0004698890922223043
0.0004698764112453018
0.0004698580547120011
0.0004698410132418567
0.0004698174158226453
0.0004698061320211534
0.0004698007654711375
0.0004698021749987713
0.0004698262789128522
0.0004698635786366096
0.0004699087903593811
0.0004699712996469847
0.0004700239158638112
0.0004700767778482227
0.0004701228092631697
0.0004701518651664392
0.0004701743580168726
0.0004701817402114242
0.0004701826544281715
0.0004701765467921252
0.0004701707607602091
0.0004701615130164679
0.0004701485026295869
0.0004701399987651588
0.0004701255484409181
0.0004701181249426566
0.0004701023164974184
0.0004700854829587315
0.0004700628593055773
0.0004700472154659476
0.0004700328063408778
0.0004700130892728509
0.0004699962527592236
0.0004699618639603159
0.0004699383212277431
0.0004698986816677725
0.0004698652932833289
0.0004698307529836076
0.0004697877867744994
0.0004697493283532403
0.0004697090134999532
0.000469673718401034
0.000469644693836626
0.0004696314179299162
0.0004696270139425874
0.000469634358980871
0.0004696662023098078
0.0004696960638365787
0.0004697409528087884
0.000469765969895436
0.0004698051953400971
0.000469827429411702
0.0004698560265952243
0.0004698677970778432
0.0004698735499456805
0.0004698756475689034
0.0004698788430050889
0.001290700619766672
0.001290701959663236
0.001290679351967496
0.001290640111836341
0.001290603639654448
0.001290552444547497
0.001290522562877457
0.001290508255195307
0.001290506715237729
0.001290544536519031
0.001290617120231604
0.001290703036985847
0.001290825024373459
0.001290933467912709
0.001291038295896426
0.001291133286683494
0.001291194157607183
0.001291243328454044
0.001291260877075248
0.001291264473812789
0.001291258762122368
0.001291249482896481
0.001291235854864979
0.001291214146039438
0.001291200342498885
0.001291177410285796
0.001291165857297664
0.001291140972256474
0.001291112022365679
0.001291071147873654
0.001291042145370296
0.001291017451029469
0.001290981639546381
0.001290951334906083
0.001290887270717909
0.001290844400763253
0.001290769353926081
0.001290706096381906
0.001290640740976879
0.001290558053052253
0.001290481156002243
0.001290400720556912
0.001290327874105283
0.001290264507364604
0.001290233484030481
0.001290222097174632
0.001290228750081588
0.001290286341565671
0.001290343249124611
0.001290428129400658
0.001290478739072558
0.001290550530280372
0.001290592828379798
0.001290644383370542
0.001290666406160947
0.001290678649408936
0.001290683711118422
0.001290688925396992
0.002355440480703142
0.002355438357710498
0.00235541449698964
0.00235535971648165
0.002355312919171232
0.002355242680678994
0.002355196790003873
0.002355172574956015
0.002355166879072228
0.002355203884468471
0.002355292954079348
0.002355399693196298
0.00235555363432734
0.002355697541129886
0.002355832949255087
0.00235596010716068
0.002356042634422263
0.002356112218319234
0.002356138029300852
0.00235614426612668
0.002356142665261165
0.002356135477580454
0.002356122560004541
0.002356099955058084
0.002356086327420149
0.002356064110364989
0.00235605293201126
0.002356027109691116
0.002355995581597002
0.002355946042622175
0.002355913050231058
0.002355884905211778
0.00235584266968297
0.00235580590123144
0.002355726070383684
0.002355676470034509
0.002355581397191184
0.002355506381813507
0.002355423906780161
0.002355322771270871
0.002355223156451633
0.002355121203515041
0.002355024519484625
0.002354938565902171
0.002354892782976507
0.002354875346279726
0.002354876959484905
0.002354943352777401
0.002355014272449197
0.002355116994845326
0.002355182591346036
0.002355268801653373
0.00235532264020961
0.002355383074070447
0.002355409322292991
0.002355422165491398
0.002355426338347818
0.002355430674915461
0.003467401203838801
0.003467390808761137
0.003467367538256646
0.003467302116106253
0.003467251420155422
0.003467169951605529
0.003467116476761474
0.003467084543274735
0.003467075513441837
0.003467107276488871
0.003467199205590479
0.003467314292960137
0.003467479918173519
0.003467641426709773
0.003467789374000681
0.003467933523889535
0.003468027271596226
0.003468110909629723
0.003468142412574685
0.003468151153510071
0.003468152687262066
0.003468151617594824
0.003468142346729965
0.003468123762647278
0.00346811398337812
0.003468097105353281
0.003468089033681704
0.003468065893754045
0.003468037225754376
0.003467984595019321
0.003467955524341558
0.003467926939718504
0.003467885264978525
0.003467846814736894
0.003467759822289267
0.003467711303898741
0.003467606071840012
0.00346753202235425
0.003467440899697587
0.003467336881199466
0.003467225842695116
0.003467117526545799
0.003467008425063023
0.003466913409882309
0.003466857820866954
0.003466836125983573
0.003466835714492503
0.003466901040659167
0.003466977247696885
0.003467082218971611
0.003467153640670169
0.003467242181736796
0.003467302287786676
0.003467361481989774
0.003467386145759411
0.00346739418638962
0.003467393561575014
0.003467393019298315
0.004595568980424795
0.004595545524212125
0.00459551850085992
0.004595442366896801
0.004595387984811631
0.004595296891961977
0.004595241688522161
0.004595204314555656
0.004595193661216804
0.004595222483127665
0.004595315595094845
0.004595438926837487
0.004595611925330645
0.00459578412504923
0.004595938330904024
0.004596093464754918
0.004596192888729027
0.004596286346679766
0.004596321310089135
0.004596330515773134
0.004596334601715687
0.004596341298591998
0.004596336228377813
0.004596325066730608
0.004596321126618638
0.004596311615552785
0.004596309306773154
0.004596289233192274
0.004596265535365148
0.004596210452342832
0.004596189813521916
0.004596158710155696
0.00459612034899898
0.004596080485324059
0.004595989064175066
0.004595942737014486
0.004595828694130069
0.004595759356616234
0.004595658803378115
0.004595558055221865
0.004595437392751769
0.004595330037551832
0.004595211939672382
0.004595117015092564
0.004595056569911883
0.004595035508749318
0.004595034768708245
0.004595100064157026
0.004595179090676899
0.00459528170822531
0.004595354841346483
0.004595442866993048
0.004595507462622536
0.004595558627758563
0.004595578317035293
0.004595580107413092
0.004595569726547532
0.004595562881862449
0.005748923742857934
0.005748886522353795
0.005748846836479517
0.005748756350578281
0.005748687575634592
0.005748581823638216
0.005748518305208766
0.005748475205341455
0.005748463124739134
0.00574849201301425
0.0057485980550708
0.00574873554771684
0.005748924565631652
0.005749115328755329
0.00574928335427034
0.005749452432343408
0.005749559098683616
0.005749658239738623
0.005749696088977092
0.005749709184490434
0.005749717022932949
0.005749727801257507
0.005749727454442474
0.005749723211527325
0.005749724531447566
0.005749720400805166
0.00574972247504375
0.005749707619663216
0.005749685814548402
0.005749635964985914
0.005749615427303943
0.005749581823256206
0.005749542756796009
0.005749496874463782
0.005749404508229666
0.005749348895207949
0.005749229776687452
0.005749151141661385
0.005749040386860804
0.00574892972208862
0.005748800436679872
0.00574868323622334
0.005748557128077572
0.005748458244460574
0.005748395920376755
0.005748375092281282
0.00574837612525023
0.005748453093880192
0.005748540541126757
0.005748654374073343
0.005748737615667183
0.005748834907442726
0.005748903841961491
0.005748949618525089
0.005748965289608471
0.005748962451404785
0.005748941227790258
0.005748926591394375
0.006921427312309235
0.006921374175716082
0.006921315416690902
0.006921204064084808
0.006921113256508589
0.006920986428783705
0.006920908238123072
0.00692085701977571
0.006920842148991358
0.00692087074307198
0.006920995998439767
0.006921152072519842
0.006921363189124907
0.00692157824044729
0.006921765611674364
0.00692195144071502
0.00692206648767018
0.006922168779362785
0.006922210320388869
0.006922227769195404
0.006922238149102864
0.006922251906041425
0.006922255960360772
0.006922257038960383
0.006922263964287049
0.006922264086194861
0.006922268827480278
0.006922260137923625
0.006922241307330366
0.006922202304343176
0.006922179221931821
0.006922145835260324
0.006922105265909469
0.006922052430063962
0.006921961882927016
0.006921891108857144
0.006921768368744936
0.006921673041108321
0.00692154940983526
0.006921420642359714
0.006921279784013698
0.006921144191903832
0.006921008561687012
0.00692090047961128
0.006920837245126951
0.006920814789714815
0.006920824006809532
0.006920920398041177
0.006921021725761592
0.006921158472952973
0.006921258424145888
0.00692137381210491
0.006921448901936827
0.006921494182326682
0.006921508023875578
0.006921498428502701
0.00692146739283594
0.006921442984823814
0.008128277772179161
0.008128205573806271
0.00812812494315536
0.00812798736774991
0.008127870887440779
0.008127718226344692
0.008127620905982036
0.008127558270014271
0.008127538837545929
0.008127562944809258
0.008127704203975119
0.008127878758538803
0.008128109213056555
0.008128346547383645
0.008128551054349531
0.008128751046840599
0.008128871623521803
0.008128973276708494
0.008129016577160466
0.008129035765033337
0.008129047391857215
0.008129062553787179
0.008129072156183094
0.008129078950193894
0.008129094485302918
0.008129101284478982
0.008129110881608391
0.0081291095647437
0.00812909872064738
0.00812907404299368
0.008129052712166792
0.008129024538876508
0.0081289859965578
0.008128930598768347
0.008128845031640774
0.008128762199090984
0.00812863814044803
0.008128528420964058
0.00812839192159244
0.008128247077699687
0.008128094571336255
0.008127941302530403
0.008127797327039925
0.008127679683121579
0.008127616914116339
0.008127593368256398
0.008127613875837414
0.008127731337428779
0.008127847682602664
0.008128009649540011
0.008128126925335839
0.008128262061728888
0.008128344033114404
0.008128390254328042
0.008128402538389107
0.008128383583881243
0.008128342601574438
0.008128306864499887
0.009383388436130022
0.009383296108296527
0.009383192443876876
0.00938302441805575
0.009382878637772129
0.009382694793656972
0.009382571736825685
0.009382490143473627
0.009382462627303708
0.009382473983573589
0.009382617936955469
0.009382805859875373
0.009383045254639745
0.009383297348070987
0.009383511096507161
0.009383718534302303
0.009383839491066966
0.009383934382519067
0.009383975551788212
0.009383993424556659
0.009384004724160311
0.009384020515555574
0.00938403485749508
0.009384049919727142
0.009384074937976234
0.009384091609776154
0.009384114361522904
0.009384122586682895
0.009384125072887523
0.009384120839860129
0.009384110487365599
0.009384095668757711
0.009384068355867178
0.00938402028000008
0.009383947244350634
0.009383862826702475
0.009383744515036404
0.009383629383238438
0.009383485727676753
0.009383332157201102
0.009383171619065291
0.00938300518123813
0.009382854868123082
0.009382728338829754
0.009382665917750803
0.00938264145111223
0.00938267220932004
0.009382808576652892
0.009382938247481577
0.009383122716698342
0.00938325539486861
0.009383408411982265
0.009383497774973781
0.009383545356847307
0.009383556360809469
0.00938352737972095
0.009383476797524461
0.009383429748402221
0.0106742977803116
0.01067418877439438
0.01067406403765737
0.01067386357616984
0.01067368513203598
0.01067346367310099
0.01067330520818691
0.01067318730487161
0.01067314019243885
0.01067313288613694
0.01067325064026052
0.01067343976223297
0.01067367012809035
0.01067392277878526
0.01067413255846115
0.01067433601346206
0.01067445039405658
0.01067452853076436
0.01067456125207001
0.01067457340661673
0.01067458093960429
0.01067459430706421
0.01067461123868067
0.01067463495923727
0.01067466930228897
0.01067469857676855
0.01067473820165451
0.01067476553888181
0.01067479042714936
0.01067481184939536
0.01067482765312229
0.01067483654936053
0.01067483748829512
0.01067481278169558
0.01067476725220399
0.01067470053248357
0.01067460278986885
0.0106744989718616
0.01067436147889858
0.01067421141975156
0.01067405106876665
0.01067387863119282
0.01067372438324593
0.01067358975028797
0.01067352549361857
0.01067349926770773
0.01067353415090788
0.01067368406416767
0.01067382215496663
0.01067402278393897
0.01067416707973491
0.01067433431866989
0.01067443178344969
0.01067448215494515
0.01067449291380356
0.01067445704014959
0.01067439972549235
0.01067434607046559
0.01194346716645306
0.01194335667395692
0.01194322266947614
0.01194299645804557
0.01194278778216131
0.01194252534364357
0.0119423223883836
0.01194213920925311
0.01194204872400192
0.0119420164940402
0.01194206986636641
0.0119422325324246
0.01194242804572811
0.01194265654516759
0.01194284268136442
0.0119430223035982
0.01194311892064847
0.01194316576919641
0.01194318152493173
0.01194317721012183
0.01194317446349849
0.01194317700699123
0.01194319033310385
0.01194321702438293
0.01194325708230569
0.01194329929233251
0.01194335536758953
0.01194340391045228
0.01194345753600465
0.01194351417929265
0.01194356697299404
0.01194362427664119
0.01194366755393791
0.01194368804352975
0.01194369374142215
0.01194367470057154
0.01194362353480743
0.01194355880639198
0.01194345383982476
0.01194332951367136
0.01194318771275
0.01194302430911875
0.01194287353551505
0.01194273134004844
0.0119426628982758
0.01194263277642577
0.01194265931841259
0.01194281135879307
0.01194294756942627
0.01194315233326374
0.01194330064101292
0.01194347516713069
0.01194357974512693
0.01194363526852858
0.01194364752284624
0.01194361278017849
0.01194355706434874
0.01194350956288132
0.01308411306485799
0.0130840366338111
0.01308392572535217
0.01308370355567714
0.01308348650021408
0.01308319515125382
0.01308294605249635
0.01308269750747494
0.01308251766051743
0.01308242403350498
0.01308239825938305
0.01308247575888398
0.01308259860257256
0.01308276174334421
0.01308289636966919
0.01308301738966922
0.01308307157104426
0.01308308419202893
0.01308306998339881
0.01308302746155697
0.01308299549793393
0.01308298070500558
0.0130829774482735
0.0130829901543086
0.01308302269461133
0.0130830667461157
0.01308312863777461
0.01308319007401809
0.01308326861673893
0.0130833593100877
0.01308345523655598
0.01308356702150342
0.0130836703271314
0.0130837655829705
0.01308385057218114
0.01308391313356046
0.01308394783730764
0.01308396249933163
0.0130839380638582
0.01308388028933058
0.01308379348952159
0.01308367389510086
0.01308354437178749
0.01308340535038523
0.01308333142335637
0.01308329510055437
0.01308329988397224
0.01308343086822251
0.01308354709207586
0.01308373282946221
0.01308386901391909
0.0130840356315721
0.01308413945995013
0.01308419957667029
0.01308421415615362
0.01308418939052365
0.01308414976493982
0.01308412794913753
0.01396063525839878
0.01396064169263952
0.01396061621414363
0.01396047194680872
0.01396031392385361
0.01396005364288688
0.01395979832510363
0.01395950596176926
0.0139592426151321
0.01395901414212634
0.01395887526599632
0.01395881871829533
0.01395880206898719
0.01395883220494345
0.0139588648867405
0.01395888943380749
0.0139588933250486
0.013958845375449
0.01395878038616571
0.01395869579138102
0.01395861876581897
0.01395855739343083
0.01395851772638135
0.01395849881389747
0.01395849542370492
0.01395851373441121
0.0139585525493234
0.01395859957249924
0.01395867840020501
0.01395877996416877
0.01395890244230151
0.01395905632329157
0.01395921550130801
0.01395938669557017
0.01395956672884129
0.01395973899672284
0.01395990078876222
0.013960057490532
0.01396016735384246
0.0139602438898517
0.01396027241497658
0.01396027221128618
0.01396021021532638
0.01396011158601706
0.01396004913964114
0.01396000072063976
0.0139599899192333
0.01396006005525951
0.01396012761307478
0.01396025370406643
0.01396034679667294
0.01396047669996305
0.01396055861450861
0.01396061111970214
0.01396062387012234
0.01396060692006906
0.01396059486045661
0.01396060335399833
0.01445016888815061
0.0144502479930311
0.01445033122022705
0.01445037143675333
0.01445038776523909
0.01445030620652861
0.01445017918420571
0.01444996035586158
0.01444968802401068
0.01444936122845505
0.01444904584294841
0.01444876769444339
0.01444853297667841
0.01444834943807024
0.01444820260715426
0.01444809409099846
0.01444797237674055
0.01444784139396809
0.01444770702624908
0.01444758082969196
0.01444745156038926
0.01444733886232363
0.01444724259717872
0.01444715610114017
0.01444709646900084
0.01444705633411809
0.01444703314630485
0.0144470244994014
0.01444705847921307
0.01444712232385851
0.01444722097749909
0.01444736553368214
0.01444753069815473
0.01444773384360294
0.01444797527207074
0.01444823971569155
0.01444852833926837
0.01444884496807087
0.01444913488398959
0.01444943117699895
0.01444969609721736
0.01444991072307811
0.01445003873022203
0.01445009586120479
0.01445011669370206
0.01445008741406019
0.01445005878150853
0.01445004499832939
0.01445002557387315
0.0144500317971799
0.01445003204862643
0.01445008264583284
0.01445010970084417
0.01445012837350711
0.01445012254163267
0.01445009413156384
0.01445007967055585
0.01445009099245224
0.0145176958710683
0.01451779715167046
0.01451800338453174
0.0145183024504089
0.01451863625564866
0.01451889506024455
0.0145190667516822
0.01451910897233401
0.01451899341898261
0.01451868806755692
0.01451823647807853
0.01451768317258784
0.01451714804463581
0.01451663696416298
0.01451621227275228
0.01451590276098327
0.01451565000960964
0.01451546170041692
0.01451527629491073
0.01451512266371126
0.01451495271763911
0.0145147857295415
0.014514628526001
0.0145144608225003
0.01451431916349584
0.01451417691285409
0.01451406157996848
0.01451395001140473
0.01451389116347894
0.01451386639719268
0.01451387052326903
0.01451393127423133
0.01451402241807231
0.01451417038466181
0.01451438540720448
0.01451465850226153
0.01451500294947936
0.0145154276555977
0.01451587619792648
0.01451639752990036
0.01451693831287635
0.01451747646558324
0.01451797088265337
0.01451834547313996
0.014518571748354
0.01451864291232429
0.01451864965797939
0.01451856481127102
0.01451839642745259
0.01451825271976864
0.01451808316166393
0.0145179975985638
0.01451794241957507
0.0145179208793654
0.01451788432641745
0.01451785725426587
0.0145177766421256
0.01451771199018639
0.01422481952336319
0.01422472736182513
0.01422487481227702
0.01422536380816436
0.01422603358339482
0.01422669279656094
0.01422744646159551
0.01422801143917884
0.01422829283671326
0.01422833367538037
0.01422800958941378
0.01422723682974558
0.0142263800211075
0.01422542450660816
0.01422454437193761
0.01422387728767331
0.0142234290228213
0.01422320262526688
0.01422299111798087
0.01422283195829049
0.01422265618326079
0.01422245319241774
0.01422225958658234
0.01422201835213419
0.01422180135240907
0.0142215536909587
0.01422133471447131
0.01422111002812298
0.0142209343464974
0.01422077368127052
0.01422065739406965
0.01422056909575817
0.01422052394439423
0.01422051926230679
0.01422059662390245
0.01422075215554462
0.01422101485788924
0.01422140736368237
0.01422187939241859
0.01422251147268067
0.0142232581717066
0.01422412995170508
0.01422506897215032
0.01422593615151859
0.01422668814605564
0.01422709718000212
0.01422724408156796
0.01422719500558465
0.01422691535154982
0.01422658598751523
0.01422616335741358
0.01422583008971797
0.01422559452816359
0.01422549099650333
0.01422546070257814
0.01422552090063659
0.01422543307195527
0.01422514347938901
0.01367406959149195
0.01367355512042133
0.01367344130529586
0.01367386467549375
0.01367473998528112
0.01367568130816256
0.01367699758938468
0.01367820365981389
0.01367934711419447
0.01367985785388289
0.01367992852555614
0.01367917671882717
0.01367810386575878
0.01367676950606178
0.01367534234876955
0.01367420517129582
0.0136735435297977
0.0136732577591506
0.01367305563054161
0.01367290756827202
0.01367276871559055
0.01367255656536788
0.01367236468421314
0.01367207682865313
0.01367181614414725
0.01367148625770911
0.01367117786886016
0.0136708538939785
0.01367057731988375
0.01367029544470803
0.01367005666683208
0.0136698211555402
0.01366958527274103
0.01366940101597988
0.01366927535291385
0.01366922273838768
0.01366927670023411
0.01366948445566716
0.01366979985881842
0.01367034102119857
0.0136710890418719
0.01367212354736084
0.01367341561792947
0.01367483044038295
0.01367625641227584
0.01367727226000005
0.0136776871350415
0.01367773635367977
0.01367747276984137
0.01367704996975165
0.01367639189744195
0.01367576577028093
0.01367524496177145
0.01367504713495061
0.01367503926232397
0.01367541840634409
0.01367548520308686
0.01367506570430052
0.01297286002528558
0.01297145803754246
0.01297095785346305
0.01297106018017534
0.01297191091140995
0.01297285617979066
0.01297450992498883
0.0129762220765729
0.01297832023003545
0.01297980794904008
0.01298036204424101
0.01297998295597194
0.01297892449399352
0.0129774291456714
0.01297546409805021
0.0129737190024358
0.01297273339003171
0.01297237355969987
0.01297220343288341
0.01297207081749512
0.01297199467183974
0.01297179698924469
0.01297163772343402
0.01297133276075223
0.01297106423776734
0.01297068784041928
0.01297031715385885
0.01296992179285087
0.01296958041373084
0.01296921232352371
0.01296888218892722
0.01296853078581082
0.01296813916725357
0.01296779693987754
0.01296747638662119
0.01296715452186901
0.01296697699286502
0.01296691590745021
0.01296694636432243
0.01296721666145001
0.01296772988145415
0.01296864918136933
0.01297002644173272
0.01297181113583191
0.01297389833237104
0.01297581879768758
0.01297671500859001
0.01297691879838767
0.01297680488412985
0.01297646414694123
0.01297569123994268
0.01297483154360017
0.01297382852367201
0.01297334960427275
0.0129732822195577
0.01297428102743647
0.012974716941443
0.01297447390408821
0.01220068127373238
0.01219812234384448
0.0121969652236286
0.01219671797389504
0.01219731797541337
0.01219799114016333
0.01219965337383399
0.01220155050965102
0.01220435546382805
0.01220708562017157
0.01220842506452866
0.01220855151756178
0.01220778256685338
0.01220644966756788
0.01220412845220704
0.0122017306133451
0.01220025276003627
0.01219980927347955
0.01219966663564396
0.01219955141218652
0.01219953439188928
0.01219936558802223
0.01219925648229145
0.0121989564412846
0.01219870532063704
0.01219831928600694
0.01219791307561105
0.01219747167589701
0.01219710092564177
0.01219668517931446
0.01219630493237283
0.0121958862956567
0.01219538587157924
0.01219493044577632
0.0121944744878715
0.01219394361003227
0.0121935160863499
0.01219317105166921
0.0121929074020194
0.01219281800426698
0.01219294328183209
0.01219350074977679
0.01219464446551505
0.01219646804072655
0.01219900335878289
0.01220190961819676
0.01220352710792077
0.01220399000753792
0.01220405732270239
0.01220397459460119
0.01220327824293867
0.01220234518071074
0.01220087139681416
0.01219980284720066
0.01219950432509211
0.01220102230916707
0.01220230187633107
0.01220250897314398
0.01139672954962959
0.01139309232860755
0.01139104798478043
0.01139039187334739
0.01139065079182758
0.01139086907611804
0.01139223160460777
0.01139393169533913
0.01139706442506393
0.01140082414276339
0.01140339929102847
0.0114040466016877
0.01140375786699054
0.01140291745370284
0.01140056194269246
0.01139763113087961
0.01139547716847304
0.01139489600054266
0.01139479325205822
0.01139465397673448
0.01139469453462072
0.01139456542924159
0.01139450554395036
0.01139421956710365
0.01139399988545763
0.01139363528770849
0.0113932177151846
0.01139275013814992
0.01139237876038542
0.01139194659779781
0.01139155164328793
0.0113911105120163
0.01139054523497823
0.01139002491626988
0.01138950306675157
0.01138882107159923
0.01138819713336605
0.01138763497665869
0.0113870898994092
0.01138661222334794
0.01138633750922213
0.01138638936635337
0.01138704103080721
0.01138853909137346
0.01139118060651003
0.01139488465697256
0.0113974509291956
0.01139828048301053
0.01139854215047784
0.01139879052135989
0.01139837593726309
0.01139759701111441
0.01139585715889092
0.01139396591083561
0.01139318729464763
0.01139478664085049
0.01139736355272337
0.01139822493550003
0.01056601746753789
0.01056170166889
0.01055862023604509
0.01055741596272472
0.01055734498238078
0.01055705463228916
0.01055787270235395
0.01055903251419611
0.01056201648790279
0.01056638475090733
0.01057042302823197
0.01057177997949819
0.01057198394456331
0.01057189888481086
0.01056991033882908
0.01056673919638836
0.01056373874857756
0.01056292213017773
0.01056287349595711
0.01056267628217926
0.0105627553932414
0.01056266635454219
0.01056265456176173
0.01056238360549307
0.01056219956312215
0.01056187878672446
0.01056146367499155
0.0105609821077271
0.0105606290460403
0.01056020556394913
0.01055982733070576
0.01055939928875759
0.01055880713757988
0.01055826103581744
0.01055773503615253
0.01055696909536757
0.01055621469512536
0.01055550207901226
0.01055474538428708
0.01055397374541839
0.01055321436219601
0.01055278226962151
0.01055277439924267
0.01055362648149783
0.01055595683398368
0.01056010831360331
0.01056379380572964
0.01056507244162087
0.01056548467747052
0.01056616152850563
0.01056615083311593
0.01056576165168273
0.01056405774009163
0.0105613728900243
0.01055978531927905
0.01056091755580599
0.01056486341501215
0.01056669407540111
0.009692947318904035
0.009688575446489444
0.009684476974376155
0.009682526778098768
0.009682206966934259
0.009681370317912365
0.00968152152133131
0.009681866707848248
0.009684182268664158
0.009688553341574478
0.00969407933595676
0.009696370917020639
0.009697102953141979
0.009697871454378082
0.009696695736501015
0.009693760049285615
0.00968982840373551
0.009688615288791252
0.009688610780057692
0.009688325516147997
0.009688430406882196
0.009688364268136735
0.009688392305504206
0.009688127218159408
0.009687985216253079
0.009687722353764342
0.009687318174202913
0.009686835271922567
0.009686517017246286
0.009686121691771642
0.009685785068340688
0.009685399365020822
0.009684810793799037
0.009684275451244412
0.009683800261207194
0.009683004749928366
0.009682180457386247
0.009681393427004923
0.009680501440039659
0.009679526459437463
0.009678427452267175
0.009677384514368961
0.009676737707686948
0.009676693788764986
0.009678270665808633
0.009682335296996369
0.009687209661340304
0.009689049140280029
0.009689518958274197
0.009690777794195143
0.009691186612129674
0.009691380793735691
0.009690066955437029
0.009686974990473463
0.009684174001587593
0.009684331064986659
0.00968913193475743
0.009692450246078196
0.008753049329684051
0.008749397178050863
0.008744614741092902
0.008741676819255334
0.00874122468030477
0.008739743190569067
0.008739260376191115
0.008738638966550416
0.008739772336828749
0.008743364307385315
0.00875011034518232
0.008753558790836792
0.008754743937344552
0.008756563120496224
0.008756515496496031
0.008754481765498048
0.008749734820469392
0.008747884448320285
0.008747893438044376
0.00874748878447946
0.008747579136572255
0.008747528792454903
0.008747588333070376
0.008747312033526919
0.008747222662054771
0.008747017724337336
0.008746617091662214
0.008746142339756052
0.00874587266690832
0.008745526515986382
0.008745255782618457
0.008744937352590996
0.008744380727204328
0.008743891773406372
0.008743520413125481
0.008742748325654389
0.008741913129273877
0.008741131326490539
0.008740178779697743
0.008739119728277341
0.008737804500109093
0.008736288075924782
0.008734866672319617
0.008733888768284464
0.008734300648163665
0.008737539341407833
0.008743458363174628
0.008746069148603559
0.008746537514044384
0.008748382058897873
0.008749216060501738
0.008750148969522507
0.008749611366902808
0.008746854502667158
0.008742355219449979
0.008741207962296715
0.008745847877853452
0.008751048860619823
0.007719166212364801
0.007717104309144865
0.007712385913993329
0.007708178185245158
0.007707646933188659
0.007705599804101004
0.007704641151192126
0.007702877638556694
0.007702521474217275
0.007704463328054799
0.00771151135015821
0.007716428562830463
0.007717880950599424
0.007721074442489422
0.007722189211127549
0.007721840373880043
0.007716897257976457
0.00771404370514276
0.007713958746804238
0.007713410076549479
0.007713433205002339
0.007713392398718454
0.007713448780615287
0.007713154164528599
0.007713125789747077
0.007712969171394052
0.007712559451742589
0.007712117482029041
0.007711909408473362
0.007711628314857548
0.007711438364504492
0.007711209660734664
0.007710710642030623
0.007710314968377618
0.007710102183332394
0.007709375340757382
0.007708580950499566
0.007707878415454429
0.007706947190335554
0.007705946738564735
0.007704582403068342
0.007702735299519277
0.007700799505748547
0.007698646567009706
0.007697775914567788
0.007699300765747031
0.007705586053971402
0.007709356413975158
0.007709813549698765
0.007712106416038826
0.007713246198937354
0.007715158080568873
0.007715618971075421
0.007714155463096487
0.007708122708519893
0.007705143622150131
0.00770842231341094
0.007715054842832186
0.006561763364569273
0.006562177330590318
0.006558865808142716
0.006553118412183661
0.006552447988926115
0.006550100467746193
0.006548977266356561
0.006545958638807694
0.006544104220774069
0.006543506699030499
0.006549247879863111
0.006555952299348965
0.006557571389520473
0.006561894758475085
0.006564392741703725
0.006566201200428386
0.006562602620742545
0.006558208374984609
0.00655778414756846
0.006557069815865109
0.006556975642602926
0.006556959624542949
0.006556934855600915
0.006556622948368437
0.00655665641483432
0.006556529613508015
0.00655609198924607
0.006555732105136072
0.006555611615105174
0.006555401441218205
0.006555292542759543
0.006555167023183308
0.006554747122546598
0.006554508460970048
0.006554517132729914
0.006553792282827726
0.006553094450497145
0.006552518751646596
0.00655171659762667
0.006550914217144116
0.006549691188488842
0.006547722539882472
0.006545649631524497
0.006542529111265935
0.006540266828487867
0.006539334488091421
0.006544444939898143
0.006549929643710251
0.006550475951943446
0.006552954695255909
0.006554174747828043
0.006557124622909337
0.006558695074622247
0.006559396033304012
0.006553343960338536
0.006547750139335232
0.00654833742859441
0.006554759662129205
0.005243860591986891
0.005247121046254281
0.005246705563536554
0.005239507750797198
0.00523850458576716
0.005236203897784778
0.005235183251036
0.005231349037942782
0.005228333157046969
0.005224808078536477
0.005227392911355089
0.005235957821334261
0.005237743957441353
0.005242514742340566
0.005245918252516253
0.005250328130848694
0.005249580458065502
0.0052433327738412
0.005242201751102833
0.005241446894274892
0.00524124339639972
0.005241172158530019
0.005240932230502738
0.005240677624794466
0.005240723226671862
0.005240628002248402
0.005240211850383475
0.005240034377652176
0.005239998519548845
0.005239833284361481
0.005239773471831563
0.005239727058015763
0.005239464054251654
0.00523944437973283
0.005239642640943759
0.005238808342777907
0.005238285556279905
0.005237848773126129
0.00523732421048455
0.005236775042559635
0.005235898238366484
0.005234101452346803
0.005232407575731291
0.005228873435095327
0.005225662159697189
0.005221821144304336
0.00522400716318086
0.005231523743680784
0.005232376505572641
0.005234750256369355
0.005235847285270217
0.005239402789359883
0.005241819845687072
0.005245281483711413
0.005241331578365409
0.0052325951533431
0.005229706372075746
0.005233589888065007
0.003704618673393607
0.003710932465218004
0.003716244640411986
0.003708959147110401
0.003706988616075128
0.003705100839016295
0.003704161599382091
0.003700601258145771
0.003697997438244037
0.003691767942840894
0.003687776195542141
0.003697140170194407
0.003699205522045913
0.003703583334711477
0.003706609177119617
0.003713226090276289
0.003718278895787857
0.003710621118029545
0.003708808041445914
0.003708431029150847
0.003708024669143938
0.003707389703270721
0.003706875317873958
0.003706773168796563
0.003707244334157364
0.00370719511688335
0.003706632255906848
0.003707008331727038
0.003707106408331995
0.003706636867708745
0.00370656436440101
0.003706381026401676
0.003706361927829866
0.003706634346814812
0.003706565518314521
0.003706276033319278
0.003706019248955603
0.00370556910575778
0.003705096898474908
0.003705029824461121
0.00370463575233817
0.003703205966893734
0.003702346452109877
0.003699175821254611
0.003696543458934613
0.003689988172703679
0.003685909528821249
0.003694574609263623
0.003696147683130669
0.003698198410156846
0.003698751793355417
0.003702281660760795
0.00370445311720718
0.003710448548275752
0.003712682116529045
0.003702444794331634
0.003695836217470401
0.003693042392554809
0.001831468707881256
0.001838701934766127
0.001883552280708917
0.001882316131232538
0.001877010376151104
0.001875903945503262
0.001873181279907487
0.00187393082566945
0.001875238082360717
0.001867011265642838
0.00182242634903776
0.001825438181952541
0.001827701696269274
0.00183244694428973
0.001833539767654129
0.001839735387061053
0.001884095339632805
0.001877891865292723
0.001878745678135596
0.001881214730771394
0.001879331496587768
0.001874934667057228
0.001874995853683581
0.001874782050656244
0.001878880710001881
0.001879058060720457
0.00187699052380694
0.001880509942950722
0.001880490500944231
0.001877571660832041
0.0018773993398403
0.001875680659263204
0.001875897243051367
0.001876999841413159
0.001874014570127982
0.001879535315041428
0.001879882286836975
0.001877858894109358
0.001874877149562408
0.00187681611567035
0.001876751027140781
0.001875006302948613
0.001874769128997512
0.001873335294249718
0.001874495291781161
0.001866317715616143
0.001821866812843026
0.001824699944816348
0.001827019738508872
0.001829558899684728
0.001827197487357133
0.001830269153209879
0.001830310101210985
0.001839013840841941
0.001882043981237963
0.001876568470268691
0.001868061810511592
0.001825606426686726
3.008891041312984e-05
3.032766745587052e-05
4.838201758798133e-05
5.536182923597822e-05
5.131024382588229e-05
5.134979351640945e-05
4.976236554737282e-05
5.102953656658136e-05
5.50673118306247e-05
5.271936764609353e-05
3.044671217687536e-05
3.032534272049345e-05
3.077865194937124e-05
3.048521885377232e-05
3.034468627766257e-05
3.02970841194013e-05
4.825555179413676e-05
5.017176882557675e-05
5.178256656482749e-05
5.617011220482657e-05
5.594742536874447e-05
5.130430837318762e-05
5.139788330554931e-05
5.097627318673637e-05
5.523662565965341e-05
5.426409411895588e-05
5.292907191917182e-05
5.532914113868254e-05
5.68740332516466e-05
5.290983323084394e-05
5.270937543208843e-05
5.158397882856936e-05
5.153943684519826e-05
5.300339170904519e-05
5.017549405371652e-05
5.489504224675051e-05
5.718225335408487e-05
5.370937944622652e-05
5.13700686325717e-05
5.202428430221276e-05
5.291909057925356e-05
5.190023752292857e-05
5.138019453330334e-05
5.168472365065275e-05
5.457828958347413e-05
5.265391597799298e-05
3.045077315334513e-05
3.033491299395964e-05
3.078665427634372e-05
3.069920676266099e-05
3.049171288092983e-05
3.036139204572622e-05
3.039310368046385e-05
3.02476086284756e-05
4.891411931833549e-05
5.197511581842113e-05
5.14470709243963e-05
3.035669521568349e-05
)
;

boundaryField
{
    inlet
    {
        type            cyclic;
    }
    outlet
    {
        type            cyclic;
    }
    bottomWall
    {
        type            nutUSpaldingWallFunction;
        Cmu             0.09;
        kappa           0.41;
        E               9.800000000000001;
        value           nonuniform List<scalar> 
58
(
2.488083286435508e-07
2.487039213344179e-07
2.485960512066572e-07
2.486353896930644e-07
2.484292096748019e-07
2.484044960680441e-07
2.482505662238042e-07
2.482216308377075e-07
2.481634978987609e-07
2.482289070002358e-07
2.483034824571025e-07
2.484788129334227e-07
2.486682697253658e-07
2.488537340770871e-07
2.490458187646527e-07
2.491792980888717e-07
2.492746054539533e-07
2.493136332442302e-07
2.493140716265793e-07
2.492708156644533e-07
2.492063993212628e-07
2.491579716723275e-07
2.490838319319194e-07
2.490144365661635e-07
2.489677520638167e-07
2.488831176663446e-07
2.488499970055625e-07
2.487641313012046e-07
2.487397162892545e-07
2.486562554075483e-07
2.486341998339807e-07
2.48552227494691e-07
2.485119724971677e-07
2.484289641107619e-07
2.483485629667945e-07
2.482702457317731e-07
2.481526918811133e-07
2.480726544945642e-07
2.479209190287923e-07
2.478324488013918e-07
2.476733530923456e-07
2.475813338784823e-07
2.474488760266123e-07
2.473889638519985e-07
2.473170127997859e-07
2.473635888951969e-07
2.474109190584231e-07
2.475563385469942e-07
2.476971557942883e-07
2.4789042011767e-07
2.480512160177566e-07
2.482283672244922e-07
2.483712715164077e-07
2.484521764567612e-07
2.485276659587262e-07
2.485385703113424e-07
2.485989417102489e-07
2.486329257967899e-07
)
;
    }
    topWall
    {
        type            nutUSpaldingWallFunction;
        Cmu             0.09;
        kappa           0.41;
        E               9.800000000000001;
        value           nonuniform List<scalar> 
58
(
2.14151866454737e-05
2.134552182871341e-05
2.139987566407599e-05
2.147977834930333e-05
2.150209791229097e-05
2.152637686791167e-05
2.152748297427876e-05
2.155748724004715e-05
2.154174062001364e-05
2.159828414053072e-05
2.151608675769918e-05
2.142898938779921e-05
2.141093220856135e-05
2.136612052012121e-05
2.137669776245842e-05
2.131562765932154e-05
2.138205164611384e-05
2.146242118772519e-05
2.148564092842439e-05
2.150796988847307e-05
2.152073903111015e-05
2.152779183380808e-05
2.152754592995004e-05
2.15305535104165e-05
2.153136179740788e-05
2.153283767158953e-05
2.153062139155553e-05
2.153532223645132e-05
2.153968496921909e-05
2.154032856645075e-05
2.153950816866069e-05
2.1537903872488e-05
2.153668300665287e-05
2.153688185967958e-05
2.154094061007042e-05
2.154674783919395e-05
2.154785308801463e-05
2.154672356127166e-05
2.154640332094793e-05
2.15474282025598e-05
2.154555184692746e-05
2.155197726316251e-05
2.154583616037524e-05
2.156927158711481e-05
2.155503021483306e-05
2.161396596826628e-05
2.15303361983263e-05
2.144566626166762e-05
2.142342393521377e-05
2.13914197720678e-05
2.139788582742409e-05
2.136051129724418e-05
2.138684761592154e-05
2.131155755359047e-05
2.141109458107885e-05
2.145633636703421e-05
2.155025579537241e-05
2.146203942736218e-05
)
;
    }
    left
    {
        type            cyclic;
    }
    right
    {
        type            cyclic;
    }
}


// ************************************************************************* //
