/*--------------------------------*- C++ -*----------------------------------*\
| =========                 |                                                 |
| \\      /  F ield         | OpenFOAM: The Open Source CFD Toolbox           |
|  \\    /   O peration     | Version:  v1812                                 |
|   \\  /    A nd           | Web:      www.OpenFOAM.com                      |
|    \\/     M anipulation  |                                                 |
\*---------------------------------------------------------------------------*/
FoamFile
{
    version     2.0;
    format      ascii;
    class       labelList;
    note        "nPoints:11616  nCells:5655  nFaces:22772  nInternalFaces:11158";
    location    "constant/polyMesh";
    object      neighbour;
}
// * * * * * * * * * * * * * * * * * * * * * * * * * * * * * * * * * * * * * //


11158
(
1
87
2
88
3
89
4
90
5
91
6
92
7
93
8
94
9
95
10
96
11
97
12
98
13
99
14
100
15
101
16
102
17
103
18
104
19
105
20
106
21
107
22
108
23
109
24
110
25
111
26
112
27
113
28
114
29
115
30
116
31
117
32
118
33
119
34
120
35
121
36
122
37
123
38
124
39
125
40
126
41
127
42
128
43
129
44
130
45
131
46
132
47
133
48
134
49
135
50
136
51
137
52
138
53
139
54
140
55
141
56
142
57
143
58
144
59
145
60
146
61
147
62
148
63
149
64
150
65
151
66
152
67
153
68
154
69
155
70
156
71
157
72
158
73
159
74
160
75
161
76
162
77
163
78
164
79
165
80
166
81
167
82
168
83
169
84
170
85
171
86
172
173
88
174
89
175
90
176
91
177
92
178
93
179
94
180
95
181
96
182
97
183
98
184
99
185
100
186
101
187
102
188
103
189
104
190
105
191
106
192
107
193
108
194
109
195
110
196
111
197
112
198
113
199
114
200
115
201
116
202
117
203
118
204
119
205
120
206
121
207
122
208
123
209
124
210
125
211
126
212
127
213
128
214
129
215
130
216
131
217
132
218
133
219
134
220
135
221
136
222
137
223
138
224
139
225
140
226
141
227
142
228
143
229
144
230
145
231
146
232
147
233
148
234
149
235
150
236
151
237
152
238
153
239
154
240
155
241
156
242
157
243
158
244
159
245
160
246
161
247
162
248
163
249
164
250
165
251
166
252
167
253
168
254
169
255
170
256
171
257
172
258
173
259
260
175
261
176
262
177
263
178
264
179
265
180
266
181
267
182
268
183
269
184
270
185
271
186
272
187
273
188
274
189
275
190
276
191
277
192
278
193
279
194
280
195
281
196
282
197
283
198
284
199
285
200
286
201
287
202
288
203
289
204
290
205
291
206
292
207
293
208
294
209
295
210
296
211
297
212
298
213
299
214
300
215
301
216
302
217
303
218
304
219
305
220
306
221
307
222
308
223
309
224
310
225
311
226
312
227
313
228
314
229
315
230
316
231
317
232
318
233
319
234
320
235
321
236
322
237
323
238
324
239
325
240
326
241
327
242
328
243
329
244
330
245
331
246
332
247
333
248
334
249
335
250
336
251
337
252
338
253
339
254
340
255
341
256
342
257
343
258
344
259
345
260
346
347
262
348
263
349
264
350
265
351
266
352
267
353
268
354
269
355
270
356
271
357
272
358
273
359
274
360
275
361
276
362
277
363
278
364
279
365
280
366
281
367
282
368
283
369
284
370
285
371
286
372
287
373
288
374
289
375
290
376
291
377
292
378
293
379
294
380
295
381
296
382
297
383
298
384
299
385
300
386
301
387
302
388
303
389
304
390
305
391
306
392
307
393
308
394
309
395
310
396
311
397
312
398
313
399
314
400
315
401
316
402
317
403
318
404
319
405
320
406
321
407
322
408
323
409
324
410
325
411
326
412
327
413
328
414
329
415
330
416
331
417
332
418
333
419
334
420
335
421
336
422
337
423
338
424
339
425
340
426
341
427
342
428
343
429
344
430
345
431
346
432
347
433
434
349
435
350
436
351
437
352
438
353
439
354
440
355
441
356
442
357
443
358
444
359
445
360
446
361
447
362
448
363
449
364
450
365
451
366
452
367
453
368
454
369
455
370
456
371
457
372
458
373
459
374
460
375
461
376
462
377
463
378
464
379
465
380
466
381
467
382
468
383
469
384
470
385
471
386
472
387
473
388
474
389
475
390
476
391
477
392
478
393
479
394
480
395
481
396
482
397
483
398
484
399
485
400
486
401
487
402
488
403
489
404
490
405
491
406
492
407
493
408
494
409
495
410
496
411
497
412
498
413
499
414
500
415
501
416
502
417
503
418
504
419
505
420
506
421
507
422
508
423
509
424
510
425
511
426
512
427
513
428
514
429
515
430
516
431
517
432
518
433
519
434
520
521
436
522
437
523
438
524
439
525
440
526
441
527
442
528
443
529
444
530
445
531
446
532
447
533
448
534
449
535
450
536
451
537
452
538
453
539
454
540
455
541
456
542
457
543
458
544
459
545
460
546
461
547
462
548
463
549
464
550
465
551
466
552
467
553
468
554
469
555
470
556
471
557
472
558
473
559
474
560
475
561
476
562
477
563
478
564
479
565
480
566
481
567
482
568
483
569
484
570
485
571
486
572
487
573
488
574
489
575
490
576
491
577
492
578
493
579
494
580
495
581
496
582
497
583
498
584
499
585
500
586
501
587
502
588
503
589
504
590
505
591
506
592
507
593
508
594
509
595
510
596
511
597
512
598
513
599
514
600
515
601
516
602
517
603
518
604
519
605
520
606
521
607
608
523
609
524
610
525
611
526
612
527
613
528
614
529
615
530
616
531
617
532
618
533
619
534
620
535
621
536
622
537
623
538
624
539
625
540
626
541
627
542
628
543
629
544
630
545
631
546
632
547
633
548
634
549
635
550
636
551
637
552
638
553
639
554
640
555
641
556
642
557
643
558
644
559
645
560
646
561
647
562
648
563
649
564
650
565
651
566
652
567
653
568
654
569
655
570
656
571
657
572
658
573
659
574
660
575
661
576
662
577
663
578
664
579
665
580
666
581
667
582
668
583
669
584
670
585
671
586
672
587
673
588
674
589
675
590
676
591
677
592
678
593
679
594
680
595
681
596
682
597
683
598
684
599
685
600
686
601
687
602
688
603
689
604
690
605
691
606
692
607
693
608
694
695
610
696
611
697
612
698
613
699
614
700
615
701
616
702
617
703
618
704
619
705
620
706
621
707
622
708
623
709
624
710
625
711
626
712
627
713
628
714
629
715
630
716
631
717
632
718
633
719
634
720
635
721
636
722
637
723
638
724
639
725
640
726
641
727
642
728
643
729
644
730
645
731
646
732
647
733
648
734
649
735
650
736
651
737
652
738
653
739
654
740
655
741
656
742
657
743
658
744
659
745
660
746
661
747
662
748
663
749
664
750
665
751
666
752
667
753
668
754
669
755
670
756
671
757
672
758
673
759
674
760
675
761
676
762
677
763
678
764
679
765
680
766
681
767
682
768
683
769
684
770
685
771
686
772
687
773
688
774
689
775
690
776
691
777
692
778
693
779
694
780
695
781
782
697
783
698
784
699
785
700
786
701
787
702
788
703
789
704
790
705
791
706
792
707
793
708
794
709
795
710
796
711
797
712
798
713
799
714
800
715
801
716
802
717
803
718
804
719
805
720
806
721
807
722
808
723
809
724
810
725
811
726
812
727
813
728
814
729
815
730
816
731
817
732
818
733
819
734
820
735
821
736
822
737
823
738
824
739
825
740
826
741
827
742
828
743
829
744
830
745
831
746
832
747
833
748
834
749
835
750
836
751
837
752
838
753
839
754
840
755
841
756
842
757
843
758
844
759
845
760
846
761
847
762
848
763
849
764
850
765
851
766
852
767
853
768
854
769
855
770
856
771
857
772
858
773
859
774
860
775
861
776
862
777
863
778
864
779
865
780
866
781
867
782
868
869
784
870
785
871
786
872
787
873
788
874
789
875
790
876
791
877
792
878
793
879
794
880
795
881
796
882
797
883
798
884
799
885
800
886
801
887
802
888
803
889
804
890
805
891
806
892
807
893
808
894
809
895
810
896
811
897
812
898
813
899
814
900
815
901
816
902
817
903
818
904
819
905
820
906
821
907
822
908
823
909
824
910
825
911
826
912
827
913
828
914
829
915
830
916
831
917
832
918
833
919
834
920
835
921
836
922
837
923
838
924
839
925
840
926
841
927
842
928
843
929
844
930
845
931
846
932
847
933
848
934
849
935
850
936
851
937
852
938
853
939
854
940
855
941
856
942
857
943
858
944
859
945
860
946
861
947
862
948
863
949
864
950
865
951
866
952
867
953
868
954
869
955
956
871
957
872
958
873
959
874
960
875
961
876
962
877
963
878
964
879
965
880
966
881
967
882
968
883
969
884
970
885
971
886
972
887
973
888
974
889
975
890
976
891
977
892
978
893
979
894
980
895
981
896
982
897
983
898
984
899
985
900
986
901
987
902
988
903
989
904
990
905
991
906
992
907
993
908
994
909
995
910
996
911
997
912
998
913
999
914
1000
915
1001
916
1002
917
1003
918
1004
919
1005
920
1006
921
1007
922
1008
923
1009
924
1010
925
1011
926
1012
927
1013
928
1014
929
1015
930
1016
931
1017
932
1018
933
1019
934
1020
935
1021
936
1022
937
1023
938
1024
939
1025
940
1026
941
1027
942
1028
943
1029
944
1030
945
1031
946
1032
947
1033
948
1034
949
1035
950
1036
951
1037
952
1038
953
1039
954
1040
955
1041
956
1042
1043
958
1044
959
1045
960
1046
961
1047
962
1048
963
1049
964
1050
965
1051
966
1052
967
1053
968
1054
969
1055
970
1056
971
1057
972
1058
973
1059
974
1060
975
1061
976
1062
977
1063
978
1064
979
1065
980
1066
981
1067
982
1068
983
1069
984
1070
985
1071
986
1072
987
1073
988
1074
989
1075
990
1076
991
1077
992
1078
993
1079
994
1080
995
1081
996
1082
997
1083
998
1084
999
1085
1000
1086
1001
1087
1002
1088
1003
1089
1004
1090
1005
1091
1006
1092
1007
1093
1008
1094
1009
1095
1010
1096
1011
1097
1012
1098
1013
1099
1014
1100
1015
1101
1016
1102
1017
1103
1018
1104
1019
1105
1020
1106
1021
1107
1022
1108
1023
1109
1024
1110
1025
1111
1026
1112
1027
1113
1028
1114
1029
1115
1030
1116
1031
1117
1032
1118
1033
1119
1034
1120
1035
1121
1036
1122
1037
1123
1038
1124
1039
1125
1040
1126
1041
1127
1042
1128
1043
1129
1130
1045
1131
1046
1132
1047
1133
1048
1134
1049
1135
1050
1136
1051
1137
1052
1138
1053
1139
1054
1140
1055
1141
1056
1142
1057
1143
1058
1144
1059
1145
1060
1146
1061
1147
1062
1148
1063
1149
1064
1150
1065
1151
1066
1152
1067
1153
1068
1154
1069
1155
1070
1156
1071
1157
1072
1158
1073
1159
1074
1160
1075
1161
1076
1162
1077
1163
1078
1164
1079
1165
1080
1166
1081
1167
1082
1168
1083
1169
1084
1170
1085
1171
1086
1172
1087
1173
1088
1174
1089
1175
1090
1176
1091
1177
1092
1178
1093
1179
1094
1180
1095
1181
1096
1182
1097
1183
1098
1184
1099
1185
1100
1186
1101
1187
1102
1188
1103
1189
1104
1190
1105
1191
1106
1192
1107
1193
1108
1194
1109
1195
1110
1196
1111
1197
1112
1198
1113
1199
1114
1200
1115
1201
1116
1202
1117
1203
1118
1204
1119
1205
1120
1206
1121
1207
1122
1208
1123
1209
1124
1210
1125
1211
1126
1212
1127
1213
1128
1214
1129
1215
1130
1216
1217
1132
1218
1133
1219
1134
1220
1135
1221
1136
1222
1137
1223
1138
1224
1139
1225
1140
1226
1141
1227
1142
1228
1143
1229
1144
1230
1145
1231
1146
1232
1147
1233
1148
1234
1149
1235
1150
1236
1151
1237
1152
1238
1153
1239
1154
1240
1155
1241
1156
1242
1157
1243
1158
1244
1159
1245
1160
1246
1161
1247
1162
1248
1163
1249
1164
1250
1165
1251
1166
1252
1167
1253
1168
1254
1169
1255
1170
1256
1171
1257
1172
1258
1173
1259
1174
1260
1175
1261
1176
1262
1177
1263
1178
1264
1179
1265
1180
1266
1181
1267
1182
1268
1183
1269
1184
1270
1185
1271
1186
1272
1187
1273
1188
1274
1189
1275
1190
1276
1191
1277
1192
1278
1193
1279
1194
1280
1195
1281
1196
1282
1197
1283
1198
1284
1199
1285
1200
1286
1201
1287
1202
1288
1203
1289
1204
1290
1205
1291
1206
1292
1207
1293
1208
1294
1209
1295
1210
1296
1211
1297
1212
1298
1213
1299
1214
1300
1215
1301
1216
1302
1217
1303
1304
1219
1305
1220
1306
1221
1307
1222
1308
1223
1309
1224
1310
1225
1311
1226
1312
1227
1313
1228
1314
1229
1315
1230
1316
1231
1317
1232
1318
1233
1319
1234
1320
1235
1321
1236
1322
1237
1323
1238
1324
1239
1325
1240
1326
1241
1327
1242
1328
1243
1329
1244
1330
1245
1331
1246
1332
1247
1333
1248
1334
1249
1335
1250
1336
1251
1337
1252
1338
1253
1339
1254
1340
1255
1341
1256
1342
1257
1343
1258
1344
1259
1345
1260
1346
1261
1347
1262
1348
1263
1349
1264
1350
1265
1351
1266
1352
1267
1353
1268
1354
1269
1355
1270
1356
1271
1357
1272
1358
1273
1359
1274
1360
1275
1361
1276
1362
1277
1363
1278
1364
1279
1365
1280
1366
1281
1367
1282
1368
1283
1369
1284
1370
1285
1371
1286
1372
1287
1373
1288
1374
1289
1375
1290
1376
1291
1377
1292
1378
1293
1379
1294
1380
1295
1381
1296
1382
1297
1383
1298
1384
1299
1385
1300
1386
1301
1387
1302
1388
1303
1389
1304
1390
1391
1306
1392
1307
1393
1308
1394
1309
1395
1310
1396
1311
1397
1312
1398
1313
1399
1314
1400
1315
1401
1316
1402
1317
1403
1318
1404
1319
1405
1320
1406
1321
1407
1322
1408
1323
1409
1324
1410
1325
1411
1326
1412
1327
1413
1328
1414
1329
1415
1330
1416
1331
1417
1332
1418
1333
1419
1334
1420
1335
1421
1336
1422
1337
1423
1338
1424
1339
1425
1340
1426
1341
1427
1342
1428
1343
1429
1344
1430
1345
1431
1346
1432
1347
1433
1348
1434
1349
1435
1350
1436
1351
1437
1352
1438
1353
1439
1354
1440
1355
1441
1356
1442
1357
1443
1358
1444
1359
1445
1360
1446
1361
1447
1362
1448
1363
1449
1364
1450
1365
1451
1366
1452
1367
1453
1368
1454
1369
1455
1370
1456
1371
1457
1372
1458
1373
1459
1374
1460
1375
1461
1376
1462
1377
1463
1378
1464
1379
1465
1380
1466
1381
1467
1382
1468
1383
1469
1384
1470
1385
1471
1386
1472
1387
1473
1388
1474
1389
1475
1390
1476
1391
1477
1478
1393
1479
1394
1480
1395
1481
1396
1482
1397
1483
1398
1484
1399
1485
1400
1486
1401
1487
1402
1488
1403
1489
1404
1490
1405
1491
1406
1492
1407
1493
1408
1494
1409
1495
1410
1496
1411
1497
1412
1498
1413
1499
1414
1500
1415
1501
1416
1502
1417
1503
1418
1504
1419
1505
1420
1506
1421
1507
1422
1508
1423
1509
1424
1510
1425
1511
1426
1512
1427
1513
1428
1514
1429
1515
1430
1516
1431
1517
1432
1518
1433
1519
1434
1520
1435
1521
1436
1522
1437
1523
1438
1524
1439
1525
1440
1526
1441
1527
1442
1528
1443
1529
1444
1530
1445
1531
1446
1532
1447
1533
1448
1534
1449
1535
1450
1536
1451
1537
1452
1538
1453
1539
1454
1540
1455
1541
1456
1542
1457
1543
1458
1544
1459
1545
1460
1546
1461
1547
1462
1548
1463
1549
1464
1550
1465
1551
1466
1552
1467
1553
1468
1554
1469
1555
1470
1556
1471
1557
1472
1558
1473
1559
1474
1560
1475
1561
1476
1562
1477
1563
1478
1564
1565
1480
1566
1481
1567
1482
1568
1483
1569
1484
1570
1485
1571
1486
1572
1487
1573
1488
1574
1489
1575
1490
1576
1491
1577
1492
1578
1493
1579
1494
1580
1495
1581
1496
1582
1497
1583
1498
1584
1499
1585
1500
1586
1501
1587
1502
1588
1503
1589
1504
1590
1505
1591
1506
1592
1507
1593
1508
1594
1509
1595
1510
1596
1511
1597
1512
1598
1513
1599
1514
1600
1515
1601
1516
1602
1517
1603
1518
1604
1519
1605
1520
1606
1521
1607
1522
1608
1523
1609
1524
1610
1525
1611
1526
1612
1527
1613
1528
1614
1529
1615
1530
1616
1531
1617
1532
1618
1533
1619
1534
1620
1535
1621
1536
1622
1537
1623
1538
1624
1539
1625
1540
1626
1541
1627
1542
1628
1543
1629
1544
1630
1545
1631
1546
1632
1547
1633
1548
1634
1549
1635
1550
1636
1551
1637
1552
1638
1553
1639
1554
1640
1555
1641
1556
1642
1557
1643
1558
1644
1559
1645
1560
1646
1561
1647
1562
1648
1563
1649
1564
1650
1565
1651
1652
1567
1653
1568
1654
1569
1655
1570
1656
1571
1657
1572
1658
1573
1659
1574
1660
1575
1661
1576
1662
1577
1663
1578
1664
1579
1665
1580
1666
1581
1667
1582
1668
1583
1669
1584
1670
1585
1671
1586
1672
1587
1673
1588
1674
1589
1675
1590
1676
1591
1677
1592
1678
1593
1679
1594
1680
1595
1681
1596
1682
1597
1683
1598
1684
1599
1685
1600
1686
1601
1687
1602
1688
1603
1689
1604
1690
1605
1691
1606
1692
1607
1693
1608
1694
1609
1695
1610
1696
1611
1697
1612
1698
1613
1699
1614
1700
1615
1701
1616
1702
1617
1703
1618
1704
1619
1705
1620
1706
1621
1707
1622
1708
1623
1709
1624
1710
1625
1711
1626
1712
1627
1713
1628
1714
1629
1715
1630
1716
1631
1717
1632
1718
1633
1719
1634
1720
1635
1721
1636
1722
1637
1723
1638
1724
1639
1725
1640
1726
1641
1727
1642
1728
1643
1729
1644
1730
1645
1731
1646
1732
1647
1733
1648
1734
1649
1735
1650
1736
1651
1737
1652
1738
1739
1654
1740
1655
1741
1656
1742
1657
1743
1658
1744
1659
1745
1660
1746
1661
1747
1662
1748
1663
1749
1664
1750
1665
1751
1666
1752
1667
1753
1668
1754
1669
1755
1670
1756
1671
1757
1672
1758
1673
1759
1674
1760
1675
1761
1676
1762
1677
1763
1678
1764
1679
1765
1680
1766
1681
1767
1682
1768
1683
1769
1684
1770
1685
1771
1686
1772
1687
1773
1688
1774
1689
1775
1690
1776
1691
1777
1692
1778
1693
1779
1694
1780
1695
1781
1696
1782
1697
1783
1698
1784
1699
1785
1700
1786
1701
1787
1702
1788
1703
1789
1704
1790
1705
1791
1706
1792
1707
1793
1708
1794
1709
1795
1710
1796
1711
1797
1712
1798
1713
1799
1714
1800
1715
1801
1716
1802
1717
1803
1718
1804
1719
1805
1720
1806
1721
1807
1722
1808
1723
1809
1724
1810
1725
1811
1726
1812
1727
1813
1728
1814
1729
1815
1730
1816
1731
1817
1732
1818
1733
1819
1734
1820
1735
1821
1736
1822
1737
1823
1738
1824
1739
1825
1826
1741
1827
1742
1828
1743
1829
1744
1830
1745
1831
1746
1832
1747
1833
1748
1834
1749
1835
1750
1836
1751
1837
1752
1838
1753
1839
1754
1840
1755
1841
1756
1842
1757
1843
1758
1844
1759
1845
1760
1846
1761
1847
1762
1848
1763
1849
1764
1850
1765
1851
1766
1852
1767
1853
1768
1854
1769
1855
1770
1856
1771
1857
1772
1858
1773
1859
1774
1860
1775
1861
1776
1862
1777
1863
1778
1864
1779
1865
1780
1866
1781
1867
1782
1868
1783
1869
1784
1870
1785
1871
1786
1872
1787
1873
1788
1874
1789
1875
1790
1876
1791
1877
1792
1878
1793
1879
1794
1880
1795
1881
1796
1882
1797
1883
1798
1884
1799
1885
1800
1886
1801
1887
1802
1888
1803
1889
1804
1890
1805
1891
1806
1892
1807
1893
1808
1894
1809
1895
1810
1896
1811
1897
1812
1898
1813
1899
1814
1900
1815
1901
1816
1902
1817
1903
1818
1904
1819
1905
1820
1906
1821
1907
1822
1908
1823
1909
1824
1910
1825
1911
1826
1912
1913
1828
1914
1829
1915
1830
1916
1831
1917
1832
1918
1833
1919
1834
1920
1835
1921
1836
1922
1837
1923
1838
1924
1839
1925
1840
1926
1841
1927
1842
1928
1843
1929
1844
1930
1845
1931
1846
1932
1847
1933
1848
1934
1849
1935
1850
1936
1851
1937
1852
1938
1853
1939
1854
1940
1855
1941
1856
1942
1857
1943
1858
1944
1859
1945
1860
1946
1861
1947
1862
1948
1863
1949
1864
1950
1865
1951
1866
1952
1867
1953
1868
1954
1869
1955
1870
1956
1871
1957
1872
1958
1873
1959
1874
1960
1875
1961
1876
1962
1877
1963
1878
1964
1879
1965
1880
1966
1881
1967
1882
1968
1883
1969
1884
1970
1885
1971
1886
1972
1887
1973
1888
1974
1889
1975
1890
1976
1891
1977
1892
1978
1893
1979
1894
1980
1895
1981
1896
1982
1897
1983
1898
1984
1899
1985
1900
1986
1901
1987
1902
1988
1903
1989
1904
1990
1905
1991
1906
1992
1907
1993
1908
1994
1909
1995
1910
1996
1911
1997
1912
1998
1913
1999
2000
1915
2001
1916
2002
1917
2003
1918
2004
1919
2005
1920
2006
1921
2007
1922
2008
1923
2009
1924
2010
1925
2011
1926
2012
1927
2013
1928
2014
1929
2015
1930
2016
1931
2017
1932
2018
1933
2019
1934
2020
1935
2021
1936
2022
1937
2023
1938
2024
1939
2025
1940
2026
1941
2027
1942
2028
1943
2029
1944
2030
1945
2031
1946
2032
1947
2033
1948
2034
1949
2035
1950
2036
1951
2037
1952
2038
1953
2039
1954
2040
1955
2041
1956
2042
1957
2043
1958
2044
1959
2045
1960
2046
1961
2047
1962
2048
1963
2049
1964
2050
1965
2051
1966
2052
1967
2053
1968
2054
1969
2055
1970
2056
1971
2057
1972
2058
1973
2059
1974
2060
1975
2061
1976
2062
1977
2063
1978
2064
1979
2065
1980
2066
1981
2067
1982
2068
1983
2069
1984
2070
1985
2071
1986
2072
1987
2073
1988
2074
1989
2075
1990
2076
1991
2077
1992
2078
1993
2079
1994
2080
1995
2081
1996
2082
1997
2083
1998
2084
1999
2085
2000
2086
2087
2002
2088
2003
2089
2004
2090
2005
2091
2006
2092
2007
2093
2008
2094
2009
2095
2010
2096
2011
2097
2012
2098
2013
2099
2014
2100
2015
2101
2016
2102
2017
2103
2018
2104
2019
2105
2020
2106
2021
2107
2022
2108
2023
2109
2024
2110
2025
2111
2026
2112
2027
2113
2028
2114
2029
2115
2030
2116
2031
2117
2032
2118
2033
2119
2034
2120
2035
2121
2036
2122
2037
2123
2038
2124
2039
2125
2040
2126
2041
2127
2042
2128
2043
2129
2044
2130
2045
2131
2046
2132
2047
2133
2048
2134
2049
2135
2050
2136
2051
2137
2052
2138
2053
2139
2054
2140
2055
2141
2056
2142
2057
2143
2058
2144
2059
2145
2060
2146
2061
2147
2062
2148
2063
2149
2064
2150
2065
2151
2066
2152
2067
2153
2068
2154
2069
2155
2070
2156
2071
2157
2072
2158
2073
2159
2074
2160
2075
2161
2076
2162
2077
2163
2078
2164
2079
2165
2080
2166
2081
2167
2082
2168
2083
2169
2084
2170
2085
2171
2086
2172
2087
2173
2174
2089
2175
2090
2176
2091
2177
2092
2178
2093
2179
2094
2180
2095
2181
2096
2182
2097
2183
2098
2184
2099
2185
2100
2186
2101
2187
2102
2188
2103
2189
2104
2190
2105
2191
2106
2192
2107
2193
2108
2194
2109
2195
2110
2196
2111
2197
2112
2198
2113
2199
2114
2200
2115
2201
2116
2202
2117
2203
2118
2204
2119
2205
2120
2206
2121
2207
2122
2208
2123
2209
2124
2210
2125
2211
2126
2212
2127
2213
2128
2214
2129
2215
2130
2216
2131
2217
2132
2218
2133
2219
2134
2220
2135
2221
2136
2222
2137
2223
2138
2224
2139
2225
2140
2226
2141
2227
2142
2228
2143
2229
2144
2230
2145
2231
2146
2232
2147
2233
2148
2234
2149
2235
2150
2236
2151
2237
2152
2238
2153
2239
2154
2240
2155
2241
2156
2242
2157
2243
2158
2244
2159
2245
2160
2246
2161
2247
2162
2248
2163
2249
2164
2250
2165
2251
2166
2252
2167
2253
2168
2254
2169
2255
2170
2256
2171
2257
2172
2258
2173
2259
2174
2260
2261
2176
2262
2177
2263
2178
2264
2179
2265
2180
2266
2181
2267
2182
2268
2183
2269
2184
2270
2185
2271
2186
2272
2187
2273
2188
2274
2189
2275
2190
2276
2191
2277
2192
2278
2193
2279
2194
2280
2195
2281
2196
2282
2197
2283
2198
2284
2199
2285
2200
2286
2201
2287
2202
2288
2203
2289
2204
2290
2205
2291
2206
2292
2207
2293
2208
2294
2209
2295
2210
2296
2211
2297
2212
2298
2213
2299
2214
2300
2215
2301
2216
2302
2217
2303
2218
2304
2219
2305
2220
2306
2221
2307
2222
2308
2223
2309
2224
2310
2225
2311
2226
2312
2227
2313
2228
2314
2229
2315
2230
2316
2231
2317
2232
2318
2233
2319
2234
2320
2235
2321
2236
2322
2237
2323
2238
2324
2239
2325
2240
2326
2241
2327
2242
2328
2243
2329
2244
2330
2245
2331
2246
2332
2247
2333
2248
2334
2249
2335
2250
2336
2251
2337
2252
2338
2253
2339
2254
2340
2255
2341
2256
2342
2257
2343
2258
2344
2259
2345
2260
2346
2261
2347
2348
2263
2349
2264
2350
2265
2351
2266
2352
2267
2353
2268
2354
2269
2355
2270
2356
2271
2357
2272
2358
2273
2359
2274
2360
2275
2361
2276
2362
2277
2363
2278
2364
2279
2365
2280
2366
2281
2367
2282
2368
2283
2369
2284
2370
2285
2371
2286
2372
2287
2373
2288
2374
2289
2375
2290
2376
2291
2377
2292
2378
2293
2379
2294
2380
2295
2381
2296
2382
2297
2383
2298
2384
2299
2385
2300
2386
2301
2387
2302
2388
2303
2389
2304
2390
2305
2391
2306
2392
2307
2393
2308
2394
2309
2395
2310
2396
2311
2397
2312
2398
2313
2399
2314
2400
2315
2401
2316
2402
2317
2403
2318
2404
2319
2405
2320
2406
2321
2407
2322
2408
2323
2409
2324
2410
2325
2411
2326
2412
2327
2413
2328
2414
2329
2415
2330
2416
2331
2417
2332
2418
2333
2419
2334
2420
2335
2421
2336
2422
2337
2423
2338
2424
2339
2425
2340
2426
2341
2427
2342
2428
2343
2429
2344
2430
2345
2431
2346
2432
2347
2433
2348
2434
2435
2350
2436
2351
2437
2352
2438
2353
2439
2354
2440
2355
2441
2356
2442
2357
2443
2358
2444
2359
2445
2360
2446
2361
2447
2362
2448
2363
2449
2364
2450
2365
2451
2366
2452
2367
2453
2368
2454
2369
2455
2370
2456
2371
2457
2372
2458
2373
2459
2374
2460
2375
2461
2376
2462
2377
2463
2378
2464
2379
2465
2380
2466
2381
2467
2382
2468
2383
2469
2384
2470
2385
2471
2386
2472
2387
2473
2388
2474
2389
2475
2390
2476
2391
2477
2392
2478
2393
2479
2394
2480
2395
2481
2396
2482
2397
2483
2398
2484
2399
2485
2400
2486
2401
2487
2402
2488
2403
2489
2404
2490
2405
2491
2406
2492
2407
2493
2408
2494
2409
2495
2410
2496
2411
2497
2412
2498
2413
2499
2414
2500
2415
2501
2416
2502
2417
2503
2418
2504
2419
2505
2420
2506
2421
2507
2422
2508
2423
2509
2424
2510
2425
2511
2426
2512
2427
2513
2428
2514
2429
2515
2430
2516
2431
2517
2432
2518
2433
2519
2434
2520
2435
2521
2522
2437
2523
2438
2524
2439
2525
2440
2526
2441
2527
2442
2528
2443
2529
2444
2530
2445
2531
2446
2532
2447
2533
2448
2534
2449
2535
2450
2536
2451
2537
2452
2538
2453
2539
2454
2540
2455
2541
2456
2542
2457
2543
2458
2544
2459
2545
2460
2546
2461
2547
2462
2548
2463
2549
2464
2550
2465
2551
2466
2552
2467
2553
2468
2554
2469
2555
2470
2556
2471
2557
2472
2558
2473
2559
2474
2560
2475
2561
2476
2562
2477
2563
2478
2564
2479
2565
2480
2566
2481
2567
2482
2568
2483
2569
2484
2570
2485
2571
2486
2572
2487
2573
2488
2574
2489
2575
2490
2576
2491
2577
2492
2578
2493
2579
2494
2580
2495
2581
2496
2582
2497
2583
2498
2584
2499
2585
2500
2586
2501
2587
2502
2588
2503
2589
2504
2590
2505
2591
2506
2592
2507
2593
2508
2594
2509
2595
2510
2596
2511
2597
2512
2598
2513
2599
2514
2600
2515
2601
2516
2602
2517
2603
2518
2604
2519
2605
2520
2606
2521
2607
2522
2608
2609
2524
2610
2525
2611
2526
2612
2527
2613
2528
2614
2529
2615
2530
2616
2531
2617
2532
2618
2533
2619
2534
2620
2535
2621
2536
2622
2537
2623
2538
2624
2539
2625
2540
2626
2541
2627
2542
2628
2543
2629
2544
2630
2545
2631
2546
2632
2547
2633
2548
2634
2549
2635
2550
2636
2551
2637
2552
2638
2553
2639
2554
2640
2555
2641
2556
2642
2557
2643
2558
2644
2559
2645
2560
2646
2561
2647
2562
2648
2563
2649
2564
2650
2565
2651
2566
2652
2567
2653
2568
2654
2569
2655
2570
2656
2571
2657
2572
2658
2573
2659
2574
2660
2575
2661
2576
2662
2577
2663
2578
2664
2579
2665
2580
2666
2581
2667
2582
2668
2583
2669
2584
2670
2585
2671
2586
2672
2587
2673
2588
2674
2589
2675
2590
2676
2591
2677
2592
2678
2593
2679
2594
2680
2595
2681
2596
2682
2597
2683
2598
2684
2599
2685
2600
2686
2601
2687
2602
2688
2603
2689
2604
2690
2605
2691
2606
2692
2607
2693
2608
2694
2609
2695
2696
2611
2697
2612
2698
2613
2699
2614
2700
2615
2701
2616
2702
2617
2703
2618
2704
2619
2705
2620
2706
2621
2707
2622
2708
2623
2709
2624
2710
2625
2711
2626
2712
2627
2713
2628
2714
2629
2715
2630
2716
2631
2717
2632
2718
2633
2719
2634
2720
2635
2721
2636
2722
2637
2723
2638
2724
2639
2725
2640
2726
2641
2727
2642
2728
2643
2729
2644
2730
2645
2731
2646
2732
2647
2733
2648
2734
2649
2735
2650
2736
2651
2737
2652
2738
2653
2739
2654
2740
2655
2741
2656
2742
2657
2743
2658
2744
2659
2745
2660
2746
2661
2747
2662
2748
2663
2749
2664
2750
2665
2751
2666
2752
2667
2753
2668
2754
2669
2755
2670
2756
2671
2757
2672
2758
2673
2759
2674
2760
2675
2761
2676
2762
2677
2763
2678
2764
2679
2765
2680
2766
2681
2767
2682
2768
2683
2769
2684
2770
2685
2771
2686
2772
2687
2773
2688
2774
2689
2775
2690
2776
2691
2777
2692
2778
2693
2779
2694
2780
2695
2781
2696
2782
2783
2698
2784
2699
2785
2700
2786
2701
2787
2702
2788
2703
2789
2704
2790
2705
2791
2706
2792
2707
2793
2708
2794
2709
2795
2710
2796
2711
2797
2712
2798
2713
2799
2714
2800
2715
2801
2716
2802
2717
2803
2718
2804
2719
2805
2720
2806
2721
2807
2722
2808
2723
2809
2724
2810
2725
2811
2726
2812
2727
2813
2728
2814
2729
2815
2730
2816
2731
2817
2732
2818
2733
2819
2734
2820
2735
2821
2736
2822
2737
2823
2738
2824
2739
2825
2740
2826
2741
2827
2742
2828
2743
2829
2744
2830
2745
2831
2746
2832
2747
2833
2748
2834
2749
2835
2750
2836
2751
2837
2752
2838
2753
2839
2754
2840
2755
2841
2756
2842
2757
2843
2758
2844
2759
2845
2760
2846
2761
2847
2762
2848
2763
2849
2764
2850
2765
2851
2766
2852
2767
2853
2768
2854
2769
2855
2770
2856
2771
2857
2772
2858
2773
2859
2774
2860
2775
2861
2776
2862
2777
2863
2778
2864
2779
2865
2780
2866
2781
2867
2782
2868
2783
2869
2870
2785
2871
2786
2872
2787
2873
2788
2874
2789
2875
2790
2876
2791
2877
2792
2878
2793
2879
2794
2880
2795
2881
2796
2882
2797
2883
2798
2884
2799
2885
2800
2886
2801
2887
2802
2888
2803
2889
2804
2890
2805
2891
2806
2892
2807
2893
2808
2894
2809
2895
2810
2896
2811
2897
2812
2898
2813
2899
2814
2900
2815
2901
2816
2902
2817
2903
2818
2904
2819
2905
2820
2906
2821
2907
2822
2908
2823
2909
2824
2910
2825
2911
2826
2912
2827
2913
2828
2914
2829
2915
2830
2916
2831
2917
2832
2918
2833
2919
2834
2920
2835
2921
2836
2922
2837
2923
2838
2924
2839
2925
2840
2926
2841
2927
2842
2928
2843
2929
2844
2930
2845
2931
2846
2932
2847
2933
2848
2934
2849
2935
2850
2936
2851
2937
2852
2938
2853
2939
2854
2940
2855
2941
2856
2942
2857
2943
2858
2944
2859
2945
2860
2946
2861
2947
2862
2948
2863
2949
2864
2950
2865
2951
2866
2952
2867
2953
2868
2954
2869
2955
2870
2956
2957
2872
2958
2873
2959
2874
2960
2875
2961
2876
2962
2877
2963
2878
2964
2879
2965
2880
2966
2881
2967
2882
2968
2883
2969
2884
2970
2885
2971
2886
2972
2887
2973
2888
2974
2889
2975
2890
2976
2891
2977
2892
2978
2893
2979
2894
2980
2895
2981
2896
2982
2897
2983
2898
2984
2899
2985
2900
2986
2901
2987
2902
2988
2903
2989
2904
2990
2905
2991
2906
2992
2907
2993
2908
2994
2909
2995
2910
2996
2911
2997
2912
2998
2913
2999
2914
3000
2915
3001
2916
3002
2917
3003
2918
3004
2919
3005
2920
3006
2921
3007
2922
3008
2923
3009
2924
3010
2925
3011
2926
3012
2927
3013
2928
3014
2929
3015
2930
3016
2931
3017
2932
3018
2933
3019
2934
3020
2935
3021
2936
3022
2937
3023
2938
3024
2939
3025
2940
3026
2941
3027
2942
3028
2943
3029
2944
3030
2945
3031
2946
3032
2947
3033
2948
3034
2949
3035
2950
3036
2951
3037
2952
3038
2953
3039
2954
3040
2955
3041
2956
3042
2957
3043
3044
2959
3045
2960
3046
2961
3047
2962
3048
2963
3049
2964
3050
2965
3051
2966
3052
2967
3053
2968
3054
2969
3055
2970
3056
2971
3057
2972
3058
2973
3059
2974
3060
2975
3061
2976
3062
2977
3063
2978
3064
2979
3065
2980
3066
2981
3067
2982
3068
2983
3069
2984
3070
2985
3071
2986
3072
2987
3073
2988
3074
2989
3075
2990
3076
2991
3077
2992
3078
2993
3079
2994
3080
2995
3081
2996
3082
2997
3083
2998
3084
2999
3085
3000
3086
3001
3087
3002
3088
3003
3089
3004
3090
3005
3091
3006
3092
3007
3093
3008
3094
3009
3095
3010
3096
3011
3097
3012
3098
3013
3099
3014
3100
3015
3101
3016
3102
3017
3103
3018
3104
3019
3105
3020
3106
3021
3107
3022
3108
3023
3109
3024
3110
3025
3111
3026
3112
3027
3113
3028
3114
3029
3115
3030
3116
3031
3117
3032
3118
3033
3119
3034
3120
3035
3121
3036
3122
3037
3123
3038
3124
3039
3125
3040
3126
3041
3127
3042
3128
3043
3129
3044
3130
3131
3046
3132
3047
3133
3048
3134
3049
3135
3050
3136
3051
3137
3052
3138
3053
3139
3054
3140
3055
3141
3056
3142
3057
3143
3058
3144
3059
3145
3060
3146
3061
3147
3062
3148
3063
3149
3064
3150
3065
3151
3066
3152
3067
3153
3068
3154
3069
3155
3070
3156
3071
3157
3072
3158
3073
3159
3074
3160
3075
3161
3076
3162
3077
3163
3078
3164
3079
3165
3080
3166
3081
3167
3082
3168
3083
3169
3084
3170
3085
3171
3086
3172
3087
3173
3088
3174
3089
3175
3090
3176
3091
3177
3092
3178
3093
3179
3094
3180
3095
3181
3096
3182
3097
3183
3098
3184
3099
3185
3100
3186
3101
3187
3102
3188
3103
3189
3104
3190
3105
3191
3106
3192
3107
3193
3108
3194
3109
3195
3110
3196
3111
3197
3112
3198
3113
3199
3114
3200
3115
3201
3116
3202
3117
3203
3118
3204
3119
3205
3120
3206
3121
3207
3122
3208
3123
3209
3124
3210
3125
3211
3126
3212
3127
3213
3128
3214
3129
3215
3130
3216
3131
3217
3218
3133
3219
3134
3220
3135
3221
3136
3222
3137
3223
3138
3224
3139
3225
3140
3226
3141
3227
3142
3228
3143
3229
3144
3230
3145
3231
3146
3232
3147
3233
3148
3234
3149
3235
3150
3236
3151
3237
3152
3238
3153
3239
3154
3240
3155
3241
3156
3242
3157
3243
3158
3244
3159
3245
3160
3246
3161
3247
3162
3248
3163
3249
3164
3250
3165
3251
3166
3252
3167
3253
3168
3254
3169
3255
3170
3256
3171
3257
3172
3258
3173
3259
3174
3260
3175
3261
3176
3262
3177
3263
3178
3264
3179
3265
3180
3266
3181
3267
3182
3268
3183
3269
3184
3270
3185
3271
3186
3272
3187
3273
3188
3274
3189
3275
3190
3276
3191
3277
3192
3278
3193
3279
3194
3280
3195
3281
3196
3282
3197
3283
3198
3284
3199
3285
3200
3286
3201
3287
3202
3288
3203
3289
3204
3290
3205
3291
3206
3292
3207
3293
3208
3294
3209
3295
3210
3296
3211
3297
3212
3298
3213
3299
3214
3300
3215
3301
3216
3302
3217
3303
3218
3304
3305
3220
3306
3221
3307
3222
3308
3223
3309
3224
3310
3225
3311
3226
3312
3227
3313
3228
3314
3229
3315
3230
3316
3231
3317
3232
3318
3233
3319
3234
3320
3235
3321
3236
3322
3237
3323
3238
3324
3239
3325
3240
3326
3241
3327
3242
3328
3243
3329
3244
3330
3245
3331
3246
3332
3247
3333
3248
3334
3249
3335
3250
3336
3251
3337
3252
3338
3253
3339
3254
3340
3255
3341
3256
3342
3257
3343
3258
3344
3259
3345
3260
3346
3261
3347
3262
3348
3263
3349
3264
3350
3265
3351
3266
3352
3267
3353
3268
3354
3269
3355
3270
3356
3271
3357
3272
3358
3273
3359
3274
3360
3275
3361
3276
3362
3277
3363
3278
3364
3279
3365
3280
3366
3281
3367
3282
3368
3283
3369
3284
3370
3285
3371
3286
3372
3287
3373
3288
3374
3289
3375
3290
3376
3291
3377
3292
3378
3293
3379
3294
3380
3295
3381
3296
3382
3297
3383
3298
3384
3299
3385
3300
3386
3301
3387
3302
3388
3303
3389
3304
3390
3305
3391
3392
3307
3393
3308
3394
3309
3395
3310
3396
3311
3397
3312
3398
3313
3399
3314
3400
3315
3401
3316
3402
3317
3403
3318
3404
3319
3405
3320
3406
3321
3407
3322
3408
3323
3409
3324
3410
3325
3411
3326
3412
3327
3413
3328
3414
3329
3415
3330
3416
3331
3417
3332
3418
3333
3419
3334
3420
3335
3421
3336
3422
3337
3423
3338
3424
3339
3425
3340
3426
3341
3427
3342
3428
3343
3429
3344
3430
3345
3431
3346
3432
3347
3433
3348
3434
3349
3435
3350
3436
3351
3437
3352
3438
3353
3439
3354
3440
3355
3441
3356
3442
3357
3443
3358
3444
3359
3445
3360
3446
3361
3447
3362
3448
3363
3449
3364
3450
3365
3451
3366
3452
3367
3453
3368
3454
3369
3455
3370
3456
3371
3457
3372
3458
3373
3459
3374
3460
3375
3461
3376
3462
3377
3463
3378
3464
3379
3465
3380
3466
3381
3467
3382
3468
3383
3469
3384
3470
3385
3471
3386
3472
3387
3473
3388
3474
3389
3475
3390
3476
3391
3477
3392
3478
3479
3394
3480
3395
3481
3396
3482
3397
3483
3398
3484
3399
3485
3400
3486
3401
3487
3402
3488
3403
3489
3404
3490
3405
3491
3406
3492
3407
3493
3408
3494
3409
3495
3410
3496
3411
3497
3412
3498
3413
3499
3414
3500
3415
3501
3416
3502
3417
3503
3418
3504
3419
3505
3420
3506
3421
3507
3422
3508
3423
3509
3424
3510
3425
3511
3426
3512
3427
3513
3428
3514
3429
3515
3430
3516
3431
3517
3432
3518
3433
3519
3434
3520
3435
3521
3436
3522
3437
3523
3438
3524
3439
3525
3440
3526
3441
3527
3442
3528
3443
3529
3444
3530
3445
3531
3446
3532
3447
3533
3448
3534
3449
3535
3450
3536
3451
3537
3452
3538
3453
3539
3454
3540
3455
3541
3456
3542
3457
3543
3458
3544
3459
3545
3460
3546
3461
3547
3462
3548
3463
3549
3464
3550
3465
3551
3466
3552
3467
3553
3468
3554
3469
3555
3470
3556
3471
3557
3472
3558
3473
3559
3474
3560
3475
3561
3476
3562
3477
3563
3478
3564
3479
3565
3566
3481
3567
3482
3568
3483
3569
3484
3570
3485
3571
3486
3572
3487
3573
3488
3574
3489
3575
3490
3576
3491
3577
3492
3578
3493
3579
3494
3580
3495
3581
3496
3582
3497
3583
3498
3584
3499
3585
3500
3586
3501
3587
3502
3588
3503
3589
3504
3590
3505
3591
3506
3592
3507
3593
3508
3594
3509
3595
3510
3596
3511
3597
3512
3598
3513
3599
3514
3600
3515
3601
3516
3602
3517
3603
3518
3604
3519
3605
3520
3606
3521
3607
3522
3608
3523
3609
3524
3610
3525
3611
3526
3612
3527
3613
3528
3614
3529
3615
3530
3616
3531
3617
3532
3618
3533
3619
3534
3620
3535
3621
3536
3622
3537
3623
3538
3624
3539
3625
3540
3626
3541
3627
3542
3628
3543
3629
3544
3630
3545
3631
3546
3632
3547
3633
3548
3634
3549
3635
3550
3636
3551
3637
3552
3638
3553
3639
3554
3640
3555
3641
3556
3642
3557
3643
3558
3644
3559
3645
3560
3646
3561
3647
3562
3648
3563
3649
3564
3650
3565
3651
3566
3652
3653
3568
3654
3569
3655
3570
3656
3571
3657
3572
3658
3573
3659
3574
3660
3575
3661
3576
3662
3577
3663
3578
3664
3579
3665
3580
3666
3581
3667
3582
3668
3583
3669
3584
3670
3585
3671
3586
3672
3587
3673
3588
3674
3589
3675
3590
3676
3591
3677
3592
3678
3593
3679
3594
3680
3595
3681
3596
3682
3597
3683
3598
3684
3599
3685
3600
3686
3601
3687
3602
3688
3603
3689
3604
3690
3605
3691
3606
3692
3607
3693
3608
3694
3609
3695
3610
3696
3611
3697
3612
3698
3613
3699
3614
3700
3615
3701
3616
3702
3617
3703
3618
3704
3619
3705
3620
3706
3621
3707
3622
3708
3623
3709
3624
3710
3625
3711
3626
3712
3627
3713
3628
3714
3629
3715
3630
3716
3631
3717
3632
3718
3633
3719
3634
3720
3635
3721
3636
3722
3637
3723
3638
3724
3639
3725
3640
3726
3641
3727
3642
3728
3643
3729
3644
3730
3645
3731
3646
3732
3647
3733
3648
3734
3649
3735
3650
3736
3651
3737
3652
3738
3653
3739
3740
3655
3741
3656
3742
3657
3743
3658
3744
3659
3745
3660
3746
3661
3747
3662
3748
3663
3749
3664
3750
3665
3751
3666
3752
3667
3753
3668
3754
3669
3755
3670
3756
3671
3757
3672
3758
3673
3759
3674
3760
3675
3761
3676
3762
3677
3763
3678
3764
3679
3765
3680
3766
3681
3767
3682
3768
3683
3769
3684
3770
3685
3771
3686
3772
3687
3773
3688
3774
3689
3775
3690
3776
3691
3777
3692
3778
3693
3779
3694
3780
3695
3781
3696
3782
3697
3783
3698
3784
3699
3785
3700
3786
3701
3787
3702
3788
3703
3789
3704
3790
3705
3791
3706
3792
3707
3793
3708
3794
3709
3795
3710
3796
3711
3797
3712
3798
3713
3799
3714
3800
3715
3801
3716
3802
3717
3803
3718
3804
3719
3805
3720
3806
3721
3807
3722
3808
3723
3809
3724
3810
3725
3811
3726
3812
3727
3813
3728
3814
3729
3815
3730
3816
3731
3817
3732
3818
3733
3819
3734
3820
3735
3821
3736
3822
3737
3823
3738
3824
3739
3825
3740
3826
3827
3742
3828
3743
3829
3744
3830
3745
3831
3746
3832
3747
3833
3748
3834
3749
3835
3750
3836
3751
3837
3752
3838
3753
3839
3754
3840
3755
3841
3756
3842
3757
3843
3758
3844
3759
3845
3760
3846
3761
3847
3762
3848
3763
3849
3764
3850
3765
3851
3766
3852
3767
3853
3768
3854
3769
3855
3770
3856
3771
3857
3772
3858
3773
3859
3774
3860
3775
3861
3776
3862
3777
3863
3778
3864
3779
3865
3780
3866
3781
3867
3782
3868
3783
3869
3784
3870
3785
3871
3786
3872
3787
3873
3788
3874
3789
3875
3790
3876
3791
3877
3792
3878
3793
3879
3794
3880
3795
3881
3796
3882
3797
3883
3798
3884
3799
3885
3800
3886
3801
3887
3802
3888
3803
3889
3804
3890
3805
3891
3806
3892
3807
3893
3808
3894
3809
3895
3810
3896
3811
3897
3812
3898
3813
3899
3814
3900
3815
3901
3816
3902
3817
3903
3818
3904
3819
3905
3820
3906
3821
3907
3822
3908
3823
3909
3824
3910
3825
3911
3826
3912
3827
3913
3914
3829
3915
3830
3916
3831
3917
3832
3918
3833
3919
3834
3920
3835
3921
3836
3922
3837
3923
3838
3924
3839
3925
3840
3926
3841
3927
3842
3928
3843
3929
3844
3930
3845
3931
3846
3932
3847
3933
3848
3934
3849
3935
3850
3936
3851
3937
3852
3938
3853
3939
3854
3940
3855
3941
3856
3942
3857
3943
3858
3944
3859
3945
3860
3946
3861
3947
3862
3948
3863
3949
3864
3950
3865
3951
3866
3952
3867
3953
3868
3954
3869
3955
3870
3956
3871
3957
3872
3958
3873
3959
3874
3960
3875
3961
3876
3962
3877
3963
3878
3964
3879
3965
3880
3966
3881
3967
3882
3968
3883
3969
3884
3970
3885
3971
3886
3972
3887
3973
3888
3974
3889
3975
3890
3976
3891
3977
3892
3978
3893
3979
3894
3980
3895
3981
3896
3982
3897
3983
3898
3984
3899
3985
3900
3986
3901
3987
3902
3988
3903
3989
3904
3990
3905
3991
3906
3992
3907
3993
3908
3994
3909
3995
3910
3996
3911
3997
3912
3998
3913
3999
3914
4000
4001
3916
4002
3917
4003
3918
4004
3919
4005
3920
4006
3921
4007
3922
4008
3923
4009
3924
4010
3925
4011
3926
4012
3927
4013
3928
4014
3929
4015
3930
4016
3931
4017
3932
4018
3933
4019
3934
4020
3935
4021
3936
4022
3937
4023
3938
4024
3939
4025
3940
4026
3941
4027
3942
4028
3943
4029
3944
4030
3945
4031
3946
4032
3947
4033
3948
4034
3949
4035
3950
4036
3951
4037
3952
4038
3953
4039
3954
4040
3955
4041
3956
4042
3957
4043
3958
4044
3959
4045
3960
4046
3961
4047
3962
4048
3963
4049
3964
4050
3965
4051
3966
4052
3967
4053
3968
4054
3969
4055
3970
4056
3971
4057
3972
4058
3973
4059
3974
4060
3975
4061
3976
4062
3977
4063
3978
4064
3979
4065
3980
4066
3981
4067
3982
4068
3983
4069
3984
4070
3985
4071
3986
4072
3987
4073
3988
4074
3989
4075
3990
4076
3991
4077
3992
4078
3993
4079
3994
4080
3995
4081
3996
4082
3997
4083
3998
4084
3999
4085
4000
4086
4001
4087
4088
4003
4089
4004
4090
4005
4091
4006
4092
4007
4093
4008
4094
4009
4095
4010
4096
4011
4097
4012
4098
4013
4099
4014
4100
4015
4101
4016
4102
4017
4103
4018
4104
4019
4105
4020
4106
4021
4107
4022
4108
4023
4109
4024
4110
4025
4111
4026
4112
4027
4113
4028
4114
4029
4115
4030
4116
4031
4117
4032
4118
4033
4119
4034
4120
4035
4121
4036
4122
4037
4123
4038
4124
4039
4125
4040
4126
4041
4127
4042
4128
4043
4129
4044
4130
4045
4131
4046
4132
4047
4133
4048
4134
4049
4135
4050
4136
4051
4137
4052
4138
4053
4139
4054
4140
4055
4141
4056
4142
4057
4143
4058
4144
4059
4145
4060
4146
4061
4147
4062
4148
4063
4149
4064
4150
4065
4151
4066
4152
4067
4153
4068
4154
4069
4155
4070
4156
4071
4157
4072
4158
4073
4159
4074
4160
4075
4161
4076
4162
4077
4163
4078
4164
4079
4165
4080
4166
4081
4167
4082
4168
4083
4169
4084
4170
4085
4171
4086
4172
4087
4173
4088
4174
4175
4090
4176
4091
4177
4092
4178
4093
4179
4094
4180
4095
4181
4096
4182
4097
4183
4098
4184
4099
4185
4100
4186
4101
4187
4102
4188
4103
4189
4104
4190
4105
4191
4106
4192
4107
4193
4108
4194
4109
4195
4110
4196
4111
4197
4112
4198
4113
4199
4114
4200
4115
4201
4116
4202
4117
4203
4118
4204
4119
4205
4120
4206
4121
4207
4122
4208
4123
4209
4124
4210
4125
4211
4126
4212
4127
4213
4128
4214
4129
4215
4130
4216
4131
4217
4132
4218
4133
4219
4134
4220
4135
4221
4136
4222
4137
4223
4138
4224
4139
4225
4140
4226
4141
4227
4142
4228
4143
4229
4144
4230
4145
4231
4146
4232
4147
4233
4148
4234
4149
4235
4150
4236
4151
4237
4152
4238
4153
4239
4154
4240
4155
4241
4156
4242
4157
4243
4158
4244
4159
4245
4160
4246
4161
4247
4162
4248
4163
4249
4164
4250
4165
4251
4166
4252
4167
4253
4168
4254
4169
4255
4170
4256
4171
4257
4172
4258
4173
4259
4174
4260
4175
4261
4262
4177
4263
4178
4264
4179
4265
4180
4266
4181
4267
4182
4268
4183
4269
4184
4270
4185
4271
4186
4272
4187
4273
4188
4274
4189
4275
4190
4276
4191
4277
4192
4278
4193
4279
4194
4280
4195
4281
4196
4282
4197
4283
4198
4284
4199
4285
4200
4286
4201
4287
4202
4288
4203
4289
4204
4290
4205
4291
4206
4292
4207
4293
4208
4294
4209
4295
4210
4296
4211
4297
4212
4298
4213
4299
4214
4300
4215
4301
4216
4302
4217
4303
4218
4304
4219
4305
4220
4306
4221
4307
4222
4308
4223
4309
4224
4310
4225
4311
4226
4312
4227
4313
4228
4314
4229
4315
4230
4316
4231
4317
4232
4318
4233
4319
4234
4320
4235
4321
4236
4322
4237
4323
4238
4324
4239
4325
4240
4326
4241
4327
4242
4328
4243
4329
4244
4330
4245
4331
4246
4332
4247
4333
4248
4334
4249
4335
4250
4336
4251
4337
4252
4338
4253
4339
4254
4340
4255
4341
4256
4342
4257
4343
4258
4344
4259
4345
4260
4346
4261
4347
4262
4348
4349
4264
4350
4265
4351
4266
4352
4267
4353
4268
4354
4269
4355
4270
4356
4271
4357
4272
4358
4273
4359
4274
4360
4275
4361
4276
4362
4277
4363
4278
4364
4279
4365
4280
4366
4281
4367
4282
4368
4283
4369
4284
4370
4285
4371
4286
4372
4287
4373
4288
4374
4289
4375
4290
4376
4291
4377
4292
4378
4293
4379
4294
4380
4295
4381
4296
4382
4297
4383
4298
4384
4299
4385
4300
4386
4301
4387
4302
4388
4303
4389
4304
4390
4305
4391
4306
4392
4307
4393
4308
4394
4309
4395
4310
4396
4311
4397
4312
4398
4313
4399
4314
4400
4315
4401
4316
4402
4317
4403
4318
4404
4319
4405
4320
4406
4321
4407
4322
4408
4323
4409
4324
4410
4325
4411
4326
4412
4327
4413
4328
4414
4329
4415
4330
4416
4331
4417
4332
4418
4333
4419
4334
4420
4335
4421
4336
4422
4337
4423
4338
4424
4339
4425
4340
4426
4341
4427
4342
4428
4343
4429
4344
4430
4345
4431
4346
4432
4347
4433
4348
4434
4349
4435
4436
4351
4437
4352
4438
4353
4439
4354
4440
4355
4441
4356
4442
4357
4443
4358
4444
4359
4445
4360
4446
4361
4447
4362
4448
4363
4449
4364
4450
4365
4451
4366
4452
4367
4453
4368
4454
4369
4455
4370
4456
4371
4457
4372
4458
4373
4459
4374
4460
4375
4461
4376
4462
4377
4463
4378
4464
4379
4465
4380
4466
4381
4467
4382
4468
4383
4469
4384
4470
4385
4471
4386
4472
4387
4473
4388
4474
4389
4475
4390
4476
4391
4477
4392
4478
4393
4479
4394
4480
4395
4481
4396
4482
4397
4483
4398
4484
4399
4485
4400
4486
4401
4487
4402
4488
4403
4489
4404
4490
4405
4491
4406
4492
4407
4493
4408
4494
4409
4495
4410
4496
4411
4497
4412
4498
4413
4499
4414
4500
4415
4501
4416
4502
4417
4503
4418
4504
4419
4505
4420
4506
4421
4507
4422
4508
4423
4509
4424
4510
4425
4511
4426
4512
4427
4513
4428
4514
4429
4515
4430
4516
4431
4517
4432
4518
4433
4519
4434
4520
4435
4521
4436
4522
4523
4438
4524
4439
4525
4440
4526
4441
4527
4442
4528
4443
4529
4444
4530
4445
4531
4446
4532
4447
4533
4448
4534
4449
4535
4450
4536
4451
4537
4452
4538
4453
4539
4454
4540
4455
4541
4456
4542
4457
4543
4458
4544
4459
4545
4460
4546
4461
4547
4462
4548
4463
4549
4464
4550
4465
4551
4466
4552
4467
4553
4468
4554
4469
4555
4470
4556
4471
4557
4472
4558
4473
4559
4474
4560
4475
4561
4476
4562
4477
4563
4478
4564
4479
4565
4480
4566
4481
4567
4482
4568
4483
4569
4484
4570
4485
4571
4486
4572
4487
4573
4488
4574
4489
4575
4490
4576
4491
4577
4492
4578
4493
4579
4494
4580
4495
4581
4496
4582
4497
4583
4498
4584
4499
4585
4500
4586
4501
4587
4502
4588
4503
4589
4504
4590
4505
4591
4506
4592
4507
4593
4508
4594
4509
4595
4510
4596
4511
4597
4512
4598
4513
4599
4514
4600
4515
4601
4516
4602
4517
4603
4518
4604
4519
4605
4520
4606
4521
4607
4522
4608
4523
4609
4610
4525
4611
4526
4612
4527
4613
4528
4614
4529
4615
4530
4616
4531
4617
4532
4618
4533
4619
4534
4620
4535
4621
4536
4622
4537
4623
4538
4624
4539
4625
4540
4626
4541
4627
4542
4628
4543
4629
4544
4630
4545
4631
4546
4632
4547
4633
4548
4634
4549
4635
4550
4636
4551
4637
4552
4638
4553
4639
4554
4640
4555
4641
4556
4642
4557
4643
4558
4644
4559
4645
4560
4646
4561
4647
4562
4648
4563
4649
4564
4650
4565
4651
4566
4652
4567
4653
4568
4654
4569
4655
4570
4656
4571
4657
4572
4658
4573
4659
4574
4660
4575
4661
4576
4662
4577
4663
4578
4664
4579
4665
4580
4666
4581
4667
4582
4668
4583
4669
4584
4670
4585
4671
4586
4672
4587
4673
4588
4674
4589
4675
4590
4676
4591
4677
4592
4678
4593
4679
4594
4680
4595
4681
4596
4682
4597
4683
4598
4684
4599
4685
4600
4686
4601
4687
4602
4688
4603
4689
4604
4690
4605
4691
4606
4692
4607
4693
4608
4694
4609
4695
4610
4696
4697
4612
4698
4613
4699
4614
4700
4615
4701
4616
4702
4617
4703
4618
4704
4619
4705
4620
4706
4621
4707
4622
4708
4623
4709
4624
4710
4625
4711
4626
4712
4627
4713
4628
4714
4629
4715
4630
4716
4631
4717
4632
4718
4633
4719
4634
4720
4635
4721
4636
4722
4637
4723
4638
4724
4639
4725
4640
4726
4641
4727
4642
4728
4643
4729
4644
4730
4645
4731
4646
4732
4647
4733
4648
4734
4649
4735
4650
4736
4651
4737
4652
4738
4653
4739
4654
4740
4655
4741
4656
4742
4657
4743
4658
4744
4659
4745
4660
4746
4661
4747
4662
4748
4663
4749
4664
4750
4665
4751
4666
4752
4667
4753
4668
4754
4669
4755
4670
4756
4671
4757
4672
4758
4673
4759
4674
4760
4675
4761
4676
4762
4677
4763
4678
4764
4679
4765
4680
4766
4681
4767
4682
4768
4683
4769
4684
4770
4685
4771
4686
4772
4687
4773
4688
4774
4689
4775
4690
4776
4691
4777
4692
4778
4693
4779
4694
4780
4695
4781
4696
4782
4697
4783
4784
4699
4785
4700
4786
4701
4787
4702
4788
4703
4789
4704
4790
4705
4791
4706
4792
4707
4793
4708
4794
4709
4795
4710
4796
4711
4797
4712
4798
4713
4799
4714
4800
4715
4801
4716
4802
4717
4803
4718
4804
4719
4805
4720
4806
4721
4807
4722
4808
4723
4809
4724
4810
4725
4811
4726
4812
4727
4813
4728
4814
4729
4815
4730
4816
4731
4817
4732
4818
4733
4819
4734
4820
4735
4821
4736
4822
4737
4823
4738
4824
4739
4825
4740
4826
4741
4827
4742
4828
4743
4829
4744
4830
4745
4831
4746
4832
4747
4833
4748
4834
4749
4835
4750
4836
4751
4837
4752
4838
4753
4839
4754
4840
4755
4841
4756
4842
4757
4843
4758
4844
4759
4845
4760
4846
4761
4847
4762
4848
4763
4849
4764
4850
4765
4851
4766
4852
4767
4853
4768
4854
4769
4855
4770
4856
4771
4857
4772
4858
4773
4859
4774
4860
4775
4861
4776
4862
4777
4863
4778
4864
4779
4865
4780
4866
4781
4867
4782
4868
4783
4869
4784
4870
4871
4786
4872
4787
4873
4788
4874
4789
4875
4790
4876
4791
4877
4792
4878
4793
4879
4794
4880
4795
4881
4796
4882
4797
4883
4798
4884
4799
4885
4800
4886
4801
4887
4802
4888
4803
4889
4804
4890
4805
4891
4806
4892
4807
4893
4808
4894
4809
4895
4810
4896
4811
4897
4812
4898
4813
4899
4814
4900
4815
4901
4816
4902
4817
4903
4818
4904
4819
4905
4820
4906
4821
4907
4822
4908
4823
4909
4824
4910
4825
4911
4826
4912
4827
4913
4828
4914
4829
4915
4830
4916
4831
4917
4832
4918
4833
4919
4834
4920
4835
4921
4836
4922
4837
4923
4838
4924
4839
4925
4840
4926
4841
4927
4842
4928
4843
4929
4844
4930
4845
4931
4846
4932
4847
4933
4848
4934
4849
4935
4850
4936
4851
4937
4852
4938
4853
4939
4854
4940
4855
4941
4856
4942
4857
4943
4858
4944
4859
4945
4860
4946
4861
4947
4862
4948
4863
4949
4864
4950
4865
4951
4866
4952
4867
4953
4868
4954
4869
4955
4870
4956
4871
4957
4958
4873
4959
4874
4960
4875
4961
4876
4962
4877
4963
4878
4964
4879
4965
4880
4966
4881
4967
4882
4968
4883
4969
4884
4970
4885
4971
4886
4972
4887
4973
4888
4974
4889
4975
4890
4976
4891
4977
4892
4978
4893
4979
4894
4980
4895
4981
4896
4982
4897
4983
4898
4984
4899
4985
4900
4986
4901
4987
4902
4988
4903
4989
4904
4990
4905
4991
4906
4992
4907
4993
4908
4994
4909
4995
4910
4996
4911
4997
4912
4998
4913
4999
4914
5000
4915
5001
4916
5002
4917
5003
4918
5004
4919
5005
4920
5006
4921
5007
4922
5008
4923
5009
4924
5010
4925
5011
4926
5012
4927
5013
4928
5014
4929
5015
4930
5016
4931
5017
4932
5018
4933
5019
4934
5020
4935
5021
4936
5022
4937
5023
4938
5024
4939
5025
4940
5026
4941
5027
4942
5028
4943
5029
4944
5030
4945
5031
4946
5032
4947
5033
4948
5034
4949
5035
4950
5036
4951
5037
4952
5038
4953
5039
4954
5040
4955
5041
4956
5042
4957
5043
4958
5044
5045
4960
5046
4961
5047
4962
5048
4963
5049
4964
5050
4965
5051
4966
5052
4967
5053
4968
5054
4969
5055
4970
5056
4971
5057
4972
5058
4973
5059
4974
5060
4975
5061
4976
5062
4977
5063
4978
5064
4979
5065
4980
5066
4981
5067
4982
5068
4983
5069
4984
5070
4985
5071
4986
5072
4987
5073
4988
5074
4989
5075
4990
5076
4991
5077
4992
5078
4993
5079
4994
5080
4995
5081
4996
5082
4997
5083
4998
5084
4999
5085
5000
5086
5001
5087
5002
5088
5003
5089
5004
5090
5005
5091
5006
5092
5007
5093
5008
5094
5009
5095
5010
5096
5011
5097
5012
5098
5013
5099
5014
5100
5015
5101
5016
5102
5017
5103
5018
5104
5019
5105
5020
5106
5021
5107
5022
5108
5023
5109
5024
5110
5025
5111
5026
5112
5027
5113
5028
5114
5029
5115
5030
5116
5031
5117
5032
5118
5033
5119
5034
5120
5035
5121
5036
5122
5037
5123
5038
5124
5039
5125
5040
5126
5041
5127
5042
5128
5043
5129
5044
5130
5045
5131
5132
5047
5133
5048
5134
5049
5135
5050
5136
5051
5137
5052
5138
5053
5139
5054
5140
5055
5141
5056
5142
5057
5143
5058
5144
5059
5145
5060
5146
5061
5147
5062
5148
5063
5149
5064
5150
5065
5151
5066
5152
5067
5153
5068
5154
5069
5155
5070
5156
5071
5157
5072
5158
5073
5159
5074
5160
5075
5161
5076
5162
5077
5163
5078
5164
5079
5165
5080
5166
5081
5167
5082
5168
5083
5169
5084
5170
5085
5171
5086
5172
5087
5173
5088
5174
5089
5175
5090
5176
5091
5177
5092
5178
5093
5179
5094
5180
5095
5181
5096
5182
5097
5183
5098
5184
5099
5185
5100
5186
5101
5187
5102
5188
5103
5189
5104
5190
5105
5191
5106
5192
5107
5193
5108
5194
5109
5195
5110
5196
5111
5197
5112
5198
5113
5199
5114
5200
5115
5201
5116
5202
5117
5203
5118
5204
5119
5205
5120
5206
5121
5207
5122
5208
5123
5209
5124
5210
5125
5211
5126
5212
5127
5213
5128
5214
5129
5215
5130
5216
5131
5217
5132
5218
5219
5134
5220
5135
5221
5136
5222
5137
5223
5138
5224
5139
5225
5140
5226
5141
5227
5142
5228
5143
5229
5144
5230
5145
5231
5146
5232
5147
5233
5148
5234
5149
5235
5150
5236
5151
5237
5152
5238
5153
5239
5154
5240
5155
5241
5156
5242
5157
5243
5158
5244
5159
5245
5160
5246
5161
5247
5162
5248
5163
5249
5164
5250
5165
5251
5166
5252
5167
5253
5168
5254
5169
5255
5170
5256
5171
5257
5172
5258
5173
5259
5174
5260
5175
5261
5176
5262
5177
5263
5178
5264
5179
5265
5180
5266
5181
5267
5182
5268
5183
5269
5184
5270
5185
5271
5186
5272
5187
5273
5188
5274
5189
5275
5190
5276
5191
5277
5192
5278
5193
5279
5194
5280
5195
5281
5196
5282
5197
5283
5198
5284
5199
5285
5200
5286
5201
5287
5202
5288
5203
5289
5204
5290
5205
5291
5206
5292
5207
5293
5208
5294
5209
5295
5210
5296
5211
5297
5212
5298
5213
5299
5214
5300
5215
5301
5216
5302
5217
5303
5218
5304
5219
5305
5306
5221
5307
5222
5308
5223
5309
5224
5310
5225
5311
5226
5312
5227
5313
5228
5314
5229
5315
5230
5316
5231
5317
5232
5318
5233
5319
5234
5320
5235
5321
5236
5322
5237
5323
5238
5324
5239
5325
5240
5326
5241
5327
5242
5328
5243
5329
5244
5330
5245
5331
5246
5332
5247
5333
5248
5334
5249
5335
5250
5336
5251
5337
5252
5338
5253
5339
5254
5340
5255
5341
5256
5342
5257
5343
5258
5344
5259
5345
5260
5346
5261
5347
5262
5348
5263
5349
5264
5350
5265
5351
5266
5352
5267
5353
5268
5354
5269
5355
5270
5356
5271
5357
5272
5358
5273
5359
5274
5360
5275
5361
5276
5362
5277
5363
5278
5364
5279
5365
5280
5366
5281
5367
5282
5368
5283
5369
5284
5370
5285
5371
5286
5372
5287
5373
5288
5374
5289
5375
5290
5376
5291
5377
5292
5378
5293
5379
5294
5380
5295
5381
5296
5382
5297
5383
5298
5384
5299
5385
5300
5386
5301
5387
5302
5388
5303
5389
5304
5390
5305
5391
5306
5392
5393
5308
5394
5309
5395
5310
5396
5311
5397
5312
5398
5313
5399
5314
5400
5315
5401
5316
5402
5317
5403
5318
5404
5319
5405
5320
5406
5321
5407
5322
5408
5323
5409
5324
5410
5325
5411
5326
5412
5327
5413
5328
5414
5329
5415
5330
5416
5331
5417
5332
5418
5333
5419
5334
5420
5335
5421
5336
5422
5337
5423
5338
5424
5339
5425
5340
5426
5341
5427
5342
5428
5343
5429
5344
5430
5345
5431
5346
5432
5347
5433
5348
5434
5349
5435
5350
5436
5351
5437
5352
5438
5353
5439
5354
5440
5355
5441
5356
5442
5357
5443
5358
5444
5359
5445
5360
5446
5361
5447
5362
5448
5363
5449
5364
5450
5365
5451
5366
5452
5367
5453
5368
5454
5369
5455
5370
5456
5371
5457
5372
5458
5373
5459
5374
5460
5375
5461
5376
5462
5377
5463
5378
5464
5379
5465
5380
5466
5381
5467
5382
5468
5383
5469
5384
5470
5385
5471
5386
5472
5387
5473
5388
5474
5389
5475
5390
5476
5391
5477
5392
5478
5393
5479
5480
5395
5481
5396
5482
5397
5483
5398
5484
5399
5485
5400
5486
5401
5487
5402
5488
5403
5489
5404
5490
5405
5491
5406
5492
5407
5493
5408
5494
5409
5495
5410
5496
5411
5497
5412
5498
5413
5499
5414
5500
5415
5501
5416
5502
5417
5503
5418
5504
5419
5505
5420
5506
5421
5507
5422
5508
5423
5509
5424
5510
5425
5511
5426
5512
5427
5513
5428
5514
5429
5515
5430
5516
5431
5517
5432
5518
5433
5519
5434
5520
5435
5521
5436
5522
5437
5523
5438
5524
5439
5525
5440
5526
5441
5527
5442
5528
5443
5529
5444
5530
5445
5531
5446
5532
5447
5533
5448
5534
5449
5535
5450
5536
5451
5537
5452
5538
5453
5539
5454
5540
5455
5541
5456
5542
5457
5543
5458
5544
5459
5545
5460
5546
5461
5547
5462
5548
5463
5549
5464
5550
5465
5551
5466
5552
5467
5553
5468
5554
5469
5555
5470
5556
5471
5557
5472
5558
5473
5559
5474
5560
5475
5561
5476
5562
5477
5563
5478
5564
5479
5565
5480
5566
5567
5482
5568
5483
5569
5484
5570
5485
5571
5486
5572
5487
5573
5488
5574
5489
5575
5490
5576
5491
5577
5492
5578
5493
5579
5494
5580
5495
5581
5496
5582
5497
5583
5498
5584
5499
5585
5500
5586
5501
5587
5502
5588
5503
5589
5504
5590
5505
5591
5506
5592
5507
5593
5508
5594
5509
5595
5510
5596
5511
5597
5512
5598
5513
5599
5514
5600
5515
5601
5516
5602
5517
5603
5518
5604
5519
5605
5520
5606
5521
5607
5522
5608
5523
5609
5524
5610
5525
5611
5526
5612
5527
5613
5528
5614
5529
5615
5530
5616
5531
5617
5532
5618
5533
5619
5534
5620
5535
5621
5536
5622
5537
5623
5538
5624
5539
5625
5540
5626
5541
5627
5542
5628
5543
5629
5544
5630
5545
5631
5546
5632
5547
5633
5548
5634
5549
5635
5550
5636
5551
5637
5552
5638
5553
5639
5554
5640
5555
5641
5556
5642
5557
5643
5558
5644
5559
5645
5560
5646
5561
5647
5562
5648
5563
5649
5564
5650
5565
5651
5566
5652
5567
5653
5654
5569
5570
5571
5572
5573
5574
5575
5576
5577
5578
5579
5580
5581
5582
5583
5584
5585
5586
5587
5588
5589
5590
5591
5592
5593
5594
5595
5596
5597
5598
5599
5600
5601
5602
5603
5604
5605
5606
5607
5608
5609
5610
5611
5612
5613
5614
5615
5616
5617
5618
5619
5620
5621
5622
5623
5624
5625
5626
5627
5628
5629
5630
5631
5632
5633
5634
5635
5636
5637
5638
5639
5640
5641
5642
5643
5644
5645
5646
5647
5648
5649
5650
5651
5652
5653
5654
)


// ************************************************************************* //
