/*--------------------------------*- C++ -*----------------------------------*\
| =========                 |                                                 |
| \\      /  F ield         | OpenFOAM: The Open Source CFD Toolbox           |
|  \\    /   O peration     | Version:  v1812                                 |
|   \\  /    A nd           | Web:      www.OpenFOAM.com                      |
|    \\/     M anipulation  |                                                 |
\*---------------------------------------------------------------------------*/
FoamFile
{
    version     2.0;
    format      ascii;
    class       volScalarField;
    location    "0";
    object      p;
}
// * * * * * * * * * * * * * * * * * * * * * * * * * * * * * * * * * * * * * //

dimensions      [0 2 -2 0 0 0 0];


internalField   nonuniform List<scalar> 
3770
(
0.0002711743634983309
0.005795196825342032
0.0004268311816347243
0.01490023336180554
0.007750328018180026
0.006342235369732839
-0.002639164830976394
0.005369784464355441
0.003979451099070202
0.0002305979078174408
0.009184982263565171
0.009172432922364427
0.003118177603238991
0.0032289363088075
0.02390460277228352
0.01025558085803207
0.01152219518019652
0.001565798225206107
0.01705917210497436
0.01248212109659162
0.0004940832354347058
0.007081182175620443
0.004113021585398207
0.02384551547480602
-0.007926076201800877
0.01515605170779113
0.00972912222945181
-0.004013434102183901
0.02143062335460144
0.01199380647081801
0.04818971194776633
-0.002822889763950451
0.02742549113361988
0.0243088659939652
0.02712481305595463
0.01133211383086203
0.01617688551849647
0.02747153956992363
0.02170704993725923
0.02034116293375954
0.01677102434021844
0.01917224948333748
0.01800890026953898
0.01819164236669063
0.0161547403051395
0.01101937974950548
0.01619377928384837
0.009294036757183433
0.005823910262986377
0.0186878090113911
0.006039712092759358
0.01240032170920963
0.02088547686927072
0.02362722043253047
0.01741873942245711
0.0195095568618601
0.0053422266040348
0.001121874805144309
0.0002238059556648775
0.005759997010915853
0.0003228661982978991
0.01489953572352381
0.007655601632679402
0.006296548558890488
-0.002791671562873511
0.005249644958048963
0.003979985778310011
0.0001126533936266658
0.00937521929202465
0.009077113411587796
0.003061751130940697
0.003081795924369188
0.02390971607894125
0.01014550812055479
0.01139145242466533
0.00150474863187464
0.01696239045915727
0.01245503412134696
0.0004542986742204282
0.007114031424589851
0.004002239445081464
0.0237556825818192
-0.008001374330513567
0.0151877920172444
0.009721933447445619
-0.004220249573026516
0.02160879961264043
0.01197563886240987
0.04855853772183914
-0.003028649685850478
0.02748764675074857
0.02414855969806266
0.02723953374114938
0.01136918492543472
0.01617528759999121
0.02743373993061005
0.02170142595468353
0.02037380997657336
0.01675850832288404
0.01916137627091295
0.01798424060966742
0.0181926838758394
0.01613249903145217
0.01110790682007795
0.01641323016052172
0.009310414836473506
0.005778815877177542
0.01877856702920942
0.006009474283892897
0.01233703250085011
0.02083399572677141
0.02360580293224553
0.01749666202078207
0.0194536067055931
0.005298108664241111
0.001233462549203159
0.0004915086318565854
0.003411948627352053
-0.0007575780021228416
0.01444722078501894
0.006943552982874709
0.005286299973361686
-0.003994319056262321
0.005496564694199364
0.003485163139250311
-0.003492256475971219
0.01040216219642981
0.007659048132791333
0.003049844170431863
0.0008317473802184622
0.02444493767974647
0.008486732389665288
0.0103673908178345
0.001569175501521861
0.01657673236058132
0.01275434810490384
0.0007047925265359933
0.007476555790398649
0.002740109012036993
0.02149722120914693
-0.008063060201378144
0.01517393022149104
0.01010527177055935
-0.006971374341741148
0.02225359146191855
0.01180946206070605
0.05053298572926113
-0.006493115330496789
0.02889266174558413
0.02326824092767871
0.02763155549389369
0.01167286760576259
0.01591787161765324
0.02698763000522284
0.02156176385264131
0.02072269277274098
0.01681603317307539
0.01910056179418088
0.01740272679556503
0.01768573831089689
0.01599182347548808
0.01173869385484208
0.01814018100361117
0.010128524552892
0.005416659296123501
0.01908454585303076
0.006512897746331269
0.01106286007140429
0.01959902872404998
0.02250168622398305
0.01815220801882298
0.01869297429200291
0.004533713131872538
0.002862096857649151
0.000476807348040909
0.003143482150492282
-0.0007935367979537122
0.01438557555729352
0.006845076857652894
0.005240335005578656
-0.004118118047349338
0.005501831576085157
0.0035599919238227
-0.004107356090773419
0.01036707828963148
0.00762585726351377
0.003075775338535631
0.0005741875091896853
0.02446189712184618
0.008287615676126308
0.01027480139006512
0.00160642244724341
0.01655688840662973
0.01273323794161248
0.0007619309926661173
0.007452086277694357
0.002680260873581974
0.02124470680677698
-0.008184269107194065
0.01523875809784182
0.0100955257991377
-0.006978856333153532
0.02252716651876142
0.01170722749217377
0.05056072694470486
-0.00648472240880511
0.02901002569006194
0.02342941056059672
0.02754587376129742
0.01167322745584572
0.01590356142661113
0.02695627355198725
0.02138199021246392
0.02076554095438622
0.01683729863357272
0.01910978123346532
0.0173733745832528
0.01762500859021236
0.01601649281603976
0.01162466112763822
0.01812874655711627
0.01030189860920054
0.005317222487919241
0.01891678981386789
0.006615034565775195
0.01089218391924708
0.01934888405215625
0.02222434636472926
0.01827417696614241
0.01864048975922279
0.004397294107570714
0.00303706816662723
0.0007678052811060319
0.002256751240244373
-0.0001970725202506262
0.01409360879634827
0.006838761156588812
0.005775174584747939
-0.003471313489431962
0.004844546291425915
0.003802449584122454
-0.00964450627992694
0.007785476481667249
0.009000115647493423
0.004376887406631664
-0.0009921802806823761
0.02424934863805099
0.008833998351576881
0.010614014865956
0.003128157207755172
0.01597859224760412
0.01238516300355213
0.001490310956618117
0.007312924782673953
0.002331550737475332
0.01988913542916908
-0.007336772467554003
0.01461113486958261
0.01096096211986658
-0.003252014018043549
0.01816514792988222
0.009910561686416373
0.04635722893575116
-0.005176406366485825
0.02867568691117969
0.02153261693217133
0.02640531624271717
0.01184279451529534
0.01524022584875819
0.02589087886155476
0.02130477201937207
0.02075374582687683
0.01698037535566443
0.01906464618453079
0.01783770722377009
0.01604609847344283
0.01410263493305657
0.009756676004335746
0.0156625641334326
0.01108256272422764
0.003541607635735655
0.01597781023864294
0.007986275649752052
0.008633884203470716
0.01802346120398123
0.0211426423905422
0.01819730835213527
0.01993470913175811
0.003133416396542308
0.001925378267605818
0.0008144807811366454
0.002062350062316405
-8.699804424669162e-05
0.01408607038583878
0.006911051473199889
0.005763809452714713
-0.003395460196777127
0.004987043241101569
0.003900406049152643
-0.01067618439128641
0.007222515064070852
0.009141370045573921
0.004513735262066467
-0.001142447090352425
0.02415979132173236
0.008801162978732553
0.01079005164544374
0.003259773149739546
0.01605954395606981
0.01238699675559767
0.001580862496586382
0.007231353241908533
0.002393169570566303
0.01982846557129353
-0.007140714486482094
0.01464840299866669
0.01092020245725451
-0.002772137321448858
0.01781065065510596
0.009680299919539712
0.04568961974681128
-0.005072741080581739
0.02863649966588298
0.02201179563488285
0.02625431643094623
0.01181014650438826
0.01518938436879857
0.02578517964965641
0.02108109027701731
0.02075143194671728
0.01700720436732606
0.01907877934400447
0.01787386766513386
0.01589311104108829
0.01404306777683125
0.009553485484908092
0.01530861116296553
0.01115174311278414
0.003369657984645176
0.01560704495039295
0.008110911063428993
0.008430786042423942
0.01790645818347784
0.02085896908191748
0.01815942391001873
0.02007434905550334
0.003062360202593184
0.001696552118453522
0.001048028612208068
0.002005486849002233
-6.844771543295495e-05
0.01403133214452876
0.006939790460358823
0.005734772108863519
-0.003391912664451778
0.004959069917723591
0.003819853718719602
-0.01086125541357627
0.007054974798985049
0.009242618666244488
0.004595001680596296
-0.001066038416730049
0.02415643150430785
0.008960355552183517
0.0109053127625419
0.003418330040608965
0.01602914117714316
0.01232995103253336
0.001665410424061752
0.007231684360724511
0.002502937284607687
0.01963955134268046
-0.007093955247401276
0.01443280978408894
0.01092517961384127
-0.002471493786835048
0.01700577836953843
0.009267164673356096
0.04527225470793344
-0.005179173867003409
0.02844550950762457
0.021584735136639
0.02630661768252346
0.01183287578343805
0.01508869000854064
0.02571545067681453
0.02122259813176343
0.02070418849929118
0.0170077329172958
0.0190511066318598
0.01790707124534729
0.01573661131293538
0.01386558510611525
0.009434722689155696
0.01509516005261458
0.01116728893738402
0.003190197621479587
0.0154346380520009
0.008273448915575818
0.00831574568967693
0.01777623859856286
0.02071797742514252
0.01808668784178919
0.02023996193450302
0.003125312282159982
0.001542155855451461
0.002393617019994019
0.001692169782316747
-0.0005571590062463253
0.01355127483835419
0.006993071574997251
0.005849631758276753
-0.003758153108204446
0.004405408761172022
0.00426202910446933
-0.01582069985794868
0.004824344212962117
0.009579927164384652
0.004702567457253442
0.0007945864055383164
0.02360921830603858
0.00959666930667448
0.01238678516582071
0.004903089390626371
0.01554689597071377
0.01189635685231457
0.002633971553316304
0.006769183726519256
0.004205452269496946
0.01867338283058467
-0.00534599738111394
0.01193775349820741
0.009669775585680607
0.0006748251615116064
0.01533864160542958
0.006744921959831982
0.0415795830566472
-0.007393782108467218
0.02821962708377159
0.02087365763653401
0.02716805847398187
0.01120980156925794
0.01339213812822976
0.0249222304432769
0.02159393543928322
0.02032966816266142
0.01709390614898117
0.01875978273572359
0.01792160381095605
0.01479595106308387
0.01184674078607421
0.008127804666996523
0.01313167777313308
0.01117751328920782
0.002185592910826508
0.01459141204189527
0.009778210826391544
0.007037531214862021
0.01719782491111334
0.01967754249249424
0.01767186897567464
0.02187240204674915
0.003284955128114501
-0.001141232561078408
0.002682934749812585
0.001672691134565061
-0.0006593602858109248
0.01342387572109351
0.006974388441922713
0.00589780034372628
-0.003820228153553747
0.004304457192650754
0.004134947921764205
-0.01559003114042317
0.004669830311409122
0.009574302232467221
0.004708085452163648
0.001367546813765483
0.02349999224723781
0.009733264130824549
0.01248136417043936
0.00502965110994319
0.01547654696309641
0.01178101390503597
0.002799884881962085
0.006767542555666453
0.004423615617297669
0.01844066795614247
-0.005428487356043921
0.01172871111389112
0.009628938758042997
0.0009452908659596726
0.01505533479224596
0.006641926334394608
0.04132023155239534
-0.007754465944197946
0.02830031435570241
0.02014923116373592
0.02744115688014918
0.01112697961257398
0.01319794293343109
0.02491501898065864
0.02183597843964125
0.0203006060262361
0.0170473483459568
0.01873476648076959
0.01795451355910571
0.01462931110536423
0.01172147507587071
0.008079848839756884
0.01297929064311186
0.01116398595924838
0.002348521188050502
0.0145875037751261
0.009941924435556693
0.007004367802840167
0.01710044659130265
0.01965698085197415
0.01758384020583442
0.02192363223100669
0.003339112966822645
-0.001230927220381674
0.004129762966444057
0.00139567741063113
-0.001698242297757108
0.01236491623522401
0.0065393641779913
0.007050579152587971
-0.003411668453341816
0.003303155128712853
0.003790342012122861
-0.0168338822743682
0.002448407287089791
0.008543019019383221
0.004893343783934524
0.006189431929580247
0.0225454344820106
0.01071510220258327
0.01312018092140334
0.006463919790528419
0.01474081992216117
0.01089458447528662
0.003939091556496998
0.006722983552107243
0.006479152330729779
0.01746675249606457
-0.00550946337317131
0.01033811442526213
0.008910439323249811
0.003265542552327137
0.0146038277792923
0.006447495874760336
0.03889042357153762
-0.01135224053438306
0.02971964569410802
0.0163929493549356
0.02924251581388334
0.009293693420878912
0.01074658203226662
0.02476546234269736
0.02309218868674106
0.02040644229037468
0.01655554334289082
0.01860326825426953
0.01802731148291153
0.01367634452683145
0.01097791529323656
0.007529215018937467
0.0110981900523258
0.01095018605008656
0.004103512616366401
0.0140851776174987
0.01223406244714652
0.006888619021213839
0.01632225627429807
0.01921860014435946
0.01648968105510884
0.02115676103527821
0.003595184073807714
-0.002440853300814352
0.005161259597482083
0.0009039896385377339
-0.002227931363598775
0.01113019175767696
0.005937388901276344
0.008476171469185261
-0.001909648799539763
0.001743216311432378
0.003048492623078853
-0.01589173321678408
7.940551458412106e-05
0.006425424917522132
0.006370406311706212
0.009089428508000819
0.02190210008953013
0.01129034931822068
0.01290890625704004
0.007713425867997861
0.01402454427797375
0.00945750142160565
0.0044362490779965
0.006676382532708369
0.008090576644611568
0.01649058855667476
-0.004990287821160516
0.009603514357383979
0.008389401598172586
0.004353742843640315
0.01382906103432187
0.008497476479063865
0.03756051540886143
-0.01358039570142127
0.03210652313234705
0.01430054004298378
0.03097623720187976
0.006943272810654458
0.008533742538838405
0.02493369052741219
0.02515333994263416
0.02066679906865237
0.01556461449657545
0.01863948529584033
0.0173037031085845
0.01267488148327927
0.0104025707485847
0.007359749271066307
0.009166413873865287
0.01067886650914777
0.005864761684094987
0.01279691572729848
0.01253894742336771
0.008072209761753272
0.01560690609799033
0.01824212243422798
0.01498219919992464
0.01958579707825797
0.00280855375949679
-0.0002897942746978458
0.00533129427760479
0.0008483226892946844
-0.002268312718675176
0.01094813512717907
0.005841374697400066
0.008812947543551677
-0.001638623488370645
0.001672035231480788
0.002989436267570719
-0.01596579434171707
-0.0002957124627165024
0.006167874346588236
0.006588421124271498
0.009364100835959868
0.021811333504204
0.01134719650341479
0.01288307964162605
0.0078557247393335
0.01392966412043601
0.009192959451532709
0.004478607654988359
0.006660290316431935
0.008265080555906598
0.01643516886589411
-0.00495997954823785
0.009524207061075804
0.00834947672812655
0.004467549264213728
0.01380399899618865
0.008884589229168257
0.03727044055432532
-0.01371886627621083
0.03240338480775881
0.01419503644146855
0.03130790018551947
0.006672339390772802
0.008402807785818076
0.02497210696907895
0.02557275471913368
0.02074477775815002
0.01543802316129662
0.0186516604889884
0.01716293901732482
0.01253807329848553
0.01031392521847269
0.007328700895784529
0.008912805211867362
0.0106520413125966
0.006154500902791699
0.01263547197484156
0.0125523815648368
0.008284305674321889
0.01550394533780803
0.01803546755854055
0.01478533804249342
0.01943150591662203
0.002671259106265495
0.0002319460704726379
0.006961679014673183
0.0006262578796700762
-0.002795884071050225
0.009701513472139378
0.005466588129741691
0.01127266457298651
0.0002484140716184463
0.001817928484349938
0.002904903431452195
-0.01469089638966161
-0.002697575061716135
0.004540505322127508
0.007871721273576089
0.01056217127593577
0.02114346443442603
0.0117036471878998
0.01223332577302398
0.008987534482246906
0.01331064746542608
0.007792567004842703
0.004605388227353469
0.006533387035389375
0.00932909629755576
0.01626811969175601
-0.005320967427493069
0.009023198250218469
0.007321033838143406
0.005651946941648683
0.01276671716014656
0.01060125333850548
0.03429682955401446
-0.01326261751611256
0.03310326401802483
0.0137365976957457
0.03349679139565365
0.005054458300117273
0.008271950388349996
0.02533694475130891
0.02755097659426927
0.02142328272602803
0.01516688176650277
0.01867421336264965
0.01643221317320127
0.01174833280394121
0.01032385827783588
0.00718894612566273
0.007396480354480697
0.01047420166238079
0.007422834658633379
0.01138318563034815
0.01266917467711332
0.0102486548247623
0.01461489526215709
0.01703994312410318
0.01427558236915372
0.01841405069496818
0.001468755681497474
0.004276281775746044
0.0100902657311773
0.0006373004476608155
-0.003126045122101837
0.008591730734154628
0.005497871365096127
0.01455276757871386
0.001975934089651053
0.003839234719877893
0.002706317284143337
-0.01214664437834214
-0.004575689214534238
0.003635664513219589
0.007852377949583655
0.01120652678211381
0.02035536227881268
0.01210437309606855
0.01106784262890338
0.00983031617162667
0.01275328927265446
0.006707680306897477
0.004597470240560023
0.006345215587586821
0.009982294134071435
0.01587350732266531
-0.007647239878781539
0.008492371442915371
0.006356110987340171
0.005824173077822961
0.01151877790234229
0.01171646512561055
0.03099428758467953
-0.008136131961127025
0.03292407278570294
0.0129319650863008
0.03359940869026564
0.004541144683277208
0.008777553035823452
0.02552610842529088
0.02819474232230211
0.02233623466271488
0.01532416407695591
0.01855335660459859
0.01587219821963421
0.01108997393202476
0.01030983773133344
0.007455244460663062
0.006918582594921267
0.009739258825008139
0.008270313346773311
0.009936870392354908
0.01317535081151819
0.01191182540773191
0.01410782360971524
0.0167899801414646
0.0148591408558015
0.01794698768765169
0.0003138657705175302
0.00400960848381539
0.01266336504936579
0.0008040842748242192
-0.003273278362974206
0.007532725092960175
0.005298460459196572
0.01724861330244938
0.003750326626886418
0.006457451136520754
0.002549513570959401
-0.008756071032957544
-0.0055890522578584
0.002784284596876866
0.00648625969632793
0.01148675627347617
0.01950626734268377
0.01293265228909127
0.009854699206805172
0.01033333629982806
0.01229196749619589
0.0061192652343036
0.00450983949974321
0.006401480275456934
0.01025750353047217
0.01512157602401081
-0.008599880451722197
0.007932213384504241
0.00564956235588709
0.006154818042331096
0.0103755107782882
0.01247605454857993
0.02771859641246691
0.0007933081232497479
0.03018782574256559
0.01159721439997627
0.02959374436233073
0.004538635915517652
0.009810195691150195
0.02550639579901246
0.02699687859577882
0.0234310188843167
0.01535984308732157
0.01829409002604761
0.01525785657694539
0.01075628872818525
0.01003454411203642
0.007988773809228095
0.007071603955098747
0.008806225004220979
0.008632434067269157
0.009155650990093779
0.01361422001951103
0.01270600673394614
0.01475724361352575
0.01688288469903803
0.01527992987606995
0.01765859462570008
-0.0008481993369677913
0.001447227561779577
0.01385093214686226
0.0004784514021324069
-0.003192532368332656
0.005748078036237762
0.004827109433587121
0.01715468456727431
0.006592938177698572
0.008575398721917772
0.003595212851452432
-0.003004222507995442
-0.004212392453135982
0.003280936013117919
0.003196391515384324
0.01061058544138231
0.01761359297538298
0.01612270643970549
0.01037734143607761
0.0110960186422847
0.01144466378718925
0.006821123485913155
0.004391866583427695
0.006576382536343908
0.01001246057506946
0.01260993815142157
-0.003058442520252546
0.006682046525780079
0.006615453718534493
0.006992381166596268
0.009190620980069158
0.01357947780682859
0.02366843411794697
0.01229048884606847
0.02309124316866036
0.01065749025322451
0.02094671924806599
0.006950262907965445
0.01304108296341453
0.02482335012497755
0.02523082694837171
0.02331935261459707
0.01436030786904348
0.01783774445903655
0.01466640746655999
0.01071403749441045
0.009408948125890233
0.008998325658667865
0.006656893847669949
0.008336375044884031
0.009660452574992821
0.009831858128258838
0.01353725288475509
0.01228586780535292
0.01654139741276927
0.0150298589750946
0.01494613826651105
0.0168355109558054
0.00150043317285645
-0.001195168964159935
0.01273899297316607
0.001152088861325947
-0.002272576178006721
0.005136273846235536
0.004983697516436414
0.01521670495442674
0.008437875926159844
0.008086322282012847
0.004570672048072421
-0.0007393403000161153
-0.001580630289820251
0.004242271967561336
0.00267794744349608
0.009763606341868099
0.01640775885990614
0.01617744528683126
0.01037788075961865
0.01147926153946031
0.01106325223432621
0.007664507744292599
0.004343243392805556
0.00649077215106746
0.009699975496418984
0.01087154079527704
0.002048049255632174
0.006832433195439278
0.007022375365930167
0.007055463679418225
0.009155137568542753
0.01406647499998591
0.02183616154050026
0.01573998048145703
0.02091419118564834
0.01327203672265014
0.01699556768649253
0.01076765575607362
0.01450847690836766
0.02440299309556096
0.0255777458726381
0.02553172935058643
0.01308596074226314
0.01728284065607053
0.01447115842800245
0.01045698007453505
0.008755871176887444
0.009387962495613402
0.006013758595951523
0.009327591787663686
0.01075105640122166
0.0103757400958683
0.01352693858975302
0.01145486414636076
0.01762213746284783
0.01274163642184011
0.01517118561205617
0.01610725208228427
0.003050677214771686
-0.0009858392663805459
0.01223429071188977
0.001717602954212184
-0.0003257493118319813
0.004831057064220138
0.005068386524730485
0.01228222901912839
0.009513426863827867
0.007212478957052171
0.005229253793608575
0.001841281403675039
0.0001624350036447228
0.004899193969611206
0.003240662013920999
0.009195399093336262
0.01501126016511185
0.01508509626300041
0.01163540361982823
0.01130356129568886
0.01090683421671034
0.007786611989823691
0.004498134625024396
0.006748757178437276
0.009310214099025419
0.009577616791397849
0.004665860430582125
0.007276079854148422
0.00726322059534423
0.006985544517509559
0.009160537839868838
0.01425539025204652
0.02013710895504831
0.01815829139314533
0.02212819568127662
0.01445193380228456
0.01772253815407181
0.01367754968432943
0.01519982134094634
0.02309599509279833
0.02732583702921248
0.0228972885561138
0.01263907160104838
0.01610508241193713
0.01411391828715119
0.009814977543186058
0.007421044219338338
0.009704438148341843
0.005644434120248037
0.009403511932082925
0.01081369535594607
0.0103260442921027
0.01404540769819772
0.01239974055700192
0.01831314423725554
0.01386720603817056
0.01536714430148131
0.01468369266127391
0.004627321918347346
6.313965087011364e-05
0.008400831925135858
0.003910351968866487
0.001472262177273363
0.005109583753705734
0.004808121504305949
0.01039545734065187
0.009747178514685911
0.006527890604595524
0.006299600227516775
0.003753090213547982
0.001088844791295303
0.00535074986826758
0.004182695014272962
0.008780299836424966
0.01350062217389969
0.01346294308377716
0.01244099731384467
0.01126486704285759
0.01038907796728348
0.007367273061054894
0.004751728339353936
0.006842706981714285
0.008759433028572529
0.009025035424110303
0.005705026038455538
0.007667415232450777
0.007509136927268359
0.007197410244677963
0.00956579066258053
0.0138955831345224
0.01863788614809114
0.01823958931826811
0.02318712531248862
0.01216586954945944
0.01711216516619509
0.01506451264725646
0.01526355336365561
0.0218647497554263
0.02815719881640595
0.02055364424661071
0.01408231707361495
0.01578675281866653
0.01427962055545993
0.009271234770512924
0.005202845253763937
0.007241525286855338
0.003632011411738034
0.009494699150171065
0.01045030376850881
0.01036848967364407
0.01345765724693573
0.01338180739360242
0.01768227482104778
0.01926716897133512
0.01555088405879707
0.01301056882831671
0.006310263329280533
0.001734656371281865
0.005399061967014985
0.00457317348533401
0.0008900159864598985
0.004787280960621511
0.005325073579496705
0.009527170985268946
0.01157914372861067
0.00558930923559157
0.005323014721199645
0.003399050554838628
0.002795233405180574
0.006088490907276431
0.004672659078249618
0.008724076110471277
0.01291715712018584
0.01364416890457136
0.01163586765727434
0.01176639273024071
0.00924497155638614
0.007089587165459319
0.005321238705794719
0.006641887583750296
0.008036484779496689
0.008935779842669613
0.006666767840623327
0.00846585098454488
0.007735845073191751
0.007721402742332578
0.01043161146255204
0.01229193971152525
0.01604765069586491
0.01596841674175251
0.02778100175495273
0.006458204622461858
0.01393261143750433
0.0156264349352465
0.01538364925608759
0.02091489531757878
0.03255587159785974
0.01892042492110261
0.01266455717858571
0.01576021522964052
0.01322227867346895
0.008545585290685756
0.004113324733902748
0.004559785539894618
0.002688296288999055
0.008889307906900762
0.007326264549658269
0.01090389533505493
0.01600008459733236
0.01310627504107482
0.0196809252923387
0.02113915233173964
0.01433229073462175
0.01285236545483581
0.006749861544975941
0.003583067176067494
0.004297574129602411
0.004766739891087771
0.002545209687421347
0.003120931680398817
0.006206740606774994
0.007531812833150183
0.008887014501713458
0.005327696361623632
0.004730474499868353
0.001857140298231812
0.004619868441008513
0.008274463565960585
0.006042098082958766
0.009038504023735036
0.01224051752565685
0.0144652598152779
0.01133420742421794
0.01298604570851176
0.009341711087524185
0.007438078896348586
0.00508317105703998
0.006957810446157841
0.007390337177624078
0.009016480458309089
0.007944209924019511
0.009282495632777197
0.007906185498524348
0.008607212254678177
0.009835983361141835
0.008637848882635928
0.01179979000931007
0.01284777476154791
0.02613408162110792
0.007393368706788995
0.01445284562011695
0.01616654133052848
0.01215864305076245
0.01951972297738852
0.03689422170602717
0.02019848077209852
0.01414420412228928
0.01507865841395792
0.01178559393126962
0.009299580935156992
-0.001892363476068499
0.003944882157187507
0.002800902077667996
0.006894873443455568
0.006297241372900924
0.01083945435528009
0.01916379507409974
0.01617100647884645
0.02023736090293103
0.02155360138064452
0.01450729270917692
0.01215255338329197
0.006687503996973343
0.004356519954524051
0.004139787244296378
0.004818087920584697
0.002785925034250616
0.002896879996057549
0.006375170394550892
0.007231260521380448
0.00829596325773542
0.005312711843956445
0.004649456987436284
0.00158825381270796
0.004965728033508123
0.008631020650424454
0.006218529655951719
0.009081838222340086
0.01210379679308423
0.01460081212239737
0.01137644336837026
0.01322330519103814
0.009512270473714233
0.007510240386183367
0.005012235997003329
0.006962100598099407
0.007354426345863155
0.00904058601863037
0.008161603051582946
0.009433489404713075
0.007925125710450166
0.008705037545768067
0.009655221152042176
0.007874588348381048
0.01101761737136671
0.01248603927738335
0.02568833764387544
0.007719569102281722
0.01477081618172045
0.01614179874992674
0.01152398133448733
0.01932978149774212
0.03763768156999717
0.02043500126628436
0.01438808711566392
0.01493650089893993
0.01152968119382772
0.009340790273629569
-0.002786141583690476
0.003972807766957691
0.002975469030139824
0.006608355248218019
0.006190691507295315
0.01063867918490746
0.01960661043516012
0.01673925957087751
0.02036279004980809
0.02173949368707506
0.0146418827953567
0.01207541013178551
0.006674575885044552
0.004464549728573998
0.004967644692497919
0.005300240948878938
0.004686475025215993
0.003978340543136628
0.007229745992403638
0.009273001379809288
0.005445867258004337
0.004599593932849134
0.003421749697291564
0.0007098676137290656
0.005110779365643689
0.01097931725465564
0.007652450494924437
0.007916788890336882
0.01058584155984026
0.01525341349122579
0.01337395639260095
0.0148406027349141
0.008379479067135742
0.007081757891408427
0.004330123044179771
0.005724916682688916
0.008078027837231602
0.01089147193162078
0.009835641553445344
0.01046577914155351
0.007545827470819179
0.008364587329320078
0.006737502233180777
0.003535024307121919
0.008458649790824587
0.01099856973684966
0.02048411250423013
0.01154322682705096
0.0170421035597604
0.01191859208864224
0.004673254798661908
0.01848980181088698
0.03857911610056339
0.02263757121592503
0.01430462922541886
0.0134913297344553
0.01183574225425152
0.01069572180511506
0.002404223769581831
0.00551760664007937
0.002994486908803333
0.001691422370688074
0.005947766020596238
0.003516652343312098
0.02187254864826443
0.02181930595968598
0.0222697024039698
0.02212401152523306
0.01386913219750499
0.01234083681115601
0.007715003195447667
0.004475905903392143
0.005074412485654316
0.005066588605076802
0.0044887568400217
0.004198613275792344
0.006985880730403651
0.009165735209599749
0.005464799825627155
0.004495650971025715
0.003402547063076247
0.0007789016877794471
0.00490187987238918
0.01116053891439763
0.008207401638941795
0.007911963372270805
0.01035414222011364
0.01545862531629638
0.01349686553584732
0.01481902815504002
0.00873274529694941
0.006825637359754274
0.004414521981590674
0.005738423651634963
0.008231227809949731
0.01125899599084317
0.01004393540960113
0.01032228224638613
0.007600866137907734
0.008332587758306861
0.006621075203078198
0.003854644581003449
0.008686782554238983
0.01099006929675053
0.0198040799238978
0.01167581102002812
0.01620253696999626
0.01167350557622972
0.00441275917993538
0.01831013608426206
0.03951965524276572
0.02267080128574607
0.0143258659686852
0.01338123793247403
0.01178085927816207
0.01085380177739721
0.003433024431533651
0.005163224650552853
0.002690525974601833
0.001448206954207368
0.004896586916763409
0.004093152290349239
0.02210262159228749
0.02272513366144998
0.02236146995226502
0.0217869827389473
0.01353795802135171
0.01218845690890498
0.007661228325534708
0.004300714228991824
0.005676898965674387
0.003251095312703394
0.002816763513218689
0.003888035065634485
0.005850229741825258
0.008928887810960266
0.005657117199698252
0.0036977523327519
0.003370004884136598
0.0008171138096416216
0.003561033658533851
0.01242119156396128
0.01170681082103741
0.008000540409290026
0.008536727330986262
0.01583432587495053
0.0148311975188079
0.01460726516832707
0.01109143511388271
0.003445996621699681
0.004893090117319114
0.005917790796368143
0.009963528359491594
0.0140332960943338
0.0114237543604115
0.009367032077168313
0.007899121116682555
0.007911549323276772
0.005227848489163271
0.004605776850077669
0.009419213396029033
0.01099059162853089
0.01555770069069227
0.01146185281508971
0.01159074396706788
0.01071503793183426
0.00285077950717094
0.01680286237375974
0.04475939106658438
0.02267363499928837
0.01420807790607788
0.01227052690770922
0.009873773167832209
0.01139710967805579
0.009298799120163242
0.001946956265318413
-3.194040622482983e-05
-0.001292972754905347
-0.001891639145150618
0.007287427301575358
0.02293886209657217
0.02843500222219877
0.02340035921607464
0.01989087789308478
0.01164612478133874
0.0111949128521462
0.007350755163654341
0.003962354614354417
0.00722307080337041
0.004382771669614568
0.005364986776258927
0.004464171580228227
0.005419672351958209
0.008178114740072769
0.005147036898145523
0.001394349518932442
0.003057128957499616
0.001636739372790717
0.003423688900724731
0.01291337886595237
0.01532547100786611
0.006506597307740365
0.005940097100940757
0.01585112601897692
0.01730370775896384
0.01600811031617838
0.008454988838817682
0.001626727885245864
0.002914588435040372
0.006517001806284499
0.008703524860566868
0.01535952749944567
0.01229473087968342
0.006750913801140296
0.008270575520766385
0.008758030454660675
0.006753119438585223
0.01065530716776066
0.01061662534179477
0.01230434478727891
0.01161164896025861
0.009617718914447996
0.01089598021142405
0.007737094285027475
0.004618134180156512
0.01352758489938306
0.03230064332220027
0.02230215017779675
0.01078252345406064
0.01090864193420474
0.01205755419775467
0.01125297183921121
0.008560587594981368
0.000570666637888515
-0.0002209533486823187
-0.001708270916842396
-0.001125846864034684
0.005606467591357318
0.02061801231131935
0.02663653578957313
0.02155927634156436
0.0169241436136889
0.01362931041940914
0.01159653997129164
0.007171275684604633
0.007777358672792669
0.007319606770417916
0.004500011473218241
0.005590601944328483
0.004475757518147329
0.005327753551525166
0.008088359181859512
0.005120563595807852
0.001182679556709098
0.003062508887702012
0.001680888912566591
0.00340113320085036
0.01301321886649975
0.01570681862746898
0.006171087865629605
0.005575271440053927
0.01566329822828935
0.01764895691898498
0.01619807939572704
0.007864563755423513
0.001427310522217242
0.002663753792001417
0.006566782485876155
0.008540781154536105
0.0155631059334443
0.01218975594157773
0.006467302789781442
0.008261689458775688
0.008798475884993679
0.006898313612666092
0.01125234862503884
0.0107389682886368
0.01246732498894566
0.01116457974632493
0.009468218071359969
0.01093869674587014
0.007353376233463708
0.004836108415012848
0.01320389319380882
0.03064306251585268
0.02226647603836039
0.01038846201465661
0.01059488139487437
0.01244424621852985
0.01104489859242159
0.008072467110523148
0.0002493734334582694
-0.0002965994387827361
-0.0017496812956568
-0.0009020677740585277
0.005369154093333987
0.02028210402435942
0.02649376650607719
0.02137195179814192
0.01656224778668448
0.01392099645010898
0.01166223063349347
0.00702720552556002
0.008319106161762511
0.00817211504163088
0.005971685467134711
0.007718650959439086
0.003939397096201491
0.007043295863151549
0.009652173883623164
0.005828467172078839
0.003499563740918096
0.003400911323632968
0.002004304592252744
0.003462413798541214
0.008669347332112177
0.01466785934062388
0.009644007567363961
0.002919988144792068
0.01812272831399453
0.01343789873794523
0.01346275647806032
0.004163498816060032
0.0004411423801309832
0.0006349304026433679
0.006146623734864396
0.009636230232862334
0.01496860972345535
0.01458282108519494
0.004999120457249789
0.008471896341017707
0.01089112556662329
0.008345908375888869
0.0121128455739249
0.009026534085129235
0.01033827955990345
0.006587560120242341
0.005738512827780805
0.004026761670730391
0.001660150638567715
-0.0005031430867921159
0.0108406262153226
0.02235160146925189
0.0180910500353167
0.01962988517213987
0.01606594597151925
0.01428001006738391
0.01377101501458929
0.008195514207447579
0.001606396288611487
-8.929104062302031e-05
-0.002987320085176838
-0.003520880552555385
0.003795387563369897
0.01669014993605812
0.022569622691283
0.01925244767281104
0.01849377872681181
0.0158689570568919
0.0131922676684025
0.008699736464618191
0.01026469577073807
0.00823054347730829
0.006183165720955677
0.007746065443040314
0.003950796219130467
0.007469439586342868
0.01000170359087341
0.005938830716324171
0.003818478754139978
0.003504445034518226
0.001846470748486762
0.003375620629864927
0.008119706754351773
0.01461002091815765
0.009848570375437966
0.002398624253205134
0.01859318500073307
0.01291090617085996
0.01313320064784473
0.003753079438184672
0.0003136144561874943
6.459834156128286e-05
0.006073315757541315
0.009825943377776586
0.01480127695057144
0.01477390458821927
0.004768089165428306
0.008388070485650613
0.01108782325401837
0.008499711516133532
0.01214891318139231
0.008801016993819724
0.01011680023566402
0.006057831677783388
0.005346501692825238
0.003224294081485654
0.0009685505556585768
-0.001080865945288844
0.0106514787224303
0.02149231047866936
0.01754033902577571
0.02082900178799357
0.01643067588033096
0.01436381579538014
0.01397528673414675
0.008003851987423271
0.001683750505482217
-0.0001383593799510686
-0.003105311746067828
-0.003859061552776549
0.003707426128455679
0.01618501404466773
0.02224504134026539
0.01898328888647632
0.0187564961940687
0.01603536498527369
0.01344159152095718
0.008996442024168444
0.01112329173647391
0.007380339106677237
0.00247125776504527
0.009186324630100997
0.002222826105613464
0.006728792443511225
0.00799243618533014
0.00486807985255549
0.004641195734167817
0.004456185757311437
0.004398889506944715
0.005461604597007403
0.006950140863002431
0.01171581856799451
0.01330511020115266
0.006281775115322699
0.01446511899548767
0.01281244136019387
0.01157354955165224
0.004570668531322584
-0.001355120160863935
0.001961512641162489
0.006414508298080839
0.007752277265470943
0.01524898534715522
0.01513478978565982
0.01018688051351333
0.009387081585653854
0.01254253128039648
0.00966877039353169
0.008895904601487625
0.008344410221987314
0.01105927475421534
0.006876940740414191
0.001941808822352149
0.0003343706437548886
-0.002339806540665141
-0.002536387087679756
0.008312763042289227
0.01382161952359108
0.01727983689142839
0.02016180712901659
0.02502277314647875
0.01581330891399581
0.01697641165143452
0.01037730768099188
0.00284378565027385
-0.001006932784542224
-0.005903051712207862
-0.005305392895956648
0.001394992735196704
0.01607018836851943
0.02735477841632327
0.0212137513119512
0.01915609765230453
0.0163911652663614
0.009589762726530022
0.004526621330319902
0.006450539503330982
0.007201803053460596
0.001844482959942979
0.009148355853699566
0.002065298473874717
0.006648619084052475
0.007840221976729154
0.004754100986339447
0.004715570525241258
0.004468658083492488
0.004557579150494653
0.005643483375809938
0.006768359931820817
0.0115030767210105
0.01358207887006877
0.006636276707966719
0.014026077925332
0.01317996829124722
0.01129273200917236
0.004588473685432067
-0.001678695977942801
0.002116813188102289
0.006546368873302976
0.007489183682336113
0.01520090718927177
0.01500701990320947
0.0107921360947464
0.009319811089598841
0.01260916466637133
0.009750635093294617
0.008617259432292678
0.008467594798436348
0.01127707361691388
0.006856025944722223
0.001432260848406632
3.905024352434231e-05
-0.002902669364371277
-0.002751156648002333
0.008076371306628367
0.01285958308844354
0.01740409129620489
0.01999774939657284
0.02610083463138805
0.01594823303117361
0.01717831731106637
0.01042244837185364
0.002977529798375018
-0.001201673100104743
-0.006271142655592012
-0.00544065643893293
0.00107621597029266
0.01583325091944936
0.02798582750734976
0.02144187460618777
0.0191940467588685
0.01642125829715921
0.009245614769736026
0.003811788395755077
0.005421145286379618
0.007842143506971678
0.007445831507889677
0.003636286581873897
0.001650675265638676
0.007100849272584801
0.007660689526979466
0.00441805720653837
0.005232426332236839
0.007096024160099758
0.008204965901938104
0.007771709925701438
0.008165241078982866
0.01012414045325065
0.01050388660431717
0.009048200279588017
0.01121711367424693
0.01065054871962449
0.01154992797060626
0.006275605104872513
0.0007238341035008858
0.003794547030397191
0.005421113577976967
0.01014033942995526
0.01596694640536761
0.01795043772867616
0.01464478610678771
0.0130220397221038
0.01353220885688635
0.008105166778763254
0.008999668397596968
0.004884151436417375
0.007159858006554208
0.007972689181530358
0.002592555883925562
-0.0001645439155954771
-0.003259409677053265
-0.002888441786180283
0.00464990724401945
0.006999875900174443
0.01105299619233528
0.0166204848465173
0.01645001562400668
0.01718417706812958
0.02237240680962349
0.01225704577881238
0.003402075444214224
-0.001716660745542307
-0.007144217931628213
-0.006384102357090052
0.001636626789683539
0.01666510501979153
0.03356480393402628
0.02587783053177483
0.02080888617190584
0.01690373197247599
0.009340935219749926
0.006920826758553466
0.007843805685782917
0.007778181181462388
0.00856217857532632
0.002541731029238833
0.001614234535376794
0.007318771964889329
0.007797740070163362
0.004354857562233569
0.005359080078961199
0.007552050092885736
0.008819845387352017
0.008028496912161698
0.00816777892476692
0.009980141472345664
0.009855566216190999
0.009351613452924961
0.01075085373509744
0.01035273098458921
0.0115980362093535
0.006492183348313336
0.001000769035791287
0.004079523676888983
0.005168941504142951
0.010842462003054
0.01602432956221537
0.01800193096766057
0.01516496383078792
0.01357785367200263
0.01367537609590385
0.007866508155594891
0.008654451207566468
0.004496522060605482
0.006711864384599421
0.008356019502179362
0.002766517154687087
-0.000248335113036416
-0.003297577023795935
-0.002818784680113764
0.004195438517878255
0.006164433481515422
0.0100892929133635
0.01625404592206149
0.01469608608537211
0.01733642174997833
0.02277683772729116
0.01229210950975495
0.003463857804576301
-0.001871371525462353
-0.007234095006725491
-0.006400535958086292
0.001725334732250983
0.01635840495160588
0.03418496087852823
0.02654512202455581
0.02123020543486093
0.01696337263789069
0.009517267540774288
0.007475466447666723
0.008196481754429451
0.008324820207539906
0.008383065373797922
0.002884728208466159
0.001575736878776481
0.00694327477762033
0.007726726923620287
0.00427783667576247
0.004988429057205171
0.007341535334893089
0.008589846951584875
0.008048628333975653
0.008897656260934429
0.009958924398561827
0.009735571947261261
0.009480354751511403
0.01090128447390948
0.0105701804577632
0.01152775292115982
0.006557275469757976
0.001305366708253717
0.004079692567062789
0.005300863640439279
0.01000687978114078
0.01587776483875131
0.01859007579216648
0.01450424478403299
0.01333664111622036
0.01307785335578474
0.007409519588303821
0.009191905991093938
0.004617093282755478
0.006499703589853001
0.007879545155531317
0.00268516388202375
-1.555787803652031e-05
-0.003636438426411913
-0.003124969052976547
0.003920043892363936
0.00585122798190107
0.009797462651358472
0.01555141467226972
0.01451806790133396
0.01734298742614766
0.0232795551375239
0.01306301122425899
0.003483740657072705
-0.00192227977173284
-0.007412497151993212
-0.006756434629749545
0.001901366257199222
0.01682209380250652
0.03489522989618191
0.02668592497616949
0.02073976625369045
0.01698701772357359
0.009271574696279037
0.007407684532419061
0.008815910974994704
0.01215439602913933
0.008568869710497223
0.0004623025306629301
0.001403131751962571
0.004969568004392227
0.008212418591267336
0.003840372679592976
0.002525238083468662
0.006648528979843353
0.008450475398738755
0.008148429374932303
0.01320750209583075
0.009440331751147966
0.007182094877182608
0.01057312148374515
0.01094798791313951
0.01209809559535251
0.01112177690460056
0.007525580116557662
0.003745834741916192
0.004701976135490652
0.005563879086695252
0.00603929829406012
0.0147808409299881
0.02060901454021833
0.01004551747317869
0.01249649057261001
0.008442785047231805
0.003637645552209172
0.01015460002719308
0.006384907403126522
0.005197212088595331
0.0060520297538893
0.001880124323108883
0.001132433746439425
-0.006716795729755166
-0.004770937674860962
0.001634497476121966
0.001846399029802722
0.005538002112488684
0.009164036037100134
0.01080230718244737
0.01735385289847927
0.02518928500659431
0.01782954437095854
0.004002276755020084
-0.003236135660560961
-0.00888568663521422
-0.008792195757928336
0.003473127670965425
0.0172986707725157
0.04003694973934432
0.0285294561783356
0.01870080468959986
0.01748815460093596
0.008329006391603749
0.007737475157184349
0.01378916152315183
0.01262803586241347
0.008801158106938167
0.0009959418551792553
0.00179398627664014
0.004897139229650431
0.00792469215557725
0.004020796287472145
0.002783187318954054
0.006695845710621274
0.008404467442143957
0.007974370401704485
0.01355055088492293
0.01006079123986784
0.00700366282781552
0.01009738720320895
0.01105877084430991
0.01252133603384775
0.01107726106220798
0.007542697942210761
0.003956181550129259
0.004743689583803896
0.005519206749243263
0.005953802416339417
0.01463569824514162
0.01980913692204773
0.009644846509642514
0.01253357347919209
0.00836002044868716
0.003792832789729598
0.01203457280031539
0.006696712456192082
0.00555353624359473
0.005860167484839461
0.001417803734484221
0.001243715689108461
-0.006478863575097777
-0.004759187237721451
0.001592744588768001
0.001712202518504347
0.00484790835564643
0.008261425703865802
0.01028832857513761
0.01733985330962012
0.02485514912580798
0.01783068252990044
0.004019427430054322
-0.003431698643124488
-0.008640137545228117
-0.008619884323998534
0.003523809745279298
0.01757560581469707
0.039105391899804
0.02803701410031701
0.0191698156045577
0.01802106471103122
0.008154705855633344
0.007369392261090927
0.01417817910290933
0.01762743143254523
0.01003364163119232
0.002810439655805203
0.003648147257345209
0.003153966821759702
0.00651921247357249
0.005497379292347996
0.004199580648508342
0.007171812733633802
0.008070734359959402
0.005337236150240606
0.01559644152824104
0.01381123522461166
0.005226055696994028
0.006690206484706819
0.01095851776946224
0.0158260650019259
0.01023952188774305
0.008314099407467426
0.005809003106090287
0.004945083045062534
0.00543382582381133
0.004896657154911994
0.01419742382061557
0.01553995342064721
0.007448443296446288
0.01154229541135939
0.005994974858323281
0.004399912501274386
0.01919889106132009
0.0106157434932774
0.008978091320126844
0.00387980477904841
-0.003110510717461007
0.001640639040092441
-0.005439260584748925
-0.003212154371285692
0.001188194704523598
-0.001546907663584302
-0.001458904907537974
-0.0008435992733359259
0.005697254231561654
0.01599434709681932
0.0221995305229847
0.01799039616933861
0.004463042954282142
-0.006262372856277309
-0.006913455692773109
-0.007321777713098165
0.004944937038604668
0.01752319376990857
0.0331495658369932
0.02418699850150141
0.02198577098781913
0.02318002552265981
0.006427707576468881
0.004124149640452154
0.01772690042150503
0.01799240833945909
0.01022092823574986
0.003367670260565653
0.003608124821775578
0.003751358952755574
0.00669143203444806
0.005476397822712573
0.004513012604352126
0.006733233110612113
0.007740201999097654
0.005411172001128005
0.01533773435068191
0.01399636500412447
0.005677041664582037
0.006912624788560163
0.01094707563569912
0.0151967777432942
0.01027846583457568
0.008171045091370089
0.005637954668647216
0.004793774250083255
0.005592447698405546
0.00514530312496299
0.01387348312724832
0.01584561273545381
0.007835129981559144
0.01128027295516968
0.006253065083062798
0.004790635975578973
0.01880226033291267
0.01134549759552112
0.009565728661708687
0.002963919834165283
-0.003587474449763668
0.001408679101369283
-0.005069077712191071
-0.002927833557795819
0.001169420870964286
-0.001368708050445772
-0.001468646145885217
-0.001266064292922689
0.00515300031423288
0.01539777784402522
0.0216739397853594
0.01771855430620784
0.004636902238695205
-0.00598348982352473
-0.006340445925103714
-0.006841773276212914
0.004991482919979359
0.01763443211161814
0.03236256711168611
0.02431325690948032
0.02187504012928721
0.02329771229336405
0.005025714399204945
0.00347940305106627
0.01735532282457485
0.02203533707072692
0.01211932205213713
0.007546935457366384
0.002213865474335916
0.007285848190004959
0.008164723304597339
0.006604225861746644
0.006763536188912215
0.004327702186337296
0.005279978725988604
0.004011962747390416
0.01270894666377694
0.01429832414853832
0.008435800307692214
0.007841664852178767
0.01047518934472835
0.009850183882957428
0.009871851978778446
0.007555654411534145
0.004684899719620369
0.003228234959632946
0.007135156492028055
0.007158489873228007
0.01034540750129496
0.01537388333999414
0.01178129232140577
0.008758778430141789
0.007376702141321174
0.008230641757649796
0.0146075637399561
0.01615317787999799
0.01265474860915847
-0.004305954586341369
-0.009998709736310894
-0.001163294586945895
-0.001895689270786152
0.0009605150688078098
0.001726683412097873
-0.0006004120612390332
-0.002399305816828959
-0.006010992451184844
9.170791769368971e-05
0.009228277350330404
0.01595331432174091
0.01399420185932291
0.006255813659304488
-0.004911949135308544
-0.0003835749015853776
-0.00168001179272339
0.006312891065088445
0.01644448964360129
0.02525523714616373
0.02481840296501366
0.01996051848469829
0.02313413631590077
-0.006775330663528926
-0.002808646308606422
0.01473189378586527
0.02232955066677653
0.01216471987304498
0.007697505198488523
0.003000477215564306
0.00710191212256388
0.008311752564814026
0.006928184035871091
0.006961108217130199
0.004533580716427968
0.004938683993393747
0.004339070100631583
0.01224751214900262
0.01366324852453597
0.008388054426353823
0.007225342451781542
0.01037012571491598
0.009812209652464156
0.009976685834387093
0.007737706332242572
0.005377516178111508
0.003569835278256561
0.00696782334503232
0.007723406853709456
0.01004816180978567
0.01501194047938556
0.0126160259195976
0.009131374341255362
0.008088157712857117
0.008786131681610689
0.01404610339833854
0.01424473535435957
0.01238853933525387
-0.00355951831309001
-0.009862550571629292
-0.0009372595477119994
-0.001233072565941063
0.001314120836431356
0.001891427617341071
-0.0002297737308233839
-0.002417669612353515
-0.005412800314054085
0.0001423916742127244
0.008580906430231757
0.01542218254381037
0.01288768645880217
0.005884358748480731
-0.004941336372262327
-0.0004522611968575078
-0.001079995322258635
0.006332864282576337
0.01648947806796759
0.02509661332835107
0.02480583234808716
0.01967341997506452
0.02123645169825457
-0.007154408552607298
-0.002999010100013171
0.01428533547494516
0.02504844795840798
0.01261249472055327
0.008715878248377103
0.007787207087923442
0.007409956351639877
0.008816782905515871
0.009462126054859868
0.0083420804559375
0.006887601328615095
0.002171410353064828
0.00491112614166112
0.00742579083976435
0.008553731999888329
0.007804602486806829
0.003240029925041151
0.009418838062406088
0.008995924276210581
0.01037700702069208
0.008738411389887605
0.009443643665550042
0.004863224775940118
0.005194857041197093
0.01127937147017688
0.006684621025325804
0.01020814127197819
0.01634086401988876
0.01094538513898602
0.01154163865297999
0.01319101203599744
0.01049404513447071
0.001986417443665609
0.009132923284924484
-0.0007687998787332437
-0.01179019707072675
1.758395674922852e-05
0.003240324994924155
0.005192580845044125
0.003287698364372419
0.001853568795204426
-0.001205089575105557
-0.001560019662403043
-0.0006148162535325169
0.002413973476987759
0.00958322263843032
0.001958728191627459
0.002156981255239726
-0.006392150523531853
0.0006130090016960021
0.004275640386772824
0.006694866361541978
0.01546891203576179
0.02326102709662782
0.02471665915016023
0.01789756688690537
0.01054399716493281
-0.01000092093839877
-0.005045463441850459
0.01136163077158865
0.02829105655346967
0.01222633671219297
0.009441692066556664
0.009679024660975737
0.01029461197760926
0.008981121351391633
0.008835879356820703
0.00909611741325724
0.009315722433877056
0.001228579416148978
0.004383538194196315
0.004760555586697094
0.009112794355163907
0.009158152723652998
0.005943632452467935
0.007030473681929681
0.01093008610740272
0.009725878146179629
0.008906870474127511
0.006790883150861104
0.002970305806116873
0.006013462012644708
0.008594319619121151
0.01072728408260596
0.007251511295887594
0.01584113441850234
0.01459582398170778
0.009745676971930352
0.01523506112328562
0.01536898512266126
0.01500510461197676
0.01051146263444533
-0.0007461935629949913
-0.009385025425255449
0.002519184429989904
-0.001628941501596613
0.007511072532426146
-0.003129243351314091
0.001718671539913972
0.002473627922735725
0.001402474944709479
-0.0006483059663603641
0.0009854439883082941
0.005165956121772761
-0.00832331088392242
-0.004950911370445218
-0.008351652133651386
-0.001582335043772168
0.00280881943487882
0.00642046673990132
0.01262237553198812
0.02096824556812828
0.02549970071603409
0.0191598795618067
0.008868096519320856
-0.006809665685509398
-0.005977171069737148
0.01438278920060939
0.02878032050854166
0.01223143101225709
0.009515348258033943
0.009835872522071125
0.01069707640430194
0.008952347583104018
0.008797688546572686
0.00915351413324633
0.00956687053357263
0.001224625356160088
0.004364455943054274
0.004533892338345132
0.009397845995658448
0.009451804585805215
0.006463748822060346
0.006689892255196345
0.01115708676220731
0.009635078513135855
0.008877925643441758
0.006430072117196543
0.002587554914227815
0.006215831861056723
0.008177915408875996
0.01126837392822018
0.00687307835097775
0.01550921464472504
0.01495615189392842
0.009293284990279442
0.01555953337927849
0.01592674855652676
0.01695851915699345
0.01062220338888588
-0.0008706097381455072
-0.009128096958525274
0.002716120070230831
-0.002644264430255443
0.007796643121160134
-0.004073054733968106
0.001810690132221959
0.003089597843684428
0.001762147746351293
-0.0006177637309438676
0.001022310601330098
0.004201953107799087
-0.009910816044430818
-0.005947008076309692
-0.00858786824371654
-0.001814757023582177
0.002711768909092425
0.006429203048782601
0.01221305850338606
0.02066570069953483
0.02545880590404723
0.01928499719686706
0.008972239972923691
-0.006176202332418389
-0.006130006113040091
0.01498268327608076
0.0367951049693624
0.01249928720360295
0.01033959588314722
0.0113244313971804
0.01344204350883237
0.009687970060757754
0.007653070409361371
0.009256014589751454
0.009704051062980407
-0.001652806047533953
0.007728614841984466
0.003928051672267463
0.009054032364963103
0.01650217957410633
0.008028218725796099
0.006814426511852982
0.01170072356465469
0.01073073309353643
0.007045791725259268
0.007259992861960923
0.007541833302469057
0.008278986836589787
0.005745358169552151
0.006378747778332295
0.008201644533523594
0.01423012858204051
0.02189157485522845
0.002648359457869684
0.01353975990784619
0.01299063242404002
0.01657799101247211
0.0142148433794866
0.001811647924406908
-0.00319096058176749
0.006263037415696177
-0.006205181066701107
0.009445845107473608
-0.02239088728929876
-0.004166886042046378
0.005526938727010158
0.004215098593598613
0.0003986988924011876
0.0005062787678073869
0.00976481540891673
-0.007150818592345676
-0.01354798942585058
-0.01078780738364217
-0.002968907728890804
-0.0006410458508107137
0.007070671674580605
0.01031040465963435
0.01340629028901026
0.02351091523026976
0.01910855012191032
0.01238699845776538
-0.0002782731804600938
-0.005168981322521927
0.01928522308522643
0.03708150629380356
0.01205897929729131
0.01029237948491112
0.01147287059901722
0.0138340982899647
0.009864976468652132
0.007827465135335403
0.009256422815490615
0.009434127421691234
-0.001428584127337827
0.007626260204174201
0.003500848501882031
0.008637470313146411
0.01615815891231116
0.00785795329671826
0.006817397417607526
0.01197135429790301
0.0111213630954098
0.006829259171156727
0.006880844165612946
0.007354488586790799
0.00858952151498692
0.005797850454194024
0.006139963831732432
0.007419359641519014
0.0139792961399933
0.02172892863353891
0.003030912005731138
0.01375808754645474
0.01295188951194062
0.0171762436559501
0.01450795930185979
0.001981241361488492
-0.002425456902822357
0.006319137366258619
-0.007174602845283359
0.008281680041655795
-0.0239745730139424
-0.005582593273388468
0.005570221545380643
0.004743138347115285
0.0007210035597969475
0.0001781379445226311
0.01052902148013391
-0.005044916414354581
-0.01399305908068896
-0.01161030113488978
-0.003377721528397854
-0.000783170206663067
0.006996724547663679
0.009723357755707901
0.01314356242078157
0.02296963805788131
0.01888526450476198
0.01340829329586937
3.231454188989814e-05
-0.005103506560723574
0.01949664746231722
0.03601201571983917
0.009323614658970934
0.01049356846561532
0.0125971700309449
0.01622889452844067
0.01115940809753054
0.009435319016431298
0.009383838765203843
0.007638282629857582
-0.0001017984287773133
0.006728581353745137
-4.513263019147808e-05
0.005771532180121763
0.01328736695176667
0.007533054899794802
0.006228817654128027
0.01256772762538364
0.01355289482075123
0.006544537090497907
0.003811490626761979
0.005694977182447255
0.01016167058723338
0.006423086227353964
0.004557904599281167
0.004113390041859117
0.01148056515341595
0.01660099067405319
0.0039233430455117
0.01485462893730822
0.01405543289114385
0.02093024556635426
0.01488186503306549
0.002391098668166112
0.001624828323567836
0.006271677337119189
-0.01390552665496349
-0.0008376404969166965
-0.03251130643956992
-0.01227901497121661
0.005845643913451957
0.008199212598006425
0.003038145103245301
-0.0005028790147867501
0.01318863468353436
0.005203798601249979
-0.01624256936140818
-0.01645757792258918
-0.005554534284160163
-0.000295135358547371
0.006301506832585818
0.005776458041173872
0.01167828796661825
0.01881805903996759
0.01647265737557408
0.01957581826572821
0.002593229059668699
-0.004707510192007536
0.01969925436571322
0.02782820255928343
0.007457158837217683
0.0131236112973456
0.01109209095410593
0.01930426179644036
0.01284781301780241
0.01089621014600493
0.01122426033358982
0.007791775912964914
0.00068733822063142
0.005378984519567012
-0.003721571191714703
0.005740211163366466
0.01080767602889144
0.00759458569139294
0.005751017282039622
0.008520049849723429
0.01503984318684951
0.009456059602356293
0.001296112083946779
0.006488957077091535
0.009296877997193141
0.008040101814669551
0.005269401604422747
0.003149733128843508
0.008458087300308149
0.006359267721896955
-0.002134883530937017
0.0148857130035821
0.01884972682228547
0.01993240459518906
0.0134841011877332
0.00241123574564587
0.0004535234554563731
0.006568861066497986
-0.01071057933857716
-0.01075677855488667
-0.03844420284020335
-0.01420209027342815
0.00674644913644166
0.01135003386507558
0.004822278120712406
0.0001423928759189712
0.009794634799451087
0.005701155269913255
-0.009833805629936713
-0.01974893478860242
-0.005020788669145618
0.001941931584155471
0.006978038975206404
0.005232001101441116
0.009662185853032256
0.01563509374687271
0.01177069129741079
0.01895219492074459
0.005167495114084707
-0.003502324457294984
0.01744056686980449
0.02803645851576235
0.004461485830815207
0.01307763412363049
0.004423474024566434
0.02064450866762377
0.01442592310525817
0.01208996320932082
0.01368095974316727
0.008088954199548812
0.003667325439822609
0.004565927390079382
-0.005011182934487408
0.005414228761534
0.009115492469857298
0.007635321656260791
0.004984771224090884
0.009234032485134915
0.01351977039787211
0.007035223070405812
0.003065365129309625
0.007154852223985453
0.01025138622702482
0.01046647312246262
0.006102489056627905
0.001826209613378004
0.006452647845251626
0.004932459621151511
-0.0002616356606970283
0.01969840535678047
0.01328991685446344
0.02262166807618973
0.01211236258713534
0.002659416055337868
0.0006173285895522695
0.003490256698246442
-0.005222101970157835
-0.008415829650292335
-0.04690081439971145
-0.01300922538596639
0.01014021551428771
0.01372122407882431
0.007423795539946208
0.007720480318046391
0.00840655700610634
0.007220709360095198
0.0005894357233508345
-0.01920859461414012
-0.007676834172249257
0.0003214003046522917
0.005378295251040529
0.008028973500379706
0.008392361763787746
0.01268756924180889
0.007871913292303741
0.01738021636030572
0.007180079195158387
0.00149435965122054
0.0163962267593168
0.02764643369618726
0.001739641411204358
0.009956276022495126
0.001432805093991219
0.02135558796712493
0.01652427980952553
0.01336200888076406
0.0148541027766196
0.008058329259113128
0.006552248701862213
0.00493599409222386
-0.005223410065160141
0.004811373667032176
0.007643958703713399
0.005770281022012351
0.00571782272623554
0.008848389818757307
0.01261245749800419
0.008036660757022425
0.004881640682376843
0.007890378813243858
0.01120078178157346
0.01049409202276324
0.00602056223657918
0.0006590332743010713
0.003517827330107202
0.01049546489571331
0.00333124644056142
0.01715466783964019
0.01032787298047631
0.02500727424764205
0.01276845712008779
0.003070941441897387
0.002615794037051995
0.002847044833755105
-0.0003793151357338732
0.0009596967106206314
-0.04223659212360829
-0.008555590246103459
0.009913252693423765
0.01603186927137116
0.00863138665151369
0.01283279584107638
0.008964124783223584
0.008542565385889074
0.009349935249967627
-0.0155409578473534
-0.01216699000685725
-0.002691444574901572
0.002058814472896365
0.01173216156683219
0.008641315800235487
0.011394235394441
0.007650176028802379
0.01504953030474831
0.008095013786243409
0.006768614741612894
0.0141829774566363
0.02253337361007228
0.001488071708875991
0.009587701692176792
0.004739602859218035
0.01884906064497332
0.01866730925678334
0.01451274662443329
0.01591304340602871
0.007395174767074921
0.008184962327338702
0.005939069423865761
-0.004699716431726032
0.002543566312529194
0.007981540437734648
0.004552717118309116
0.006217345855963084
0.008237668364991492
0.01003099292365527
0.01062706368121948
0.00559335526671576
0.008625494120920701
0.01189825331112926
0.008276953444754379
0.005884229385982756
0.001113434455926385
0.002805635705249003
0.01188974657053793
0.00613111126671622
0.01576341734794935
0.01159677018092971
0.02633280097215105
0.01511197744759372
0.003718551182778487
0.003326905337379799
0.002481408765090761
0.001696287935607732
0.000241323536306681
-0.02809144801081758
-0.003302859691545197
0.006240025087963509
0.01493684673164423
0.009884727838735147
0.01201254393084328
0.01062725237992129
0.00744648677166814
0.01553131360466032
-0.01077610453296526
-0.01133361131932742
-0.00531087069090685
-0.0004453865283838433
0.01381195628144978
0.009193562321591124
0.01187299214157353
0.007241257394028297
0.01350256589376317
0.008447580655045191
0.009498834480720957
0.01147039157907346
0.02221639227703911
0.00400563862958761
0.01083156325113924
0.008939481901281889
0.01148299797317273
0.02178110670672868
0.01522878912678933
0.01873037185681752
0.005800031451227645
0.006889303537640325
0.008291067632842866
-0.003345142301895149
0.001329221485159332
0.008376625404601405
0.004625054854488147
0.003701691630949548
0.005881358918162543
0.007493459750308465
0.01343748779347593
0.004371328455894529
0.009725390116627227
0.01235087490471169
0.004923841693827592
0.008981565189539032
0.004874830742330419
0.00355201414009189
0.01342247566318116
0.006779047993208709
0.01368364161872535
0.01436125302189338
0.02793035882446408
0.0213433624410261
0.005005994911115061
0.005296119985497921
0.001930680811548956
-0.003797648908208951
0.002816476108107247
-0.01588090929584509
0.004145475229611861
-0.00256720014631346
0.01247453842682623
0.01110243319773443
0.01007063147353466
0.01225307929103436
0.003860197827541341
0.01743901009657746
-0.006531588320355443
-0.004409207876496449
-0.007669976232863194
-0.003656355490999227
0.01332446396244862
0.008603729138277099
0.01392507742140495
0.008348098663046914
0.01472488886100699
0.008422306311498338
0.008729842049206387
0.01114619848729496
0.02269781369675898
0.004171464479193106
0.01098586467520127
0.01208927735273235
0.008243905808254692
0.02304634113818113
0.01463111945730031
0.02127615637538093
0.006392710271420388
0.005223293386746821
0.008284708837333708
-0.003221072094535785
0.0004992868368862162
0.008959730926970551
0.00313018251329284
0.002425844571741784
0.003397009217379687
0.007483003220203558
0.0140095729696579
0.003540760256193353
0.010413990988781
0.01178316750549469
0.004392996067569133
0.01068426030214069
0.006158550720230123
0.003768579470230284
0.01406398668201958
0.007052404469199891
0.01206731453490986
0.01654127700731266
0.02908943035009505
0.02411731152099311
0.005636412482983591
0.007450663303417
0.001299162645265414
-0.007285299485138516
0.007850418447742988
-0.01224876992741402
0.005854284167762155
-0.001259616948884439
0.0107295474841147
0.01364801544576603
0.008927057736969318
0.008271150920023134
0.002883863049475025
0.01702580256545845
-0.008365344457962753
-0.001850893793768417
-0.007008749872474606
-0.004841333746984082
0.01209640325140384
0.006563112975552201
0.01545778537431056
0.01001147853000279
0.01506996863981871
0.005839858636327013
0.00738184144443764
0.01084546799192235
0.02168410183925543
0.004638966006103287
0.01182638283454101
0.01482769072913724
0.008556091401330995
0.02367439842740016
0.01271213511539517
0.02427275268156268
0.007625333357918191
0.003033892515460729
0.008240456086370888
-0.00297726037987102
-0.0009590271617457894
0.009806655637432311
0.0007859300421493887
0.002608054503460943
0.001000555436849902
0.006509676793985533
0.01436081954625715
0.002584546577330017
0.01129048180082907
0.0106420206172713
0.005187890397912824
0.01212917204608834
0.006159904021871783
0.004399691838752199
0.01444695431279604
0.007438710898594891
0.01185739470599242
0.01726414679332444
0.03021889445104988
0.02620548626772261
0.006051708680264506
0.01026050313032525
-0.0002541503173250974
-0.009502106517475722
0.01094785827302622
-0.01257285051420979
0.007900363054475969
0.002648053990169283
0.01032536744629385
0.01598172781107952
0.007837037578590614
0.005099500003544906
0.003569896608221194
0.0169321208050843
-0.01070529312812953
-0.0008575078579076724
-0.0058810673016442
-0.005741917763109484
0.01103898023451109
0.005540445962929892
0.01741570884726368
0.01200159707737103
0.01544697216951914
0.005121291770593985
0.007675946887207318
0.01017539942974787
0.01937656803249361
0.005983491144205696
0.01275359451829369
0.01701205638132304
0.01068689373968843
0.02342638846833695
0.009265489637095357
0.02742711509825003
0.009607983329750559
0.0009412263407359212
0.00832938796345789
-0.001587344539096477
-0.002442304022583227
0.0104545086282299
-0.001355134021459276
0.003755847225878228
0.0009024474456751681
0.005086328498828249
0.01429547498087583
0.001046948731681524
0.01223044374988884
0.009937530218473545
0.006733362135231305
0.01284270022971917
0.005873112690500628
0.004910383242815065
0.01500415840159902
0.009186042770138181
0.0125583923553958
0.01731108829969604
0.03143852403076012
0.02792151295210906
0.005848982542217976
0.01427600385030287
-0.001864146462558558
-0.0117775802639142
0.01317170755327157
-0.01448368951334479
0.01219975223627741
0.0007427883213723095
0.01343295519550219
0.01639303312841811
0.007433296597874565
0.004028914098159355
0.006271765680795977
0.01756109101359831
-0.01405377498187206
-0.0005260110509104197
-0.004745832003426221
-0.005621234026554633
0.01110011318969268
0.006202409878907994
0.01940995474520617
0.01318751002935812
0.01572126930896328
0.007788099594081354
0.009920926549761157
0.00930764313049272
0.01901101292076488
0.006103082049636031
0.01279900576259803
0.01731428668045206
0.01093140459461162
0.02329512506483666
0.008699467066430655
0.02772860480748276
0.01010408031181
0.0006431473711412674
0.00840082993360842
-0.001286739962050598
-0.002535415164256192
0.01042115579682511
-0.001660069953652993
0.003975268539814072
0.001097263123784344
0.005010434348756899
0.01424054527492756
0.000628414490339492
0.01234558837434182
0.009876435719471405
0.006905603986410813
0.01278041925205861
0.005826064176223025
0.004828609285206973
0.01508725325215014
0.009438166858576973
0.01273159198646542
0.01747934499240023
0.03164687771467201
0.02806593275078317
0.005765642439087201
0.01506912304967811
-0.002085177865948227
-0.01197229866932538
0.01335022379141039
-0.01449770547356272
0.01308083358673135
-0.0002603626298847425
0.01387953550114852
0.01643971972033473
0.007388864641663554
0.003914968611729561
0.006816771776024556
0.01760970650498921
-0.01452698548397364
-0.0003628733497496437
-0.004649837584932657
-0.005613760412499515
0.01121990491403117
0.00635810066496381
0.01961720329803402
0.013305825079864
0.01569926915948811
0.008110960837661987
0.01026389015303002
0.009175897808927545
0.01750338669200592
0.007377857002461904
0.01346699070333759
0.01804325485451877
0.01191987480706898
0.02339010191122628
0.00432367468196761
0.03081729997241538
0.0130070990362237
-0.0008131975072367719
0.008269988311550304
0.001509718574216841
-0.003068775243846987
0.009600460667939162
-0.003024570815271915
0.005405004418221308
0.004027294807218243
0.00505253774511399
0.01357178697519802
-0.001633104029701567
0.01331489938617043
0.009783508181132645
0.008014381946557826
0.01217831445121232
0.005541279327741907
0.004435243433572414
0.0166443249038311
0.01126873757890852
0.01307567272597136
0.01894311943280318
0.03338133434770996
0.02942367602287351
0.005046762271582959
0.01965698448324739
-0.002102700591505938
-0.01204708365681974
0.01528610929194301
-0.01525986089229815
0.01777725956827585
-0.005961956720270242
0.01850384413823278
0.01590698417304417
0.008028099418403566
0.004166630279780207
0.009999366523973027
0.01775442957898881
-0.01714801145177944
0.002026808412738828
-0.003960546546304526
-0.005727655240800977
0.01238164665403396
0.007376372327084275
0.02094214630674742
0.01375558478128453
0.015800067471823
0.01151277224839278
0.01274377402961191
0.008904005251902939
0.01706940216772399
0.008289659323589408
0.01386483429056467
0.01789789918407368
0.01280890591115814
0.02439882875380417
0.001490295788939784
0.03279058099428988
0.01369316050142404
-0.001209976417731459
0.01068339413310729
0.004420791862622565
-0.003322924824281994
0.00758563452063065
-0.003051899872014179
0.00621334387719818
0.007100017263823368
0.006230571316307822
0.01286487494297981
-0.001644243328873176
0.01428054377302422
0.009334470297312278
0.008800504316156268
0.01149906362485678
0.00488107698293579
0.003977720221748159
0.01946959831393808
0.01327754856675575
0.01249097626462324
0.02043974890907823
0.03553984425374306
0.03047181136826155
0.004312192238752813
0.02288120825540196
-0.0012972726993045
-0.00889788911814561
0.01481596064231295
-0.01194940492956051
0.01980775472125032
-0.007156204221622617
0.02188582663013994
0.01523819979821278
0.008985883210542377
0.005461170887674005
0.01338982050864365
0.01698040369572339
-0.01698651360778501
0.004950648847114845
-0.003479628397205142
-0.006021068214431044
0.01345651206130816
0.008346479517188065
0.02041521595072626
0.01380655564531437
0.01598271471337787
0.01321888369283815
0.01475606721429296
0.008743122939691645
0.01703657499906279
0.008392563531509356
0.01389057009290683
0.01780362385658362
0.01280421244905998
0.02465951581275103
0.001405258206956852
0.03287150249352391
0.01352306589664976
-0.001266866470615272
0.0108469878969113
0.004567776079504172
-0.003339283071106777
0.007478523247694993
-0.002951149393171613
0.006397054845163963
0.007335166289905611
0.006374651332639827
0.01278634974906512
-0.001488889409274262
0.01442448021750839
0.009338141953883442
0.008827680017481944
0.01146828003777174
0.004803827530938347
0.003984930735961404
0.01959228881553698
0.01337528334307245
0.01242577367131658
0.02070866344143511
0.03578017705899356
0.03053154868660013
0.004305989915699886
0.02320377989726047
-0.0009417610335462904
-0.008586313239115059
0.01474766792878887
-0.01174468558441732
0.01999025284831094
-0.007072765202278088
0.02201804805660417
0.01526639317808955
0.00919352254529375
0.006048266457319086
0.01363222521825512
0.01692930024077077
-0.01677911290191705
0.005356263271688402
-0.003459386348958073
-0.0060987664387455
0.0134297019029804
0.008497514290762545
0.02035793694758293
0.01380664089632824
0.01598923712422638
0.01328875766585419
0.01491144168313359
0.008715604523906226
0.01686476105254568
0.009352496300360594
0.01422303494027195
0.01762033793788582
0.01377962318755315
0.02560395541355538
0.001554764949858323
0.0334206925752326
0.009954821870436417
-0.0004781906770677166
0.01544066975246147
0.006470257376789106
-0.00445894879513787
0.006878205420317407
-0.001633190707135417
0.007026402853996221
0.009303394755486052
0.007952464333613235
0.01238229309743928
9.457408233708452e-05
0.01510826878894149
0.009244851694025424
0.009716067710388807
0.01163089571789268
0.005625211993414549
0.004661037093185239
0.02143989614282384
0.01432990069082947
0.01175525536879642
0.02174536056221284
0.03858132701149585
0.03094247407628788
0.004945517751900528
0.02544369881996492
0.0005424274633883711
-0.00484733783092262
0.01291025243580382
-0.006556718721612121
0.01849263819073054
-0.005207766373106066
0.02293419522803706
0.01536250752864027
0.01172909974383596
0.009361157017983778
0.01643478650233024
0.0175664606666971
-0.01583246040571578
0.007943992227511298
-0.003574534215439122
-0.004955755324761013
0.01373384691386752
0.009519269851902677
0.01857035835344049
0.01354221106843002
0.01658521120513932
0.01238962077082088
0.01642767243632295
0.008924956060234454
0.01679578097773989
0.009427600657592464
0.01425920418320435
0.01760512146301493
0.01379175742251341
0.02582994999504398
0.001719634524409274
0.0334514048944118
0.00949757809147553
-0.0004955512046613539
0.01578251327510644
0.006544892433738698
-0.004712182121712852
0.007051762610990154
-0.001345350852510571
0.007134108019943616
0.009439262390628573
0.008083129435450769
0.01234997914743716
0.0004257593392242318
0.01517347880097118
0.009253806724699516
0.00980054263930356
0.01177700485951511
0.005739773948617993
0.004922732524072488
0.02146201351105795
0.01435914972899649
0.01179576560518805
0.02194352046331203
0.03885197485057923
0.03101645719102953
0.005168407882590749
0.0256295664016482
0.0009555063091114644
-0.00458513676595101
0.01281905091492139
-0.006253478872457964
0.01825805769649863
-0.005018019423864222
0.02294557635114645
0.01536578086607237
0.01221134657055175
0.009911589089996814
0.01664089811709279
0.01767388970465358
-0.0155975935376551
0.008342421860952284
-0.003650581251230614
-0.00486546943085092
0.01367279005108015
0.009658243179883209
0.01838643413786126
0.01357322968105121
0.01663567538476017
0.01234025953674301
0.016496886103608
0.008947556013186864
0.01679497060480233
0.00947482104029127
0.01429223584023668
0.01760859527998945
0.01388693620974324
0.02588700103475226
0.001916181388206571
0.03337370556678723
0.008974178405613516
-0.0009438845817192937
0.01653773038496953
0.006687853908693931
-0.005100595158846935
0.007003813342937288
-0.00114860495725299
0.007354261083196418
0.009571376138784001
0.008276037659069077
0.01237834929593545
0.0005700079131199162
0.015032173838049
0.009199936978145161
0.009996877403441913
0.01199497836069931
0.005918610873488246
0.00513734063698733
0.02155012701425461
0.01439065669577156
0.01165084346865775
0.02203744705795342
0.03918721608862098
0.03107891908467584
0.005368835210551322
0.02586114462562441
0.0008643250445395329
-0.004333971187445975
0.01258915158577823
-0.005941502638018464
0.01785306882452205
-0.00502410332158453
0.02293474054715818
0.01534783100430682
0.01305880009462311
0.01043591335020379
0.01716527470906679
0.01776328601729974
-0.01562187925160021
0.008567646031254246
-0.003857549151871548
-0.004642569589663889
0.0136344434907687
0.009717077202938143
0.0180383993051507
0.01332090433129589
0.01665765702377849
0.01230311759019621
0.01643849853875529
0.008995276816034046
0.01670992105364585
0.01014304131378076
0.01498690152952557
0.01776256874392819
0.01401125765899509
0.02735474333131708
0.003577345941056108
0.03484579319283805
0.005788423982053942
-0.002656486758367938
0.02222750198517168
0.008766177331118313
-0.00770878808474803
0.00895422592838759
0.0004206401779804087
0.008868279890396029
0.01036156085557548
0.009358418403715769
0.01230071864971705
0.002211293389015586
0.01385510198865015
0.009370558784928255
0.01139222634406753
0.01255524312712614
0.005135426601592301
0.007299724507889891
0.02176714931175321
0.01511843960322878
0.01130979275998911
0.02329694168968531
0.04219534525605062
0.03230923919299496
0.005485867556849068
0.02736445736523694
0.002243537203730206
-0.001417311529391377
0.01115207496952399
-0.004043502662107145
0.01534833637600112
-0.006991005979837811
0.02301704486642461
0.01460886065198665
0.01813671426476091
0.01404811519844887
0.01981513391941752
0.01965598216455051
-0.0129854757832537
0.01064690169117042
-0.005648252590169075
-0.003998537680338068
0.0134430414744849
0.0106679655855457
0.01675229883071162
0.01227468153817132
0.01716213557021459
0.01262658353083657
0.01532583298093705
0.009634572790460056
0.01671767792542082
0.01016203202273023
0.01496684401400581
0.01779250815565801
0.01402846525161907
0.02742787365323737
0.003547466294292254
0.03482406059729999
0.005727366232135942
-0.002644928276457495
0.02279295648441155
0.008919119698015269
-0.007651906445024015
0.00908609457086202
0.0005658816178449003
0.009013129160350793
0.01037711840201513
0.009400056032804921
0.0123149057799959
0.002253802416378078
0.01377493758176162
0.009409740769513422
0.01148643441784426
0.01255095132740577
0.005153972771851251
0.007519314823474722
0.02175186734947505
0.01516659362807691
0.01136175556680152
0.02325017225686577
0.04226490198390109
0.03228473269631046
0.005542248161854048
0.0274700164605294
0.002282627437714687
-0.001228954930039739
0.01116171094724756
-0.004064664448641295
0.01511890444768961
-0.007043316095867856
0.02295002815551323
0.01462917181954763
0.01874179991179001
0.014257113603901
0.02009390707811933
0.01982199987745233
-0.01281984202282651
0.01056975010460992
-0.005493774224049853
-0.004055849967708134
0.01343766929344285
0.01067939878122534
0.01671106724709315
0.01227992711778336
0.0171483901136331
0.01264964754038536
0.01528427916496224
0.009635501809397956
0.0167166006590788
0.01043672271912982
0.01440190906032142
0.01825619938589548
0.01406486034514983
0.02862434355596048
0.003396659350764812
0.03637581281550334
0.005852126548440017
-0.002708727575663233
0.02578432549296916
0.009786082370876255
-0.00484754317312767
0.011666723648412
0.001483668732454099
0.009487782789320737
0.01000652595797002
0.008613158526091466
0.0125712974573863
0.002479522082637291
0.01357769177196149
0.01043409881598117
0.01173549922332015
0.01249800300715757
0.005602101943275292
0.008284731784598039
0.02131936786091115
0.01534868920062467
0.01234841362013545
0.02286484199433318
0.04098290896019051
0.03170479870655816
0.006539479913971892
0.02766749592976799
0.004951880622418726
0.000482222171542946
0.01186284589871583
-0.004024862102919178
0.01395909176893253
-0.007218366566717679
0.02221617137230302
0.01602799900233478
0.01802816971401531
0.01630708745795948
0.02030491221471662
0.02153001961663866
-0.008677497034072109
0.009905831868460901
-0.002818243790769914
-0.004370062286107492
0.01392208521006297
0.01079821574848042
0.017465145560505
0.01342724537308981
0.01708633125566101
0.01307753082708132
0.01500845748899433
0.009691983745493604
0.01672369554226391
0.01046742209787497
0.01439083402272223
0.01826020276332201
0.01409304217116127
0.02867787356761288
0.003372482169931766
0.03651612148010971
0.005912973415439284
-0.002424831230924508
0.02589728837800181
0.009817094211049291
-0.004516997864823335
0.01180251229107468
0.00154034131436943
0.009463886890330392
0.009941203239306782
0.00850854338399795
0.0125518284477726
0.002469780840879567
0.01357438197991608
0.01051696773569966
0.01170232308343228
0.01238949417127089
0.005533014198090914
0.008366736001558744
0.02129605444992034
0.01538576880650143
0.01239760619739405
0.02279021215655732
0.04082186044720305
0.03164084628649073
0.006472660616222765
0.02762917412246149
0.005098306778834346
0.0005837707183871331
0.01189606845195426
-0.004092802117445464
0.01392157598580931
-0.00715814116906998
0.02220688340868871
0.01607163823678817
0.0179195229349503
0.01614206201142571
0.02014361714599514
0.02158078249214554
-0.008437080543627032
0.009791291472316572
-0.002659406072575192
-0.004382728352399311
0.01395420093043002
0.01075797009483291
0.01760754664510018
0.01350647347035365
0.01709049833279858
0.01309235641195289
0.01501101415493893
0.009708213210943943
)
;

boundaryField
{
    inlet
    {
        type            cyclic;
    }
    outlet
    {
        type            cyclic;
    }
    bottomWall
    {
        type            zeroGradient;
    }
    topWall
    {
        type            zeroGradient;
    }
    left
    {
        type            cyclic;
    }
    right
    {
        type            cyclic;
    }
}


// ************************************************************************* //
