/*--------------------------------*- C++ -*----------------------------------*\
| =========                 |                                                 |
| \\      /  F ield         | OpenFOAM: The Open Source CFD Toolbox           |
|  \\    /   O peration     | Version:  v1812                                 |
|   \\  /    A nd           | Web:      www.OpenFOAM.com                      |
|    \\/     M anipulation  |                                                 |
\*---------------------------------------------------------------------------*/
FoamFile
{
    version     2.0;
    format      ascii;
    class       volScalarField;
    location    "20000";
    object      nut;
}
// * * * * * * * * * * * * * * * * * * * * * * * * * * * * * * * * * * * * * //

dimensions      [0 2 -1 0 0 0 0];


internalField   nonuniform List<scalar> 
3770
(
0.0001428550742913956
0.0001428550742909326
0.0001428550742913164
0.0001428550742911963
0.0001428550742911479
0.0001428550742911314
0.0001428550742909093
0.0001428550742912505
0.0001428550742910278
0.0001428550742909989
0.0001428550742912644
0.0001428550742910253
0.0001428550742909826
0.0001428550742912411
0.0001428550742910443
0.0001428550742909418
0.0001428550742912823
0.0001428550742910023
0.0001428550742909846
0.0001428550742912138
0.000142855074291044
0.0001428550742909164
0.0001428550742912786
0.0001428550742909863
0.0001428550742909767
0.0001428550742911952
0.0001428550742910338
0.0001428550742908905
0.0001428550742912625
0.000142855074291068
0.0001428550742911068
0.0001428550742908932
0.0001428550742911484
0.0001428550742909625
0.0001428550742910049
0.0001428550742909247
0.0001428550742912106
0.0001428550742908963
0.0001428550742908949
0.0001428550742911358
0.0001428550742910729
0.0001428550742909662
0.0001428550742908539
0.0001428550742908568
0.0001428550742908417
0.0001428550742910556
0.0001428550742908789
0.0001428550742907525
0.0001428550742910945
0.0001428550742908721
0.0001428550742909001
0.0001428550742907101
0.0001428550742909111
0.0001428550742907214
0.0001428550742905338
0.0001428550742904949
0.0001428550742904422
0.0001428550742907715
1.152791293935358e-05
1.152791293917841e-05
1.152791293927267e-05
1.152791293875209e-05
1.152791293957592e-05
1.152791293908291e-05
1.152791293910725e-05
1.15279129389992e-05
1.152791293846271e-05
1.152791293915246e-05
1.152791293894135e-05
1.152791293842917e-05
1.152791293907092e-05
1.152791293875888e-05
1.152791293842342e-05
1.152791293903683e-05
1.152791293902587e-05
1.152791293832413e-05
1.152791293897068e-05
1.152791293862484e-05
1.152791293834143e-05
1.152791293893551e-05
1.152791293898198e-05
1.152791293822341e-05
1.152791293887088e-05
1.152791293852153e-05
1.152791293825161e-05
1.15279129388437e-05
1.152791293894728e-05
1.152791293870654e-05
1.152791293931191e-05
1.152791293789613e-05
1.152791293876538e-05
1.152791293939793e-05
1.152791293843565e-05
1.152791293906592e-05
1.152791293878113e-05
1.152791293815311e-05
1.15279129388651e-05
1.152791293875783e-05
1.152791293881797e-05
1.152791293917023e-05
1.152791293800808e-05
1.152791293835666e-05
1.15279129388789e-05
1.152791293849326e-05
1.152791293824643e-05
1.152791293893094e-05
1.152791293893168e-05
1.152791293841902e-05
1.152791293901966e-05
1.152791293777894e-05
1.15279129387445e-05
1.152791293917624e-05
1.152791293794764e-05
1.152791293826017e-05
1.152791293881891e-05
1.15279129390231e-05
4.401034297294449e-06
4.401034301159812e-06
4.401034298344721e-06
4.401034296314384e-06
4.401034299905256e-06
4.401034299706654e-06
4.401034301239619e-06
4.401034298427921e-06
4.401034297001709e-06
4.401034300949478e-06
4.401034298443954e-06
4.40103429667894e-06
4.401034301025683e-06
4.401034298129184e-06
4.401034296676746e-06
4.40103430070909e-06
4.401034298278672e-06
4.401034296297432e-06
4.401034300721263e-06
4.401034297865907e-06
4.401034296399205e-06
4.401034300433446e-06
4.401034297976537e-06
4.401034295988131e-06
4.401034300376312e-06
4.401034297530402e-06
4.401034296076102e-06
4.401034300167945e-06
4.401034297771706e-06
4.401034296087082e-06
4.401034301027742e-06
4.401034295628296e-06
4.401034297511624e-06
4.401034301647132e-06
4.401034296367736e-06
4.401034300059953e-06
4.401034297625512e-06
4.401034295786281e-06
4.401034300189548e-06
4.401034297508549e-06
4.401034296293286e-06
4.401034300960498e-06
4.401034296008966e-06
4.40103429708014e-06
4.401034300717891e-06
4.401034298148512e-06
4.401034296762142e-06
4.40103430090405e-06
4.401034298415709e-06
4.401034296993853e-06
4.401034301786556e-06
4.401034296562222e-06
4.401034297871073e-06
4.40103430167883e-06
4.401034296433183e-06
4.401034297106808e-06
4.401034299954282e-06
4.401034299369803e-06
7.087233666035838e-06
7.08723368101293e-06
7.087233670491205e-06
7.087233665600045e-06
7.087233678666335e-06
7.087233678016609e-06
7.087233681215655e-06
7.08723367118838e-06
7.087233667415611e-06
7.087233680078856e-06
7.087233670991214e-06
7.087233666166342e-06
7.087233680663467e-06
7.087233670455638e-06
7.087233666001593e-06
7.087233679362528e-06
7.087233670922787e-06
7.087233664678006e-06
7.087233679567545e-06
7.087233669588506e-06
7.087233664964326e-06
7.087233678401547e-06
7.087233669767553e-06
7.087233663597004e-06
7.087233678296616e-06
7.087233668387477e-06
7.08723366375208e-06
7.08723367748224e-06
7.087233669075782e-06
7.087233663435053e-06
7.087233679510157e-06
7.08723366195537e-06
7.087233668450399e-06
7.087233680552497e-06
7.087233664936854e-06
7.087233677088823e-06
7.08723366853708e-06
7.087233662878409e-06
7.08723367762031e-06
7.087233668273666e-06
7.087233663971939e-06
7.087233679285289e-06
7.087233663654218e-06
7.087233668083844e-06
7.087233679591299e-06
7.087233670890555e-06
7.087233666462471e-06
7.087233680402541e-06
7.087233671166786e-06
7.087233667343646e-06
7.087233682646582e-06
7.087233665914764e-06
7.087233670763097e-06
7.087233682185027e-06
7.087233665715507e-06
7.087233669310314e-06
7.087233679631924e-06
7.087233670631348e-06
1.893736179871496e-05
1.893736183090983e-05
1.893736179898193e-05
1.893736180615152e-05
1.893736182570715e-05
1.893736182540083e-05
1.893736182987494e-05
1.893736180539801e-05
1.893736180887289e-05
1.893736182828739e-05
1.89373617995772e-05
1.89373618055196e-05
1.893736182673149e-05
1.893736180576117e-05
1.893736179965952e-05
1.893736182354593e-05
1.89373618055097e-05
1.893736179675524e-05
1.893736182293899e-05
1.893736180261694e-05
1.893736179594448e-05
1.893736181999732e-05
1.89373618013321e-05
1.893736179276263e-05
1.893736181843049e-05
1.893736179818392e-05
1.893736179146355e-05
1.893736181638637e-05
1.893736179915693e-05
1.893736179163086e-05
1.893736181848742e-05
1.893736178697932e-05
1.893736179864638e-05
1.893736182023432e-05
1.893736179384636e-05
1.893736181486694e-05
1.893736179673619e-05
1.893736178953186e-05
1.893736181565084e-05
1.893736179711077e-05
1.89373617912372e-05
1.893736181680457e-05
1.893736179775285e-05
1.893736179618437e-05
1.893736182185337e-05
1.893736180600599e-05
1.893736180076388e-05
1.893736182794039e-05
1.893736179973415e-05
1.893736180714577e-05
1.893736182691538e-05
1.893736180558891e-05
1.893736180327875e-05
1.893736182576636e-05
1.893736180469786e-05
1.893736180097967e-05
1.893736182314012e-05
1.893736180302211e-05
4.929946408354284e-05
4.929946413282496e-05
4.929946408818288e-05
4.929946410278922e-05
4.929946412774261e-05
4.929946412538049e-05
4.929946413353173e-05
4.929946409042174e-05
4.929946410449358e-05
4.929946412815609e-05
4.929946408854527e-05
4.929946409653819e-05
4.929946412473395e-05
4.929946409355532e-05
4.929946408675694e-05
4.929946411693544e-05
4.929946409125484e-05
4.929946408003092e-05
4.929946411426791e-05
4.929946408435487e-05
4.929946407616776e-05
4.929946410658847e-05
4.929946407916427e-05
4.929946406846177e-05
4.929946410170433e-05
4.929946407168166e-05
4.929946406298291e-05
4.929946409537087e-05
4.929946407318438e-05
4.929946406615926e-05
4.929946409597911e-05
4.929946405709302e-05
4.929946407041245e-05
4.929946409714224e-05
4.929946406588005e-05
4.929946409132989e-05
4.929946406542852e-05
4.929946405786714e-05
4.92994640926721e-05
4.92994640671043e-05
4.92994640617233e-05
4.929946409696191e-05
4.929946407259427e-05
4.929946407002325e-05
4.929946410751899e-05
4.929946409106447e-05
4.929946408708605e-05
4.929946412341511e-05
4.929946408461742e-05
4.929946409687207e-05
4.929946412185474e-05
4.929946409535969e-05
4.929946409015198e-05
4.929946411961347e-05
4.929946409394045e-05
4.929946408698994e-05
4.92994641146395e-05
4.92994640852319e-05
0.000110322182754336
0.0001103221828068979
0.0001103221827674466
0.000110322182788454
0.0001103221828083701
0.0001103221827987167
0.0001103221828117702
0.0001103221827697383
0.0001103221827824506
0.0001103221828035594
0.0001103221827692926
0.0001103221827687688
0.0001103221827978615
0.0001103221827655473
0.0001103221827574613
0.0001103221827827056
0.0001103221827581582
0.0001103221827443176
0.0001103221827751311
0.0001103221827442239
0.0001103221827339056
0.0001103221827591424
0.0001103221827309109
0.0001103221827180694
0.0001103221827480043
0.0001103221827161585
0.0001103221827047083
0.0001103221827314097
0.0001103221827159864
0.0001103221827184694
0.0001103221827268941
0.0001103221827059023
0.000110322182703374
0.0001103221827252681
0.000110322182709185
0.0001103221827239971
0.0001103221826987694
0.0001103221826916505
0.0001103221827256057
0.0001103221827021349
0.0001103221826986266
0.0001103221827355257
0.0001103221827131427
0.0001103221827111854
0.0001103221827529856
0.0001103221827524679
0.0001103221827525609
0.0001103221827836228
0.0001103221827534631
0.000110322182760753
0.0001103221827830476
0.0001103221827596306
0.000110322182757059
0.0001103221827795769
0.0001103221827595843
0.0001103221827569107
0.000110322182773595
0.0001103221827485558
0.0002114456108216946
0.0002114456108571358
0.0002114456108298848
0.000211445610867094
0.0002114456108732995
0.0002114456108469363
0.0002114456108687094
0.0002114456108463139
0.0002114456108416458
0.0002114456108633988
0.0002114456108457771
0.0002114456108241292
0.0002114456108514164
0.0002114456108313085
0.0002114456108130514
0.0002114456108287567
0.0002114456108150997
0.0002114456107909427
0.0002114456108121496
0.0002114456107919979
0.0002114456107708429
0.0002114456107859201
0.0002114456107661666
0.0002114456107433741
0.0002114456107649732
0.0002114456107426297
0.0002114456107215599
0.0002114456107376016
0.0002114456107201615
0.0002114456107377324
0.0002114456107332455
0.0002114456107040085
0.0002114456107234482
0.0002114456107252237
0.000211445610700619
0.0002114456107227728
0.0002114456107060811
0.0002114456106912729
0.0002114456107224613
0.0002114456107106471
0.000211445610701018
0.0002114456107385706
0.0002114456107269694
0.0002114456107150357
0.000211445610772023
0.0002114456107758928
0.0002114456107993891
0.000211445610809932
0.0002114456108064184
0.0002114456107963001
0.000211445610809121
0.0002114456107972893
0.0002114456107997464
0.0002114456108059454
0.0002114456108034358
0.0002114456108150952
0.0002114456108083458
0.000211445610787816
0.0003555727207457112
0.0003555727207717523
0.000355572720733032
0.0003555727208056025
0.0003555727208087112
0.0003555727207472887
0.0003555727207846294
0.0003555727207841584
0.0003555727207423748
0.0003555727207978621
0.0003555727207846105
0.000355572720724524
0.000355572720770409
0.0003555727207686861
0.0003555727207118202
0.0003555727207464613
0.0003555727207417074
0.0003555727206773223
0.0003555727207166432
0.0003555727207099018
0.000355572720650471
0.0003555727206755062
0.0003555727206691516
0.0003555727206078608
0.0003555727206414457
0.0003555727206376915
0.0003555727205818012
0.0003555727206005128
0.0003555727205680246
0.0003555727206150259
0.0003555727206046779
0.0003555727205446211
0.0003555727205941258
0.000355572720586237
0.0003555727205297762
0.0003555727205884753
0.0003555727205734399
0.0003555727205223234
0.000355572720581912
0.0003555727205790217
0.0003555727205346732
0.0003555727205985862
0.0003555727206012448
0.0003555727205553323
0.0003555727206594817
0.000355572720650174
0.0003555727206901705
0.0003555727206869019
0.0003555727207050169
0.0003555727206687731
0.0003555727206836748
0.0003555727206777991
0.0003555727206846196
0.0003555727206769292
0.0003555727207032273
0.000355572720729513
0.0003555727207022393
0.0003555727206921508
0.0005408291469722107
0.0005408291469990293
0.0005408291469444324
0.000540829147044056
0.0005408291470397491
0.000540829146954579
0.000540829147017797
0.0005408291470167921
0.0005408291469546028
0.0005408291470232272
0.0005408291470223612
0.0005408291469353911
0.0005408291469888839
0.0005408291469924161
0.0005408291469178292
0.0005408291469780127
0.0005408291469640763
0.0005408291468713481
0.0005408291469373198
0.0005408291469238967
0.0005408291468423879
0.0005408291468780623
0.0005408291468688833
0.0005408291467809303
0.0005408291468448513
0.0005408291468312479
0.0005408291467551995
0.0005408291467713066
0.0005408291467313938
0.0005408291467988851
0.0005408291467853249
0.0005408291467008075
0.0005408291467696596
0.0005408291467549481
0.0005408291466783021
0.0005408291467548988
0.0005408291467452839
0.000540829146666736
0.0005408291467552999
0.0005408291467440516
0.0005408291466788136
0.0005408291467720547
0.0005408291467730974
0.0005408291467141979
0.0005408291468525374
0.000540829146829376
0.0005408291468695321
0.0005408291468714929
0.000540829146881607
0.0005408291468397379
0.0005408291468657774
0.0005408291468614506
0.0005408291468773208
0.0005408291468689915
0.0005408291469234482
0.0005408291469464819
0.0005408291469111118
0.0005408291469456062
0.0007660726185443915
0.0007660726186083494
0.0007660726185308803
0.00076607261862722
0.0007660726186242973
0.0007660726185375243
0.000766072618596317
0.000766072618602487
0.0007660726185417633
0.0007660726185960166
0.0007660726186159622
0.0007660726185178672
0.0007660726185816411
0.0007660726185795031
0.0007660726185020924
0.000766072618549112
0.000766072618546544
0.0007660726184410557
0.0007660726185201744
0.0007660726184926874
0.0007660726184112538
0.0007660726184392204
0.000766072618431441
0.0007660726183307114
0.0007660726184123651
0.0007660726183829418
0.0007660726183065313
0.0007660726183113608
0.0007660726182778854
0.0007660726183320927
0.0007660726183323366
0.000766072618238404
0.0007660726183006729
0.000766072618288279
0.0007660726182100618
0.0007660726182743491
0.0007660726182815855
0.0007660726181930009
0.0007660726182857408
0.0007660726182662104
0.0007660726182041076
0.0007660726183031506
0.0007660726183023765
0.0007660726182572062
0.0007660726183838774
0.0007660726183672697
0.000766072618407641
0.0007660726183917634
0.0007660726183987532
0.0007660726183660095
0.0007660726184288304
0.0007660726184311817
0.0007660726183883828
0.0007660726184469042
0.0007660726185169146
0.0007660726185105876
0.0007660726185089505
0.0007660726185722078
0.001035031941960515
0.001035031942015846
0.001035031941944313
0.001035031942006359
0.001035031942020644
0.001035031941948499
0.001035031941980426
0.001035031941996076
0.001035031941957974
0.001035031941977843
0.001035031942017104
0.001035031941931568
0.001035031941976517
0.001035031941981203
0.001035031941910032
0.001035031941926989
0.001035031941938458
0.001035031941841692
0.001035031941900705
0.001035031941879548
0.001035031941809389
0.001035031941802036
0.001035031941804267
0.001035031941716093
0.001035031941773785
0.0010350319417539
0.001035031941685852
0.001035031941677725
0.001035031941653831
0.001035031941677378
0.001035031941692145
0.001035031941608449
0.00103503194163648
0.001035031941635166
0.001035031941571574
0.001035031941605371
0.001035031941629949
0.001035031941554766
0.001035031941613946
0.001035031941604774
0.00103503194156124
0.001035031941636365
0.001035031941643748
0.001035031941629336
0.001035031941715371
0.001035031941728602
0.001035031941723824
0.001035031941744743
0.001035031941755488
0.001035031941726155
0.001035031941771318
0.001035031941788992
0.001035031941741082
0.001035031941823579
0.001035031941889638
0.001035031941911943
0.001035031941950007
0.001035031941987089
0.001357381947624778
0.001357381947683941
0.001357381947585598
0.001357381947603886
0.00135738194766686
0.001357381947592663
0.001357381947597237
0.001357381947635743
0.001357381947613786
0.001357381947594605
0.001357381947658927
0.001357381947582556
0.001357381947594404
0.001357381947637051
0.001357381947529867
0.001357381947542544
0.001357381947577611
0.001357381947468028
0.001357381947498173
0.00135738194752215
0.001357381947424994
0.001357381947418816
0.001357381947416657
0.00135738194733828
0.001357381947348059
0.001357381947380995
0.001357381947307585
0.001357381947256419
0.001357381947246321
0.001357381947252585
0.001357381947289526
0.001357381947200996
0.001357381947203771
0.001357381947221903
0.001357381947149702
0.001357381947167626
0.001357381947213341
0.001357381947142522
0.001357381947149443
0.001357381947182864
0.00135738194714659
0.00135738194716335
0.001357381947247535
0.001357381947220783
0.001357381947245908
0.00135738194732645
0.001357381947280548
0.001357381947300361
0.001357381947356211
0.001357381947307561
0.00135738194730773
0.001357381947357164
0.001357381947312564
0.001357381947369536
0.001357381947483766
0.001357381947499692
0.001357381947537904
0.001357381947649715
0.001748707919301495
0.001748707919391665
0.001748707919221535
0.001748707919194454
0.001748707919356136
0.001748707919214653
0.001748707919228423
0.001748707919318521
0.001748707919285853
0.001748707919179374
0.001748707919347618
0.001748707919218753
0.001748707919227649
0.001748707919338708
0.001748707919097375
0.00174870791917263
0.001748707919285256
0.001748707919024585
0.001748707919113574
0.001748707919212098
0.001748707918951216
0.001748707919029873
0.001748707919110795
0.001748707918952819
0.001748707918926267
0.001748707919012434
0.00174870791894163
0.001748707918795115
0.001748707918798046
0.001748707918813578
0.001748707918921451
0.001748707918765392
0.001748707918760066
0.001748707918850829
0.001748707918659323
0.001748707918727169
0.001748707918822916
0.001748707918673138
0.001748707918704946
0.001748707918768807
0.001748707918711187
0.001748707918665045
0.00174870791885992
0.001748707918763141
0.001748707918755897
0.001748707918933832
0.001748707918794826
0.00174870791883578
0.001748707918960661
0.00174870791885124
0.001748707918795612
0.001748707918934459
0.001748707918818098
0.001748707918855909
0.001748707919069609
0.001748707919097986
0.001748707919072966
0.001748707919341513
0.002226901551606336
0.002226901551761084
0.002226901551479882
0.002226901551408017
0.002226901551685064
0.002226901551448137
0.002226901551405462
0.002226901551651975
0.00222690155156704
0.002226901551380688
0.002226901551681419
0.002226901551478914
0.002226901551394774
0.002226901551677686
0.002226901551275977
0.002226901551432109
0.002226901551664772
0.002226901551142948
0.002226901551359262
0.002226901551537831
0.002226901551065106
0.002226901551269218
0.002226901551445959
0.002226901551209931
0.002226901551254638
0.002226901551238892
0.002226901551194321
0.002226901550953723
0.002226901551045437
0.002226901550902073
0.002226901551173696
0.002226901550961713
0.002226901550840869
0.002226901551103151
0.002226901550756181
0.002226901550901
0.002226901551097022
0.002226901550705484
0.00222690155082895
0.00222690155097159
0.002226901550843317
0.002226901550892725
0.002226901551138475
0.002226901550758194
0.002226901550923332
0.002226901551119975
0.002226901551000229
0.002226901550918097
0.002226901551177459
0.002226901550943717
0.002226901550849394
0.002226901551099947
0.002226901550890949
0.002226901550890299
0.00222690155124862
0.002226901551268364
0.00222690155118212
0.002226901551676287
0.002807240305975324
0.002807240306277218
0.002807240305807791
0.00280724030571162
0.002807240306135088
0.002807240305785983
0.002807240305687604
0.002807240306103596
0.002807240305918945
0.002807240305657826
0.002807240306151245
0.002807240305818835
0.002807240305656335
0.002807240306063968
0.002807240305740281
0.00280724030564658
0.002807240306197899
0.002807240305345305
0.002807240305705518
0.002807240305980228
0.002807240305213839
0.002807240305574097
0.002807240305908345
0.002807240305652736
0.002807240305690158
0.002807240305453886
0.002807240305395067
0.002807240305503732
0.002807240305279063
0.002807240305060545
0.002807240305534256
0.002807240305319377
0.002807240305008785
0.002807240305458516
0.002807240304910248
0.002807240305114322
0.00280724030545824
0.002807240304841061
0.002807240305056352
0.002807240305301447
0.002807240305032735
0.002807240305140226
0.002807240305515331
0.002807240304821556
0.002807240305156034
0.002807240305477218
0.00280724030502228
0.002807240305200899
0.002807240305492042
0.002807240305063982
0.002807240304952099
0.002807240305332287
0.002807240304943991
0.002807240304940427
0.002807240305476816
0.002807240305467596
0.002807240305315187
0.002807240306124901
0.003497423771551783
0.003497423772074976
0.003497423771157488
0.003497423771188597
0.003497423771776865
0.00349742377126336
0.003497423771073716
0.003497423771774653
0.003497423771411128
0.003497423771018147
0.003497423771832342
0.003497423771352174
0.003497423771032688
0.003497423771685413
0.003497423771248833
0.003497423771038803
0.003497423772013594
0.003497423770595168
0.003497423771220853
0.003497423771644147
0.003497423770422406
0.003497423770962634
0.003497423771560097
0.003497423771333701
0.003497423771338239
0.003497423770920912
0.003497423770427014
0.003497423771103268
0.003497423770610433
0.003497423770282589
0.003497423771108855
0.003497423770865121
0.003497423770282257
0.003497423770909707
0.003497423770464889
0.003497423770199541
0.003497423771041933
0.003497423770059494
0.003497423770444011
0.003497423770872695
0.003497423770143931
0.003497423770494913
0.003497423771108926
0.003497423769930188
0.003497423770515027
0.003497423771073454
0.003497423769956857
0.003497423770545423
0.003497423771148921
0.003497423769914292
0.003497423770382005
0.003497423770867338
0.003497423769679721
0.003497423770237419
0.003497423770837348
0.003497423770680302
0.003497423770482972
0.003497423771687641
0.004289453218723083
0.004289453219875149
0.004289453217282672
0.004289453218451402
0.004289453219040673
0.004289453218108117
0.004289453217866799
0.004289453219121508
0.004289453218411835
0.004289453217734062
0.004289453219139046
0.004289453218278855
0.004289453217821276
0.004289453218948813
0.00428945321825327
0.004289453217852675
0.004289453219573803
0.00428945321709641
0.004289453218246974
0.00428945321899944
0.004289453216960597
0.004289453217797201
0.004289453218753169
0.004289453218566932
0.004289453218670834
0.004289453217670916
0.004289453217180988
0.004289453218309441
0.004289453217524007
0.00428945321685996
0.004289453218327413
0.004289453217934543
0.004289453216948987
0.004289453218079812
0.004289453217191024
0.004289453216813015
0.004289453218463451
0.004289453216218789
0.004289453217314563
0.004289453218199658
0.004289453216362079
0.004289453217356043
0.004289453218465182
0.004289453216143853
0.004289453217357052
0.004289453218331777
0.004289453216346415
0.004289453217370221
0.004289453218409316
0.004289453216169336
0.004289453217221408
0.00428945321803769
0.004289453215822998
0.004289453216939621
0.004289453217901382
0.004289453217058186
0.004289453217445375
0.0042894532187661
0.005147337620321069
0.005147337621934801
0.005147337617683873
0.005147337619782031
0.005147337621175238
0.005147337617985846
0.005147337619457919
0.005147337620903527
0.005147337619752702
0.005147337618584385
0.005147337621134233
0.005147337618365355
0.005147337619387605
0.005147337620676324
0.005147337619491095
0.005147337618855313
0.005147337621708797
0.005147337617638859
0.005147337619426949
0.005147337620812165
0.005147337617553178
0.005147337618936352
0.005147337620083268
0.005147337620049354
0.005147337620398578
0.005147337618699385
0.005147337618027006
0.005147337620005501
0.005147337618486863
0.005147337617662838
0.005147337619972264
0.005147337619260982
0.005147337617673995
0.005147337619729317
0.005147337618211572
0.005147337617544047
0.005147337620339995
0.005147337616735585
0.005147337618349744
0.005147337619935887
0.005147337617237673
0.00514733761840381
0.005147337620329568
0.005147337616536598
0.005147337618501558
0.005147337620197237
0.005147337616799354
0.005147337618556068
0.005147337620240631
0.005147337616514449
0.005147337618425812
0.00514733761987009
0.005147337616130239
0.005147337618119753
0.005147337619870385
0.005147337616718923
0.005147337618489492
0.005147337620440296
0.006020800156505954
0.006020800158251146
0.006020800152464307
0.006020800155296047
0.006020800157643697
0.006020800152648434
0.006020800155065475
0.006020800157109388
0.006020800155194412
0.006020800153847124
0.006020800157579962
0.00602080015264027
0.006020800154892559
0.006020800156839486
0.006020800155018611
0.006020800154226189
0.006020800158460552
0.006020800152547427
0.006020800154727245
0.006020800156778739
0.006020800152701929
0.006020800154808552
0.006020800155258863
0.006020800155657202
0.006020800157209259
0.006020800152324784
0.006020800154345161
0.00602080015683587
0.006020800151712988
0.006020800153842497
0.006020800156056857
0.006020800154876217
0.006020800152685344
0.006020800155882038
0.006020800153575622
0.006020800152577892
0.006020800156736815
0.006020800151597003
0.006020800153629512
0.006020800155665789
0.006020800154530439
0.006020800152663478
0.00602080015673964
0.006020800151260278
0.006020800154053069
0.006020800156664508
0.006020800151610569
0.006020800154192241
0.006020800156683001
0.006020800151273059
0.006020800154117133
0.006020800156369376
0.006020800150954836
0.006020800153817293
0.00602080015635391
0.006020800151277841
0.006020800154054652
0.006020800156805213
0.006870589258649534
0.006870589262579958
0.006870589254865355
0.006870589258588989
0.006870589261979556
0.006870589255379453
0.006870589258626311
0.006870589261986429
0.006870589255495762
0.00687058925838032
0.006870589261753061
0.00687058925532564
0.006870589258184435
0.006870589260854754
0.006870589258371355
0.006870589257515607
0.006870589263254236
0.006870589255493883
0.006870589257612852
0.006870589259486141
0.006870589257507507
0.006870589259589539
0.00687058925718889
0.006870589258564756
0.006870589261513553
0.006870589254819088
0.006870589257822959
0.006870589261148067
0.006870589254260828
0.006870589257267141
0.006870589260050313
0.006870589258445024
0.006870589255624413
0.006870589259961928
0.006870589256839297
0.0068705892555351
0.006870589261058727
0.006870589254436696
0.006870589256909779
0.006870589259686388
0.006870589258037711
0.00687058925556405
0.006870589261092658
0.006870589253956509
0.006870589257514473
0.006870589261086518
0.006870589254456917
0.006870589257736833
0.006870589261039207
0.006870589254311241
0.006870589257756545
0.006870589260854834
0.006870589253974607
0.006870589257505469
0.006870589260834157
0.00687058925397059
0.006870589257791177
0.006870589261970362
0.007674360303451282
0.007674360308092473
0.007674360298947611
0.007674360303160712
0.007674360307543178
0.007674360299582513
0.007674360303342035
0.007674360307517521
0.007674360299231788
0.007674360303213351
0.007674360307072314
0.007674360299795194
0.007674360302771684
0.007674360306132136
0.00767436030303045
0.007674360302061923
0.007674360309274958
0.007674360300217236
0.007674360301824162
0.007674360303540713
0.007674360302508032
0.007674360306325317
0.007674360298954613
0.00767436030287815
0.007674360306998138
0.007674360298856725
0.007674360302378166
0.007674360306448229
0.00767436029904347
0.007674360301715993
0.007674360305340039
0.007674360303442701
0.007674360299963175
0.00767436030533408
0.007674360301454673
0.007674360299884088
0.007674360306645168
0.007674360298740293
0.007674360301541226
0.007674360305010901
0.007674360302849942
0.007674360299953353
0.0076743603067084
0.007674360298105269
0.007674360302289656
0.007674360306777985
0.007674360298817957
0.007674360302602292
0.007674360306735327
0.007674360298728689
0.007674360302713404
0.007674360306671053
0.007674360298430579
0.00767436030248812
0.007674360306587941
0.007674360298408109
0.00767436030267468
0.007674360307168813
0.008422320382357228
0.008422320385625282
0.008422320375322064
0.008422320379847839
0.008422320385109939
0.008422320376035719
0.008422320380100745
0.008422320385010212
0.008422320375596776
0.00842232037999981
0.008422320384454087
0.008422320376478856
0.008422320379500149
0.008422320383488852
0.008422320379998183
0.008422320378350022
0.008422320386059204
0.008422320381505966
0.008422320377305358
0.008422320380009498
0.008422320377209276
0.00842232038403406
0.008422320374761908
0.008422320379505646
0.008422320384499441
0.008422320375067256
0.008422320378911108
0.008422320382806612
0.008422320379109748
0.008422320376542156
0.00842232038269981
0.008422320380636044
0.008422320376510297
0.008422320382773001
0.008422320378233183
0.008422320376436256
0.008422320384261007
0.008422320375308946
0.008422320378310137
0.008422320382413461
0.008422320379898684
0.008422320376538431
0.008422320384332797
0.008422320374500986
0.008422320379173535
0.008422320384490206
0.008422320375485702
0.008422320379586026
0.008422320384538088
0.008422320375199473
0.008422320379770181
0.008422320384611617
0.008422320374789172
0.008422320379456286
0.008422320384113273
0.008422320376008973
0.008422320379738552
0.008422320382620477
0.009111672314272632
0.009111672318969852
0.009111672307779581
0.009111672312503517
0.009111672318522222
0.009111672308560633
0.009111672312807901
0.009111672318504984
0.009111672307775789
0.009111672312719928
0.009111672317815298
0.009111672308923752
0.009111672312244841
0.009111672316834411
0.009111672313078314
0.00911167231070441
0.009111672318355071
0.009111672314278944
0.009111672313824055
0.00911167231206117
0.009111672309618735
0.009111672317218605
0.009111672307794565
0.009111672312203622
0.009111672317836954
0.009111672307320495
0.00911167231164867
0.009111672316038856
0.009111672311734037
0.009111672308892338
0.009111672315979499
0.009111672313809585
0.009111672309096108
0.009111672316107823
0.009111672311012136
0.009111672309027019
0.009111672317739215
0.009111672307955379
0.009111672311054586
0.009111672315726698
0.009111672312985694
0.009111672309137252
0.009111672317782019
0.009111672306951165
0.009111672312010039
0.009111672318039393
0.009111672308227813
0.009111672312516465
0.009111672318212334
0.009111672307744515
0.00911167231269619
0.009111672318157111
0.009111672307696795
0.009111672312269638
0.00911167231619274
0.009111672313140176
0.009111672313519932
0.009111672314082653
0.009742730266210602
0.009742730272010594
0.00974273026012777
0.009742730264967523
0.009742730271627552
0.009742730260966597
0.009742730265288159
0.009742730271626282
0.009742730260213392
0.009742730265220562
0.009742730270928117
0.009742730261197929
0.009742730264991057
0.009742730270952321
0.00974273026290476
0.009742730264885939
0.009742730270485249
0.009742730267562835
0.009742730269981747
0.009742730260613392
0.009742730264062487
0.009742730270325481
0.009742730260235671
0.009742730264668563
0.009742730270754353
0.009742730259965698
0.009742730264245719
0.009742730269103292
0.009742730263973031
0.009742730261326571
0.00974273026900583
0.009742730266743386
0.009742730261541909
0.009742730269168751
0.009742730263617407
0.009742730261484036
0.009742730270922005
0.009742730260489524
0.009742730263612
0.00974273026878459
0.009742730265909532
0.009742730261573317
0.009742730270885415
0.009742730259286809
0.009742730264646221
0.009742730271249608
0.009742730260737477
0.009742730265150159
0.009742730271519874
0.009742730260580364
0.009742730265342711
0.009742730270924583
0.009742730261187002
0.009742730265447941
0.009742730268097787
0.009742730267663709
0.009742730270171649
0.009742730262325059
0.01031681142434389
0.01031681143084628
0.01031681141842463
0.01031681142331858
0.01031681143051559
0.01031681141930769
0.01031681142364551
0.01031681143052516
0.01031681141859504
0.0103168114235799
0.0103168114298098
0.01031681141946006
0.01031681142351507
0.01031681143050651
0.01031681141998957
0.01031681142359903
0.01031681142785006
0.01031681142697292
0.01031681142962471
0.01031681141809418
0.01031681142279563
0.01031681142935928
0.01031681141822116
0.01031681142288026
0.01031681142888585
0.01031681142098991
0.01031681142248633
0.01031681142800095
0.01031681142243062
0.0103168114197078
0.0103168114278544
0.01031681142547402
0.01031681141991182
0.01031681142802995
0.0103168114221149
0.0103168114198788
0.01031681142989749
0.01031681141896887
0.01031681142206464
0.01031681142766913
0.01031681142471805
0.0103168114199145
0.01031681142971582
0.01031681141771924
0.01031681142317987
0.01031681143021593
0.01031681141891072
0.01031681142346089
0.0103168114301137
0.01031681142123477
0.0103168114238755
0.01031681142792461
0.01031681142337227
0.01031681142597398
0.01031681142525609
0.01031681142629424
0.0103168114300333
0.01031681141951325
0.01083527446304882
0.01083527447000771
0.01083527445717793
0.01083527446207872
0.01083527446971613
0.01083527445807643
0.01083527446240592
0.01083527446973929
0.01083527445738699
0.01083527446234279
0.01083527446903471
0.01083527445798309
0.01083527446212131
0.01083527446948898
0.01083527446042366
0.01083527446370187
0.01083527446540232
0.01083527446465705
0.01083527446853485
0.01083527445813603
0.01083527446170793
0.01083527446873069
0.010835274456723
0.01083527446152288
0.0108352744672072
0.01083527446203863
0.01083527445919011
0.01083527446725062
0.010835274461465
0.01083527445853683
0.01083527446705032
0.0108352744644946
0.01083527445871737
0.0108352744672116
0.01083527446101835
0.01083527445872941
0.01083527446919536
0.01083527445788631
0.01083527446094108
0.01083527446690772
0.01083527446391187
0.01083527445867855
0.01083527446869829
0.01083527445738097
0.0108352744621544
0.01083527446952566
0.01083527445732724
0.01083527446196922
0.01083527446818991
0.01083527446437203
0.01083527446243947
0.01083527446529411
0.01083527446274887
0.01083527446842422
0.0108352744598745
0.01083527446367996
0.01083527446909661
0.01083527445971651
0.01129915087754383
0.01129915088483501
0.01129915087171128
0.01129915087658047
0.0112991508845679
0.01129915087257907
0.01129915087689531
0.01129915088461068
0.0112991508719836
0.01129915087686948
0.01129915088400367
0.01129915087213397
0.01129915087618819
0.01129915088247786
0.01129915087982828
0.01129915088133141
0.01129915087848385
0.01129915087555192
0.0112991508831298
0.01129915087369046
0.01129915087631546
0.01129915088360303
0.0112991508717217
0.01129915087606054
0.01129915088200256
0.01129915087689244
0.01129915087346606
0.01129915088218699
0.01129915087626385
0.01129915087315346
0.0112991508819335
0.01129915087911972
0.01129915087328466
0.01129915088205253
0.01129915087566441
0.01129915087336512
0.01129915088415123
0.01129915087252107
0.01129915087558196
0.0112991508818366
0.01129915087881223
0.01129915087325785
0.01129915088347857
0.01129915087277242
0.01129915087689749
0.01129915088457387
0.01129915087170438
0.01129915087624358
0.0112991508822186
0.01129915088087398
0.01129915088266063
0.01129915087499078
0.01129915087743793
0.01129915088443298
0.01129915087303447
0.01129915087757968
0.01129915088394183
0.01129915087513094
0.01170903548492686
0.01170903549247325
0.01170903547915691
0.01170903548396076
0.01170903549221438
0.01170903547993852
0.011709035484244
0.01170903549227771
0.01170903547955611
0.01170903548430771
0.01170903549186076
0.01170903547961304
0.01170903548358416
0.01170903548986616
0.01170903548888978
0.0117090354915264
0.01170903548136366
0.01170903548397226
0.01170903549071112
0.01170903548178197
0.01170903548382598
0.01170903549139663
0.01170903547943171
0.01170903548350488
0.01170903548967661
0.01170903548484644
0.01170903548091772
0.01170903548992242
0.01170903548385918
0.01170903548070028
0.01170903548965114
0.01170903548649179
0.0117090354807501
0.01170903548970236
0.01170903548322347
0.01170903548091723
0.01170903549190757
0.01170903547993479
0.01170903548313438
0.01170903548959368
0.0117090354865181
0.01170903548081824
0.01170903549127801
0.01170903548057631
0.01170903548446668
0.01170903549243472
0.01170903547974974
0.01170903548389746
0.01170903548948591
0.01170903548941694
0.01170903549208979
0.01170903548050325
0.0117090354848076
0.01170903549252085
0.01170903548028313
0.01170903548479601
0.01170903549173807
0.01170903548281228
0.01206506786636998
0.01206506787410967
0.01206506786069264
0.01206506786539954
0.01206506787384322
0.01206506786133524
0.0120650678656294
0.01206506787391106
0.01206506786123195
0.01206506786582969
0.01206506787390252
0.01206506786132426
0.01206506786543241
0.01206506787138161
0.01206506787035904
0.01206506787394177
0.0120650678617057
0.01206506786542494
0.01206506787239244
0.01206506786372722
0.0120650678654283
0.01206506787333506
0.01206506786078155
0.0120650678650285
0.01206506787140713
0.01206506786693263
0.01206506786249145
0.01206506787164078
0.01206506786542715
0.01206506786234949
0.01206506787139121
0.01206506786785074
0.01206506786229281
0.01206506787135391
0.01206506786496121
0.01206506786255594
0.01206506787366282
0.01206506786125901
0.01206506786479301
0.01206506787136804
0.01206506786807336
0.01206506786249285
0.01206506787312377
0.01206506786230383
0.01206506786588159
0.0120650678739443
0.01206506786312373
0.01206506786646531
0.01206506787049827
0.01206506787088584
0.01206506787438553
0.01206506786132982
0.01206506786620766
0.01206506787436378
0.01206506786198569
0.01206506786625104
0.01206506787358841
0.0120650678642493
0.01236693059702116
0.01236693060489816
0.01236693059146603
0.01236693059604523
0.01236693060461196
0.01236693059193139
0.01236693059620499
0.01236693060465011
0.01236693059203553
0.01236693059647198
0.01236693060502028
0.01236693059286439
0.01236693059689262
0.01236693060163359
0.01236693060055062
0.01236693060499816
0.01236693059214585
0.0123669305960603
0.0123669306033026
0.012366930594728
0.01236693059624243
0.01236693060440361
0.01236693059142745
0.01236693059579247
0.01236693060233228
0.01236693059813799
0.01236693059330405
0.01236693060251386
0.01236693059625212
0.01236693059322945
0.01236693060230503
0.01236693059844222
0.01236693059306548
0.01236693060215805
0.01236693059610251
0.01236693059342076
0.01236693060456292
0.01236693059177274
0.01236693059571507
0.01236693060233086
0.01236693059849225
0.01236693059334761
0.01236693060376439
0.01236693059442672
0.01236693059597889
0.01236693060312413
0.01236693059838442
0.01236693059977383
0.01236693059976054
0.01236693060067308
0.01236693060544478
0.01236693059192741
0.01236693059685238
0.01236693060526512
0.01236693059280607
0.01236693059698031
0.01236693060459448
0.01236693059479789
0.01261383534497839
0.01261383535293959
0.01261383533957383
0.01261383534399604
0.01261383535262779
0.01261383533984762
0.01261383534408199
0.01261383535260195
0.01261383533995858
0.01261383534418925
0.01261383535275006
0.01261383534313016
0.01261383534652703
0.01261383534864763
0.01261383534741396
0.0126138353531454
0.01261383534014476
0.01261383534407615
0.01261383535153284
0.01261383534286538
0.01261383534435447
0.01261383535267111
0.01261383533958652
0.01261383534389795
0.01261383535053181
0.01261383534648917
0.01261383534144505
0.01261383535065055
0.0126138353446243
0.0126138353414208
0.01261383535049042
0.01261383534642418
0.01261383534119782
0.01261383535029911
0.01261383534423911
0.01261383534157536
0.01261383535262845
0.012613835340014
0.01261383534395488
0.01261383535060135
0.01261383534597864
0.01261383534148417
0.01261383535085239
0.01261383534563438
0.01261383534175269
0.0126138353504
0.0126138353490155
0.01261383535164759
0.012613835343693
0.01261383534682435
0.0126138353536027
0.01261383534004715
0.01261383534485009
0.0126138353533692
0.01261383534071005
0.01261383534503461
0.0126138353528314
0.01261383534265717
0.01280448592149381
0.01280448592948702
0.01280448591626724
0.01280448592050562
0.01280448592915122
0.01280448591636279
0.01280448592053095
0.01280448592905017
0.0128044859163266
0.01280448592026049
0.012804485927363
0.0128044859243065
0.01280448592604678
0.01280448592444501
0.01280448592054047
0.01280448592973098
0.01280448591676601
0.01280448592071044
0.01280448592833376
0.01280448591936823
0.01280448592102227
0.01280448592942745
0.01280448591638166
0.01280448592059584
0.01280448592724862
0.01280448592319089
0.01280448591817721
0.01280448592733155
0.01280448592163261
0.01280448591818263
0.01280448592720376
0.01280448592299331
0.01280448591793492
0.01280448592698532
0.01280448592081595
0.01280448591820906
0.01280448592886801
0.01280448591794954
0.01280448592049994
0.0128044859274248
0.01280448592214908
0.01280448591835163
0.01280448592750895
0.01280448592237456
0.01280448591830403
0.01280448592675602
0.01280448592667981
0.01280448592978993
0.01280448591850415
0.01280448592246544
0.01280448593023126
0.01280448591678353
0.01280448592143655
0.01280448592994143
0.01280448591718506
0.01280448592164501
0.01280448592954186
0.01280448591912133
0.01293701198240629
0.01293701199037746
0.01293701197738489
0.01293701198141512
0.01293701199002623
0.01293701197734004
0.01293701198140221
0.01293701198986289
0.01293701197726407
0.01293701198115701
0.01293701198820701
0.01293701198688891
0.01293701198845732
0.01293701198413668
0.01293701198054236
0.0129370119906812
0.01293701197782413
0.01293701198178018
0.01293701198951386
0.01293701198023409
0.01293701198204774
0.01293701199040635
0.01293701197799209
0.01293701198170358
0.0129370119883241
0.01293701198402581
0.01293701197934827
0.01293701198839026
0.01293701198296469
0.01293701197936819
0.01293701198828531
0.0129370119839065
0.01293701197911133
0.01293701198805386
0.01293701198175941
0.01293701197916721
0.01293701198839558
0.01293701198289099
0.01293701197978601
0.01293701198860837
0.01293701198309368
0.01293701197969733
0.01293701198835332
0.0129370119838855
0.01293701198032984
0.01293701198751777
0.01293701198739848
0.01293701199126436
0.01293701197893673
0.01293701198307229
0.01293701199119889
0.01293701197794088
0.01293701198242479
0.01293701199073918
0.01293701197881294
0.01293701198264119
0.01293701199056168
0.01293701198004929
0.01301265181137168
0.01301265181926996
0.0130126518065722
0.01301265181038326
0.01301265181891734
0.01301265180643829
0.01301265181034586
0.01301265181868255
0.01301265180658708
0.01301265181040751
0.01301265181755032
0.01301265181612056
0.01301265181800684
0.01301265181235596
0.01301265180931835
0.0130126518196604
0.01301265180697897
0.01301265181093374
0.01301265181873789
0.01301265180914541
0.0130126518110403
0.01301265181891158
0.01301265180914272
0.01301265181068236
0.01301265181742967
0.01301265181263422
0.01301265180860511
0.01301265181746686
0.01301265181227034
0.01301265180863196
0.0130126518173912
0.01301265181280404
0.01301265180836635
0.01301265181714411
0.01301265181091155
0.0130126518083577
0.01301265181726425
0.01301265181171713
0.01301265180854458
0.01301265181768893
0.01301265181279415
0.01301265180940291
0.0130126518166317
0.01301265181380971
0.01301265181191748
0.01301265181593539
0.01301265181483389
0.01301265182015724
0.01301265180884307
0.01301265181200487
0.01301265182017135
0.01301265180723292
0.01301265181150673
0.01301265181968437
0.01301265180828188
0.01301265181167043
0.01301265181955553
0.01301265180908903
0.01303188091582163
0.01303188092359605
0.01303188091125093
0.01303188091484327
0.01303188092325829
0.01303188091107595
0.01303188091477187
0.0130318809228059
0.01303188091219457
0.01303188091511841
0.01303188092217823
0.01303188092050259
0.01303188092264118
0.01303188091650452
0.01303188091382089
0.01303188092409767
0.01303188091167003
0.01303188091560552
0.01303188092345269
0.01303188091340482
0.01303188091548885
0.01303188092225761
0.01303188091606931
0.0130318809137397
0.01303188092198706
0.01303188091664483
0.01303188091336698
0.01303188092199775
0.01303188091691567
0.01303188091340031
0.01303188092194857
0.01303188091714074
0.01303188091312645
0.01303188092169467
0.01303188091563335
0.01303188091305748
0.01303188092165131
0.01303188091583174
0.01303188091287953
0.01303188092187771
0.01303188091851114
0.01303188091579984
0.01303188091925103
0.01303188091835289
0.01303188092223291
0.01303188091692352
0.01303188091821032
0.01303188092451338
0.01303188091416467
0.01303188091653628
0.01303188092455252
0.01303188091230027
0.01303188091612369
0.01303188092425015
0.01303188091270729
0.01303188091616537
0.01303188092396727
0.01303188091365577
0.01299452810975274
0.01299452811735261
0.0129945281054105
0.01299452810879453
0.01299452811704603
0.01299452810523348
0.01299452810869365
0.01299452811632846
0.01299452810774283
0.01299452810915688
0.01299452811601375
0.01299452811432355
0.01299452811658695
0.01299452811039818
0.01299452810789645
0.01299452811798989
0.01299452810594366
0.01299452810975931
0.01299452811761988
0.01299452810699277
0.01299452810951172
0.01299452811602698
0.01299452811042288
0.01299452810767123
0.01299452811596979
0.01299452811046208
0.01299452810761524
0.01299452811598961
0.01299452811087611
0.01299452810766297
0.01299452811595176
0.01299452811095181
0.01299452810738701
0.01299452811570165
0.01299452810987306
0.01299452810724518
0.01299452811550935
0.01299452810974522
0.01299452810664162
0.01299452811497081
0.01299452811341442
0.01299452811559527
0.01299452811028318
0.01299452811187049
0.01299452811830855
0.0129945281092913
0.0129945281116027
0.01299452811845126
0.01299452810856837
0.01299452811061498
0.0129945281184241
0.0129945281068996
0.01299452811024687
0.01299452811830544
0.01299452810654286
0.01299452811013539
0.01299452811780894
0.01299452810771894
0.01289984539673326
0.01289984540411006
0.01289984539261775
0.01289984539580885
0.01289984540384998
0.01289984539246629
0.01289984539572601
0.01289984540318697
0.01289984539499884
0.01289984539607517
0.01289984540268144
0.01289984540123326
0.01289984540349434
0.01289984539745682
0.01289984539505994
0.01289984540486551
0.01289984539347075
0.01289984539689149
0.01289984540426163
0.0128998453952897
0.01289984539646226
0.01289984540292714
0.0128998453975169
0.01289984539489366
0.01289984540295218
0.01289984539757853
0.01289984539490763
0.01289984540298071
0.01289984539796759
0.01289984539497687
0.01289984540296827
0.01289984539784667
0.01289984539471507
0.01289984540273131
0.01289984539717321
0.01289984539451034
0.01289984540244731
0.01289984539719139
0.012899845393776
0.0128998454018163
0.01289984540164598
0.01289984540496592
0.01289984539623781
0.01289984539873342
0.01289984540604933
0.01289984539563742
0.01289984539841372
0.01289984540550048
0.01289984539577712
0.01289984539780106
0.01289984540544892
0.0128998453942214
0.01289984539742216
0.01289984540527701
0.01289984539384162
0.01289984539716678
0.01289984540466862
0.0128998453948043
0.01274654555687681
0.01274654556398715
0.01274654555299362
0.01274654555600256
0.01274654556378646
0.01274654555287578
0.01274654555596948
0.01274654556335568
0.01274654555444363
0.01274654555602722
0.0127465455623226
0.01274654556139774
0.01274654556350703
0.0127465455577228
0.01274654555538234
0.01274654556475045
0.01274654555443106
0.01274654555713637
0.01274654556322524
0.01274654555772506
0.01274654555546254
0.01274654556296537
0.01274654555778782
0.01274654555532126
0.01274654556305539
0.01274654555794211
0.01274654555536153
0.01274654556308401
0.01274654555833856
0.01274654555545083
0.01274654556311042
0.01274654555798358
0.01274654555522217
0.01274654556289571
0.0127465455576306
0.0127465455549878
0.01274654556259017
0.01274654555818537
0.01274654555436244
0.01274654556214556
0.01274654556242639
0.01274654556609774
0.01274654555610643
0.01274654555894517
0.01274654556640162
0.01274654555568049
0.01274654555860701
0.01274654556573963
0.01274654555602192
0.01274654555819106
0.01274654556568953
0.01274654555453904
0.01274654555777596
0.01274654556536324
0.01274654555432569
0.01274654555738121
0.01274654556468048
0.01274654555496963
0.01253281995575102
0.01253281996255918
0.0125328199521231
0.01253281995494368
0.01253281996242639
0.01253281995202589
0.01253281995496039
0.01253281996225496
0.01253281995238981
0.01253281995466948
0.01253281996054952
0.01253281996035639
0.01253281996220815
0.01253281995675075
0.01253281995441394
0.01253281996307674
0.01253281995452926
0.0125328199560516
0.01253281996184546
0.01253281995702758
0.01253281995437652
0.01253281996172163
0.01253281995683839
0.01253281995449069
0.01253281996184748
0.01253281995704144
0.01253281995455604
0.01253281996189576
0.01253281995735031
0.01253281995465419
0.01253281996194051
0.01253281995698598
0.01253281995447215
0.01253281996176322
0.01253281995681558
0.01253281995426116
0.01253281996152074
0.01253281995773845
0.01253281995378727
0.01253281996117967
0.0125328199615224
0.01253281996532289
0.01253281995509316
0.0125328199579614
0.0125328199652571
0.01253281995477882
0.01253281995764883
0.0125328199647124
0.0125328199549282
0.01253281995733107
0.01253281996457864
0.01253281995389099
0.01253281995688634
0.01253281996415034
0.01253281995352239
0.01253281995634953
0.01253281996342601
0.01253281995373644
0.01225635638529782
0.01225635639177548
0.01225635638197329
0.01225635638457011
0.01225635639171224
0.01225635638188654
0.01225635638460699
0.01225635639161819
0.01225635638183151
0.0122563563841148
0.01225635638958504
0.01225635638969861
0.01225635639153866
0.0122563563864975
0.01225635638414524
0.01225635639127074
0.01225635638690367
0.0122563563846494
0.01225635639121001
0.01225635638672674
0.01225635638418468
0.01225635639113
0.01225635638660694
0.01225635638433922
0.01225635639127182
0.01225635638680672
0.01225635638442938
0.01225635639135001
0.01225635638696152
0.0122563563845279
0.0122563563913999
0.01225635638678609
0.01225635638440262
0.01225635639127645
0.01225635638669464
0.01225635638425996
0.01225635639114286
0.01225635638753963
0.01225635638387574
0.01225635639074116
0.01225635639106962
0.01225635639490205
0.01225635638496916
0.0122563563876688
0.01225635639467881
0.0122563563847447
0.01225635638741236
0.0122563563943255
0.01225635638453535
0.01225635638715838
0.01225635639410538
0.01225635638403008
0.01225635638668972
0.01225635639358406
0.01225635638346248
0.01225635638601075
0.01225635639283795
0.01225635638309087
0.01191439840169614
0.01191439840781643
0.01191439839874479
0.01191439840105152
0.01191439840781459
0.01191439839868989
0.01191439840109199
0.01191439840773124
0.01191439839853989
0.01191439840051136
0.01191439840553338
0.01191439840571791
0.01191439840768203
0.01191439840313643
0.01191439840085551
0.01191439840739944
0.0119143984036523
0.01191439840105748
0.01191439840740482
0.01191439840329414
0.0119143984008841
0.01191439840735695
0.01191439840325844
0.01191439840104196
0.01191439840750698
0.0119143984034379
0.01191439840114501
0.01191439840759443
0.01191439840353286
0.01191439840124633
0.01191439840766756
0.01191439840349375
0.01191439840118717
0.01191439840760933
0.01191439840345961
0.01191439840113022
0.01191439840758813
0.01191439840391437
0.01191439840076728
0.01191439840700148
0.01191439840733145
0.0119143984111449
0.01191439840181276
0.01191439840421695
0.01191439841087729
0.01191439840166864
0.01191439840402198
0.01191439841063441
0.01191439840146613
0.01191439840384557
0.01191439841044683
0.01191439840110957
0.01191439840335821
0.01191439840984299
0.01191439840036445
0.01191439840253644
0.01191439840899457
0.01191439839963483
0.01150392959456681
0.01150392960030313
0.01150392959206391
0.01150392959400914
0.01150392960034923
0.01150392959204509
0.01150392959404752
0.01150392960026523
0.01150392959188145
0.0115039295934279
0.01150392959794914
0.01150392959816398
0.01150392960026498
0.01150392959626978
0.01150392959405364
0.01150392960005423
0.01150392959660471
0.01150392959414599
0.01150392960004313
0.01150392959638487
0.01150392959406435
0.01150392960001344
0.01150392959639858
0.01150392959422383
0.01150392960017529
0.01150392959656298
0.01150392959432505
0.01150392960025496
0.01150392959664127
0.01150392959443726
0.01150392960036239
0.01150392959669059
0.01150392959444729
0.01150392960037783
0.01150392959672382
0.01150392959446223
0.01150392960042106
0.01150392959694646
0.01150392959409485
0.01150392959961157
0.01150392959996356
0.01150392960372555
0.01150392959518581
0.0115039295972131
0.01150392960347385
0.01150392959511878
0.01150392959708414
0.01150392960332613
0.01150392959501302
0.01150392959700354
0.01150392960321499
0.01150392959473505
0.01150392959651635
0.01150392960253757
0.01150392959384449
0.01150392959557473
0.01150392960155363
0.01150392959289161
0.01102212520438
0.0110221252096886
0.01102212520238744
0.0110221252039212
0.01102212520976201
0.01102212520238966
0.0110221252039544
0.0110221252096806
0.01102212520224304
0.01102212520332433
0.01102212520730871
0.0110221252075595
0.01102212520975963
0.01102212520635402
0.01102212520418764
0.01102212520959308
0.01102212520656424
0.01102212520425445
0.01102212520959661
0.01102212520643461
0.01102212520419665
0.01102212520955715
0.01102212520648124
0.01102212520436347
0.01102212520974623
0.01102212520662417
0.01102212520444753
0.01102212520979588
0.01102212520671258
0.01102212520458353
0.01102212520995245
0.0110221252068248
0.0110221252046553
0.01102212521004504
0.01102212520694514
0.01102212520472648
0.01102212521011467
0.01102212520711126
0.01102212520438459
0.0110221252090768
0.01102212520945372
0.01102212521313178
0.01102212520551868
0.01102212520711957
0.01102212521292733
0.01102212520553122
0.01102212520706336
0.0110221252128752
0.01102212520554529
0.01102212520709415
0.01102212521286558
0.01102212520536521
0.01102212520663366
0.011022125212097
0.01102212520437989
0.01102212520565446
0.01102212521104077
0.01102212520317916
0.01046726062308251
0.01046726062787742
0.01046726062164246
0.01046726062274035
0.01046726062794528
0.01046726062163982
0.01046726062276504
0.01046726062788126
0.01046726062153773
0.01046726062219467
0.01046726062563833
0.01046726062586869
0.01046726062812462
0.01046726062531471
0.01046726062321942
0.0104672606279645
0.01046726062548804
0.01046726062332452
0.0104672606280084
0.01046726062530963
0.01046726062324324
0.01046726062791816
0.01046726062544053
0.01046726062342422
0.01046726062815897
0.01046726062549394
0.01046726062347643
0.01046726062815114
0.01046726062567302
0.01046726062365337
0.01046726062839236
0.01046726062581491
0.01046726062376413
0.01046726062855089
0.01046726062606375
0.01046726062388989
0.0104672606286038
0.01046726062625622
0.01046726062368261
0.01046726062738519
0.01046726062776685
0.01046726063130503
0.0104672606247264
0.01046726062588254
0.01046726063116497
0.0104672606248305
0.01046726062591491
0.01046726063121525
0.01046726062496399
0.01046726062605922
0.01046726063133047
0.01046726062493649
0.01046726062565725
0.01046726063037429
0.01046726062401148
0.01046726062480814
0.0104672606294457
0.01046726062242247
0.009840234305544891
0.009840234309620305
0.009840234304669357
0.009840234305329191
0.009840234309632365
0.009840234304623227
0.009840234305336627
0.009840234309632894
0.009840234304613713
0.009840234304987884
0.009840234308004851
0.009840234307948826
0.009840234310229892
0.00984023430795454
0.009840234306017999
0.009840234310020133
0.00984023430819465
0.009840234306236739
0.009840234310141908
0.009840234307679881
0.009840234306080674
0.009840234309921292
0.00984023430809987
0.009840234306277744
0.0098402343102682
0.009840234307853409
0.00984023430629374
0.009840234310147489
0.009840234308348871
0.009840234306528152
0.009840234310540969
0.0098402343084528
0.009840234306622548
0.009840234310731775
0.009840234308913304
0.009840234306851704
0.00984023431067909
0.00984023430912284
0.009840234306991689
0.009840234309444957
0.009840234309764481
0.00984023431305652
0.009840234307620004
0.009840234308343968
0.009840234312991985
0.009840234307859344
0.009840234308498787
0.009840234313166336
0.009840234308070012
0.009840234308742998
0.009840234313444636
0.00984023430828555
0.009840234308469557
0.009840234311907987
0.009840234308020661
0.009840234307948762
0.009840234311670429
0.009840234305565609
0.00914666074548502
0.009146660748224619
0.009146660745279112
0.009146660745378943
0.009146660748100392
0.009146660745123859
0.009146660745340752
0.009146660748283665
0.009146660745255469
0.009146660745467815
0.009146660748759985
0.0091466607474013
0.009146660749794696
0.009146660747829339
0.009146660746232535
0.009146660749390294
0.009146660748284864
0.009146660746681679
0.009146660749775617
0.009146660746666948
0.009146660746411329
0.00914666074916144
0.009146660748061614
0.009146660746596556
0.00914666074983138
0.009146660746866053
0.009146660746612571
0.009146660749379233
0.009146660748340592
0.00914666074687279
0.009146660750087512
0.009146660748268389
0.009146660746844721
0.009146660750194926
0.009146660749088454
0.009146660747356657
0.009146660749896693
0.009146660749149898
0.009146660748179014
0.009146660749016275
0.00914666074910264
0.009146660751934042
0.009146660747785806
0.009146660748120088
0.009146660751971673
0.009146660748263622
0.009146660748470205
0.009146660752311957
0.009146660748443313
0.009146660748776932
0.009146660752845205
0.009146660749028705
0.00914666074889145
0.009146660751935647
0.009146660748726857
0.009146660748310923
0.009146660751338459
0.009146660746704711
0.008399070682665379
0.008399070685435392
0.008399070682956668
0.008399070682601626
0.008399070685203283
0.008399070682671225
0.008399070682397834
0.00839907068484053
0.00839907068281504
0.00839907068310131
0.008399070685944207
0.008399070684474019
0.008399070686789082
0.008399070684354222
0.00839907068346521
0.00839907068576199
0.00839907068533546
0.008399070684315149
0.008399070687081402
0.00839907068390045
0.008399070683356978
0.008399070685282242
0.008399070684919253
0.008399070684031066
0.008399070687066084
0.008399070684310433
0.00839907068357954
0.008399070685486927
0.008399070685224564
0.008399070684324574
0.008399070686916069
0.008399070684615503
0.008399070683974094
0.008399070686546148
0.008399070686100846
0.00839907068526612
0.008399070685935489
0.008399070685452644
0.008399070687166206
0.008399070686100078
0.008399070685488105
0.008399070687316977
0.008399070684856685
0.008399070684843697
0.008399070687525956
0.008399070685785447
0.008399070685524581
0.008399070688097976
0.00839907068574431
0.008399070685788792
0.008399070689221412
0.008399070686713193
0.008399070686388106
0.008399070689311948
0.008399070686311752
0.008399070685626751
0.008399070688391411
0.00839907068417901
0.007618229462681282
0.00761822946556283
0.007618229463263939
0.007618229462620015
0.007618229465468714
0.007618229462983859
0.007618229462293355
0.007618229464866458
0.007618229463105952
0.007618229463463989
0.00761822946573495
0.007618229464477617
0.007618229466569816
0.007618229464226326
0.007618229463344194
0.00761822946542345
0.00761822946468734
0.007618229464459677
0.007618229467167862
0.007618229464002074
0.007618229463033731
0.00761822946464256
0.007618229464169618
0.007618229463964371
0.007618229466720743
0.00761822946431487
0.007618229463333432
0.007618229464827431
0.007618229464466636
0.007618229464372917
0.007618229466722594
0.007618229464376711
0.007618229463584185
0.007618229465469255
0.007618229465211935
0.00761822946658431
0.007618229465599042
0.007618229465061868
0.007618229467765728
0.007618229465754934
0.007618229464773953
0.007618229466278768
0.007618229464385826
0.007618229464294086
0.007618229466143291
0.007618229465869659
0.007618229465577187
0.00761822946777044
0.007618229465793688
0.007618229465456477
0.007618229468445615
0.007618229466851592
0.007618229466367751
0.007618229469105448
0.007618229466367599
0.007618229465595765
0.007618229468256838
0.007618229464305686
0.006832292775738198
0.006832292778531986
0.00683229277639971
0.006832292775595616
0.006832292778560214
0.006832292776131559
0.006832292775177085
0.006832292777177025
0.006832292776200614
0.006832292776599917
0.00683229277830803
0.006832292777407117
0.006832292779148232
0.006832292777072135
0.00683229277627391
0.006832292777825344
0.006832292777499455
0.006832292777597105
0.006832292780043931
0.00683229277711324
0.006832292775761678
0.006832292776879466
0.006832292777054039
0.006832292777116076
0.006832292778958195
0.006832292777016984
0.006832292776194412
0.006832292777285144
0.006832292777682371
0.006832292777763094
0.006832292779470974
0.006832292777220044
0.006832292776263324
0.006832292777988137
0.006832292778003689
0.006832292779818602
0.00683229277843431
0.006832292777671911
0.006832292780741941
0.006832292778450818
0.006832292777178744
0.00683229277850201
0.006832292776909202
0.006832292776902049
0.006832292778643047
0.006832292778249735
0.006832292778134067
0.006832292780512347
0.006832292778758299
0.006832292778093646
0.006832292780912141
0.006832292779636187
0.006832292778909574
0.006832292781447903
0.006832292779143758
0.006832292778452469
0.006832292781033937
0.006832292777419069
0.006072939336945023
0.006072939339434804
0.006072939337520834
0.006072939336617831
0.006072939339474031
0.006072939337236941
0.006072939336154084
0.006072939337665215
0.006072939337082516
0.006072939337455718
0.006072939338758074
0.006072939338168596
0.006072939339762512
0.00607293933799211
0.006072939337229549
0.006072939338665369
0.006072939338446937
0.006072939338451419
0.006072939340536605
0.006072939338086402
0.006072939336732273
0.006072939337665294
0.006072939337270954
0.006072939337407174
0.006072939339438701
0.006072939337866646
0.006072939337198208
0.006072939338063299
0.006072939338557524
0.006072939338641834
0.006072939340058269
0.006072939338090847
0.006072939337137903
0.006072939338752152
0.006072939338854689
0.006072939340572943
0.006072939339082577
0.006072939338324431
0.006072939341262384
0.006072939339071543
0.006072939337807137
0.006072939339073815
0.006072939337653216
0.006072939337690037
0.006072939339534393
0.006072939339141076
0.006072939338806668
0.006072939340882121
0.006072939339485259
0.00607293933878516
0.006072939341372078
0.006072939340213436
0.006072939339430525
0.006072939341610676
0.006072939339839612
0.00607293933931624
0.006072939341740802
0.0060729393386048
0.005368979492049495
0.005368979494002454
0.00536897949237704
0.005368979491467387
0.005368979494013973
0.00536897949209878
0.005368979491021929
0.005368979492327031
0.005368979491822614
0.005368979491931692
0.005368979493035522
0.005368979492770805
0.005368979494078885
0.00536897949266031
0.005368979491888596
0.005368979493551009
0.005368979493239096
0.005368979492891105
0.005368979494747718
0.005368979492835187
0.005368979491659358
0.005368979492637108
0.005368979491922737
0.005368979491899591
0.005368979493990771
0.005368979492672787
0.005368979492004738
0.00536897949285428
0.005368979493173014
0.005368979493134641
0.005368979494349149
0.005368979492767954
0.005368979491920253
0.005368979493424609
0.005368979493509121
0.005368979494930005
0.005368979493516252
0.005368979492837767
0.005368979495465775
0.005368979493527984
0.005368979492401221
0.005368979493740962
0.005368979492401112
0.005368979492287393
0.005368979493975279
0.005368979493648261
0.005368979493259929
0.005368979494931861
0.00536897949391473
0.005368979493308231
0.005368979495546165
0.005368979494581465
0.005368979493837028
0.00536897949557392
0.005368979494325729
0.005368979493973997
0.005368979496115632
0.005368979493567247
0.004739684031605647
0.004739684032949535
0.004739684031608549
0.004739684030741138
0.004739684032916728
0.004739684031360006
0.004739684030385218
0.004739684031595626
0.004739684031033187
0.004739684030919901
0.004739684031961473
0.004739684031880068
0.004739684032852137
0.004739684031750077
0.004739684031085529
0.004739684032676981
0.004739684032257951
0.00473968403181979
0.004739684033403841
0.004739684031984918
0.004739684031036724
0.004739684032034673
0.004739684031173953
0.004739684030995361
0.004739684032886298
0.004739684031825155
0.004739684031123535
0.004739684032145255
0.004739684032070633
0.004739684031816384
0.004739684033067111
0.004739684031868059
0.004739684031156341
0.004739684032641747
0.004739684032670055
0.004739684033686568
0.004739684032422641
0.004739684031824716
0.004739684034096091
0.00473968403245431
0.004739684031494293
0.004739684032865003
0.004739684031606913
0.004739684031307723
0.004739684032861285
0.004739684032565988
0.004739684032116231
0.004739684033448037
0.004739684032747105
0.004739684032271361
0.00473968403411312
0.004739684033398581
0.004739684032763976
0.004739684034091839
0.004739684033282429
0.004739684033037387
0.004739684034823201
0.00473968403286513
0.004190844908863559
0.00419084490963259
0.004190844908524131
0.004190844907723827
0.004190844909537344
0.004190844908311503
0.004190844907473608
0.004190844908608435
0.004190844907985039
0.004190844907766234
0.004190844908729234
0.00419084490870411
0.004190844909423784
0.004190844908564424
0.004190844908020424
0.004190844909444129
0.004190844909002622
0.004190844908568229
0.00419084490984292
0.004190844908828545
0.004190844908096871
0.004190844909052182
0.004190844908159626
0.004190844907883498
0.004190844909503993
0.004190844908672266
0.004190844908030405
0.004190844909036611
0.004190844908747444
0.004190844908431981
0.004190844909572542
0.004190844908689354
0.004190844908097385
0.004190844909381016
0.004190844909385793
0.004190844910196825
0.004190844909100034
0.004190844908571263
0.004190844910497595
0.004190844909139044
0.00419084490833466
0.004190844909634889
0.004190844908495531
0.004190844908103725
0.004190844909492018
0.004190844909191811
0.004190844908733611
0.004190844909829215
0.004190844909346598
0.004190844908970396
0.00419084491042809
0.004190844909968233
0.004190844909495318
0.004190844910480892
0.004190844910007786
0.004190844909802938
0.004190844911198425
0.004190844909768227
0.003715341056107161
0.003715341056383342
0.00371534105543571
0.003715341054715634
0.003715341056204482
0.003715341055254407
0.003715341054552931
0.003715341055600823
0.003715341054957718
0.003715341054696473
0.003715341055557456
0.003715341055547535
0.003715341056095166
0.003715341055407173
0.003715341054963529
0.003715341056195458
0.003715341055794409
0.003715341055401697
0.003715341056379714
0.003715341055673988
0.003715341055125557
0.00371534105599549
0.003715341055139736
0.003715341054818894
0.003715341056174866
0.00371534105552991
0.003715341054978667
0.00371534105590839
0.003715341055508293
0.00371534105518486
0.003715341056176774
0.00371534105553172
0.003715341055040397
0.003715341056107455
0.003715341056103248
0.003715341056771973
0.003715341055836787
0.003715341055370785
0.003715341056986021
0.003715341055875739
0.003715341055206975
0.003715341056383105
0.003715341055380696
0.003715341054967096
0.003715341056170481
0.003715341055865727
0.00371534105543802
0.003715341056365703
0.003715341056016709
0.003715341055707677
0.003715341056820355
0.003715341056586056
0.003715341056304783
0.003715341056935327
0.003715341056705264
0.00371534105656695
0.003715341057569652
0.003715341056581669
0.003297471761002081
0.003297471760880166
0.003297471760009943
0.003297471759376675
0.003297471760584469
0.003297471759852667
0.003297471759274404
0.003297471760220007
0.003297471759599393
0.003297471759329665
0.003297471760080254
0.003297471760074978
0.003297471760504056
0.003297471759937142
0.003297471759570935
0.003297471760614234
0.003297471760279481
0.003297471759943627
0.003297471760669671
0.003297471760188291
0.00329747175978523
0.003297471760549438
0.00329747175976873
0.00329747175944044
0.003297471760560404
0.003297471760060664
0.003297471759603607
0.003297471760438497
0.003297471759994873
0.003297471759683304
0.003297471760526002
0.003297471760052688
0.003297471759647493
0.00329747176051453
0.003297471760507692
0.003297471761064448
0.00329747176027858
0.003297471759874108
0.003297471761215268
0.00329747176031537
0.003297471759763415
0.003297471760795422
0.00329747175993223
0.003297471759535784
0.003297471760554803
0.003297471760261102
0.003297471759881274
0.003297471760675895
0.003297471760402852
0.003297471760142223
0.003297471760944577
0.003297471760905563
0.003297471760814685
0.003297471761113526
0.003297471761025714
0.003297471760966249
0.003297471761607941
0.003297471760974978
0.002918542269238399
0.002918542268827698
0.002918542268062832
0.002918542267519068
0.002918542268485268
0.002918542267923431
0.00291854226745368
0.002918542268284134
0.002918542267717014
0.002918542267458694
0.002918542268089598
0.002918542268087007
0.002918542268437593
0.002918542267963193
0.002918542267658641
0.002918542268525609
0.002918542268259235
0.002918542267983665
0.002918542268510967
0.002918542268187592
0.002918542267896067
0.002918542268547338
0.002918542267861956
0.002918542267550893
0.002918542268464669
0.002918542268077002
0.002918542267707179
0.002918542268439247
0.002918542267999089
0.002918542267710361
0.002918542268413433
0.002918542268063047
0.002918542267732916
0.002918542268416269
0.002918542268410517
0.002918542268879738
0.002918542268229546
0.002918542267885225
0.002918542268984205
0.002918542268262043
0.002918542267811795
0.002918542268693417
0.002918542267965321
0.002918542267606735
0.002918542268451636
0.002918542268183935
0.002918542267858235
0.002918542268535792
0.002918542268306399
0.002918542268085755
0.002918542268700545
0.002918542268723175
0.002918542268736836
0.002918542268889259
0.002918542268878946
0.00291854226884295
0.002918542269245922
0.002918542268855124
0.002561267542969009
0.00256126754236961
0.002561267541716341
0.002561267541263201
0.002561267542020467
0.002561267541591682
0.002561267541218401
0.002561267541923739
0.002561267541429983
0.00256126754119533
0.002561267541713282
0.002561267541712018
0.0025612675419984
0.002561267541602772
0.002561267541351643
0.002561267542056235
0.002561267541850479
0.002561267541632464
0.00256126754200841
0.002561267541794315
0.002561267541587836
0.002561267542125056
0.002561267541544769
0.002561267541267362
0.002561267541999903
0.002561267541700468
0.002561267541408481
0.002561267542031701
0.002561267541627251
0.002561267541370097
0.002561267541944088
0.002561267541683518
0.002561267541419865
0.002561267541949255
0.00256126754194533
0.002561267542331383
0.00256126754180434
0.002561267541519342
0.002561267542401564
0.002561267541830853
0.002561267541471025
0.002561267542201602
0.002561267541602297
0.002561267541292923
0.002561267541976716
0.002561267541744712
0.002561267541474643
0.002561267542041745
0.002561267541842132
0.002561267541657306
0.002561267542145228
0.00256126754217717
0.002561267542209404
0.002561267542297343
0.002561267542314303
0.002561267542288216
0.002561267542563375
0.002561267542331151
0.002211855223859319
0.00221185522316223
0.00221185522261797
0.002211855222254751
0.002211855222830671
0.00221185522250715
0.00221185522222127
0.002211855222794779
0.002211855222385369
0.002211855222182551
0.002211855222594967
0.002211855222594138
0.002211855222823401
0.002211855222500327
0.002211855222299223
0.002211855222854997
0.002211855222700106
0.002211855222534336
0.002211855222795307
0.002211855222655792
0.002211855222515722
0.002211855222940968
0.002211855222468557
0.002211855222235297
0.002211855222807295
0.002211855222579119
0.002211855222356
0.002211855222866388
0.002211855222517955
0.002211855222299697
0.00221185522275439
0.002211855222561749
0.002211855222358054
0.002211855222757133
0.002211855222755048
0.002211855223061637
0.002211855222646265
0.002211855222419882
0.002211855223106689
0.002211855222665765
0.002211855222387551
0.002211855222971089
0.002211855222492585
0.002211855222237715
0.002211855222773862
0.002211855222582334
0.002211855222366979
0.002211855222826607
0.002211855222653616
0.002211855222502748
0.002211855222889927
0.002211855222920123
0.002211855222939875
0.002211855222974916
0.002211855222987032
0.002211855222980589
0.002211855223187291
0.002211855223049577
0.001859859141709527
0.001859859141001528
0.001859859140559394
0.001859859140282485
0.00185985914070292
0.001859859140462729
0.001859859140256814
0.001859859140696438
0.001859859140375147
0.001859859140209195
0.001859859140522217
0.001859859140520885
0.001859859140700342
0.001859859140445724
0.001859859140292947
0.001859859140713566
0.00185985914060081
0.001859859140480046
0.001859859140654598
0.00185985914056596
0.001859859140477574
0.001859859140796645
0.001859859140429021
0.001859859140245115
0.001859859140675297
0.001859859140505852
0.001859859140342971
0.001859859140740592
0.001859859140458467
0.00185985914028382
0.001859859140629382
0.001859859140489947
0.001859859140340399
0.001859859140621875
0.001859859140621424
0.001859859140860601
0.001859859140544969
0.001859859140375606
0.001859859140887603
0.001859859140557125
0.001859859140352575
0.001859859140796991
0.001859859140429479
0.001859859140230639
0.001859859140633461
0.001859859140483121
0.001859859140319821
0.00185985914067527
0.001859859140530349
0.001859859140412545
0.0018598591407118
0.001859859140729661
0.001859859140730838
0.001859859140759676
0.001859859140740434
0.001859859140724475
0.001859859140901579
0.001859859140807431
0.001496357256124092
0.001496357255498859
0.001496357255152584
0.001496357254953817
0.001496357255245987
0.001496357255070088
0.001496357254937537
0.001496357255248558
0.001496357255012644
0.0014963572548843
0.001496357255104879
0.00149635725510167
0.001496357255241163
0.001496357255049842
0.001496357254942671
0.001496357255243444
0.001496357255165047
0.001496357255081094
0.001496357255192342
0.001496357255140725
0.001496357255090725
0.001496357255312066
0.001496357255041426
0.001496357254906576
0.001496357255214382
0.00149635725509354
0.00149635725498181
0.001496357255272513
0.001496357255058763
0.001496357254928305
0.001496357255177144
0.001496357255080266
0.001496357254978271
0.001496357255175321
0.001496357255173998
0.001496357255340551
0.001496357255111609
0.00149635725499519
0.001496357255355051
0.001496357255116842
0.00149635725497685
0.001496357255294993
0.001496357255026348
0.001496357254881117
0.001496357255167079
0.00149635725505572
0.001496357254939446
0.001496357255197473
0.001496357255082762
0.001496357254995672
0.001496357255221312
0.001496357255218033
0.001496357255200686
0.001496357255234353
0.001496357255201742
0.001496357255171655
0.001496357255316518
0.001496357255225498
0.001110950296888531
0.001110950296421942
0.001110950296165697
0.001110950296032072
0.001110950296225926
0.001110950296096999
0.00111095029602912
0.001110950296225426
0.001110950296067355
0.001110950295973515
0.001110950296127159
0.001110950296119604
0.001110950296215861
0.00111095029607934
0.001110950296014077
0.001110950296211833
0.001110950296161355
0.001110950296107055
0.001110950296174602
0.001110950296145337
0.001110950296121736
0.001110950296261616
0.001110950296075513
0.001110950295986146
0.001110950296191948
0.001110950296109795
0.001110950296040432
0.001110950296236291
0.001110950296085647
0.001110950295996823
0.001110950296163268
0.001110950296099727
0.001110950296038066
0.001110950296171286
0.001110950296169396
0.001110950296270715
0.001110950296113112
0.001110950296043833
0.001110950296276854
0.001110950296112353
0.00111095029602728
0.001110950296236743
0.001110950296051648
0.001110950295955238
0.001110950296142907
0.001110950296065434
0.001110950295989895
0.001110950296161629
0.001110950296076889
0.001110950296018159
0.001110950296172186
0.001110950296160812
0.001110950296137958
0.001110950296159892
0.001110950296126828
0.001110950296089328
0.001110950296202187
0.001110950296095145
0.0006911648935051267
0.0006911648932477367
0.0006911648930875386
0.000691164892991042
0.0006911648931197597
0.000691164893027887
0.0006911648930087376
0.0006911648931107727
0.0006911648930250365
0.0006911648929554619
0.0006911648930565576
0.0006911648930450275
0.0006911648931079585
0.0006911648930205087
0.0006911648929856413
0.0006911648930984911
0.0006911648930750333
0.0006911648930413494
0.0006911648930745
0.0006911648930620015
0.0006911648930547501
0.0006911648931321397
0.0006911648930198897
0.0006911648929640064
0.0006911648930875913
0.0006911648930403377
0.0006911648929996728
0.0006911648931174636
0.0006911648930252788
0.0006911648929675623
0.0006911648930665433
0.0006911648930326672
0.0006911648929980433
0.0006911648930803145
0.0006911648930806008
0.0006911648931355876
0.0006911648930371241
0.0006911648929998892
0.0006911648931345622
0.0006911648930318104
0.0006911648929847407
0.0006911648931073943
0.0006911648929940536
0.0006911648929340127
0.0006911648930430359
0.0006911648929981246
0.0006911648929512712
0.0006911648930520383
0.0006911648929999011
0.0006911648929616572
0.0006911648930529376
0.0006911648930440008
0.0006911648930256832
0.0006911648930283973
0.0006911648930057134
0.0006911648929675953
0.0006911648930399419
0.0006911648929304668
0.0001572042843894906
0.0001572042844191654
0.0001572042843937755
0.0001572042843466776
0.0001572042844160222
0.0001572042843589905
0.0001572042843962564
0.0001572042843976311
0.0001572042843912408
0.0001572042843509386
0.0001572042843951958
0.0001572042843784308
0.0001572042844065323
0.0001572042843794992
0.0001572042843757139
0.0001572042844024283
0.0001572042844011304
0.0001572042843762382
0.0001572042843868883
0.0001572042843827843
0.0001572042843812036
0.0001572042844006782
0.0001572042843810158
0.0001572042843623468
0.0001572042843935877
0.0001572042843864103
0.0001572042843726867
0.0001572042843990913
0.0001572042843808988
0.0001572042843607093
0.0001572042843839835
0.0001572042843768343
0.0001572042843654311
0.0001572042843922416
0.0001572042843966169
0.0001572042844087216
0.0001572042843815522
0.0001572042843722868
0.0001572042844013171
0.0001572042843723397
0.0001572042843607313
0.0001572042843867272
0.0001572042843599963
0.0001572042843405709
0.0001572042843635662
0.0001572042843555748
0.0001572042843371436
0.0001572042843583647
0.0001572042843495927
0.000157204284332854
0.0001572042843541362
0.0001572042843514305
0.000157204284341329
0.0001572042843201322
0.0001572042843165185
0.0001572042842874075
0.0001572042842982532
0.0001572042842228624
0.000143606512476999
0.0001436065124776533
0.0001436065124783498
0.0001436065124780232
0.0001436065124785651
0.000143606512478333
0.0001436065124785519
0.0001436065124783161
0.0001436065124786745
0.0001436065124784229
0.0001436065124785507
0.0001436065124784365
0.0001436065124786275
0.00014360651247858
0.0001436065124786004
0.0001436065124783821
0.0001436065124784105
0.0001436065124785047
0.0001436065124782059
0.0001436065124783701
0.0001436065124787109
0.0001436065124786564
0.0001436065124786201
0.000143606512478555
0.0001436065124785771
0.0001436065124786037
0.0001436065124784511
0.0001436065124785125
0.0001436065124786116
0.0001436065124785339
0.0001436065124785581
0.0001436065124784723
0.0001436065124783817
0.0001436065124787718
0.0001436065124789027
0.0001436065124787591
0.0001436065124786946
0.0001436065124785073
0.0001436065124785727
0.0001436065124785594
0.0001436065124784501
0.0001436065124784857
0.0001436065124785106
0.0001436065124784187
0.0001436065124784466
0.0001436065124784718
0.0001436065124783628
0.0001436065124783685
0.0001436065124784463
0.0001436065124783215
0.0001436065124780893
0.0001436065124781751
0.0001436065124782529
0.0001436065124776453
0.0001436065124781188
0.0001436065124782351
0.0001436065124780684
0.0001436065124778468
)
;

boundaryField
{
    inlet
    {
        type            cyclic;
    }
    outlet
    {
        type            cyclic;
    }
    bottomWall
    {
        type            nutUSpaldingWallFunction;
        Cmu             0.09;
        kappa           0.41;
        E               9.800000000000001;
        value           nonuniform List<scalar> 
58
(
1.133625063798034e-08
1.13362506216902e-08
1.133625062410255e-08
1.133625063052645e-08
1.133625062341138e-08
1.133625062843936e-08
1.133625062426518e-08
1.133625062498347e-08
1.133625062395348e-08
1.133625062243559e-08
1.133625062388571e-08
1.133625061958956e-08
1.133625062417032e-08
1.133625061775997e-08
1.133625062385861e-08
1.133625061668932e-08
1.133625062347914e-08
1.133625061534762e-08
1.133625062278796e-08
1.133625061384329e-08
1.133625062240849e-08
1.133625061285396e-08
1.133625062129718e-08
1.133625061223054e-08
1.133625062026719e-08
1.133625061057713e-08
1.133625061984706e-08
1.133625060927609e-08
1.133625061813944e-08
1.133625060867978e-08
1.133625061674353e-08
1.133625060687729e-08
1.133625061598459e-08
1.133625060545428e-08
1.133625061395171e-08
1.133625060441073e-08
1.133625061210857e-08
1.133625060239141e-08
1.133625061094305e-08
1.133625060061602e-08
1.133625060851715e-08
1.133625059919301e-08
1.133625060647072e-08
1.133625059692974e-08
1.133625060449205e-08
1.133625059447673e-08
1.133625060145628e-08
1.133625059192885e-08
1.133625059775644e-08
1.133625058753784e-08
1.133625059253872e-08
1.13362505806667e-08
1.133625058341787e-08
1.133625056926903e-08
1.133625056547432e-08
1.13362505430991e-08
1.133625053418154e-08
1.133625054528106e-08
)
;
    }
    topWall
    {
        type            nutUSpaldingWallFunction;
        Cmu             0.09;
        kappa           0.41;
        E               9.800000000000001;
        value           nonuniform List<scalar> 
58
(
1.89863399050231e-06
1.898633991335736e-06
1.898633992119885e-06
1.898633991603588e-06
1.898633992391952e-06
1.898633991977909e-06
1.898633992386396e-06
1.898633992156328e-06
1.898633992513722e-06
1.898633992105099e-06
1.89863399240934e-06
1.898633992223006e-06
1.898633992442761e-06
1.898633992342743e-06
1.898633992309783e-06
1.898633992298629e-06
1.898633992429994e-06
1.898633992300635e-06
1.898633992321465e-06
1.898633992374239e-06
1.898633992317793e-06
1.898633992383441e-06
1.898633992403838e-06
1.898633992226123e-06
1.898633992295404e-06
1.89863399234975e-06
1.898633992231341e-06
1.898633992331481e-06
1.898633992357502e-06
1.898633992195251e-06
1.898633992230542e-06
1.898633992287137e-06
1.898633992186618e-06
1.898633992280903e-06
1.898633992291365e-06
1.898633992416415e-06
1.898633992381571e-06
1.898633992233333e-06
1.898633992365308e-06
1.898633992294903e-06
1.898633992148318e-06
1.898633992253771e-06
1.89863399221764e-06
1.898633992049033e-06
1.898633992083741e-06
1.898633992110832e-06
1.898633991960806e-06
1.89863399199447e-06
1.898633992033542e-06
1.898633991877254e-06
1.898633991948893e-06
1.898633991924634e-06
1.898633991955642e-06
1.898633991754224e-06
1.89863399182772e-06
1.89863399147595e-06
1.898633991490628e-06
1.898633991003157e-06
)
;
    }
    left
    {
        type            cyclic;
    }
    right
    {
        type            cyclic;
    }
}


// ************************************************************************* //
