/*--------------------------------*- C++ -*----------------------------------*\
| =========                 |                                                 |
| \\      /  F ield         | OpenFOAM: The Open Source CFD Toolbox           |
|  \\    /   O peration     | Version:  v1812                                 |
|   \\  /    A nd           | Web:      www.OpenFOAM.com                      |
|    \\/     M anipulation  |                                                 |
\*---------------------------------------------------------------------------*/
FoamFile
{
    version     2.0;
    format      ascii;
    class       volScalarField;
    location    "20000";
    object      nuTilda;
}
// * * * * * * * * * * * * * * * * * * * * * * * * * * * * * * * * * * * * * //

dimensions      [0 2 -1 0 0 0 0];


internalField   nonuniform List<scalar> 
3770
(
0.0004779739943669115
0.0004779739943666011
0.0004779739943662944
0.00047797399436668
0.0004779739943664428
0.0004779739943667495
0.0004779739943668307
0.000477973994366383
0.0004779739943669719
0.0004779739943669037
0.0004779739943663322
0.0004779739943669578
0.0004779739943669262
0.000477973994366362
0.0004779739943669871
0.0004779739943668784
0.0004779739943663076
0.0004779739943668829
0.0004779739943669241
0.000477973994366346
0.0004779739943669941
0.0004779739943668489
0.0004779739943662886
0.0004779739943668573
0.0004779739943669127
0.0004779739943663248
0.0004779739943669841
0.0004779739943668272
0.0004779739943662522
0.000477973994366443
0.0004779739943663936
0.0004779739943671013
0.0004779739943665273
0.0004779739943662548
0.0004779739943668235
0.0004779739943666498
0.0004779739943662486
0.000477973994366813
0.000477973994366851
0.0004779739943661253
0.0004779739943664498
0.0004779739943662854
0.0004779739943671135
0.0004779739943666749
0.0004779739943667915
0.0004779739943661995
0.0004779739943668337
0.0004779739943666496
0.0004779739943660673
0.0004779739943663702
0.0004779739943662742
0.0004779739943667859
0.0004779739943661456
0.0004779739943660222
0.0004779739943667815
0.0004779739943662451
0.0004779739943662392
0.0004779739943660276
0.0002360494210267038
0.0002360494210254286
0.0002360494210187831
0.0002360494210218092
0.0002360494210242065
0.0002360494210254209
0.0002360494210262095
0.0002360494210187466
0.0002360494210264236
0.0002360494210284488
0.0002360494210183921
0.0002360494210259813
0.0002360494210287142
0.0002360494210176066
0.000236049421026171
0.0002360494210284936
0.0002360494210179807
0.0002360494210247957
0.0002360494210279467
0.0002360494210170225
0.0002360494210257794
0.000236049421027904
0.0002360494210175684
0.0002360494210241831
0.0002360494210273977
0.0002360494210164501
0.0002360494210253027
0.0002360494210274915
0.0002360494210170627
0.000236049421020426
0.0002360494210232046
0.0002360494210263245
0.0002360494210203139
0.0002360494210216981
0.0002360494210246878
0.0002360494210269559
0.000236049421016873
0.0002360494210244064
0.000236049421027703
0.0002360494210160742
0.0002360494210206578
0.0002360494210229853
0.0002360494210268154
0.0002360494210241252
0.0002360494210277215
0.0002360494210166498
0.0002360494210255434
0.000236049421027326
0.0002360494210173168
0.0002360494210202013
0.0002360494210230761
0.0002360494210235907
0.0002360494210186818
0.0002360494210230598
0.0002360494210265577
0.0002360494210233106
0.0002360494210260607
0.000236049421020998
0.0001843491621215367
0.0001843491621611004
0.0001843491620890995
0.0001843491621080133
0.0001843491621354898
0.0001843491621398727
0.0001843491621623642
0.0001843491620931225
0.0001843491621204359
0.0001843491621591881
0.0001843491620927235
0.0001843491621183528
0.0001843491621619455
0.0001843491620868732
0.0001843491621186404
0.0001843491621582219
0.0001843491620884384
0.000184349162114968
0.0001843491621586485
0.0001843491620840152
0.0001843491621155243
0.0001843491621550874
0.000184349162084946
0.0001843491621114496
0.0001843491621548237
0.0001843491620804328
0.0001843491621121607
0.0001843491621525298
0.0001843491620812707
0.0001843491621042312
0.0001843491621348896
0.00018434916212178
0.0001843491620917442
0.0001843491621340784
0.0001843491621132595
0.0001843491621510915
0.0001843491620814601
0.0001843491621093873
0.0001843491621530641
0.000184349162078285
0.0001843491621069423
0.000184349162135309
0.0001843491621241695
0.0001843491620983432
0.0001843491621586129
0.0001843491620880312
0.0001843491621185154
0.0001843491621588975
0.0001843491620903142
0.0001843491621140963
0.0001843491621439887
0.0001843491621276681
0.0001843491620991752
0.0001843491621428334
0.0001843491621287953
0.0001843491620967171
0.0001843491621374962
0.0001843491621091302
0.0002082131901918921
0.0002082131902803742
0.0002082131901223443
0.0002082131901798075
0.0002082131902444494
0.000208213190247491
0.0002082131902831341
0.0002082131901304436
0.0002082131901972196
0.0002082131902730904
0.0002082131901298872
0.0002082131901914597
0.0002082131902827543
0.0002082131901112414
0.0002082131901971617
0.0002082131902722151
0.000208213190115094
0.0002082131901881791
0.0002082131902743764
0.0002082131901044834
0.0002082131901889475
0.000208213190264556
0.0002082131901057631
0.0002082131901794492
0.000208213190264458
0.0002082131900954047
0.0002082131901800176
0.0002082131902574559
0.0002082131900986427
0.000208213190167114
0.000208213190228476
0.0002082131901905152
0.0002082131901168495
0.0002082131902272323
0.000208213190183169
0.0002082131902547085
0.0002082131900969574
0.0002082131901740365
0.000208213190259186
0.0002082131900929472
0.0002082131901733853
0.0002082131902305918
0.0002082131901910847
0.0002082131901351683
0.0002082131902744531
0.0002082131901156646
0.0002082131901976548
0.0002082131902753406
0.0002082131901286949
0.0002082131901911405
0.0002082131902548228
0.0002082131902045476
0.0002082131901467134
0.000208213190252159
0.0002082131902060211
0.0002082131901433896
0.0002082131902717256
0.0002082131901130152
0.0002687766828371142
0.0002687766829114507
0.0002687766828408164
0.0002687766828082846
0.0002687766829053508
0.0002687766829041305
0.0002687766829122424
0.0002687766828540218
0.0002687766828160351
0.0002687766829025551
0.0002687766828458657
0.0002687766828105425
0.000268776682926947
0.0002687766827709029
0.0002687766828495896
0.000268776682914519
0.0002687766827704364
0.000268776682839463
0.0002687766829124305
0.0002687766827586571
0.0002687766828350121
0.0002687766829005771
0.0002687766827537701
0.0002687766828236864
0.0002687766828951438
0.0002687766827419576
0.0002687766828181149
0.0002687766828866718
0.0002687766827448554
0.000268776682810258
0.0002687766828611473
0.000268776682820161
0.0002687766827606455
0.0002687766828618641
0.0002687766828211779
0.0002687766828815111
0.0002687766827371172
0.0002687766828115109
0.0002687766828845422
0.0002687766827379454
0.0002687766828151057
0.0002687766828826465
0.0002687766827699312
0.0002687766828219193
0.0002687766829085084
0.0002687766827733042
0.0002687766828469438
0.0002687766829007249
0.0002687766828432637
0.0002687766828134031
0.0002687766829204733
0.0002687766827914064
0.0002687766828456105
0.0002687766829173185
0.0002687766827898338
0.0002687766828404151
0.0002687766829117072
0.0002687766827594674
0.0003482664751063977
0.0003482664751708008
0.0003482664751271777
0.0003482664750999771
0.0003482664751716544
0.0003482664751654258
0.0003482664751730017
0.0003482664751309829
0.0003482664751006979
0.0003482664751623984
0.0003482664751306783
0.0003482664750894232
0.0003482664751772105
0.0003482664750645615
0.0003482664751190946
0.000348266475161683
0.0003482664750604917
0.0003482664751062063
0.0003482664751558344
0.0003482664750458702
0.0003482664750974241
0.0003482664751401849
0.0003482664750355272
0.000348266475082665
0.0003482664751306001
0.0003482664750204319
0.0003482664750712207
0.0003482664751168732
0.0003482664750264368
0.0003482664750689988
0.00034826647509859
0.0003482664750710311
0.0003482664750283491
0.0003482664750977026
0.0003482664750725126
0.0003482664751103047
0.000348266475008824
0.0003482664750615101
0.000348266475112706
0.0003482664750126557
0.0003482664750685959
0.0003482664751204438
0.0003482664750292355
0.00034826647508291
0.0003482664751433075
0.0003482664750634676
0.0003482664751145069
0.0003482664751518955
0.0003482664751203534
0.0003482664750883597
0.0003482664751678512
0.0003482664750709603
0.0003482664751208716
0.0003482664751649744
0.0003482664750701456
0.0003482664751171092
0.0003482664751544907
0.0003482664750496077
0.0004406388696298179
0.000440638869678371
0.0004406388696504886
0.00044063886965001
0.0004406388696853996
0.0004406388696725242
0.0004406388696833312
0.0004406388696556768
0.0004406388696403862
0.0004406388696743651
0.0004406388696563677
0.0004406388696249303
0.0004406388696781425
0.0004406388696125497
0.0004406388696371939
0.0004406388696599838
0.0004406388696039736
0.0004406388696203445
0.0004406388696496769
0.00044063886958625
0.0004406388696070279
0.0004406388696296337
0.0004406388695696667
0.0004406388695879455
0.0004406388696151044
0.000440638869551404
0.0004406388695710759
0.0004406388695904502
0.0004406388695671265
0.0004406388695665891
0.0004406388695837181
0.0004406388695689943
0.0004406388695442428
0.0004406388695800346
0.0004406388695678497
0.0004406388695864035
0.0004406388695305679
0.0004406388695549985
0.0004406388695884827
0.0004406388695356888
0.0004406388695637758
0.0004406388695999019
0.0004406388695501367
0.000440638869580444
0.0004406388696228524
0.0004406388696082271
0.0004406388696287371
0.000440638869648008
0.0004406388696339265
0.0004406388696130829
0.0004406388696552629
0.0004406388696051605
0.0004406388696330492
0.0004406388696533506
0.0004406388696085455
0.0004406388696359347
0.0004406388696409375
0.000440638869604358
0.0005453680707932318
0.0005453680708216078
0.0005453680707986343
0.000545368070833127
0.0005453680708363145
0.0005453680708132323
0.0005453680708288547
0.0005453680708170175
0.0005453680708065674
0.0005453680708244512
0.0005453680708164049
0.0005453680707894732
0.0005453680708201218
0.0005453680707933543
0.0005453680707852682
0.0005453680708004023
0.0005453680707788642
0.0005453680707626882
0.0005453680707860211
0.0005453680707574729
0.0005453680707458922
0.0005453680707582933
0.0005453680707338836
0.0005453680707204684
0.0005453680707379669
0.0005453680707131544
0.0005453680707018567
0.0005453680707113091
0.000545368070697027
0.0005453680707083676
0.0005453680707107604
0.0005453680706853792
0.0005453680706931049
0.0005453680707030531
0.0005453680706813786
0.0005453680706989029
0.0005453680706814521
0.0005453680706723309
0.0005453680707039772
0.0005453680706843955
0.0005453680706819483
0.0005453680707158246
0.0005453680707000489
0.0005453680707016098
0.0005453680707491879
0.0005453680707473138
0.0005453680707726453
0.0005453680707744521
0.0005453680707757689
0.0005453680707609618
0.0005453680707752182
0.0005453680707614355
0.0005453680707703389
0.0005453680707736037
0.0005453680707763058
0.0005453680707865158
0.0005453680707765151
0.0005453680707577434
0.000665125206275758
0.0006651252062846451
0.000665125206249093
0.000665125206329856
0.0006651252063058356
0.0006651252062680919
0.000665125206287055
0.000665125206305718
0.0006651252062670216
0.0006651252062904614
0.0006651252063050238
0.000665125206244269
0.0006651252062954803
0.0006651252062741858
0.0006651252062368016
0.0006651252062743288
0.0006651252062532712
0.0006651252062047327
0.0006651252062605745
0.0006651252062262949
0.0006651252061884801
0.0006651252062131757
0.0006651252061942365
0.0006651252061547095
0.0006651252061851076
0.0006651252061710005
0.0006651252061388027
0.0006651252061462054
0.0006651252061292685
0.0006651252061493923
0.000665125206164428
0.0006651252061113728
0.0006651252061324173
0.0006651252061494891
0.0006651252061010026
0.0006651252061278617
0.0006651252061369214
0.0006651252060844944
0.0006651252061544749
0.0006651252061239333
0.0006651252060963024
0.0006651252061604609
0.0006651252061442942
0.000665125206129272
0.0006651252061950564
0.0006651252061890366
0.0006651252062187925
0.0006651252062133605
0.0006651252062238113
0.0006651252062001402
0.000665125206213276
0.0006651252062085986
0.000665125206212518
0.000665125206205378
0.0006651252062533011
0.0006651252062445814
0.0006651252062307009
0.0006651252062235214
0.0008057067271669949
0.0008057067271743225
0.0008057067271286149
0.000805706727231219
0.0008057067271955318
0.0008057067271462629
0.000805706727174759
0.0008057067272033338
0.0008057067271486914
0.0008057067271752456
0.0008057067272072904
0.0008057067271305372
0.0008057067271620317
0.0008057067271813713
0.0008057067271197787
0.0008057067271453792
0.0008057067271565448
0.0008057067270731623
0.0008057067271516397
0.0008057067271064921
0.0008057067270554306
0.0008057067270883624
0.0008057067270672841
0.0008057067270077777
0.0008057067270710844
0.000805706727038435
0.0008057067269946163
0.000805706726999101
0.0008057067269800515
0.0008057067270063761
0.0008057067270288278
0.00080570672695655
0.0008057067269851303
0.0008057067270053483
0.0008057067269407863
0.000805706726973126
0.0008057067269960436
0.0008057067269203282
0.0008057067270131548
0.000805706726970657
0.0008057067269298359
0.000805706727025469
0.0008057067269974408
0.0008057067269771115
0.0008057067270555768
0.000805706727038263
0.0008057067270910331
0.0008057067270626213
0.0008057067270935164
0.000805706727051455
0.0008057067270767824
0.0008057067270722826
0.0008057067270714897
0.0008057067270723789
0.0008057067271461524
0.0008057067271278474
0.0008057067271070939
0.0008057067271476002
0.000976696356931979
0.0009766963569691003
0.0009766963569134866
0.0009766963570118777
0.0009766963569807475
0.0009766963569260391
0.0009766963569557523
0.0009766963569866377
0.0009766963569322897
0.0009766963569528954
0.000976696356997447
0.0009766963569119362
0.0009766963569455586
0.0009766963569681735
0.0009766963568998263
0.0009766963569156743
0.0009766963569392778
0.0009766963568438498
0.0009766963569279371
0.0009766963568775999
0.000976696356826941
0.0009766963568342039
0.0009766963568466891
0.0009766963567588445
0.0009766963568424037
0.000976696356793117
0.0009766963567455996
0.0009766963567437636
0.0009766963567261935
0.0009766963567476978
0.0009766963567768665
0.000976696356694986
0.0009766963567226375
0.0009766963567419194
0.0009766963566743177
0.0009766963567024401
0.000976696356735592
0.0009766963566524198
0.0009766963567454307
0.0009766963567007789
0.0009766963566612578
0.0009766963567606844
0.0009766963567342062
0.0009766963567188339
0.0009766963567953149
0.0009766963567894441
0.0009766963568144198
0.0009766963568050167
0.0009766963568125587
0.0009766963567830089
0.0009766963568516593
0.000976696356831316
0.0009766963568046585
0.0009766963568424915
0.0009766963569264894
0.0009766963569022764
0.0009766963569093283
0.000976696356944145
0.001191697039148495
0.001191697039187621
0.001191697039131334
0.00119169703919472
0.001191697039191157
0.001191697039137131
0.001191697039158728
0.00119169703918295
0.001191697039148658
0.001191697039154504
0.001191697039199956
0.001191697039125098
0.001191697039153704
0.001191697039170555
0.001191697039104408
0.001191697039110694
0.00119169703913311
0.001191697039046152
0.001191697039105552
0.001191697039074317
0.001191697039020693
0.00119169703901139
0.001191697039020704
0.001191697038944067
0.001191697039001089
0.001191697038970392
0.001191697038921914
0.001191697038908689
0.001191697038894343
0.001191697038905892
0.001191697038930276
0.00119169703885609
0.001191697038871727
0.001191697038883701
0.001191697038827232
0.001191697038845738
0.001191697038879229
0.001191697038810224
0.001191697038868129
0.001191697038846665
0.001191697038816875
0.001191697038887104
0.0011916970388867
0.001191697038880362
0.001191697038938274
0.001191697038953308
0.001191697038949306
0.001191697038962838
0.001191697038974496
0.001191697038952156
0.001191697038984226
0.001191697039004927
0.001191697038963406
0.001191697039032167
0.001191697039098164
0.001191697039109499
0.001191697039144057
0.001191697039166412
0.001467422472433489
0.001467422472480983
0.001467422472400063
0.001467422472413751
0.001467422472467868
0.001467422472403016
0.001467422472407889
0.001467422472443648
0.001467422472425711
0.001467422472405595
0.001467422472462137
0.001467422472395719
0.001467422472405959
0.001467422472444989
0.001467422472341533
0.001467422472360155
0.001467422472391341
0.001467422472290233
0.001467422472323754
0.001467422472340257
0.001467422472251793
0.001467422472247121
0.001467422472247375
0.001467422472182618
0.001467422472187547
0.001467422472214373
0.001467422472155655
0.001467422472104096
0.001467422472094417
0.001467422472104211
0.00146742247213559
0.001467422472056398
0.001467422472061009
0.001467422472077662
0.001467422472010538
0.001467422472030242
0.001467422472069159
0.001467422472005793
0.001467422472013084
0.001467422472040252
0.001467422472013395
0.00146742247202489
0.001467422472100966
0.001467422472077482
0.001467422472096824
0.001467422472170411
0.001467422472123287
0.00146742247214584
0.001467422472191886
0.001467422472151894
0.001467422472147631
0.001467422472192238
0.001467422472155583
0.00146742247220665
0.001467422472309249
0.001467422472327016
0.001467422472356591
0.001467422472454754
0.001822685198981796
0.001822685199058973
0.001822685198912754
0.00182268519887506
0.001822685199029673
0.001822685198898569
0.001822685198915499
0.001822685198996239
0.001822685198971978
0.001822685198859246
0.001822685199021777
0.001822685198904267
0.001822685198915858
0.00182268519901665
0.001822685198777562
0.001822685198866055
0.001822685198967927
0.001822685198712229
0.001822685198811503
0.001822685198899222
0.001822685198641275
0.001822685198730561
0.001822685198799674
0.001822685198664418
0.001822685198628619
0.001822685198708486
0.001822685198652593
0.001822685198500287
0.001822685198505594
0.001822685198529096
0.001822685198625982
0.001822685198481702
0.001822685198480302
0.001822685198563255
0.001822685198376095
0.001822685198451624
0.001822685198533448
0.001822685198393579
0.001822685198427055
0.001822685198483207
0.001822685198436967
0.001822685198387628
0.001822685198570518
0.001822685198479517
0.001822685198469426
0.001822685198641067
0.001822685198500275
0.001822685198549592
0.001822685198659654
0.001822685198564121
0.001822685198500243
0.001822685198633031
0.001822685198536437
0.001822685198560556
0.001822685198765254
0.001822685198796323
0.001822685198764788
0.001822685199016798
0.002275328256435072
0.002275328256578589
0.002275328256321118
0.00227532825623658
0.002275328256505222
0.002275328256290321
0.002275328256235315
0.002275328256477403
0.0022753282564037
0.002275328256208953
0.002275328256503453
0.002275328256319353
0.002275328256225392
0.002275328256504243
0.002275328256106109
0.002275328256273201
0.002275328256494935
0.002275328255975655
0.002275328256204225
0.002275328256371489
0.002275328255900269
0.002275328256115258
0.002275328256276508
0.002275328256064278
0.002275328256099694
0.002275328256081077
0.002275328256044241
0.002275328255800365
0.002275328255900141
0.00227532825575003
0.002275328256015074
0.002275328255825823
0.002275328255692911
0.00227532825595298
0.002275328255610788
0.002275328255763535
0.002275328255946369
0.002275328255560923
0.002275328255692842
0.002275328255823608
0.002275328255705123
0.002275328255756121
0.002275328255987737
0.002275328255610674
0.002275328255784176
0.002275328255967842
0.0022753282558532
0.002275328255766674
0.002275328256018316
0.002275328255804481
0.002275328255697746
0.002275328255942845
0.002275328255754488
0.00227532825573962
0.002275328256091138
0.002275328256117209
0.002275328256023056
0.002275328256500701
0.002838677761360277
0.002838677761648761
0.002838677761199573
0.00283867776109163
0.002838677761509001
0.002838677761179664
0.00283867776106857
0.002838677761480468
0.002838677761308638
0.002838677761038228
0.002838677761525844
0.002838677761212315
0.002838677761037537
0.002838677761439311
0.002838677761132629
0.002838677761031001
0.002838677761578914
0.002838677760726995
0.002838677761099003
0.002838677761364398
0.0028386777605993
0.002838677760968679
0.00283867776128894
0.002838677761045489
0.002838677761076668
0.002838677760852806
0.002838677760784362
0.002838677760891583
0.002838677760681802
0.002838677760453913
0.002838677760923503
0.002838677760723531
0.002838677760404136
0.002838677760852261
0.002838677760308056
0.002838677760518808
0.002838677760851903
0.002838677760240281
0.002838677760462478
0.002838677760697615
0.002838677760436236
0.002838677760546304
0.002838677760909061
0.002838677760218175
0.002838677760560992
0.002838677760870963
0.002838677760419312
0.00283867776060253
0.00283867776088089
0.002838677760468463
0.002838677760348723
0.002838677760724041
0.002838677760351229
0.002838677760338512
0.00283867776086915
0.002838677760866308
0.002838677760707137
0.002838677761499554
0.003518000515023308
0.003518000515534634
0.003518000514632317
0.003518000514655558
0.003518000515238746
0.003518000514741285
0.003518000514540569
0.00351800051523743
0.003518000514887046
0.003518000514485324
0.003518000515294635
0.003518000514828121
0.0035180005144997
0.003518000515147525
0.003518000514727253
0.003518000514508192
0.003518000515479942
0.003518000514061306
0.003518000514697541
0.003518000515113356
0.00351800051389257
0.003518000514441474
0.003518000515027043
0.003518000514804077
0.003518000514807891
0.003518000514398934
0.003518000513901879
0.003518000514572238
0.003518000514097281
0.003518000513758291
0.003518000514581368
0.003518000514346373
0.003518000513757556
0.003518000514382155
0.003518000513948616
0.003518000513678266
0.003518000514516733
0.003518000513539267
0.003518000513929249
0.00351800051434957
0.003518000513624983
0.003518000513980578
0.00351800051458373
0.003518000513407891
0.003518000514000166
0.003518000514549636
0.003518000513433271
0.003518000514029639
0.003518000514623895
0.003518000513388905
0.003518000513867023
0.003518000514345178
0.003518000513158164
0.003518000513723613
0.003518000514313445
0.003518000514162099
0.00351800051396059
0.003518000515149238
0.00430324215174401
0.004303242152887221
0.004303242150295468
0.00430324215147249
0.004303242152052182
0.004303242151132052
0.004303242150882547
0.004303242152132023
0.004303242151437261
0.004303242150749636
0.004303242152150674
0.004303242151298908
0.00430324215083721
0.004303242151959199
0.004303242151279842
0.004303242150869529
0.004303242152587751
0.004303242150110556
0.004303242151270767
0.004303242152015501
0.00430324214997724
0.004303242150823222
0.004303242151767415
0.004303242151583092
0.004303242151684322
0.004303242150699742
0.004303242150199705
0.004303242151324511
0.004303242150555084
0.004303242149880921
0.004303242151345195
0.004303242150960179
0.004303242149968613
0.00430324215109526
0.004303242150224023
0.004303242149836161
0.004303242151483767
0.004303242149240635
0.004303242150344302
0.004303242151221151
0.004303242149384762
0.004303242150386234
0.004303242151485128
0.004303242149165301
0.004303242150387024
0.004303242151353021
0.004303242149366673
0.004303242150399751
0.00430324215142977
0.004303242149189369
0.004303242150251448
0.004303242151060179
0.0043032421488463
0.004303242149971293
0.004303242150923387
0.00430324215008334
0.004303242150472762
0.00430324215177754
0.00515695196042476
0.005156951962030213
0.00515695195777988
0.005156951959887511
0.005156951961272685
0.005156951958083374
0.005156951959562558
0.005156951960997075
0.005156951959860514
0.005156951958682891
0.005156951961230199
0.005156951958465041
0.005156951959492448
0.005156951960769415
0.00515695195960028
0.005156951958954375
0.00515695196180494
0.005156951957735964
0.005156951959533255
0.00515695196090998
0.00515695195765144
0.005156951959044127
0.005156951960180643
0.005156951960148482
0.005156951960494749
0.005156951958807106
0.005156951958128432
0.005156951960103013
0.005156951958594828
0.00515695195776531
0.005156951960070457
0.005156951959368659
0.00515695195777456
0.005156951959825256
0.005156951958325451
0.005156951957647687
0.005156951960441174
0.005156951956836342
0.005156951958460277
0.005156951960037424
0.005156951957340452
0.005156951958513721
0.005156951960430159
0.005156951956638151
0.005156951958612128
0.005156951960298719
0.005156951956900128
0.005156951958666057
0.005156951960341541
0.005156951956615885
0.005156951958535922
0.005156951959972149
0.00515695195623377
0.005156951958231499
0.005156951959973189
0.005156951956820353
0.005156951958598771
0.005156951960535258
0.006027841973289601
0.006027841975031686
0.006027841969247176
0.006027841972086392
0.00602784197442601
0.006027841969430343
0.006027841971855396
0.006027841973889231
0.006027841971981908
0.00602784197063121
0.006027841974361294
0.00602784196942384
0.006027841971682433
0.006027841973617686
0.006027841971811831
0.006027841971009746
0.006027841975240969
0.006027841969328661
0.006027841971517674
0.00602784197356098
0.006027841969485217
0.006027841971598622
0.006027841972042423
0.006027841972443515
0.006027841973992473
0.006027841969107706
0.006027841971136646
0.006027841973619324
0.006027841968498183
0.0060278419706341
0.006027841972838733
0.006027841971668557
0.006027841969469859
0.006027841972661842
0.006027841970372155
0.006027841969364915
0.006027841973521512
0.006027841968380469
0.006027841970422788
0.006027841972449084
0.006027841971320599
0.006027841969450607
0.00602784197352368
0.00602784196804514
0.006027841970846441
0.006027841973449156
0.00602784196839477
0.006027841970984904
0.006027841973467075
0.006027841968058292
0.006027841970909657
0.006027841973154002
0.006027841967741229
0.006027841970611014
0.006027841973139393
0.006027841968062535
0.006027841970847618
0.00602784197358718
0.006876003054653068
0.006876003058584432
0.006876003050871386
0.006876003054602283
0.006876003057985299
0.006876003051384858
0.006876003054639186
0.006876003057991482
0.006876003051502352
0.006876003054392526
0.006876003057758101
0.006876003051332811
0.006876003054197102
0.00687600305685698
0.006876003054387076
0.006876003053522439
0.006876003059257577
0.006876003051497609
0.006876003053625555
0.006876003055490942
0.006876003053519804
0.006876003055595966
0.006876003053200203
0.006876003054577163
0.006876003057520078
0.006876003050825048
0.006876003053837175
0.006876003057154509
0.006876003050268309
0.006876003053281247
0.006876003056055249
0.006876003054459641
0.006876003051631935
0.006876003055964956
0.006876003052857126
0.006876003051544653
0.00687600305706606
0.00687600305044278
0.006876003052924626
0.006876003055691742
0.006876003054052726
0.006876003051573175
0.006876003057099365
0.006876003049964003
0.006876003053529491
0.006876003057093668
0.006876003050463706
0.00687600305375113
0.006876003057045703
0.006876003050319318
0.006876003053770573
0.006876003056861584
0.006876003049983187
0.00687600305352027
0.006876003056841546
0.006876003049978482
0.006876003053806431
0.006876003057976966
0.007678702352938475
0.007678702357580433
0.007678702348436714
0.00767870235265644
0.007678702357032115
0.007678702349071074
0.007678702352837267
0.007678702357005926
0.007678702348721585
0.007678702352708345
0.007678702356560657
0.007678702349285845
0.007678702352266708
0.007678702355618195
0.007678702352528443
0.007678702351551744
0.00767870235875989
0.007678702349706405
0.007678702351318753
0.007678702353031696
0.00767870235200258
0.007678702355814968
0.007678702348445201
0.007678702352373966
0.007678702356487703
0.00767870234834584
0.007678702351874399
0.007678702355937454
0.007678702348534042
0.007678702351211619
0.007678702354828103
0.00767870235293899
0.007678702349453622
0.007678702354820378
0.007678702350953778
0.007678702349376202
0.007678702356135196
0.007678702348229204
0.007678702351037773
0.007678702354499041
0.00767870235234704
0.007678702349445018
0.00767870235619785
0.007678702347595489
0.007678702351786356
0.00767870235626778
0.007678702348307402
0.007678702352098339
0.007678702356224483
0.007678702348219373
0.007678702352209146
0.007678702356160304
0.007678702347921477
0.007678702351984257
0.007678702356077476
0.007678702347898826
0.007678702352171472
0.007678702356658517
0.008425926955739986
0.00842592695900694
0.00842592694870462
0.008425926953236244
0.008425926958492348
0.008425926949417767
0.008425926953488691
0.008425926958392197
0.008425926948980079
0.008425926953387515
0.008425926957835981
0.008425926949863048
0.008425926952887908
0.008425926956869022
0.008425926953388289
0.008425926951733305
0.008425926959437674
0.008425926954890445
0.008425926950689206
0.008425926953398081
0.008425926950593764
0.008425926957416873
0.008425926948145883
0.008425926952894213
0.008425926957882326
0.008425926948449885
0.008425926952299588
0.008425926956187902
0.00842592695249712
0.008425926949926896
0.008425926956081358
0.008425926954024438
0.008425926949894039
0.008425926956152956
0.008425926951624172
0.008425926949821383
0.00842592695764419
0.008425926948691166
0.008425926951698985
0.008425926955794973
0.00842592695328789
0.008425926949923139
0.00842592695771547
0.008425926947884417
0.008425926952562494
0.008425926957873146
0.008425926948868253
0.008425926952974418
0.008425926957920452
0.008425926948583157
0.008425926953158335
0.008425926957994006
0.008425926948172719
0.008425926952844541
0.008425926957495614
0.008425926949392839
0.00842592695312663
0.008425926956003141
0.009114754644962959
0.00911475464965633
0.009114754638466798
0.009114754643195834
0.009114754649209265
0.00911475463924737
0.00911475464349985
0.00911475464919175
0.009114754638463436
0.009114754643411617
0.009114754648501904
0.00911475463961242
0.009114754642936691
0.009114754647520176
0.009114754643769743
0.009114754641392683
0.009114754649038739
0.009114754644967644
0.009114754644512542
0.00911475464275292
0.00911475464030783
0.009114754647905864
0.009114754638483389
0.009114754642896008
0.009114754648524263
0.009114754638008142
0.009114754642340826
0.00911475464672425
0.009114754642427482
0.009114754639581077
0.009114754646665734
0.009114754644501528
0.009114754639784358
0.009114754646792622
0.009114754641706486
0.009114754639716434
0.009114754648426822
0.009114754638642175
0.009114754641747153
0.009114754646412853
0.00911475464367837
0.009114754639826285
0.009114754648469199
0.009114754637639111
0.009114754642702668
0.009114754648726771
0.009114754638914759
0.009114754643208616
0.009114754648899152
0.009114754638432532
0.009114754643388177
0.009114754648843914
0.00911475463838444
0.009114754642961461
0.009114754646878487
0.009114754643831375
0.009114754644208021
0.009114754644769687
0.009745426727459273
0.009745426733255211
0.00974542672137303
0.009745426726217234
0.009745426732872604
0.009745426722211403
0.009745426726537587
0.009745426732871151
0.009745426721458781
0.009745426726469749
0.0097454267321728
0.009745426722444397
0.009745426726240451
0.009745426732197006
0.009745426724151324
0.009745426726134661
0.009745426731728044
0.00974542672880996
0.009745426731226987
0.009745426721859383
0.009745426725311819
0.009745426731570717
0.009745426721482292
0.009745426725918238
0.00974542673199943
0.009745426721211856
0.009745426725495164
0.009745426730346599
0.009745426725224276
0.009745426722573133
0.009745426730250119
0.009745426727992527
0.009745426722788079
0.009745426730411764
0.009745426724868762
0.009745426722731189
0.009745426732167479
0.00974542672173432
0.009745426724861853
0.009745426730028798
0.009745426727159289
0.009745426722820126
0.00974542673213055
0.009745426720532748
0.009745426725896083
0.009745426732494877
0.009745426721982359
0.009745426726399605
0.00974542673276454
0.009745426721826194
0.009745426726592015
0.009745426732169247
0.009745426722432615
0.009745426726696848
0.00974542672934295
0.009745426728909948
0.00974542673141697
0.009745426723570254
0.01031921645939988
0.01031921646589853
0.01031921645347746
0.01031921645837532
0.01031921646556818
0.0103192164543601
0.01031921645870202
0.01031921646557761
0.0103192164536479
0.01031921645863622
0.01031921646486208
0.01031921645451393
0.01031921645857157
0.01031921646555879
0.01031921645504257
0.0103192164586552
0.01031921646290222
0.01031921646202603
0.0103192164646772
0.01031921645314787
0.01031921645785235
0.01031921646441205
0.010319216453275
0.01031921645793688
0.01031921646393815
0.01031921645604441
0.01031921645754254
0.01031921646305189
0.01031921645748863
0.01031921645476178
0.01031921646290626
0.01031921646053012
0.01031921645496547
0.01031921646308069
0.01031921645717301
0.01031921645493328
0.01031921646495041
0.01031921645402122
0.01031921645712145
0.01031921646272093
0.01031921645977463
0.01031921645496867
0.01031921646476847
0.01031921645277278
0.01031921645823663
0.01031921646526866
0.01031921645396329
0.01031921645851731
0.01031921646516566
0.01031921645628839
0.01031921645893132
0.01031921646297596
0.01031921645842791
0.01031921646102795
0.0103192164603092
0.01031921646134798
0.01031921646508575
0.01031921645456645
0.01083745505334413
0.01083745506029964
0.01083745504747042
0.01083745505237466
0.01083745506000834
0.01083745504836852
0.01083745505270165
0.01083745506003138
0.01083745504767948
0.01083745505263838
0.01083745505932668
0.01083745504827648
0.01083745505241709
0.01083745505978084
0.01083745505071569
0.01083745505399658
0.01083745505569494
0.0108374550549504
0.01083745505882688
0.01083745504842974
0.01083745505200388
0.01083745505902305
0.01083745504701618
0.0108374550518186
0.01083745505749834
0.0108374550523345
0.01083745504948381
0.01083745505754128
0.01083745505176189
0.01083745504883032
0.0108374550573418
0.0108374550547899
0.01083745504901058
0.01083745505750213
0.01083745505131545
0.01083745504902332
0.01083745505948781
0.01083745504817827
0.01083745505123704
0.01083745505719917
0.01083745505420749
0.01083745504897217
0.01083745505899049
0.01083745504767432
0.01083745505245026
0.01083745505981792
0.01083745504761972
0.01083745505226482
0.01083745505848075
0.01083745505466698
0.01083745505273215
0.01083745505558528
0.01083745505304398
0.01083745505871665
0.0108374550501668
0.01083745505397493
0.01083745505938846
0.01083745505000985
0.01130115624173864
0.01130115624902677
0.01130115623590357
0.01130115624077583
0.01130115624875989
0.01130115623677101
0.01130115624109051
0.01130115624880255
0.01130115623617586
0.01130115624106456
0.01130115624819548
0.01130115623632704
0.0113011562403835
0.01130115624666946
0.01130115624402034
0.01130115624552314
0.01130115624267818
0.01130115623974503
0.0113011562473216
0.01130115623788407
0.01130115624051081
0.01130115624779509
0.01130115623591466
0.01130115624025565
0.01130115624619336
0.01130115624108839
0.01130115623765916
0.01130115624637752
0.01130115624045993
0.01130115623734662
0.01130115624612474
0.01130115624331452
0.01130115623747761
0.01130115624624298
0.01130115623986081
0.01130115623755866
0.01130115624834339
0.01130115623671285
0.01130115623977731
0.01130115624602785
0.01130115624300717
0.01130115623745111
0.0113011562476705
0.01130115623696558
0.01130115624109269
0.01130115624876578
0.01130115623589685
0.01130115624043877
0.01130115624641014
0.01130115624506655
0.01130115624685274
0.01130115623918255
0.01130115624163272
0.01130115624862485
0.01130115623722669
0.01130115624177447
0.01130115624813338
0.01130115623932418
0.01171090300834423
0.01171090301588784
0.01171090300257201
0.01171090300737862
0.01171090301562915
0.01171090300335333
0.01171090300766173
0.0117109030156924
0.01171090300297113
0.01171090300772532
0.01171090301527536
0.01171090300302878
0.01171090300700192
0.0117109030132805
0.0117109030123047
0.01171090301494114
0.01171090300477876
0.01171090300738955
0.01171090301412572
0.01171090300519835
0.0117109030072438
0.0117109030148114
0.01171090300284741
0.0117109030069225
0.01171090301309034
0.01171090300826463
0.0117109030043335
0.01171090301333582
0.01171090300727764
0.01171090300411613
0.01171090301306514
0.01171090300990921
0.01171090300416581
0.01171090301311575
0.01171090300664227
0.01171090300433342
0.01171090301532246
0.01171090300334944
0.01171090300655218
0.01171090301300773
0.01171090300993547
0.01171090300423419
0.01171090301469268
0.01171090300399214
0.01171090300788434
0.01171090301584926
0.01171090300316488
0.01171090300731511
0.01171090301290043
0.01171090301283187
0.01171090301550442
0.01171090300391823
0.01171090300822507
0.01171090301593546
0.011710903003698
0.01171090300821341
0.01171090301515239
0.01171090300622822
0.01206682686949323
0.01206682687723037
0.01206682686381383
0.01206682686852323
0.01206682687696407
0.01206682686445622
0.01206682686875301
0.01206682687703186
0.01206682686435299
0.01206682686895318
0.01206682687702318
0.01206682686444579
0.01206682686855583
0.01206682687450186
0.01206682687348054
0.01206682687706255
0.01206682686482674
0.01206682686854839
0.01206682687551313
0.01206682686684961
0.01206682686855195
0.01206682687645587
0.01206682686390316
0.01206682686815197
0.01206682687452706
0.01206682687005638
0.01206682686561323
0.01206682687476034
0.01206682686855145
0.01206682686547135
0.01206682687451126
0.01206682687097415
0.01206682686541458
0.01206682687447351
0.01206682686808575
0.01206682686567808
0.01206682687678374
0.01206682686437992
0.0120668268679166
0.01206682687448816
0.01206682687119657
0.0120668268656148
0.01206682687624446
0.0120668268654256
0.01206682686900506
0.01206682687706477
0.01206682686624467
0.0120668268695885
0.01206682687361898
0.01206682687400701
0.01206682687750613
0.01206682686445099
0.01206682686933108
0.01206682687748448
0.01206682686510648
0.01206682686937433
0.01206682687670882
0.01206682686737119
0.01236860482990309
0.01236860483777773
0.01236860482434608
0.01236860482892757
0.01236860483749166
0.0123686048248113
0.01236860482908727
0.01236860483752979
0.0123686048249154
0.01236860482935416
0.01236860483789973
0.01236860482574438
0.01236860482977442
0.01236860483451283
0.01236860483343118
0.01236860483787776
0.01236860482502572
0.01236860482894246
0.01236860483618213
0.01236860482760912
0.0123686048291247
0.01236860483728324
0.01236860482430778
0.01236860482867458
0.01236860483521111
0.01236860483102021
0.01236860482618461
0.01236860483539232
0.01236860482913508
0.01236860482611008
0.01236860483518389
0.01236860483132438
0.01236860482594608
0.01236860483503665
0.01236860482898537
0.01236860482630164
0.0123686048374426
0.01236860482465273
0.01236860482859724
0.01236860483520976
0.0123686048313743
0.01236860482622831
0.01236860483664378
0.01236860482730742
0.01236860482886085
0.01236860483600298
0.01236860483126484
0.0123686048326545
0.01236860483264028
0.01236860483355344
0.01236860483832419
0.01236860482480742
0.0123686048297345
0.01236860483814466
0.01236860482568569
0.01236860482986227
0.01236860483747375
0.0123686048276785
0.01261544471367662
0.01261544472163561
0.01261544470827033
0.01261544471269465
0.01261544472132394
0.01261544470854404
0.01261544471278058
0.01261544472129811
0.01261544470865495
0.01261544471288778
0.01261544472144593
0.01261544471182621
0.01261544471522451
0.01261544471734381
0.01261544471611104
0.01261544472184142
0.01261544470884109
0.0126154447127746
0.01261544472022881
0.01261544471156281
0.01261544471305299
0.01261544472136715
0.01261544470828322
0.01261544471259633
0.01261544471922711
0.01261544471518757
0.01261544471014201
0.01261544471934555
0.01261544471332337
0.01261544471011781
0.01261544471918571
0.01261544471512263
0.01261544470989482
0.01261544471899419
0.01261544471293824
0.01261544471027262
0.0126154447213245
0.01261544470871057
0.01261544471265325
0.01261544471929656
0.01261544471467727
0.0126154447101812
0.0126154447195477
0.01261544471433233
0.01261544471044999
0.01261544471909577
0.01261544471771181
0.01261544472034386
0.01261544471238896
0.01261544471552223
0.01261544472229855
0.01261544470874357
0.01261544471354849
0.01261544472206516
0.01261544470940626
0.01261544471373285
0.01261544472152712
0.01261544471135411
0.01280604774833838
0.0128060477563295
0.01280604774311019
0.01280604774735056
0.01280604775599382
0.01280604774320573
0.01280604774737588
0.0128060477558928
0.01280604774316955
0.0128060477471054
0.0128060477542053
0.01280604775114912
0.01280604775288884
0.01280604775128926
0.01280604774738379
0.01280604775657343
0.01280604774360882
0.01280604774755521
0.01280604775517617
0.01280604774621195
0.01280604774786709
0.0128060477562699
0.01280604774322474
0.01280604774744051
0.01280604775409037
0.01280604775003557
0.01280604774502058
0.01280604775417306
0.01280604774847782
0.01280604774502604
0.01280604775404548
0.01280604774983809
0.01280604774477833
0.01280604775382685
0.01280604774766141
0.01280604774505269
0.01280604775571038
0.01280604774479271
0.01280604774734445
0.01280604775426635
0.01280604774899424
0.01280604774519501
0.01280604775435045
0.01280604774921965
0.01280604774514752
0.01280604775359835
0.01280604775352234
0.01280604775663229
0.01280604774534682
0.01280604774930992
0.01280604775707355
0.01280604774362639
0.01280604774828124
0.0128060477567838
0.01280604774402795
0.01280604774848957
0.01280604775638404
0.01280604774596463
0.01293854199162679
0.01293854199959599
0.01293854198660386
0.01293854199063598
0.01293854199924487
0.01293854198655904
0.01293854199062307
0.01293854199908157
0.01293854198648313
0.01293854199037782
0.01293854199742522
0.01293854199610743
0.01293854199767487
0.0129385419933575
0.01293854198976174
0.01293854199989966
0.012938541987043
0.01293854199100085
0.01293854199873229
0.01293854198945371
0.01293854199126846
0.01293854199962477
0.01293854198721114
0.01293854199092415
0.01293854199754183
0.01293854199324646
0.01293854198856764
0.01293854199760782
0.01293854199218572
0.01293854198858758
0.01293854199750302
0.01293854199312723
0.01293854198833074
0.01293854199727141
0.01293854199098083
0.01293854198838677
0.01293854199761346
0.01293854199211109
0.01293854198900556
0.01293854199782584
0.01293854199231489
0.01293854198891667
0.01293854199757089
0.0129385419931064
0.0129385419895491
0.01293854199673611
0.01293854199661713
0.01293854200048261
0.01293854198815561
0.01293854199229277
0.01293854200041721
0.01293854198715977
0.01293854199164539
0.01293854199995754
0.012938541988032
0.01293854199186168
0.01293854199977991
0.01293854198926856
0.01301416409433857
0.01301416410223497
0.01301416408953764
0.0130141640933505
0.01301416410188244
0.01301416408940379
0.01301416409331309
0.01301416410164769
0.01301416408955266
0.01301416409337459
0.01301416410051471
0.01301416409908575
0.01301416410097068
0.0130141640953234
0.01301416409228423
0.01301416410262531
0.01301416408994435
0.01301416409390077
0.01301416410170277
0.01301416409211137
0.01301416409400735
0.01301416410187631
0.01301416409210845
0.01301416409364917
0.01301416410039378
0.01301416409560144
0.01301416409157092
0.0130141641004309
0.01301416409523766
0.01301416409159777
0.01301416410035532
0.01301416409577121
0.01301416409133221
0.01301416410010812
0.0130141640938793
0.01301416409132364
0.01301416410022832
0.01301416409468459
0.01301416409151047
0.01301416410065288
0.01301416409576152
0.01301416409236861
0.01301416409959601
0.01301416409677654
0.01301416409488273
0.01301416409889975
0.01301416409779989
0.0130141641031219
0.0130141640918086
0.01301416409497173
0.01301416410313612
0.0130141640901983
0.01301416409447368
0.01301416410264918
0.01301416409124743
0.01301416409463731
0.01301416410252024
0.01301416409205472
0.01303338874152581
0.01303338874929843
0.01303338873695372
0.01303338874054779
0.01303338874896075
0.01303338873677881
0.01303338874047637
0.01303338874850836
0.01303338873789766
0.01303338874082269
0.01303338874787986
0.01303338874620522
0.01303338874834232
0.01303338874220931
0.01303338873952414
0.01303338874979991
0.01303338873737278
0.01303338874130981
0.0130333887491549
0.01303338873910795
0.01303338874119311
0.01303338874795905
0.01303338874177369
0.01303338873944302
0.01303338874768841
0.01303338874234959
0.01303338873907013
0.01303338874769913
0.01303338874262024
0.01303338873910343
0.01303338874764998
0.01303338874284527
0.01303338873882963
0.01303338874739601
0.01303338874133831
0.01303338873876073
0.01303338874735269
0.0130333887415367
0.01303338873858283
0.01303338874757918
0.0130333887442153
0.01303338874150268
0.0130333887449534
0.01303338874405608
0.01303338874793524
0.0130333887426254
0.01303338874391399
0.01303338875021535
0.01303338873986761
0.0130333887422404
0.01303338875025462
0.01303338873800303
0.0130333887418279
0.0130333887499523
0.01303338873841011
0.01303338874186953
0.01303338874966935
0.01303338873935878
0.01299604461186363
0.01299604461946176
0.01299604460752006
0.01299604461090577
0.01299604461915526
0.01299604460734311
0.01299604461080485
0.01299604461843762
0.01299604460985291
0.01299604461126787
0.01299604461812214
0.01299604461643296
0.01299604461869482
0.01299604461250968
0.01299604461000646
0.01299604462009886
0.01299604460805319
0.01299604461187029
0.01299604461972882
0.01299604460910244
0.01299604461162263
0.01299604461813504
0.01299604461253427
0.01299604460978114
0.01299604461807783
0.01299604461257359
0.01299604460972512
0.01299604461809768
0.01299604461298747
0.01299604460977283
0.01299604461805986
0.01299604461306312
0.01299604460949693
0.01299604461780973
0.01299604461198466
0.01299604460935516
0.01299604461761749
0.01299604461185694
0.01299604460875179
0.01299604461707967
0.01299604461552407
0.0129960446177045
0.01299604461239204
0.01299604461398091
0.01299604462041736
0.01299604461140016
0.01299604461371323
0.01299604462055996
0.01299604461067804
0.01299604461272578
0.01299604462053293
0.01299604460900913
0.01299604461235775
0.01299604462041436
0.01299604460865228
0.01299604461224625
0.01299604461991779
0.01299604460982869
0.01290138423034305
0.01290138423771816
0.01290138422622627
0.01290138422941899
0.01290138423745816
0.01290138422607487
0.01290138422933611
0.01290138423679507
0.01290138422860788
0.01290138422968508
0.01290138423628882
0.01290138423484159
0.01290138423710113
0.01290138423106721
0.01290138422866889
0.01290138423847341
0.01290138422707915
0.01290138423050132
0.01290138423786937
0.01290138422889836
0.01290138423007194
0.0129013842365341
0.01290138423112727
0.01290138422850248
0.01290138423655911
0.01290138423118889
0.01290138422851643
0.01290138423658768
0.01290138423157786
0.01290138422858564
0.01290138423657523
0.01290138423145695
0.01290138422832391
0.01290138423633829
0.01290138423078365
0.01290138422811923
0.0129013842360544
0.01290138423080188
0.0129013842273851
0.01290138423542413
0.01290138423525413
0.01290138423857371
0.01290138422984566
0.01290138423234284
0.01290138423965693
0.01290138422924535
0.0129013842320232
0.01290138423910808
0.01290138422938563
0.01290138423141072
0.01290138423905665
0.01290138422782981
0.01290138423103191
0.01290138423888484
0.01290138422744988
0.01290138423077655
0.01290138423827641
0.01290138422841296
0.01274812160689497
0.01274812161400367
0.01274812160301057
0.01274812160602107
0.01274812161380304
0.01274812160289276
0.01274812160598796
0.01274812161337219
0.01274812160446095
0.01274812160604557
0.01274812161233851
0.01274812161141438
0.01274812161352219
0.01274812160774155
0.0127481216053997
0.01274812161476675
0.0127481216044477
0.01274812160715444
0.0127481216132407
0.01274812160774335
0.01274812160547992
0.01274812161298069
0.01274812160780655
0.01274812160533845
0.01274812161307068
0.01274812160796079
0.0127481216053787
0.01274812161309934
0.0127481216083571
0.01274812160546797
0.01274812161312569
0.01274812160800228
0.01274812160523937
0.01274812161291104
0.01274812160764936
0.01274812160500507
0.01274812161260569
0.01274812160820387
0.01274812160437984
0.01274812161216164
0.01274812161244282
0.0127481216161137
0.01274812160612272
0.01274812160896295
0.01274812161641752
0.01274812160569686
0.01274812160862484
0.01274812161575559
0.0127481216060387
0.01274812160820902
0.01274812161570562
0.0127481216045557
0.01274812160779402
0.01274812161537943
0.01274812160434231
0.01274812160739934
0.01274812161469668
0.01274812160498665
0.01253445018627799
0.01253445019308455
0.01253445018264892
0.012534450185471
0.01253445019295179
0.01253445018255175
0.01253445018548768
0.01253445019278035
0.01253445018291583
0.01253445018519674
0.01253445019107451
0.01253445019088164
0.0125344501927321
0.0125344501872783
0.01253445018494014
0.01253445019360185
0.0125344501850547
0.0125344501865783
0.01253445019236958
0.01253445018755496
0.01253445018490259
0.01253445019224572
0.01253445018736593
0.0125344501850167
0.01253445019237154
0.0125344501875689
0.01253445018508203
0.01253445019241985
0.01253445018787767
0.01253445018518014
0.01253445019246454
0.01253445018751349
0.01253445018499815
0.0125344501922873
0.0125344501873431
0.01253445018478722
0.01253445019204503
0.01253445018826553
0.01253445018431339
0.01253445019170444
0.0125344501920476
0.01253445019584752
0.01253445018561827
0.01253445018848794
0.01253445019578176
0.012534450185304
0.01253445018817543
0.01253445019523713
0.01253445018545365
0.01253445018785777
0.01253445019510348
0.01253445018441638
0.01253445018741316
0.0125344501946753
0.01253445018404786
0.01253445018687646
0.01253445019395105
0.01253445018426222
0.0122580609446928
0.01225806095116888
0.01225806094136716
0.01225806094396545
0.01225806095110565
0.01225806094128045
0.0122580609440023
0.01225806095101162
0.01225806094122549
0.01225806094351009
0.01225806094897811
0.01225806094909188
0.01225806095093058
0.01225806094589304
0.01225806094353936
0.01225806095066307
0.01225806094629843
0.01225806094404349
0.01225806095060204
0.0122580609461222
0.01225806094357873
0.01225806095052204
0.01225806094600245
0.01225806094373323
0.01225806095066383
0.01225806094620216
0.01225806094382335
0.012258060950742
0.01225806094635695
0.01225806094392184
0.01225806095079186
0.01225806094618155
0.0122580609437966
0.01225806095066845
0.01225806094609012
0.01225806094365398
0.01225806095053502
0.01225806094693472
0.01225806094326979
0.01225806095013383
0.01225806095046279
0.01225806095429458
0.01225806094436222
0.01225806094706327
0.0122580609540714
0.01225806094413782
0.0122580609468069
0.01225806095371817
0.01225806094392862
0.012258060946553
0.01225806095349813
0.01225806094342339
0.01225806094608447
0.01225806095297696
0.01225806094285594
0.01225806094540567
0.01225806095223101
0.01225806094248456
0.01191620214453246
0.01191620215065119
0.01191620214158
0.0119162021438882
0.01191620215064934
0.01191620214152513
0.01191620214392865
0.01191620215056601
0.01191620214137516
0.01191620214334799
0.0119162021483678
0.0119162021485526
0.01191620215051523
0.01191620214597326
0.01191620214369091
0.01191620215023279
0.01191620214648888
0.01191620214389283
0.01191620215023811
0.01191620214613093
0.01191620214371947
0.01191620215019025
0.01191620214609524
0.01191620214387729
0.01191620215034023
0.01191620214627464
0.01191620214398031
0.01191620215042766
0.01191620214636959
0.0119162021440816
0.01191620215050075
0.01191620214633047
0.01191620214402245
0.01191620215044255
0.01191620214629635
0.01191620214396551
0.0119162021504214
0.01191620214675097
0.01191620214360261
0.01191620214983541
0.01191620215016589
0.01191620215397865
0.01191620214464705
0.01191620214705267
0.01191620215371112
0.01191620214450298
0.01191620214685776
0.0119162021534683
0.01191620214430056
0.01191620214668142
0.01191620215328079
0.01191620214394407
0.01191620214619419
0.01191620215267714
0.01191620214319917
0.01191620214537267
0.01191620215182896
0.01191620214246978
0.01150586425417293
0.01150586425990768
0.01150586425166889
0.01150586425361563
0.01150586425995377
0.01150586425165007
0.01150586425365398
0.01150586425986979
0.01150586425148646
0.01150586425303433
0.01150586425755337
0.01150586425776852
0.01150586425986787
0.01150586425587635
0.0115058642536588
0.01150586425965721
0.01150586425621116
0.01150586425375112
0.01150586425964609
0.01150586425599139
0.01150586425366949
0.01150586425961641
0.01150586425600509
0.01150586425382894
0.01150586425977821
0.01150586425616944
0.01150586425393011
0.01150586425985784
0.01150586425624771
0.01150586425404229
0.01150586425996524
0.011505864256297
0.01150586425405231
0.01150586425998068
0.01150586425633023
0.01150586425406725
0.01150586426002391
0.01150586425655281
0.0115058642536999
0.0115058642592152
0.01150586425956772
0.01150586426332896
0.01150586425478974
0.01150586425681851
0.01150586426307734
0.01150586425472274
0.0115058642566896
0.01150586426292967
0.01150586425461702
0.01150586425660903
0.01150586426281857
0.01150586425433913
0.01150586425612199
0.01150586426214137
0.01150586425344885
0.0115058642551807
0.01150586426115777
0.01150586425249627
0.01102423255271723
0.01102423255802424
0.01102423255072345
0.0110242325522588
0.01102423255809762
0.01102423255072566
0.01102423255229198
0.01102423255801624
0.01102423255057906
0.01102423255166187
0.01102423255564406
0.01102423255589518
0.01102423255809347
0.01102423255469158
0.01102423255252387
0.01102423255792699
0.01102423255490173
0.01102423255259066
0.01102423255793052
0.01102423255477213
0.01102423255253287
0.01102423255789106
0.01102423255481874
0.01102423255269964
0.01102423255808008
0.01102423255496161
0.01102423255278365
0.0110242325581297
0.01102423255505
0.01102423255291962
0.01102423255828622
0.01102423255516218
0.01102423255299135
0.01102423255837877
0.01102423255528247
0.0110242325530625
0.01102423255844837
0.01102423255544852
0.01102423255272063
0.01102423255741143
0.01102423255778889
0.01102423256146612
0.0110242325538535
0.01102423255545594
0.01102423256126174
0.01102423255386604
0.01102423255539976
0.01102423256120964
0.01102423255388012
0.01102423255543055
0.01102423256120003
0.01102423255370008
0.01102423255497021
0.0110242325604317
0.01102423255271516
0.01102423255399142
0.01102423255937594
0.01102423255151482
0.01046959708775415
0.01046959709254743
0.01046959708631281
0.01046959708741234
0.01046959709261526
0.01046959708631016
0.01046959708743701
0.01046959709255129
0.01046959708620806
0.01046959708686659
0.01046959709030812
0.01046959709053876
0.01046959709279268
0.01046959708998652
0.01046959708789002
0.01046959709263262
0.01046959709015979
0.01046959708799509
0.0104695970926765
0.01046959708998135
0.01046959708791382
0.01046959709258628
0.01046959709011228
0.01046959708809474
0.010469597092827
0.01046959709016559
0.01046959708814691
0.01046959709281916
0.01046959709034468
0.01046959708832379
0.01046959709306029
0.01046959709048648
0.01046959708843449
0.01046959709321874
0.01046959709073521
0.01046959708856019
0.01046959709327163
0.01046959709092756
0.01046959708835286
0.01046959709205409
0.01046959709243631
0.01046959709597356
0.01046959708939535
0.01046959709055312
0.01046959709583357
0.01046959708949943
0.01046959709058551
0.01046959709588385
0.01046959708963286
0.01046959709072974
0.01046959709599902
0.01046959708960535
0.01046959709032791
0.01046959709504309
0.01046959708868097
0.01046959708947922
0.01046959709411512
0.01046959708709241
0.009842877659160089
0.009842877663233817
0.009842877658283377
0.009842877658944673
0.00984287766324587
0.009842877658237251
0.009842877658952115
0.009842877663246447
0.009842877658227674
0.009842877658603335
0.009842877661618355
0.009842877661562464
0.009842877663841305
0.0098428776615697
0.009842877659632156
0.009842877663631653
0.009842877661809756
0.009842877659850823
0.00984287766375333
0.009842877661294864
0.009842877659694814
0.009842877663532828
0.009842877661715002
0.009842877659891797
0.009842877663879531
0.009842877661468317
0.009842877659907781
0.009842877663758912
0.009842877661963878
0.009842877660142069
0.009842877664152193
0.009842877662067675
0.009842877660236388
0.009842877664342881
0.009842877662527959
0.009842877660465413
0.009842877664290249
0.009842877662737283
0.009842877660605143
0.009842877663057295
0.009842877663377389
0.009842877666668384
0.009842877661232263
0.009842877661957879
0.009842877666603909
0.009842877661471523
0.009842877662112663
0.009842877666778205
0.009842877661682055
0.009842877662356725
0.009842877667056407
0.009842877661897453
0.009842877662083303
0.009842877665519698
0.009842877661634044
0.009842877661562666
0.009842877665283115
0.009842877659179093
0.009149719575241562
0.009149719577979236
0.009149719575035532
0.009149719575135653
0.00914971957785508
0.009149719574880347
0.00914971957509751
0.009149719578038092
0.009149719575011882
0.009149719575224648
0.009149719578515557
0.009149719577156391
0.009149719579547419
0.009149719577585647
0.009149719575988232
0.009149719579143274
0.009149719578041147
0.009149719576437149
0.009149719579528195
0.009149719576422735
0.009149719576167066
0.009149719578914512
0.00914971957781803
0.009149719576352086
0.009149719579583935
0.009149719576621774
0.009149719576368209
0.009149719579132179
0.009149719578096816
0.00914971957662811
0.009149719579839963
0.009149719578024356
0.009149719576599999
0.009149719579947233
0.009149719578844051
0.009149719577111611
0.009149719579649338
0.009149719578905166
0.009149719577933159
0.00914971957877
0.00914971957885692
0.009149719581687145
0.00914971957753946
0.009149719577875186
0.00914971958172483
0.009149719578017081
0.009149719578225139
0.009149719582064904
0.009149719578196562
0.009149719578531666
0.009149719582598116
0.00914971957878143
0.00914971957864589
0.009149719581687695
0.00914971957848112
0.009149719578065764
0.009149719581091677
0.009149719576460224
0.008402697211878295
0.008402697214645588
0.008402697212169144
0.0084026972118147
0.008402697214413857
0.008402697211883997
0.008402697211611139
0.008402697214052025
0.008402697212027846
0.008402697212314677
0.008402697215156721
0.008402697213685587
0.008402697215998241
0.008402697213565962
0.008402697212677382
0.008402697214971826
0.008402697214547479
0.008402697213526702
0.008402697216289726
0.008402697213112062
0.008402697212569199
0.008402697214492532
0.008402697214131779
0.008402697213242983
0.008402697216274992
0.008402697213521777
0.00840269721279161
0.00840269721469703
0.008402697214436778
0.008402697213536134
0.008402697216124881
0.008402697213826901
0.008402697213185775
0.008402697215754725
0.008402697215312024
0.008402697214476822
0.00840269721514544
0.008402697214663394
0.008402697216374561
0.008402697215310164
0.008402697214698617
0.00840269721652594
0.008402697214067422
0.00840269721405486
0.008402697216735014
0.008402697214995775
0.008402697214735275
0.008402697217306408
0.008402697214954432
0.008402697214999321
0.008402697218430405
0.008402697215921484
0.008402697215597763
0.008402697218518811
0.008402697215521428
0.008402697214837341
0.008402697217599862
0.008402697213390688
0.007622635565886971
0.007622635568764939
0.007622635566468841
0.007622635565825889
0.007622635568671093
0.007622635566189081
0.007622635565499631
0.007622635568070449
0.007622635566310968
0.007622635566670252
0.00762263556894075
0.007622635567682074
0.007622635569771132
0.007622635567430305
0.007622635566549081
0.007622635568625244
0.00762263556789072
0.007622635567663227
0.007622635570367801
0.00762263556720598
0.007622635566238858
0.00762263556784564
0.007622635567374013
0.007622635567168878
0.007622635569921983
0.007622635567518606
0.007622635566538151
0.007622635568029806
0.007622635567670533
0.007622635567576821
0.007622635569923532
0.007622635567580482
0.007622635566788781
0.00762263556867136
0.007622635568414937
0.007622635569785547
0.007622635568801355
0.007622635568264857
0.007622635570964991
0.007622635568957153
0.007622635567977073
0.007622635569479684
0.007622635567589216
0.00762263556749791
0.007622635569344957
0.007622635569072728
0.007622635568780044
0.007622635570970255
0.00762263556899564
0.007622635568659173
0.007622635571646563
0.007622635570051923
0.007622635569568824
0.007622635572303308
0.00762263556956887
0.007622635568798291
0.007622635571456564
0.007622635567509641
0.006837767214730112
0.006837767217519238
0.006837767215390519
0.006837767214587889
0.006837767217547455
0.006837767215122635
0.006837767214169791
0.006837767216168023
0.006837767215192114
0.00683776721559225
0.006837767217300477
0.006837767216398016
0.006837767218134909
0.006837767216061855
0.006837767215264748
0.006837767216813432
0.006837767216487069
0.00683776721658502
0.006837767219028993
0.00683776721610258
0.006837767214753267
0.006837767215869245
0.006837767216044675
0.006837767216106648
0.006837767217945305
0.006837767216006768
0.006837767215184918
0.00683776721627386
0.00683776721667231
0.00683776721675274
0.006837767218456976
0.006837767216209512
0.006837767215254234
0.006837767216975175
0.006837767216991196
0.006837767218804048
0.006837767217421949
0.006837767216660784
0.006837767219725729
0.006837767217438271
0.006837767216168054
0.006837767217488266
0.006837767215898645
0.006837767215891839
0.006837767217630265
0.006837767217237451
0.00683776721712182
0.006837767219496852
0.006837767217745167
0.00683776721708179
0.006837767219896796
0.006837767218622046
0.006837767217896286
0.006837767220430301
0.006837767218129997
0.006837767217440183
0.006837767220017874
0.006837767216408478
0.00607986137524575
0.006079861377729722
0.006079861375820261
0.006079861374919482
0.006079861377769094
0.006079861375536852
0.006079861374456407
0.006079861375965505
0.00607986137538316
0.006079861375757081
0.006079861377059624
0.006079861376468579
0.006079861378057596
0.006079861376290579
0.006079861375529875
0.006079861376962144
0.006079861376742496
0.006079861376747696
0.006079861378829533
0.00607986137638411
0.006079861375032963
0.006079861375963429
0.006079861375571352
0.00607986137570775
0.006079861377733996
0.006079861376165039
0.006079861375497333
0.006079861376360634
0.006079861376855968
0.006079861376939952
0.00607986137835236
0.0060798613763889
0.006079861375437824
0.006079861377047083
0.006079861377149966
0.006079861378865486
0.006079861377378508
0.006079861376622088
0.006079861379553319
0.006079861377367274
0.006079861376105512
0.006079861377367948
0.00607986137595147
0.00607986137598856
0.006079861377829959
0.006079861377436738
0.006079861377102365
0.006079861379174553
0.006079861377780003
0.006079861377081472
0.006079861379663221
0.006079861378506772
0.006079861377725427
0.006079861379900586
0.00607986137813347
0.006079861377611581
0.006079861380031029
0.006079861376901934
0.005377822265466657
0.005377822267413128
0.005377822265793189
0.005377822264886693
0.005377822267424963
0.005377822265515613
0.005377822264442368
0.005377822265744208
0.005377822265240896
0.00537782226535075
0.005377822266453659
0.005377822266187725
0.005377822267490583
0.005377822266075695
0.005377822265306385
0.005377822266963636
0.005377822266652306
0.005377822266305559
0.005377822268156695
0.005377822266249306
0.005377822265077018
0.005377822266051008
0.005377822265340393
0.005377822265318031
0.005377822267402103
0.005377822266087798
0.005377822265421967
0.00537782226626912
0.005377822266587681
0.005377822266549207
0.005377822267759709
0.005377822266182767
0.005377822265337353
0.005377822266835705
0.00537782226692044
0.005377822268337784
0.005377822266928684
0.005377822266252413
0.005377822268871798
0.005377822266940138
0.005377822265816816
0.00537782226715071
0.005377822265816239
0.005377822265703464
0.005377822267387497
0.00537782226706042
0.005377822266672266
0.005377822268340778
0.005377822267325712
0.005377822266720821
0.005377822268952239
0.005377822267990151
0.005377822267247964
0.00537782226897969
0.005377822267735082
0.005377822267384589
0.005377822269519716
0.005377822266979591
0.00475100565838796
0.00475100565972545
0.004751005658390938
0.004751005657527852
0.004751005659693277
0.004751005658143266
0.00475100565717305
0.004751005658378211
0.004751005657818594
0.004751005657706458
0.004751005658744576
0.004751005658662537
0.004751005659630049
0.004751005658532055
0.004751005657870207
0.004751005659454507
0.004751005659037561
0.004751005658601397
0.004751005660178633
0.004751005658764966
0.004751005657820702
0.00475100565881342
0.004751005657958168
0.004751005657781226
0.004751005659663319
0.004751005658606372
0.004751005657908063
0.004751005658925491
0.004751005658852004
0.004751005658598619
0.004751005659843813
0.00475100565864917
0.004751005657940276
0.00475100565941901
0.004751005659447366
0.004751005660459056
0.004751005659201162
0.004751005658606072
0.004751005660866684
0.004751005659232455
0.004751005658276752
0.004751005659639828
0.004751005658388579
0.004751005658091706
0.004751005659638685
0.0047510056593438
0.004751005658895742
0.004751005660223502
0.004751005659524303
0.004751005659049889
0.004751005660884018
0.004751005660172
0.004751005659540041
0.004751005660862973
0.004751005660056214
0.004751005659812153
0.004751005661590343
0.004751005659641592
0.004205280440607639
0.004205280441371494
0.004205280440270649
0.004205280439476057
0.004205280441277514
0.004205280440059115
0.004205280439226691
0.004205280440353841
0.004205280439735403
0.004205280439518504
0.004205280440476009
0.004205280440450573
0.004205280441165656
0.004205280440311019
0.004205280439770075
0.004205280441184474
0.004205280440746068
0.004205280440314475
0.00420528044158175
0.004205280440572473
0.00420528043984492
0.004205280440793365
0.004205280439908217
0.004205280439634806
0.004205280441244659
0.0042052804404176
0.004205280439779999
0.004205280440779936
0.004205280440493654
0.004205280440179953
0.004205280441313373
0.004205280440434687
0.004205280439846184
0.004205280441122084
0.004205280441126808
0.004205280441931872
0.004205280440842613
0.004205280440317467
0.004205280442230704
0.004205280440881148
0.004205280440082016
0.004205280441372591
0.004205280440241697
0.004205280439853385
0.004205280441232681
0.004205280440934039
0.004205280440478686
0.004205280441568675
0.004205280441087704
0.004205280440713019
0.004205280442162202
0.004205280441704255
0.004205280441233633
0.004205280442214749
0.004205280441742891
0.004205280441539077
0.004205280442926545
0.004205280441506213
0.003733627191081431
0.003733627191355149
0.00373362719041669
0.003733627189703887
0.003733627191178785
0.003733627190236792
0.003733627189541684
0.00373362719057917
0.003733627189943331
0.003733627189685013
0.003733627190538512
0.003733627190528406
0.003733627191071072
0.003733627190388847
0.003733627189948818
0.003733627191169265
0.003733627190771874
0.003733627190382671
0.003733627191353275
0.003733627190652239
0.003733627190107926
0.003733627190969255
0.003733627190123038
0.003733627189806148
0.003733627191149585
0.003733627190509777
0.003733627189963593
0.003733627190884691
0.003733627190489675
0.003733627190169119
0.003733627191152164
0.00373362719051172
0.003733627190024563
0.003733627191082407
0.003733627191078116
0.003733627191739944
0.003733627190813885
0.003733627190352438
0.003733627191952102
0.00373362719085226
0.003733627190189726
0.003733627191353894
0.003733627190361748
0.003733627189952828
0.003733627191144964
0.003733627190843083
0.003733627190419264
0.003733627191339288
0.003733627190992203
0.003733627190685153
0.003733627191788616
0.003733627191555332
0.003733627191274688
0.003733627191902274
0.003733627191671982
0.003733627191534279
0.003733627192529643
0.00373362719155135
0.00332054294419872
0.003320542944078911
0.00332054294322049
0.003320542942596201
0.003320542943788146
0.003320542943065074
0.003320542942494114
0.003320542943426329
0.003320542942815365
0.003320542942549766
0.003320542943290739
0.003320542943285288
0.003320542943708844
0.003320542943149144
0.003320542942787356
0.003320542943816984
0.00332054294348617
0.003320542943154367
0.003320542943873339
0.003320542943396098
0.003320542942997032
0.003320542943750811
0.003320542942981923
0.003320542942658965
0.003320542943764385
0.003320542943270337
0.003320542942819052
0.003320542943642596
0.003320542943206535
0.003320542942899193
0.003320542943731177
0.003320542943262671
0.003320542942862368
0.003320542943718855
0.00332054294371189
0.003320542944260567
0.003320542943485505
0.003320542943086615
0.003320542944409585
0.003320542943521598
0.00332054294297689
0.003320542943994341
0.003320542943143397
0.003320542942752918
0.003320542943758497
0.003320542943468935
0.003320542943094017
0.00332054294387866
0.003320542943608234
0.003320542943350198
0.003320542944142481
0.003320542944103714
0.003320542944011558
0.00332054294430841
0.003320542944219895
0.003320542944160983
0.003320542944796226
0.00332054294417191
0.002947731216524698
0.002947731216122503
0.002947731215372239
0.002947731214839312
0.002947731215787687
0.00294773121523535
0.002947731214773915
0.002947731215587715
0.002947731215032722
0.002947731214779892
0.00294773121539968
0.002947731215396796
0.002947731215740373
0.002947731215275004
0.002947731214975914
0.002947731215826913
0.002947731215564691
0.002947731215293559
0.002947731215814235
0.002947731215494419
0.002947731215206713
0.002947731215845619
0.00294773121517451
0.002947731214870298
0.002947731215767341
0.00294773121538603
0.002947731215022686
0.00294773121574037
0.002947731215310419
0.00294773121502748
0.002947731215717842
0.002947731215372616
0.002947731215048149
0.002947731215720328
0.002947731215714323
0.002947731216173428
0.002947731215535846
0.002947731215198237
0.002947731216276218
0.002947731215567526
0.002947731215125607
0.002947731215989816
0.002947731215276161
0.002947731214924958
0.002947731215754173
0.002947731215491822
0.002947731215172068
0.002947731215837068
0.002947731215611468
0.00294773121539414
0.002947731215996882
0.002947731216020197
0.002947731216031896
0.002947731216183421
0.002947731216172103
0.002947731216135549
0.002947731216531992
0.002947731216148646
0.00259865493627641
0.002598654935694155
0.002598654935058727
0.002598654934618463
0.002598654935355767
0.00259865493493748
0.002598654934573636
0.002598654935258717
0.002598654934779737
0.002598654934552126
0.002598654935056887
0.002598654935055267
0.00259865493533321
0.002598654934948789
0.002598654934704377
0.002598654935390444
0.002598654935189137
0.002598654934975843
0.00259865493534565
0.002598654935134561
0.002598654934931638
0.002598654935454434
0.002598654934891116
0.002598654934622215
0.002598654935335563
0.002598654935043317
0.002598654934758567
0.002598654935364036
0.002598654934972594
0.002598654934723
0.002598654935282065
0.0025986549350272
0.002598654934770024
0.002598654935286921
0.002598654935282724
0.002598654935656896
0.002598654935144477
0.002598654934867436
0.002598654935725572
0.002598654935170076
0.002598654934819754
0.002598654935529738
0.002598654934947355
0.002598654934646955
0.002598654935312629
0.002598654935087203
0.002598654934824163
0.002598654935375798
0.002598654935181594
0.002598654935000957
0.002598654935473959
0.002598654935506782
0.002598654935536069
0.002598654935623906
0.002598654935641062
0.002598654935613785
0.002598654935881793
0.002598654935655887
0.002260882610380911
0.002260882609712622
0.002260882609190235
0.002260882608842152
0.00226088260939575
0.002260882609084063
0.002260882608808811
0.002260882609358118
0.002260882608966401
0.00226088260877243
0.002260882609169249
0.002260882609168041
0.002260882609387179
0.002260882609077875
0.002260882608884927
0.00226088260941922
0.00226088260926924
0.00226088260910832
0.002260882609363952
0.002260882609226949
0.002260882609089772
0.00226088260949843
0.002260882609046067
0.002260882608823144
0.002260882609373108
0.002260882609153169
0.002260882608938122
0.002260882609426998
0.002260882609094615
0.002260882608885907
0.002260882609323164
0.002260882609136981
0.002260882608940612
0.002260882609325282
0.002260882609322997
0.002260882609616073
0.002260882609217649
0.002260882609000568
0.002260882609659837
0.002260882609236185
0.002260882608968755
0.002260882609528122
0.002260882609069428
0.002260882608825343
0.00226088260934064
0.002260882609157024
0.00226088260894986
0.002260882609390706
0.002260882609225162
0.002260882609079536
0.002260882609448558
0.002260882609479483
0.002260882609497413
0.002260882609532196
0.002260882609545205
0.002260882609537873
0.002260882609735808
0.00226088260960364
0.001926492843407192
0.001926492842743442
0.001926492842328484
0.001926492842069179
0.001926492842464722
0.001926492842238176
0.001926492842043939
0.001926492842455243
0.001926492842154883
0.001926492841999879
0.001926492842294692
0.001926492842293066
0.001926492842460241
0.001926492842222394
0.001926492842079294
0.001926492842475045
0.001926492842367837
0.001926492842252005
0.001926492842422308
0.00192649284233562
0.001926492842248909
0.001926492842549277
0.001926492842205314
0.001926492842033747
0.001926492842438624
0.001926492842278706
0.001926492842124769
0.001926492842496711
0.001926492842234017
0.001926492842071123
0.001926492842396418
0.001926492842264392
0.001926492842122971
0.001926492842387222
0.001926492842386759
0.001926492842611274
0.001926492842315326
0.001926492842156608
0.001926492842637262
0.001926492842326563
0.001926492842134101
0.00192649284255038
0.001926492842206079
0.001926492842020044
0.001926492842398966
0.001926492842258052
0.001926492842104174
0.00192649284243714
0.001926492842302127
0.00192649284219077
0.001926492842468683
0.00192649284248752
0.001926492842488064
0.001926492842515234
0.001926492842498918
0.001926492842483478
0.001926492842648767
0.001926492842560482
0.001591454643072053
0.001591454642508736
0.001591454642196387
0.001591454642017751
0.001591454642282419
0.001591454642122664
0.001591454642001961
0.001591454642281072
0.001591454642069428
0.001591454641954455
0.001591454642153298
0.001591454642150221
0.001591454642275554
0.001591454642104373
0.001591454642008196
0.001591454642280511
0.001591454642208479
0.001591454642129713
0.001591454642237824
0.001591454642186645
0.00159145464213654
0.001591454642338189
0.00159145464209526
0.00159145464197478
0.001591454642253779
0.001591454642143905
0.001591454642041863
0.001591454642302608
0.001591454642111933
0.001591454641995523
0.001591454642221132
0.001591454642132752
0.001591454642039399
0.00159145464221623
0.001591454642215123
0.001591454642366166
0.001591454642159973
0.001591454642055224
0.001591454642379994
0.001591454642164514
0.001591454642037666
0.001591454642323689
0.001591454642082056
0.001591454641951708
0.001591454642210679
0.001591454642110376
0.001591454642004713
0.001591454642236502
0.001591454642134492
0.00159145464205535
0.001591454642257157
0.00159145464225466
0.001591454642237891
0.001591454642268799
0.001591454642240981
0.001591454642213859
0.001591454642343417
0.001591454642261477
0.001254942563424375
0.001254942563032661
0.001254942562817194
0.001254942562705643
0.001254942562870012
0.001254942562760476
0.001254942562702036
0.001254942562865579
0.001254942562733847
0.001254942562655797
0.00125494256278415
0.001254942562777779
0.00125494256285863
0.001254942562745375
0.001254942562691181
0.001254942562858242
0.001254942562814609
0.001254942562765784
0.001254942562829765
0.001254942562800935
0.001254942562775971
0.001254942562895552
0.001254942562740539
0.001254942562666719
0.001254942562841289
0.001254942562771307
0.001254942562711556
0.001254942562874557
0.001254942562750045
0.001254942562676886
0.001254942562818137
0.001254942562763999
0.001254942562710534
0.001254942562821215
0.001254942562819861
0.001254942562905995
0.001254942562773779
0.001254942562715805
0.001254942562911859
0.001254942562772911
0.001254942562700759
0.001254942562875787
0.001254942562720933
0.001254942562640634
0.001254942562799584
0.00125494256273449
0.001254942562670068
0.001254942562813242
0.001254942562743814
0.001254942562694142
0.001254942562821942
0.001254942562811661
0.001254942562792226
0.001254942562811699
0.001254942562784541
0.001254942562753235
0.001254942562847164
0.001254942562757423
0.0009191596635469989
0.0009191596633508417
0.0009191596632283978
0.0009191596631557534
0.0009191596632554843
0.0009191596631841237
0.0009191596631680572
0.0009191596632446447
0.0009191596631802607
0.0009191596631279137
0.000919159663203932
0.0009191596631952918
0.0009191596632435691
0.000919159663178183
0.0009191596631523619
0.0009191596632374525
0.0009191596632183802
0.0009191596631913406
0.0009191596632220797
0.0009191596632109625
0.0009191596632014934
0.0009191596632607832
0.0009191596631762559
0.0009191596631349053
0.000919159663230787
0.0009191596631937407
0.000919159663161232
0.0009191596632495561
0.0009191596631811079
0.0009191596631387052
0.0009191596632155655
0.0009191596631900665
0.0009191596631619601
0.0009191596632240089
0.0009191596632249126
0.0009191596632663452
0.0009191596631911036
0.0009191596631628424
0.0009191596632657188
0.0009191596631866632
0.000919159663150123
0.0009191596632426857
0.0009191596631568717
0.0009191596631119059
0.0009191596631963006
0.0009191596631618196
0.000919159663125185
0.0009191596632009131
0.0009191596631629603
0.0009191596631338267
0.0009191596632028914
0.0009191596631931652
0.0009191596631806047
0.0009191596631861334
0.0009191596631657481
0.0009191596631361682
0.0009191596631917161
0.0009191596631084522
0.0004930926294743651
0.0004930926295050793
0.0004930926294782819
0.0004930926294302863
0.0004930926295029642
0.0004930926294432814
0.0004930926294805527
0.0004930926294814923
0.0004930926294754433
0.0004930926294341261
0.0004930926294791699
0.0004930926294621133
0.0004930926294916812
0.0004930926294643889
0.0004930926294613515
0.0004930926294781219
0.0004930926294754656
0.0004930926294587197
0.000493092629470052
0.0004930926294722989
0.0004930926294728471
0.000493092629487465
0.0004930926294657336
0.0004930926294468805
0.0004930926294798773
0.0004930926294717065
0.0004930926294565771
0.0004930926294830169
0.0004930926294653225
0.0004930926294456274
0.0004930926294701795
0.00049309262946808
0.0004930926294549935
0.000493092629487402
0.0004930926294957807
0.0004930926294983881
0.0004930926294673375
0.0004930926294573894
0.0004930926294872449
0.0004930926294569056
0.0004930926294445535
0.0004930926294708091
0.0004930926294435005
0.0004930926294241692
0.0004930926294485218
0.0004930926294395475
0.0004930926294201435
0.0004930926294419535
0.0004930926294339548
0.000493092629416945
0.0004930926294430748
0.0004930926294326473
0.0004930926294214382
0.000493092629404455
0.0004930926293917236
0.0004930926293636756
0.0004930926293799804
0.0004930926293022537
0.0004787831259341493
0.0004787831259348488
0.0004787831259355964
0.000478783125935251
0.0004787831259358282
0.0004787831259355701
0.0004787831259358127
0.0004787831259355572
0.0004787831259359454
0.0004787831259356746
0.0004787831259358185
0.0004787831259357011
0.0004787831259359045
0.0004787831259358549
0.0004787831259359017
0.0004787831259352939
0.0004787831259353043
0.0004787831259357095
0.0004787831259358164
0.0004787831259362089
0.0004787831259361997
0.0004787831259359195
0.0004787831259358935
0.0004787831259358245
0.0004787831259358166
0.000478783125935867
0.0004787831259357068
0.000478783125935766
0.0004787831259358807
0.0004787831259358041
0.0004787831259357863
0.000478783125936192
0.0004787831259361027
0.0004787831259363073
0.0004787831259364578
0.0004787831259360581
0.0004787831259359592
0.0004787831259357485
0.0004787831259358364
0.0004787831259358231
0.0004787831259357068
0.0004787831259357466
0.0004787831259357721
0.0004787831259356733
0.0004787831259357284
0.0004787831259357017
0.0004787831259355992
0.0004787831259356307
0.0004787831259356823
0.0004787831259355704
0.0004787831259358853
0.0004787831259354593
0.0004787831259354315
0.0004787831259356751
0.0004787831259351941
0.0004787831259349069
0.0004787831259352472
0.0004787831259350554
)
;

boundaryField
{
    inlet
    {
        type            cyclic;
    }
    outlet
    {
        type            cyclic;
    }
    bottomWall
    {
        type            fixedValue;
        value           uniform 0.0015;
    }
    topWall
    {
        type            fixedValue;
        value           uniform 0.0015;
    }
    left
    {
        type            cyclic;
    }
    right
    {
        type            cyclic;
    }
}


// ************************************************************************* //
