/*--------------------------------*- C++ -*----------------------------------*\
| =========                 |                                                 |
| \\      /  F ield         | OpenFOAM: The Open Source CFD Toolbox           |
|  \\    /   O peration     | Version:  v1812                                 |
|   \\  /    A nd           | Web:      www.OpenFOAM.com                      |
|    \\/     M anipulation  |                                                 |
\*---------------------------------------------------------------------------*/
FoamFile
{
    version     2.0;
    format      ascii;
    class       volScalarField;
    location    "20000";
    object      nuTilda_0;
}
// * * * * * * * * * * * * * * * * * * * * * * * * * * * * * * * * * * * * * //

dimensions      [0 2 -1 0 0 0 0];


internalField   nonuniform List<scalar> 
3770
(
0.0004779739943623078
0.0004779739943617189
0.0004779739943624753
0.000477973994362101
0.0004779739943621367
0.0004779739943619646
0.0004779739943615728
0.0004779739943623284
0.0004779739943616941
0.0004779739943616806
0.0004779739943623746
0.0004779739943616969
0.0004779739943616439
0.0004779739943623233
0.0004779739943617132
0.0004779739943616018
0.0004779739943624148
0.0004779739943616959
0.0004779739943616481
0.0004779739943622876
0.0004779739943617093
0.0004779739943615755
0.0004779739943624179
0.0004779739943616825
0.000477973994361641
0.000477973994362268
0.0004779739943616979
0.0004779739943615445
0.0004779739943624097
0.0004779739943620095
0.0004779739943620947
0.0004779739943614185
0.0004779739943620974
0.0004779739943619311
0.0004779739943617283
0.0004779739943616832
0.0004779739943623287
0.0004779739943615604
0.0004779739943615401
0.0004779739943622684
0.0004779739943620139
0.0004779739943619225
0.0004779739943613501
0.0004779739943615632
0.0004779739943614837
0.0004779739943621055
0.0004779739943615229
0.0004779739943614095
0.0004779739943622302
0.0004779739943617325
0.0004779739943618227
0.0004779739943612772
0.0004779739943619013
0.0004779739943616583
0.0004779739943609988
0.0004779739943611919
0.0004779739943611109
0.0004779739943617352
0.0002360494209388379
0.0002360494209380278
0.0002360494209410331
0.000236049420936237
0.0002360494209413085
0.0002360494209373452
0.0002360494209372435
0.0002360494209390835
0.0002360494209325433
0.0002360494209367832
0.0002360494209387926
0.0002360494209324576
0.000236049420936105
0.0002360494209377585
0.0002360494209323499
0.0002360494209359377
0.0002360494209395433
0.0002360494209321193
0.0002360494209356547
0.0002360494209370014
0.0002360494209318987
0.0002360494209354173
0.0002360494209393728
0.0002360494209316112
0.0002360494209351309
0.0002360494209364606
0.0002360494209314213
0.000236049420934903
0.000236049420939301
0.0002360494209363948
0.0002360494209397651
0.0002360494209285123
0.0002360494209368564
0.0002360494209409104
0.0002360494209329574
0.0002360494209366853
0.0002360494209381752
0.0002360494209310286
0.0002360494209349825
0.000236049420938288
0.0002360494209371132
0.0002360494209388253
0.0002360494209291436
0.0002360494209325878
0.000236049420935075
0.0002360494209361878
0.0002360494209312998
0.0002360494209355871
0.0002360494209391
0.0002360494209344104
0.000236049420937713
0.0002360494209286294
0.0002360494209372784
0.0002360494209388424
0.0002360494209288002
0.0002360494209321808
0.0002360494209352265
0.000236049420938466
0.0001843491617150223
0.0001843491617568022
0.0001843491617411223
0.0001843491617056214
0.0001843491617476026
0.0001843491617432651
0.0001843491617575121
0.0001843491617409385
0.0001843491617112108
0.0001843491617544466
0.0001843491617413042
0.0001843491617073053
0.000184349161754595
0.0001843491617387995
0.0001843491617071757
0.000184349161751338
0.0001843491617404032
0.000184349161703004
0.0001843491617513664
0.0001843491617360095
0.0001843491617042698
0.0001843491617484656
0.0001843491617372741
0.0001843491616997812
0.0001843491617477383
0.0001843491617324338
0.0001843491617007967
0.0001843491617455412
0.0001843491617355992
0.0001843491617036616
0.0001843491617638637
0.0001843491616911065
0.0001843491617283025
0.0001843491617730005
0.0001843491617045931
0.0001843491617444876
0.0001843491617334434
0.0001843491616975982
0.0001843491617456677
0.0001843491617328546
0.0001843491617056853
0.0001843491617627586
0.0001843491616957356
0.000184349161719877
0.0001843491617513304
0.0001843491617386805
0.0001843491617084398
0.000184349161753896
0.0001843491617417228
0.0001843491617132634
0.0001843491617716105
0.0001843491617024546
0.0001843491617309065
0.0001843491617704642
0.000184349161700224
0.0001843491617208138
0.0001843491617476187
0.0001843491617489449
0.0002082131893775324
0.0002082131894988361
0.0002082131894467002
0.0002082131893772845
0.0002082131894874433
0.0002082131894798069
0.0002082131894999389
0.0002082131894509732
0.000208213189389682
0.00020821318949188
0.0002082131894491663
0.0002082131893790046
0.000208213189494472
0.000208213189450171
0.0002082131893753668
0.0002082131894849199
0.0002082131894535775
0.000208213189365048
0.0002082131894862526
0.0002082131894437121
0.0002082131893676856
0.0002082131894778206
0.0002082131894450857
0.0002082131893571013
0.0002082131894767906
0.000208213189434669
0.0002082131893584774
0.0002082131894709508
0.0002082131894405296
0.0002082131893597161
0.0002082131895015101
0.0002082131893366399
0.0002082131894279067
0.0002082131895125064
0.0002082131893694011
0.0002082131894679104
0.0002082131894356498
0.0002082131893516841
0.0002082131894717535
0.0002082131894343632
0.000208213189362995
0.0002082131894985002
0.0002082131893536662
0.0002082131894178692
0.0002082131894864669
0.0002082131894530538
0.000208213189379869
0.000208213189494385
0.0002082131894513577
0.0002082131893910502
0.0002082131895242153
0.0002082131893719378
0.0002082131894410474
0.0002082131895204553
0.0002082131893694092
0.0002082131894274661
0.00020821318948782
0.0002082131894513402
0.000268776682267271
0.0002687766824044723
0.0002687766822673022
0.0002687766823154583
0.0002687766823801803
0.0002687766823790588
0.0002687766823989212
0.0002687766822952219
0.0002687766823265296
0.0002687766823943151
0.0002687766822685212
0.0002687766823114324
0.0002687766823776494
0.0002687766823268766
0.0002687766822676047
0.0002687766823658928
0.000268776682325764
0.0002687766822564546
0.0002687766823635527
0.0002687766823152651
0.0002687766822539243
0.0002687766823528315
0.0002687766823104783
0.0002687766822417914
0.0002687766823468054
0.0002687766822986914
0.0002687766822371776
0.0002687766823394397
0.0002687766823026045
0.0002687766822408466
0.0002687766823592862
0.000268776682213621
0.0002687766822943437
0.0002687766823679202
0.0002687766822482067
0.0002687766823335571
0.0002687766822930588
0.0002687766822297143
0.0002687766823364598
0.0002687766822946683
0.0002687766822371046
0.0002687766823430117
0.0002687766822864661
0.0002687766822598403
0.0002687766823594339
0.0002687766823272615
0.0002687766822741743
0.0002687766823932053
0.0002687766822702531
0.0002687766823186831
0.0002687766823809067
0.0002687766823186474
0.000268776682287452
0.00026877668237619
0.0002687766823146763
0.0002687766822776138
0.0002687766823648358
0.0002687766823170367
0.00034826647473005
0.0003482664748402265
0.0003482664747347091
0.0003482664747853373
0.0003482664748259539
0.000348266474821893
0.0003482664748413107
0.0003482664747393729
0.0003482664747897326
0.0003482664748306822
0.0003482664747343439
0.0003482664747722883
0.0003482664748155435
0.0003482664747737599
0.0003482664747339363
0.000348266474800181
0.0003482664747690299
0.000348266474720491
0.0003482664747951348
0.0003482664747557803
0.0003482664747133042
0.0003482664747801462
0.0003482664747455583
0.0003482664746978971
0.0003482664747704705
0.0003482664747308945
0.000348266474687312
0.0003482664747584275
0.0003482664747326849
0.0003482664746968877
0.0003482664747671953
0.0003482664746712292
0.0003482664747243387
0.0003482664747707304
0.0003482664746947574
0.0003482664747498934
0.0003482664747182491
0.0003482664746770497
0.0003482664747526427
0.000348266474721358
0.0003482664746848759
0.0003482664747614054
0.0003482664747299795
0.0003482664747020852
0.0003482664747814862
0.0003482664747673521
0.0003482664747366205
0.0003482664748217556
0.0003482664747275787
0.0003482664747736172
0.0003482664748112798
0.0003482664747762249
0.0003482664747425591
0.0003482664748062489
0.0003482664747726481
0.0003482664747353464
0.0003482664747966758
0.0003482664747567348
0.0004406388694447941
0.0004406388695165561
0.0004406388694588875
0.0004406388694964102
0.0004406388695160455
0.0004406388695046257
0.0004406388695230039
0.0004406388694606505
0.0004406388694900273
0.000440638869512408
0.000440638869459552
0.0004406388694726006
0.0004406388695006088
0.0004406388694723843
0.0004406388694470649
0.0004406388694817658
0.0004406388694630745
0.0004406388694312136
0.0004406388694728964
0.0004406388694462077
0.0004406388694186429
0.0004406388694534124
0.0004406388694299374
0.0004406388693990026
0.0004406388694400915
0.0004406388694118575
0.0004406388693827742
0.0004406388694215817
0.0004406388694045605
0.0004406388694092095
0.0004406388694165553
0.0004406388693858204
0.000440638869392336
0.0004406388694153054
0.0004406388693921595
0.0004406388694102161
0.0004406388693902388
0.0004406388693667321
0.0004406388694121484
0.000440638869393939
0.0004406388693752188
0.000440638869424689
0.0004406388694070648
0.000440638869390112
0.000440638869445493
0.0004406388694510769
0.0004406388694421222
0.00044063886948872
0.000440638869441417
0.0004406388694636324
0.0004406388694844724
0.0004406388694651618
0.0004406388694481934
0.0004406388694791587
0.0004406388694635744
0.0004406388694466469
0.0004406388694740543
0.0004406388694458495
0.0005453680708008408
0.0005453680708351575
0.0005453680708094
0.0005453680708428692
0.0005453680708498473
0.0005453680708253956
0.0005453680708474635
0.0005453680708224609
0.0005453680708215954
0.0005453680708424038
0.0005453680708220407
0.0005453680708063055
0.0005453680708279356
0.0005453680708142735
0.0005453680707930398
0.0005453680708068534
0.0005453680707994023
0.0005453680707742886
0.0005453680707913637
0.0005453680707786095
0.0005453680707552093
0.0005453680707696287
0.0005453680707551806
0.0005453680707304798
0.0005453680707512819
0.0005453680707334164
0.0005453680707099817
0.0005453680707273608
0.0005453680707106475
0.0005453680707291458
0.0005453680707215427
0.0005453680706943074
0.0005453680707173976
0.0005453680707144748
0.0005453680706917259
0.0005453680707132928
0.0005453680706993555
0.0005453680706835282
0.000545368070710093
0.0005453680707041645
0.0005453680706919761
0.0005453680707262631
0.0005453680707185616
0.0005453680707009552
0.0005453680707550721
0.0005453680707615262
0.0005453680707807279
0.0005453680707945481
0.0005453680707888976
0.0005453680707827511
0.0005453680707929922
0.0005453680707838821
0.0005453680707824853
0.0005453680707894123
0.0005453680707844173
0.0005453680707952305
0.0005453680707911976
0.0005453680707725902
0.0006651252064575856
0.0006651252064861089
0.0006651252064596968
0.0006651252064990786
0.0006651252065204475
0.0006651252064651897
0.0006651252065016349
0.0006651252064876371
0.0006651252064593728
0.0006651252065169238
0.00066512520648874
0.0006651252064517533
0.000665125206476549
0.0006651252064894923
0.0006651252064400817
0.0006651252064596143
0.0006651252064683271
0.0006651252064168317
0.0006651252064295165
0.0006651252064450367
0.0006651252063924982
0.0006651252064083514
0.0006651252064134026
0.0006651252063595985
0.0006651252063828221
0.0006651252063878962
0.0006651252063360781
0.000665125206355845
0.0006651252063244495
0.0006651252063730065
0.0006651252063483737
0.0006651252063059122
0.0006651252063571634
0.0006651252063343672
0.000665125206293451
0.0006651252063528559
0.0006651252063262235
0.0006651252062952897
0.0006651252063250018
0.000665125206343004
0.0006651252063033782
0.0006651252063430537
0.0006651252063581946
0.0006651252063074426
0.0006651252063998602
0.0006651252063917018
0.0006651252064239752
0.0006651252064234865
0.0006651252064402709
0.0006651252064086672
0.0006651252064192236
0.0006651252064147018
0.0006651252064210323
0.0006651252064158429
0.0006651252064167521
0.0006651252064582134
0.0006651252064316151
0.0006651252064232413
0.0008057067274193645
0.0008057067274524451
0.0008057067274163196
0.0008057067274627695
0.0008057067274924484
0.0008057067274137526
0.0008057067274803517
0.0008057067274498607
0.0008057067274113262
0.0008057067274880605
0.0008057067274542612
0.0008057067274007136
0.0008057067274495822
0.0008057067274353087
0.0008057067273850944
0.0008057067274500457
0.0008057067274176733
0.0008057067273621496
0.0008057067273822303
0.0008057067274077313
0.0008057067273363834
0.0008057067273568795
0.0008057067273643866
0.0008057067272918674
0.0008057067273242325
0.0008057067273367887
0.0008057067272663451
0.0008057067272861281
0.0008057067272451539
0.0008057067273204094
0.0008057067272771621
0.0008057067272227813
0.0008057067272978056
0.0008057067272550837
0.0008057067272047701
0.0008057067272876806
0.0008057067272499202
0.0008057067272080425
0.0008057067272476999
0.0008057067272737993
0.0008057067272166457
0.0008057067272605224
0.0008057067272905165
0.00080570672722216
0.0008057067273515662
0.0008057067273341353
0.0008057067273412867
0.0008057067273730563
0.0008057067273570081
0.0008057067273364114
0.0008057067273500643
0.000805706727348091
0.0008057067273728673
0.0008057067273593844
0.0008057067273668408
0.0008057067274201939
0.0008057067273878092
0.0008057067273988431
0.0009766963572194305
0.0009766963572880928
0.0009766963572213881
0.0009766963572591595
0.0009766963573015187
0.0009766963572150789
0.0009766963572850132
0.0009766963572494321
0.0009766963572137707
0.000976696357288837
0.0009766963572592797
0.0009766963571981393
0.0009766963572718479
0.0009766963572326783
0.0009766963571857707
0.0009766963572539356
0.0009766963572123905
0.0009766963571520096
0.0009766963571779534
0.0009766963572015921
0.0009766963571194152
0.0009766963571633028
0.0009766963571286732
0.0009766963570659486
0.000976696357097704
0.0009766963571159035
0.0009766963570387698
0.000976696357051125
0.0009766963570123136
0.0009766963570859005
0.0009766963570412943
0.0009766963569827454
0.0009766963570627175
0.0009766963570084883
0.0009766963569588394
0.0009766963570420608
0.0009766963570050778
0.0009766963569590652
0.0009766963569980591
0.0009766963570285894
0.0009766963569672923
0.0009766963570087904
0.0009766963570481933
0.0009766963569829367
0.0009766963571143498
0.0009766963570906958
0.0009766963571316495
0.0009766963571148945
0.0009766963571170115
0.000976696357098159
0.000976696357115846
0.0009766963571519246
0.0009766963571087861
0.0009766963571656347
0.0009766963571737669
0.0009766963571987252
0.0009766963571845985
0.0009766963572554429
0.001191697039304403
0.001191697039366725
0.001191697039300613
0.00119169703932103
0.001191697039371765
0.001191697039298135
0.001191697039336582
0.001191697039320852
0.00119169703929657
0.001191697039339749
0.001191697039339121
0.00119169703927922
0.00119169703933791
0.001191697039308862
0.001191697039268809
0.001191697039302374
0.00119169703927902
0.001191697039217013
0.001191697039238682
0.001191697039256114
0.001191697039187261
0.001191697039189385
0.001191697039172281
0.001191697039109189
0.001191697039133029
0.001191697039152813
0.001191697039077076
0.001191697039086883
0.001191697039053501
0.001191697039092961
0.001191697039074242
0.001191697039018009
0.001191697039060193
0.001191697039025994
0.001191697038983528
0.001191697039035271
0.001191697039022105
0.001191697038977586
0.001191697039003531
0.001191697039031179
0.00119169703897962
0.001191697039020867
0.001191697039043443
0.001191697039017443
0.001191697039121771
0.001191697039122277
0.001191697039118474
0.00119169703914523
0.001191697039147041
0.001191697039118053
0.001191697039168583
0.001191697039167692
0.001191697039133106
0.001191697039199592
0.001191697039225104
0.001191697039261478
0.001191697039284976
0.00119169703933655
0.001467422472335891
0.001467422472409081
0.001467422472296198
0.00146742247232323
0.001467422472385297
0.001467422472317018
0.00146742247231734
0.001467422472343426
0.001467422472317644
0.001467422472314888
0.001467422472372649
0.001467422472300884
0.001467422472312304
0.001467422472343747
0.001467422472288556
0.001467422472266695
0.001467422472296582
0.001467422472219425
0.001467422472215276
0.001467422472257141
0.001467422472183495
0.001467422472174575
0.001467422472163072
0.001467422472074283
0.001467422472099364
0.001467422472138393
0.001467422472046632
0.00146742247202994
0.001467422472024442
0.001467422472011007
0.001467422472049042
0.001467422471975632
0.001467422471968469
0.001467422471981582
0.001467422471932993
0.001467422471931539
0.001467422471978231
0.001467422471919585
0.001467422471920431
0.00146742247196027
0.001467422471905343
0.001467422471934782
0.001467422472001165
0.001467422471976998
0.001467422472011757
0.001467422472071697
0.001467422472060587
0.001467422472055548
0.001467422472119254
0.001467422472063239
0.001467422472082997
0.001467422472122267
0.001467422472070882
0.001467422472117662
0.001467422472210522
0.001467422472208079
0.00146742247226024
0.001467422472361198
0.00182268519851421
0.001822685198652246
0.001822685198396757
0.001822685198474514
0.001822685198588743
0.001822685198454346
0.001822685198433183
0.001822685198541342
0.001822685198460943
0.001822685198475305
0.001822685198580677
0.001822685198442647
0.001822685198423602
0.001822685198546514
0.001822685198444223
0.001822685198361656
0.001822685198489108
0.001822685198357695
0.001822685198304146
0.001822685198427114
0.001822685198312371
0.001822685198252402
0.001822685198377506
0.001822685198136024
0.001822685198202746
0.001822685198284425
0.001822685198137364
0.001822685198134015
0.00182268519811552
0.001822685198055461
0.001822685198183173
0.001822685198032217
0.001822685197998122
0.0018226851980938
0.001822685197991569
0.001822685197952047
0.001822685198099651
0.001822685197966228
0.001822685197963582
0.001822685198049085
0.001822685197935606
0.001822685197945828
0.001822685198111964
0.001822685198030898
0.001822685198051761
0.001822685198165272
0.001822685198131641
0.001822685198077186
0.001822685198242273
0.0018226851980902
0.001822685198138627
0.001822685198236629
0.001822685198033854
0.001822685198159447
0.001822685198307627
0.001822685198295381
0.001822685198340196
0.00182268519856931
0.002275328255504151
0.002275328255732765
0.002275328255265318
0.002275328255439331
0.002275328255665327
0.002275328255239668
0.00227532825541826
0.002275328255571528
0.00227532825536669
0.002275328255434692
0.002275328255634691
0.00227532825527747
0.002275328255402635
0.002275328255562596
0.002275328255369767
0.002275328255251316
0.002275328255501714
0.002275328255284147
0.002275328255165872
0.002275328255403743
0.002275328255219174
0.002275328255118333
0.002275328255421148
0.00227532825496805
0.002275328255128796
0.002275328255168384
0.00227532825503206
0.002275328255001458
0.00227532825490642
0.002275328254963286
0.002275328255158813
0.002275328254730595
0.002275328254878442
0.002275328255002445
0.002275328254809425
0.002275328254734585
0.002275328255007895
0.002275328254779139
0.002275328254688796
0.002275328254923338
0.002275328254726373
0.002275328254718287
0.002275328255023348
0.002275328254843422
0.002275328254768664
0.002275328255038885
0.002275328254918186
0.002275328254959018
0.002275328255168267
0.002275328254776878
0.002275328254939143
0.002275328255109901
0.002275328254715443
0.002275328254937896
0.002275328255166496
0.002275328255074115
0.002275328255168612
0.002275328255595678
0.002838677759737944
0.002838677760243321
0.002838677759475914
0.002838677759797842
0.002838677760124072
0.0028386777594114
0.002838677759760944
0.002838677760024422
0.00283867775957628
0.002838677759767887
0.002838677760108887
0.002838677759428527
0.002838677759743312
0.002838677760057063
0.002838677759436121
0.002838677759643152
0.002838677759931466
0.002838677759623764
0.002838677759390171
0.002838677759763143
0.002838677759465973
0.002838677759312894
0.002838677759846509
0.00283867775939444
0.002838677759594936
0.002838677759141774
0.002838677759411663
0.002838677759491761
0.002838677758967894
0.002838677759176334
0.00283867775946002
0.002838677758938927
0.002838677759099185
0.002838677759299106
0.002838677758992013
0.002838677758859823
0.002838677759301483
0.00283867775892621
0.002838677758790918
0.002838677759173236
0.002838677758861964
0.002838677758820612
0.00283867775931873
0.002838677758997932
0.002838677758859656
0.00283867775930542
0.002838677759053154
0.002838677758974936
0.002838677759457793
0.002838677758842975
0.002838677759041772
0.002838677759316493
0.002838677758719529
0.002838677758993865
0.002838677759347739
0.002838677759152689
0.002838677759304812
0.00283867776009837
0.00351800051238644
0.003518000513238197
0.003518000512066004
0.003518000512524809
0.003518000513011526
0.00351800051192497
0.003518000512492433
0.003518000512959687
0.003518000512088895
0.003518000512455309
0.003518000513006651
0.003518000512067528
0.003518000512469626
0.003518000512967679
0.003518000511891915
0.003518000512336201
0.003518000512836327
0.003518000512372748
0.003518000511981271
0.00351800051254941
0.003518000512085352
0.003518000511772006
0.003518000512650218
0.003518000512378818
0.003518000512421613
0.003518000511804639
0.003518000511818975
0.00351800051238165
0.003518000511197565
0.003518000511722828
0.003518000512181629
0.003518000511601901
0.003518000511745698
0.003518000512118535
0.003518000511326651
0.003518000511522719
0.003518000512028853
0.003518000511416014
0.003518000511233522
0.003518000511853886
0.00351800051137145
0.003518000511226232
0.003518000512051084
0.003518000511490653
0.003518000511262954
0.003518000511960644
0.00351800051157309
0.003518000511325791
0.003518000512054769
0.003518000511661424
0.00351800051122521
0.003518000511797064
0.003518000511364466
0.003518000511109747
0.003518000511886396
0.003518000511508821
0.00351800051168083
0.003518000512997793
0.004303242146700896
0.004303242148007268
0.004303242147064961
0.004303242146593259
0.004303242147786815
0.004303242146182293
0.004303242146953161
0.004303242147917196
0.004303242146128801
0.004303242146926974
0.004303242147807305
0.004303242146643277
0.004303242146918775
0.004303242147872908
0.004303242145956531
0.004303242146833458
0.004303242147711387
0.004303242146862336
0.00430324214624348
0.004303242147299612
0.004303242146557042
0.004303242145861305
0.004303242147405909
0.004303242147144598
0.004303242147457189
0.004303242145527311
0.004303242146415045
0.004303242147171868
0.004303242145244068
0.0043032421460743
0.004303242146895701
0.004303242145947371
0.004303242146242987
0.004303242147055742
0.00430324214493277
0.004303242145831217
0.004303242146677539
0.004303242145767807
0.004303242145313114
0.004303242146466987
0.004303242145728626
0.004303242145280045
0.004303242146716624
0.004303242145784147
0.004303242145303173
0.004303242146537061
0.004303242145975657
0.00430324214535344
0.00430324214664508
0.004303242145939909
0.004303242145250696
0.004303242146309205
0.004303242145483985
0.004303242144986737
0.004303242146313908
0.004303242145704404
0.004303242145601431
0.004303242147702135
0.005156951951054495
0.005156951953073793
0.00515695195154787
0.005156951950554737
0.005156951952456067
0.005156951951376504
0.005156951950596855
0.005156951953062492
0.005156951950127921
0.005156951951401713
0.005156951952707314
0.005156951951117467
0.005156951950536803
0.005156951953068326
0.005156951949794973
0.005156951951392663
0.005156951952867467
0.005156951951336313
0.005156951950288514
0.005156951952269107
0.005156951951101033
0.005156951949861885
0.005156951952104409
0.005156951951779607
0.005156951952425088
0.005156951949792523
0.00515695195069359
0.00515695195205393
0.005156951949677915
0.005156951950384678
0.005156951951921069
0.00515695194998786
0.005156951950729567
0.00515695195224277
0.005156951948528665
0.005156951950136328
0.005156951951509845
0.005156951950381823
0.005156951949172926
0.005156951951310986
0.005156951950187842
0.005156951949302155
0.005156951951611698
0.005156951950172939
0.005156951949217128
0.005156951951408121
0.005156951950400043
0.005156951949338999
0.00515695195152493
0.005156951950186389
0.005156951949273945
0.005156951951195814
0.005156951949683576
0.005156951948879249
0.005156951951062577
0.005156951950255981
0.005156951949443898
0.005156951952655157
0.006027841959695872
0.006027841961164811
0.006027841958569093
0.006027841957380818
0.006027841960456184
0.006027841958904522
0.006027841957424795
0.006027841960982523
0.006027841958159791
0.006027841958683442
0.006027841960714733
0.006027841958427769
0.006027841957380456
0.006027841961361319
0.006027841956468146
0.006027841958960339
0.00602784196126978
0.006027841959063188
0.006027841957166684
0.006027841960187909
0.006027841958528942
0.006027841957296616
0.006027841959304246
0.006027841958651949
0.006027841960053903
0.006027841958507322
0.0060278419567384
0.006027841959860814
0.006027841957654413
0.006027841956536825
0.006027841960051454
0.006027841956671462
0.006027841958172892
0.006027841960583783
0.006027841955041257
0.006027841957421875
0.006027841959473573
0.006027841958109068
0.006027841955988177
0.006027841959515852
0.006027841957177995
0.006027841957420034
0.006027841959661593
0.006027841957598514
0.006027841956102185
0.006027841959463065
0.006027841957904364
0.00602784195635148
0.006027841959632938
0.006027841957496683
0.006027841956365558
0.00602784195937109
0.006027841957059694
0.006027841955923884
0.006027841959121409
0.006027841957652233
0.006027841956218866
0.00602784196027465
0.006876003038548243
0.006876003039461295
0.006876003036229068
0.006876003034395784
0.006876003038723843
0.006876003036664745
0.00687600303458588
0.006876003039018613
0.006876003036202199
0.006876003034786441
0.006876003038946088
0.006876003035899458
0.006876003034526447
0.006876003039838052
0.006876003033295615
0.006876003036773308
0.006876003040165809
0.006876003037414032
0.006876003034320831
0.006876003038290805
0.006876003034456774
0.006876003037636984
0.00687600303476749
0.006876003034763764
0.006876003038237631
0.006876003036243408
0.006876003033749884
0.006876003038150461
0.006876003035412888
0.006876003033611099
0.006876003038421894
0.006876003033787691
0.006876003035850701
0.006876003039200237
0.006876003031892344
0.006876003034961251
0.006876003037743483
0.006876003036063344
0.006876003033178231
0.00687600303812343
0.006876003033483396
0.006876003035152143
0.006876003038020088
0.006876003035306322
0.006876003033307806
0.006876003037830408
0.006876003035771554
0.006876003033687511
0.006876003038091516
0.006876003035177504
0.006876003033807908
0.006876003037922399
0.006876003034852136
0.006876003033396638
0.00687600303764525
0.006876003035142388
0.006876003033299887
0.00687600303835596
0.007678702332389781
0.007678702333485381
0.007678702329761367
0.007678702327260978
0.007678702332726359
0.007678702330293062
0.007678702327614235
0.007678702333031043
0.007678702329446903
0.007678702327711301
0.007678702332919471
0.007678702329131279
0.007678702327546832
0.00767870233395264
0.007678702325883273
0.007678702330376726
0.00767870233566445
0.007678702330146061
0.007678702327486056
0.007678702330185084
0.007678702327739245
0.007678702331898811
0.007678702328887978
0.007678702327115739
0.007678702332173913
0.007678702329724145
0.007678702326702035
0.007678702332191169
0.007678702328927312
0.00767870232684016
0.007678702332506395
0.007678702327024542
0.007678702329307822
0.007678702333545416
0.00767870232470133
0.007678702328298788
0.00767870233178396
0.007678702329805562
0.007678702326238475
0.007678702332351535
0.007678702326349819
0.0076787023285868
0.007678702332145525
0.007678702328822196
0.007678702326397634
0.007678702331965537
0.007678702329516976
0.007678702326887076
0.007678702332328089
0.007678702328756633
0.007678702327103607
0.007678702332249839
0.007678702328530578
0.007678702326796353
0.007678702332055313
0.007678702328630268
0.007678702326472706
0.007678702332149099
0.00842592692835107
0.008425926930297348
0.008425926926160884
0.008425926923116962
0.008425926929540974
0.008425926926794933
0.00842592692355862
0.00842592692983741
0.008425926925672705
0.008425926923712595
0.008425926929723408
0.008425926925273173
0.008425926923502957
0.008425926930744725
0.008425926921842474
0.008425926926604915
0.008425926932924344
0.008425926926726505
0.008425926925816136
0.008425926923031582
0.008425926925287607
0.008425926928867185
0.008425926924870689
0.008425926922875443
0.008425926928967081
0.008425926926019678
0.008425926922745471
0.00842592692964384
0.00842592692367556
0.008425926924868153
0.008425926929407086
0.008425926923387797
0.008425926925635445
0.008425926930673528
0.008425926920566096
0.008425926924531256
0.008425926928654992
0.008425926926419832
0.008425926922258561
0.008425926929339253
0.008425926922509909
0.008425926924892024
0.008425926929076431
0.008425926925206551
0.008425926922460403
0.00842592692892058
0.008425926926219912
0.008425926923039768
0.008425926929384932
0.00842592692524197
0.008425926923285533
0.008425926929390223
0.008425926925213215
0.008425926923102548
0.008425926929260507
0.008425926925370855
0.008425926923334765
0.008425926928511773
0.009114754611377871
0.009114754616737934
0.009114754612277651
0.009114754608825619
0.009114754616030651
0.009114754613010619
0.009114754609288995
0.009114754616297507
0.009114754611852811
0.009114754609516579
0.009114754616225984
0.009114754611229747
0.009114754609199473
0.0091147546167281
0.009114754609892278
0.009114754612211321
0.009114754619303432
0.009114754612982442
0.009114754613041086
0.009114754609237477
0.009114754611037791
0.009114754615383735
0.009114754610699886
0.009114754608655984
0.00911475461554135
0.009114754611700363
0.009114754608700011
0.00911475461682972
0.009114754607457405
0.009114754611148648
0.009114754615979581
0.009114754609629992
0.00911475461169722
0.009114754617438572
0.009114754606324122
0.009114754610526951
0.009114754615212557
0.009114754612751755
0.009114754608096912
0.009114754615973886
0.00911475460863246
0.009114754610939664
0.00911475461564757
0.009114754611282447
0.009114754608354529
0.009114754615540573
0.009114754612693992
0.009114754608994217
0.00911475461615005
0.009114754611477552
0.009114754609214784
0.009114754616147244
0.009114754611828361
0.009114754609234452
0.009114754616531126
0.00911475461014153
0.009114754613331865
0.009114754614560209
0.009745426689696588
0.009745426696514887
0.009745426691776554
0.00974542668802973
0.009745426695862055
0.009745426692603129
0.009745426688478004
0.00974542669608355
0.009745426691651722
0.009745426688746683
0.009745426696074318
0.009745426690678868
0.009745426688419918
0.009745426696080972
0.009745426691134188
0.009745426689195029
0.009745426698200388
0.009745426692009156
0.009745426695087014
0.009745426691059971
0.009745426688185361
0.009745426695206092
0.009745426690175911
0.009745426687972734
0.009745426695540757
0.009745426690643254
0.009745426688110648
0.009745426697123997
0.009745426685849847
0.009745426690608513
0.00974542669590785
0.009745426689307304
0.009745426691153252
0.009745426697501143
0.009745426685599841
0.0097454266899489
0.009745426695119208
0.009745426692459211
0.009745426687407332
0.009745426695932159
0.009745426688289182
0.009745426690392425
0.009745426695513898
0.009745426690680186
0.009745426687741801
0.009745426695476126
0.009745426692436212
0.009745426688408918
0.009745426696293307
0.009745426691244298
0.009745426688644733
0.009745426696094996
0.009745426691705281
0.009745426689159417
0.009745426694550958
0.009745426693112142
0.009745426695052243
0.009745426692589914
0.01031921641817599
0.01031921642569193
0.01031921642071099
0.01031921641676109
0.01031921642509125
0.01031921642161795
0.01031921641719982
0.0103192164252995
0.01031921642074422
0.01031921641745674
0.01031921642529173
0.01031921641958484
0.01031921641717646
0.01031921642553268
0.01031921642099172
0.01031921641766954
0.01031921642483534
0.01031921642316223
0.01031921642494365
0.01031921641938636
0.01031921641662296
0.01031921642445327
0.01031921641920979
0.01031921641678435
0.01031921642496021
0.01031921641918787
0.0103192164172348
0.01031921642661371
0.01031921641464925
0.0103192164195072
0.01031921642525658
0.01031921641839971
0.0103192164200522
0.01031921642691236
0.01031921641440629
0.01031921641884861
0.01031921642442983
0.01031921642160117
0.01031921641623532
0.01031921642528218
0.01031921641746898
0.01031921641930762
0.01031921642474752
0.01031921641946225
0.01031921641667983
0.01031921642479851
0.01031921642124595
0.01031921641726906
0.01031921642587444
0.01031921642052675
0.01031921641826839
0.01031921642600572
0.01031921641834928
0.01031921642160774
0.01031921642260076
0.0103192164220358
0.01031921642513704
0.01031921642054745
0.01083745500904374
0.01083745501695576
0.01083745501176714
0.01083745500768958
0.01083745501640508
0.01083745501271938
0.01083745500812177
0.01083745501661622
0.01083745501183127
0.01083745500834193
0.01083745501655967
0.01083745501054125
0.01083745500795003
0.01083745501690855
0.01083745501360397
0.01083745501024614
0.01083745501429197
0.01083745501283706
0.01083745501630513
0.01083745501005089
0.01083745500754255
0.01083745501581586
0.01083745501046668
0.01083745500785814
0.0108374550173424
0.01083745500776511
0.01083745501043334
0.01083745501815668
0.01083745500589395
0.01083745501056195
0.01083745501672124
0.01083745500954348
0.01083745501107775
0.01083745501835695
0.01083745500539304
0.01083745500991409
0.01083745501583355
0.01083745501285738
0.01083745500726365
0.01083745501672285
0.01083745500881587
0.01083745501038052
0.01083745501607789
0.01083745501040457
0.0108374550078479
0.01083745501626164
0.01083745501182048
0.01083745500820148
0.0108374550181532
0.01083745501008614
0.01083745501319934
0.01083745501665882
0.01083745500928118
0.01083745501561261
0.01083745501297048
0.01083745500981371
0.01083745501679778
0.01083745501119326
0.01130115619469067
0.0113011562028562
0.01130115619749451
0.0113011561933505
0.01130115620235088
0.01130115619843339
0.0113011561937608
0.01130115620256197
0.01130115619761712
0.01130115619396794
0.01130115620248334
0.01130115619615977
0.01130115619332174
0.0113011562023751
0.01130115620062844
0.01130115620175024
0.01130115619591937
0.01130115619721943
0.01130115620220909
0.01130115619565466
0.01130115619327028
0.01130115620189808
0.01130115619623554
0.01130115619364243
0.01130115620370982
0.01130115619233899
0.01130115619653309
0.0113011562042914
0.01130115619188924
0.01130115619632906
0.01130115620285953
0.01130115619524342
0.01130115619677781
0.01130115620438118
0.01130115619108294
0.01130115619569771
0.01130115620187996
0.01130115619872401
0.01130115619304032
0.01130115620280871
0.01130115619486499
0.01130115619616394
0.01130115620209294
0.01130115619620606
0.01130115619374617
0.01130115620249524
0.0113011561971491
0.01130115619355245
0.01130115620239945
0.01130115620001843
0.01130115620146988
0.01130115619955331
0.01130115619469407
0.01130115620252846
0.01130115619805975
0.01130115619474652
0.01130115620295367
0.01130115619684536
0.01171090295886116
0.01171090296718937
0.01171090296168944
0.01171090295752583
0.01171090296672087
0.01171090296254408
0.01171090295788664
0.01171090296691389
0.01171090296198737
0.01171090295813673
0.01171090296694671
0.01171090296050015
0.0117109029575971
0.01171090296685126
0.01171090296530345
0.01171090296656688
0.01171090296240555
0.01171090295869416
0.01171090296656085
0.01171090295987534
0.01171090295754214
0.01171090296645558
0.0117109029605314
0.01171090295786988
0.01171090296804066
0.01171090295712528
0.01171090296084575
0.01171090296881949
0.01171090295622033
0.01171090296060487
0.01171090296747051
0.0117109029592655
0.01171090296094435
0.01171090296878046
0.01171090295528186
0.0117109029599947
0.01171090296636945
0.01171090296287785
0.0117109029573652
0.01171090296733962
0.01171090295940259
0.01171090296044558
0.01171090296662758
0.01171090296062073
0.01171090295810137
0.01171090296725579
0.0117109029617902
0.01171090295792181
0.01171090296634482
0.01171090296545822
0.01171090296697836
0.01171090296238008
0.01171090295860128
0.01171090296715901
0.01171090296252091
0.01171090295875519
0.01171090296749607
0.01171090296112453
0.01206682681787719
0.01206682682629605
0.01206682682069457
0.0120668268165438
0.01206682682585332
0.01206682682139694
0.01206682681682783
0.01206682682599772
0.01206682682122477
0.01206682681714989
0.01206682682632631
0.01206682682012076
0.01206682681717957
0.01206682682639761
0.01206682682322534
0.0120668268260716
0.01206682682137508
0.01206682681711862
0.01206682682574012
0.0120668268189891
0.01206682681667048
0.01206682682578044
0.01206682681977033
0.01206682681693759
0.01206682682716211
0.01206682681691021
0.01206682681994816
0.01206682682808603
0.0120668268151679
0.01206682681972059
0.01206682682687674
0.01206682681801592
0.01206682681991698
0.01206682682789184
0.01206682681446272
0.01206682681913852
0.01206682682566098
0.01206682682153115
0.01206682681658693
0.01206682682670611
0.012066826818528
0.01206682681956262
0.01206682682599882
0.01206682681990176
0.01206682681721158
0.01206682682676044
0.01206682682209224
0.01206682681805315
0.01206682682506104
0.01206682682414242
0.01206682682660965
0.01206682682094845
0.0120668268174416
0.01206682682638087
0.01206682682203424
0.01206682681775343
0.01206682682678238
0.01206682682027375
0.01236860477644948
0.01236860478489703
0.01236860477923402
0.01236860477511527
0.01236860478446959
0.01236860477973334
0.01236860477530786
0.01236860478453157
0.01236860477986542
0.01236860477564631
0.01236860478521908
0.01236860477985446
0.01236860477672341
0.0123686047846087
0.01236860478100132
0.01236860478485331
0.0123686047798952
0.01236860477556065
0.01236860478445195
0.01236860477768959
0.01236860477536425
0.01236860478458185
0.01236860477852659
0.01236860477559241
0.01236860478584793
0.01236860477609778
0.0123686047785823
0.01236860478680989
0.01236860477366994
0.01236860477838088
0.01236860478576223
0.01236860477637271
0.01236860477842206
0.01236860478635331
0.01236860477385204
0.01236860477782211
0.01236860478450461
0.01236860477947715
0.01236860477542463
0.01236860478569968
0.01236860477665292
0.01236860477823978
0.01236860478494993
0.01236860477861615
0.01236860477603264
0.01236860478608196
0.01236860478062915
0.01236860478049334
0.01236860478276037
0.01236860478152831
0.01236860478546243
0.01236860477949038
0.01236860477594477
0.01236860478508242
0.01236860478073047
0.01236860477636398
0.01236860478553277
0.01236860477896535
0.01261544465867827
0.01261544466709912
0.01261544466141808
0.0126154446573407
0.0126154446666797
0.01261544466169215
0.0126154446574474
0.01261544466664091
0.01261544466184734
0.01261544465763969
0.01261544466743309
0.01261544466374589
0.012615444661156
0.01261544466524061
0.01261544466250333
0.01261544466717527
0.01261544466205228
0.01261544465780002
0.01261544466678864
0.01261544466007359
0.01261544465771735
0.01261544466696564
0.01261544466088725
0.01261544465793386
0.01261544466819083
0.01261544465874396
0.01261544466083705
0.01261544466902847
0.0126154446563729
0.01261544466068269
0.01261544466820994
0.01261544465856384
0.01261544466062516
0.01261544466869545
0.01261544465608139
0.01261544466010392
0.01261544466694469
0.01261544466138248
0.01261544465797589
0.01261544466843278
0.01261544465798681
0.01261544466065383
0.01261544466829555
0.01261544465961183
0.01261544466004036
0.012615444666911
0.01261544466503704
0.01261544466602653
0.01261544466417622
0.01261544466020562
0.01261544466778213
0.01261544466177561
0.01261544465820121
0.01261544466741026
0.01261544466254848
0.01261544465865947
0.01261544466785286
0.01261544466128386
0.01280604769209041
0.01280604770043229
0.01280604769477944
0.01280604769074825
0.01280604770001801
0.01280604769484023
0.0128060476907916
0.01280604769989287
0.01280604769477649
0.01280604769072656
0.01280604770025576
0.01280604769834824
0.0128060477004356
0.01280604769394229
0.01280604769517359
0.01280604770061866
0.01280604769531143
0.01280604769128766
0.01280604770026946
0.0128060476936702
0.01280604769124278
0.01280604770049798
0.01280604769445517
0.01280604769147939
0.01280604770172145
0.01280604769234086
0.01280604769425672
0.01280604770239938
0.01280604769037615
0.01280604769415586
0.01280604770178087
0.01280604769200042
0.01280604769403832
0.01280604770221012
0.01280604768941803
0.01280604769354803
0.01280604770055013
0.01280604769472054
0.01280604769191666
0.01280604770231931
0.01280604769066919
0.01280604769428888
0.01280604770248977
0.01280604769095053
0.0128060476939537
0.01280604769995422
0.01280604769938433
0.01280604770088163
0.01280604769629386
0.0128060476926237
0.01280604770120712
0.01280604769519531
0.01280604769171036
0.01280604770091155
0.01280604769521717
0.01280604769214311
0.01280604770127371
0.01280604769475122
0.01293854193443406
0.01293854194264073
0.01293854193706303
0.012938541933088
0.01293854194223315
0.01293854193695418
0.01293854193309645
0.01293854194205671
0.01293854193676922
0.0129385419331335
0.01293854194281017
0.01293854194151018
0.01293854194476187
0.01293854193411318
0.01293854193697148
0.01293854194294059
0.01293854193747807
0.01293854193374596
0.01293854194264155
0.01293854193618568
0.01293854193369974
0.01293854194294523
0.01293854193704218
0.01293854193400392
0.01293854194420833
0.01293854193453256
0.01293854193659644
0.01293854194470727
0.01293854193313793
0.01293854193655299
0.01293854194425592
0.01293854193427025
0.01293854193639321
0.01293854194464928
0.01293854193161386
0.01293854193601237
0.01293854194382371
0.01293854193571015
0.01293854193622358
0.0129385419450321
0.01293854193267423
0.0129385419368174
0.0129385419446557
0.01293854193379264
0.01293854193722366
0.01293854194223115
0.01293854194130049
0.012938541943704
0.01293854193783605
0.01293854193471246
0.01293854194350433
0.01293854193748004
0.0129385419341668
0.01293854194323831
0.01293854193728845
0.01293854193453456
0.01293854194354362
0.01293854193711295
0.01301416403649636
0.01301416404451822
0.01301416403905281
0.01301416403514988
0.01301416404412352
0.01301416403883753
0.01301416403515657
0.01301416404395169
0.01301416403863881
0.01301416403563376
0.01301416404571035
0.01301416404294928
0.01301416404743204
0.01301416403523464
0.01301416403869788
0.01301416404494089
0.01301416403937886
0.01301416403594741
0.01301416404470771
0.01301416403841538
0.01301416403590114
0.01301416404519603
0.01301416403906171
0.01301416403649676
0.01301416404648127
0.01301416403596438
0.01301416403864587
0.0130141640466986
0.01301416403556499
0.01301416403866815
0.0130141640464266
0.01301416403615637
0.01301416403846195
0.01301416404669436
0.01301416403386493
0.01301416403820884
0.01301416404653904
0.0130141640349873
0.01301416403841675
0.01301416404702682
0.01301416403558919
0.01301416403924316
0.01301416404563999
0.01301416403749308
0.01301416404138689
0.01301416404528018
0.01301416404020223
0.01301416404582903
0.0130141640395572
0.01301416403677095
0.01301416404548507
0.01301416403946127
0.01301416403635837
0.01301416404523241
0.01301416403930148
0.01301416403662884
0.01301416404546256
0.01301416403916107
0.01303338868332756
0.01303338869111481
0.01303338868578773
0.01303338868198593
0.01303338869074229
0.0130333886855335
0.01303338868201981
0.01303338869062414
0.01303338868524592
0.01303338868276984
0.01303338869278608
0.01303338868936004
0.01303338869435505
0.01303338868177637
0.0130333886853357
0.01303338869167752
0.01303338868604407
0.01303338868291998
0.01303338869153095
0.01303338868551684
0.01303338868298081
0.01303338869335684
0.01303338868281409
0.01303338868511502
0.01303338869354329
0.01303338868192817
0.01303338868546648
0.01303338869345835
0.01303338868256282
0.01303338868554395
0.01303338869332827
0.01303338868275467
0.01303338868529779
0.01303338869345178
0.01303338868098342
0.01303338868508419
0.0130333886933279
0.01303338868105994
0.01303338868489238
0.01303338869313715
0.01303338868426905
0.01303338868717607
0.01303338868965713
0.01303338868701046
0.01303338869078722
0.01303338869031247
0.01303338868559819
0.0130333886925897
0.01303338868633001
0.01303338868370303
0.01303338869221418
0.01303338868623444
0.0130333886833329
0.01303338869195329
0.01303338868619728
0.01303338868348344
0.01303338869208945
0.01303338868595191
0.01299604455360505
0.0129960445611072
0.01299604455593403
0.01299604455227721
0.01299604456076893
0.0129960445556964
0.01299604455234936
0.01299604456072839
0.01299604455523635
0.0129960445531301
0.01299604456284158
0.01299604455935278
0.01299604456449984
0.01299604455206981
0.01299604455549118
0.01299604456182018
0.0129960445562106
0.01299604455334461
0.01299604456179181
0.01299604455616431
0.01299604455345565
0.01299604456374905
0.01299604455239208
0.01299604455569211
0.01299604456380604
0.0129960445520612
0.01299604455574929
0.0129960445637057
0.01299604455263783
0.01299604455585112
0.0129960445636227
0.01299604455279488
0.01299604455558263
0.01299604456361037
0.01299604455158782
0.01299604455536334
0.01299604456336534
0.0129960445512061
0.01299604455462821
0.01299604456112722
0.01299604455833997
0.01299604456028856
0.01299604455956306
0.01299604455561912
0.01299604456238269
0.01299604455923986
0.01299604455523626
0.01299604456275839
0.01299604455669145
0.01299604455413812
0.01299604456237867
0.01299604455651654
0.01299604455376278
0.01299604456207208
0.0129960445567137
0.01299604455377873
0.01299604456210959
0.01299604455616994
0.01290138417232484
0.01290138417949267
0.0129013841744826
0.01290138417102483
0.01290138417920331
0.01290138417429203
0.01290138417111883
0.01290138417920316
0.01290138417384577
0.0129013841717595
0.01290138418103822
0.01290138417788937
0.01290138418296056
0.01290138417089776
0.01290138417409291
0.01290138418031696
0.01290138417511707
0.01290138417225612
0.01290138418056861
0.01290138417498845
0.01290138417252693
0.01290138418228471
0.01290138417097318
0.01290138417443427
0.01290138418235426
0.01290138417100184
0.01290138417446963
0.01290138418227899
0.0129013841714059
0.0129013841745909
0.0129013841822923
0.01290138417132025
0.01290138417431638
0.01290138418216934
0.0129013841706456
0.01290138417407708
0.01290138418174188
0.01290138417050733
0.01290138417325806
0.01290138417946123
0.01290138417851681
0.01290138418063849
0.01290138417755329
0.01290138417399488
0.01290138418155268
0.01290138417714516
0.01290138417375226
0.01290138418135311
0.01290138417555803
0.01290138417305224
0.01290138418097725
0.01290138417534434
0.01290138417265489
0.01290138418062077
0.01290138417562392
0.01290138417252212
0.01290138418052757
0.01290138417482087
0.01274812154942497
0.01274812155621433
0.01274812155137816
0.01274812154817093
0.01274812155598971
0.01274812155123742
0.01274812154826833
0.01274812155599468
0.01274812155085913
0.01274812154863126
0.0127481215573068
0.01274812155501285
0.01274812155971452
0.0127481215481088
0.01274812155105591
0.01274812155705592
0.01274812155268563
0.01274812154973236
0.0127481215588058
0.01274812154933019
0.01274812155106105
0.01274812155911048
0.01274812154815275
0.0127481215515046
0.0127481215592016
0.01274812154836627
0.01274812155155916
0.01274812155910962
0.01274812154885775
0.01274812155169876
0.01274812155926229
0.01274812154831884
0.01274812155143975
0.01274812155906857
0.01274812154805929
0.01274812155118871
0.0127481215584403
0.01274812154891548
0.01274812155062542
0.01274812155676135
0.01274812155592017
0.01274812155842506
0.01274812155418378
0.01274812155112796
0.01274812155867933
0.01274812155382964
0.01274812155087374
0.0127481215583119
0.01274812155283533
0.01274812155037449
0.0127481215579433
0.01274812155268039
0.01274812154995694
0.01274812155755245
0.01274812155269078
0.0127481215496618
0.01274812155728939
0.01274812155185412
0.0125344501296729
0.01253445013604871
0.01253445013141118
0.0125344501284845
0.01253445013590345
0.01253445013128726
0.0125344501285722
0.01253445013588389
0.01253445013098745
0.01253445012858038
0.01253445013633054
0.01253445013561563
0.01253445013955018
0.01253445012849224
0.01253445013120288
0.01253445013687255
0.01253445013318901
0.01253445013047729
0.01253445013901818
0.01253445012902674
0.01253445013152324
0.01253445013902462
0.01253445012857189
0.01253445013171297
0.01253445013913553
0.01253445012884039
0.01253445013179673
0.0125344501391045
0.01253445012920548
0.01253445013193023
0.01253445013927287
0.01253445012867912
0.01253445013171981
0.01253445013907657
0.01253445012859493
0.01253445013149926
0.01253445013845516
0.01253445013003878
0.01253445013118699
0.01253445013711716
0.01253445013611774
0.01253445013884203
0.01253445013421053
0.01253445013151137
0.01253445013876841
0.01253445013392539
0.01253445013125264
0.01253445013839788
0.01253445013328477
0.01253445013087539
0.01253445013807067
0.01253445013307909
0.01253445013043796
0.01253445013762247
0.01253445013276872
0.01253445012996623
0.01253445013716865
0.01253445013204763
0.01225806088927837
0.01225806089521699
0.01225806089083206
0.01225806088817115
0.01225806089515521
0.01225806089070158
0.01225806088824409
0.01225806089510265
0.01225806089052334
0.01225806088812724
0.01225806089527537
0.01225806089481534
0.01225806089867352
0.01225806088832201
0.01225806089095205
0.0122580608976127
0.01225806089033665
0.01225806089118041
0.01225806089829588
0.01225806088859432
0.01225806089112872
0.01225806089824885
0.01225806088842271
0.01225806089127509
0.01225806089837397
0.01225806088865199
0.01225806089138608
0.01225806089844599
0.01225806088873763
0.01225806089149697
0.01225806089854329
0.01225806088859551
0.01225806089135957
0.01225806089840039
0.01225806088852813
0.01225806089121321
0.01225806089798183
0.01225806088975422
0.01225806089101576
0.01225806089661073
0.01225806089554927
0.01225806089834404
0.0122580608937534
0.01225806089127341
0.01225806089812891
0.01225806089353793
0.01225806089103822
0.01225806089781398
0.01225806089311543
0.01225806089075451
0.01225806089754393
0.0122580608928447
0.01225806089029655
0.01225806089701989
0.01225806089229325
0.01225806088964403
0.01225806089637917
0.0122580608916187
0.01191620209064181
0.0119162020961278
0.01191620209208762
0.01191620208962336
0.01191620209612937
0.01191620209201407
0.01191620208968506
0.01191620209605994
0.01191620209188757
0.01191620208954581
0.01191620209609713
0.01191620209556266
0.01191620209950687
0.01191620208997883
0.01191620209238624
0.01191620209906248
0.01191620209070922
0.01191620209256676
0.01191620209921994
0.01191620209013891
0.01191620209245053
0.01191620209918274
0.01191620209009861
0.01191620209258892
0.01191620209931829
0.01191620209028354
0.01191620209271151
0.01191620209941523
0.01191620209034406
0.01191620209281106
0.01191620209950825
0.01191620209034142
0.01191620209275203
0.01191620209943749
0.01191620209030347
0.01191620209269861
0.01191620209931262
0.01191620209075027
0.01191620209250962
0.01191620209767815
0.01191620209665616
0.01191620209944505
0.01191620209513705
0.01191620209278918
0.01191620209919026
0.01191620209499171
0.01191620209259777
0.01191620209894956
0.01191620209472213
0.0119162020924033
0.01191620209874755
0.01191620209445034
0.01191620209193042
0.01191620209814752
0.01191620209372179
0.01191620209110477
0.01191620209732375
0.01191620209296915
0.01150586420215422
0.0115058642071712
0.011505864203574
0.01150586420123317
0.01150586420721905
0.01150586420356078
0.01150586420128773
0.01150586420713751
0.01150586420345545
0.01150586420114112
0.01150586420702684
0.01150586420647314
0.01150586421044906
0.01150586420183729
0.01150586420388286
0.01150586421020571
0.01150586420216604
0.01150586420397333
0.01150586421023132
0.01150586420195587
0.0115058642039072
0.01150586421020876
0.01150586420197156
0.01150586420404393
0.01150586421035799
0.01150586420213537
0.01150586420416656
0.01150586421045161
0.01150586420220025
0.01150586420426445
0.01150586421056218
0.01150586420227268
0.01150586420428266
0.01150586421057215
0.01150586420229605
0.01150586420430204
0.0115058642105854
0.01150586420247815
0.01150586420411141
0.01150586420876179
0.0115058642078341
0.01150586421058047
0.01150586420669589
0.01150586420443838
0.01150586421033979
0.01150586420662103
0.01150586420430082
0.01150586421017839
0.01150586420648196
0.01150586420420745
0.01150586421006495
0.01150586420625849
0.01150586420373487
0.01150586420940511
0.01150586420538699
0.01150586420276626
0.01150586420839658
0.01150586420448604
0.01102423250292754
0.01102423250746141
0.01102423250437088
0.01102423250212758
0.01102423250753558
0.01102423250439281
0.0110242325021702
0.01102423250744461
0.01102423250431298
0.01102423250202943
0.0110242325071797
0.01102423250669507
0.01102423251061467
0.01102423250300214
0.01102423250459897
0.0110242325104464
0.01102423250318974
0.01102423250465634
0.01102423251045349
0.01102423250311095
0.0110242325046215
0.01102423251043257
0.01102423250313975
0.0110242325047588
0.01102423251060537
0.01102423250330095
0.01102423250487059
0.01102423251067383
0.01102423250336039
0.01102423250497813
0.01102423251082001
0.01102423250349027
0.01102423250506557
0.01102423251091131
0.0110242325036041
0.01102423250514152
0.01102423251097606
0.01102423250378122
0.01102423250499434
0.01102423250901963
0.01102423250820602
0.01102423251088138
0.01102423250750626
0.01102423250533303
0.01102423251068085
0.01102423250750291
0.01102423250525402
0.01102423251060121
0.0110242325074942
0.01102423250528088
0.01102423251059897
0.01102423250735687
0.01102423250484315
0.01102423250989914
0.01102423250634107
0.01102423250380846
0.01102423250873822
0.01102423250527039
0.01046959704056813
0.01046959704459125
0.01046959704199926
0.01046959703993325
0.01046959704466057
0.01046959704202093
0.01046959703995918
0.01046959704456477
0.01046959704199771
0.01046959703984409
0.01046959704418095
0.01046959704382413
0.01046959704759655
0.01046959704105644
0.01046959704216199
0.01046959704744508
0.01046959704119848
0.01046959704223643
0.01046959704748595
0.0104695970411697
0.01046959704219692
0.01046959704742612
0.01046959704118159
0.01046959704233967
0.01046959704765431
0.01046959704135005
0.01046959704242375
0.01046959704765753
0.01046959704140065
0.01046959704256543
0.01046959704787751
0.01046959704157453
0.01046959704269821
0.01046959704804234
0.01046959704181676
0.01046959704283457
0.01046959704809116
0.01046959704206578
0.01046959704283837
0.01046959704608334
0.01046959704538161
0.01046959704794989
0.01046959704512181
0.01046959704307225
0.01046959704780042
0.01046959704519666
0.01046959704306355
0.01046959704780953
0.01046959704532237
0.010469597043221
0.01046959704792712
0.01046959704532262
0.0104695970428809
0.0104695970472318
0.0104695970440835
0.01046959704197054
0.01046959704599555
0.01046959704288183
0.009842877614981706
0.009842877618432576
0.009842877616152625
0.009842877614556159
0.009842877618446381
0.009842877616132093
0.009842877614553196
0.009842877618385272
0.009842877616206204
0.009842877614481386
0.009842877617903329
0.009842877617717655
0.009842877621241204
0.009842877615831721
0.00984287761643002
0.009842877621039326
0.009842877615977991
0.009842877616593939
0.009842877621200669
0.009842877615958831
0.009842877616473433
0.009842877620985804
0.009842877615916281
0.009842877616647429
0.009842877621357132
0.009842877616109467
0.009842877616666929
0.009842877621201038
0.009842877616153389
0.009842877616898421
0.009842877621580978
0.009842877616352134
0.00984287761702762
0.009842877621790447
0.009842877616776914
0.009842877617265306
0.009842877621706797
0.009842877617111615
0.009842877617628532
0.009842877619831885
0.009842877619230131
0.009842877621623227
0.009842877619320154
0.009842877617511268
0.009842877621527505
0.009842877619500864
0.009842877617608213
0.009842877621653999
0.009842877619740032
0.009842877617874186
0.009842877621868739
0.009842877619984709
0.009842877617758358
0.00984287762143171
0.009842877618059033
0.009842877617388614
0.00984287762014247
0.009842877617115619
0.009149719534515583
0.0091497195373471
0.009149719534567757
0.00914971953431247
0.009149719537234235
0.009149719534448614
0.009149719534250799
0.009149719537556578
0.009149719534566074
0.009149719534219119
0.00914971953657445
0.009149719536599711
0.009149719539759044
0.009149719535530676
0.009149719535607179
0.009149719539369308
0.009149719535706329
0.009149719535983135
0.009149719539898219
0.009149719535660421
0.009149719535627343
0.00914971953920026
0.009149719535499035
0.009149719535895074
0.009149719539939023
0.009149719535795037
0.009149719535791823
0.00914971953939935
0.009149719535783949
0.009149719536195592
0.009149719540128809
0.009149719536015986
0.009149719536228305
0.00914971954030851
0.009149719536656451
0.009149719536721654
0.009149719539870206
0.009149719537006119
0.009149719537803922
0.009149719538502145
0.009149719537975901
0.009149719540093781
0.009149719538162883
0.00914971953683214
0.009149719540052144
0.009149719538514961
0.009149719537113998
0.009149719540375117
0.009149719538784625
0.00914971953741555
0.009149719540590401
0.009149719539501689
0.009149719537745869
0.009149719541144822
0.009149719537869574
0.009149719537152363
0.009149719539780119
0.009149719535947714
0.008402697174571754
0.008402697177595923
0.008402697175009329
0.008402697174428712
0.008402697177227674
0.008402697174684674
0.008402697174183203
0.008402697176394679
0.008402697174707156
0.008402697174369604
0.00840269717597617
0.008402697176215963
0.008402697178849172
0.008402697176043283
0.008402697175414177
0.008402697177984366
0.008402697176154628
0.008402697176175252
0.008402697179590709
0.008402697175990868
0.008402697175340271
0.008402697177473231
0.008402697175624698
0.008402697175798808
0.008402697179135445
0.008402697176334755
0.008402697175530436
0.008402697177685971
0.00840269717596849
0.008402697176173387
0.008402697179159636
0.008402697176394251
0.008402697175963056
0.008402697179217395
0.008402697177060598
0.008402697177148966
0.008402697177952551
0.008402697177174418
0.008402697179595436
0.00840269717790232
0.008402697177370346
0.008402697179177045
0.008402697176985507
0.008402697176653578
0.008402697179173369
0.00840269717761102
0.008402697177241609
0.008402697179847462
0.008402697177756819
0.00840269717745791
0.008402697179789654
0.008402697179493206
0.008402697178330846
0.008402697181463498
0.008402697178290869
0.008402697177356191
0.008402697179930875
0.008402697176033334
0.007622635532099515
0.007622635535125336
0.007622635532748345
0.007622635531972936
0.00762263553493819
0.007622635532469814
0.007622635531631985
0.007622635533807974
0.007622635532629412
0.007622635532029913
0.007622635533054641
0.00762263553340904
0.007622635535917839
0.007622635533601337
0.007622635532783137
0.007622635535260353
0.007622635534100953
0.007622635533926435
0.00762263553691234
0.007622635533568138
0.007622635532541171
0.007622635534258545
0.007622635533342334
0.007622635533209338
0.007622635536012775
0.007622635533770789
0.007622635532877058
0.00762263553472651
0.0076226355337286
0.007622635533693049
0.007622635536187087
0.007622635533771694
0.007622635533030723
0.007622635535096672
0.007622635534493513
0.007622635535969262
0.007622635535019144
0.007622635534450837
0.007622635537501605
0.007622635535125754
0.007622635534278692
0.007622635536052319
0.007622635533994437
0.007622635533712919
0.007622635535573956
0.007622635534673843
0.007622635534698399
0.007622635537184257
0.00762263553529324
0.007622635534751043
0.007622635536756166
0.007622635536579701
0.007622635535990481
0.00762263553875678
0.007622635535876646
0.007622635534895067
0.007622635537397429
0.007622635533641406
0.006837767184487273
0.006837767187360009
0.006837767185168439
0.006837767184290256
0.006837767187374225
0.006837767184967592
0.006837767183970352
0.006837767185348525
0.006837767184814028
0.006837767184600187
0.00683776718512269
0.00683776718546688
0.006837767187805055
0.006837767185845766
0.006837767185114072
0.006837767186776923
0.00683776718686482
0.006837767186772502
0.006837767188776427
0.006837767186017595
0.006837767184630555
0.006837767185756911
0.006837767185458479
0.006837767185505484
0.006837767187561628
0.006837767185800581
0.006837767185225467
0.006837767186335227
0.006837767185958333
0.006837767186107109
0.006837767188193896
0.006837767185999927
0.006837767185080518
0.006837767187267842
0.006837767187077989
0.00683776718854113
0.006837767187166438
0.006837767186398425
0.006837767189539857
0.006837767187249278
0.006837767186052103
0.006837767187764984
0.006837767185906729
0.006837767185759842
0.006837767187411478
0.006837767187072765
0.006837767187018679
0.006837767189164875
0.006837767187595821
0.006837767186842473
0.006837767189235558
0.006837767188308086
0.006837767187711168
0.006837767190354112
0.00683776718798634
0.006837767187141541
0.006837767189575067
0.006837767186091017
0.006079861348418706
0.006079861350950404
0.006079861348991669
0.006079861348039096
0.006079861350920829
0.006079861348754823
0.006079861347687068
0.006079861348786763
0.006079861348488839
0.006079861348403082
0.006079861348782898
0.006079861349044683
0.006079861351010878
0.00607986134942926
0.006079861348631039
0.006079861350149862
0.006079861350432842
0.006079861350224108
0.006079861351900723
0.00607986134968343
0.006079861348358744
0.006079861349417769
0.006079861348623749
0.006079861348616861
0.006079861350841026
0.006079861349409623
0.006079861348972255
0.006079861349784744
0.006079861349625236
0.00607986134974881
0.006079861351400524
0.006079861349584015
0.006079861348718928
0.006079861350718379
0.006079861350651574
0.006079861352025409
0.006079861350536003
0.006079861349777699
0.006079861352726279
0.006079861350590881
0.006079861349394869
0.00607986135105943
0.006079861349379026
0.00607986134931254
0.006079861350793873
0.006079861350634335
0.006079861350512754
0.006079861352161195
0.006079861351017901
0.006079861350325203
0.006079861352702069
0.006079861351673251
0.006079861350953562
0.006079861353142697
0.006079861351395661
0.006079861350786997
0.006079861353093322
0.006079861350024552
0.005377822241788816
0.005377822243755923
0.005377822242103676
0.005377822241159754
0.005377822243695792
0.00537782224187198
0.005377822240781344
0.005377822241878404
0.005377822241486033
0.005377822241365095
0.005377822241920101
0.005377822242078945
0.005377822243573889
0.005377822242352925
0.00537782224160788
0.00537782224320962
0.005377822242987075
0.00537782224261877
0.005377822244348883
0.005377822242667984
0.00537782224155742
0.005377822242646059
0.005377822241646336
0.005377822241479564
0.0053778222436189
0.005377822242432992
0.005377822241760376
0.005377822242528391
0.005377822242669723
0.005377822242677387
0.005377822243894917
0.005377822242504984
0.005377822241758329
0.005377822243477472
0.005377822243460628
0.0053778222446527
0.005377822243237531
0.00537782224256182
0.005377822245187473
0.005377822243297653
0.005377822242223806
0.005377822243856572
0.005377822242318859
0.005377822242089532
0.005377822243433991
0.005377822243336968
0.005377822243171169
0.005377822244422547
0.005377822243664379
0.005377822243136116
0.005377822245204141
0.005377822244352612
0.005377822243647765
0.005377822245274879
0.005377822244131814
0.005377822243763039
0.005377822245797374
0.00537782224327223
0.004751005637506303
0.004751005638850342
0.004751005637496757
0.004751005636601924
0.004751005638750904
0.004751005637291884
0.004751005636326509
0.004751005637464944
0.004751005636882279
0.004751005636683746
0.004751005637514868
0.004751005637576353
0.004751005638538481
0.004751005637601408
0.004751005637001857
0.004751005638534044
0.004751005638102336
0.004751005637676668
0.004751005639159164
0.004751005637949987
0.004751005637083409
0.004751005638148636
0.004751005637096149
0.00475100563680565
0.004751005638674575
0.00475100563773323
0.00475100563703557
0.004751005637977186
0.004751005637793388
0.004751005637587726
0.00475100563877958
0.004751005637762221
0.004751005637129401
0.004751005638559035
0.004751005638561648
0.004751005639575982
0.004751005638309894
0.004751005637713305
0.004751005639977925
0.004751005638373014
0.004751005637448789
0.004751005638974676
0.004751005637597361
0.004751005637173189
0.004751005638613158
0.004751005638456943
0.004751005638068921
0.004751005639079901
0.00475100563860333
0.004751005638258257
0.004751005639940977
0.004751005639349554
0.004751005638767281
0.004751005639900755
0.00475100563925959
0.004751005639040502
0.004751005640703582
0.004751005638745687
0.004205280422146745
0.004205280422906562
0.004205280421796357
0.004205280420974146
0.004205280422751781
0.004205280421619198
0.00420528042080752
0.004205280421932715
0.004205280421242705
0.004205280420984361
0.004205280421840022
0.004205280421862034
0.004205280422548537
0.004205280421802477
0.004205280421323797
0.004205280422703532
0.004205280422254841
0.004205280421837709
0.004205280422984084
0.004205280422149805
0.004205280421504895
0.004205280422491102
0.00420528042147322
0.004205280421116993
0.004205280422692447
0.004205280421960909
0.004205280421332561
0.004205280422277916
0.004205280421901088
0.004205280421624406
0.004205280422699405
0.004205280421966729
0.004205280421432257
0.004205280422612328
0.004205280422619048
0.004205280423469867
0.004205280422371624
0.004205280421842712
0.004205280423758606
0.004205280422430698
0.004205280421651741
0.004205280423024111
0.004205280421821085
0.004205280421350726
0.004205280422688729
0.004205280422436375
0.004205280422006659
0.004205280422918362
0.004205280422597026
0.004205280422324031
0.004205280423637893
0.004205280423298639
0.004205280422917944
0.004205280423680401
0.004205280423400967
0.004205280423232057
0.004205280424477522
0.004205280423041024
0.003733627174702503
0.003733627174962594
0.003733627174020899
0.003733627173284704
0.003733627174732807
0.003733627173864538
0.003733627173196117
0.003733627174255372
0.003733627173545487
0.003733627173258762
0.00373362717405649
0.003733627174065792
0.003733627174587091
0.003733627173964121
0.003733627173569442
0.003733627174763602
0.00373362717438034
0.003733627174009861
0.003733627174842083
0.003733627174286495
0.003733627173822486
0.003733627174699391
0.003733627173763738
0.003733627173387295
0.003733627174694615
0.003733627174128176
0.00373362717359923
0.003733627174497712
0.003733627174017829
0.003733627173713717
0.00373362717464961
0.003733627174119764
0.003733627173671658
0.003733627174656203
0.003733627174660452
0.003733627175353886
0.003733627174419437
0.003733627173953321
0.003733627175554208
0.003733627174471691
0.003733627173823712
0.003733627175031847
0.003733627173997557
0.00373362717354049
0.00373362717470918
0.003733627174411544
0.0037336271740037
0.003733627174835696
0.00373362717458888
0.0037336271743505
0.003733627175350308
0.003733627175202818
0.003733627175065777
0.003733627175478311
0.003733627175416829
0.003733627175328963
0.003733627176164165
0.003733627175173768
0.003320542929635898
0.003320542929493949
0.003320542928635581
0.003320542927992251
0.003320542929158024
0.003320542928493516
0.003320542927949082
0.003320542928908805
0.003320542928237533
0.003320542927948923
0.003320542928662182
0.003320542928668768
0.003320542929077754
0.003320542928541375
0.003320542928206437
0.003320542929212495
0.003320542928911159
0.003320542928604072
0.003320542929187039
0.003320542928826896
0.003320542928499982
0.003320542929256822
0.003320542928427696
0.003320542928061683
0.003320542929135393
0.003320542928694559
0.003320542928264214
0.003320542929088796
0.003320542928577052
0.003320542928269693
0.003320542929066569
0.003320542928676997
0.003320542928306268
0.003320542929103483
0.00332054292910725
0.003320542929681723
0.003320542928899531
0.003320542928495992
0.00332054292981886
0.003320542928945346
0.003320542928412387
0.003320542929457133
0.00332054292857978
0.003320542928160427
0.003320542929147284
0.003320542928850097
0.003320542928487045
0.00332054292923249
0.003320542929015264
0.003320542928803393
0.003320542929555867
0.003320542929530939
0.00332054292956174
0.003320542929757449
0.003320542929761742
0.003320542929715241
0.003320542930240039
0.003320542929612729
0.002947731203589908
0.00294773120316532
0.002947731202416238
0.002947731201868383
0.002947731202793712
0.002947731202284745
0.002947731201846643
0.002947731202686852
0.002947731202087689
0.002947731201815943
0.002947731202402539
0.002947731202411518
0.002947731202765471
0.002947731202301739
0.0029477312020154
0.002947731202844814
0.00294773120261537
0.002947731202373189
0.002947731202773782
0.002947731202545079
0.002947731202318404
0.002947731202953886
0.002947731202242678
0.00294773120190736
0.002947731202778255
0.002947731202433775
0.002947731202091195
0.002947731202821844
0.002947731202330039
0.002947731202037972
0.002947731202702508
0.002947731202410843
0.002947731202109052
0.00294773120271524
0.002947731202721833
0.002947731203220367
0.002947731202576974
0.002947731202235089
0.00294773120331196
0.002947731202615401
0.002947731202183433
0.002947731203066396
0.002947731202335152
0.002947731201965914
0.002947731202778427
0.002947731202508185
0.00294773120219837
0.002947731202849181
0.00294773120264426
0.002947731202458367
0.002947731203070905
0.002947731203055489
0.002947731203126117
0.002947731203207672
0.00294773120323803
0.002947731203244657
0.002947731203600142
0.002947731203217742
0.002598654924860852
0.002598654924260955
0.002598654923626674
0.002598654923175093
0.002598654923893701
0.002598654923505461
0.002598654923160565
0.002598654923868429
0.002598654923359116
0.002598654923116585
0.00259865492359738
0.002598654923605204
0.002598654923897584
0.002598654923504139
0.002598654923263562
0.002598654923931052
0.002598654923758389
0.002598654923575286
0.002598654923844662
0.002598654923702619
0.002598654923550378
0.002598654924066266
0.002598654923476872
0.002598654923185961
0.002598654923878391
0.002598654923610577
0.00259865492334414
0.002598654923966191
0.002598654923528009
0.002598654923265897
0.002598654923805819
0.002598654923585542
0.002598654923346301
0.002598654923814784
0.002598654923819755
0.002598654924225582
0.002598654923708527
0.002598654923427779
0.002598654924284191
0.002598654923738664
0.002598654923396742
0.002598654924120933
0.002598654923526185
0.002598654923213633
0.002598654923864686
0.002598654923633812
0.002598654923379638
0.002598654923929779
0.002598654923736951
0.0025986549235774
0.002598654924088091
0.002598654924078463
0.002598654924157649
0.002598654924189752
0.002598654924190944
0.002598654924209694
0.002598654924468435
0.002598654924243512
0.002260882600437763
0.00226088259975754
0.002260882599235881
0.002260882598879469
0.002260882599418811
0.002260882599126678
0.00226088259886591
0.002260882599433337
0.002260882599021864
0.002260882598816766
0.002260882599197046
0.002260882599202576
0.002260882599436323
0.002260882599114581
0.002260882598920689
0.002260882599440257
0.002260882599311996
0.002260882599180959
0.002260882599351951
0.002260882599265791
0.002260882599173607
0.002260882599573479
0.002260882599104351
0.002260882598865966
0.002260882599399576
0.00226088259919521
0.002260882598995106
0.002260882599499667
0.00226088259913425
0.002260882598913083
0.002260882599336042
0.002260882599171103
0.002260882598989115
0.002260882599346565
0.002260882599348935
0.002260882599661113
0.002260882599259068
0.002260882599038949
0.002260882599696267
0.002260882599280526
0.002260882599019967
0.002260882599590339
0.002260882599122792
0.002260882598870172
0.002260882599373341
0.002260882599186454
0.002260882598987172
0.002260882599432477
0.002260882599259076
0.002260882599127101
0.002260882599538122
0.002260882599537197
0.002260882599571945
0.002260882599587849
0.002260882599578253
0.002260882599589705
0.0022608825997949
0.002260882599662738
0.001926492834930322
0.00192649283425944
0.001926492833844878
0.00192649283357961
0.001926492833964671
0.001926492833750233
0.001926492833566602
0.00192649283399131
0.001926492833678657
0.001926492833515847
0.001926492833799414
0.001926492833801791
0.001926492833982116
0.001926492833732578
0.001926492833586573
0.001926492833971455
0.001926492833879061
0.001926492833789818
0.001926492833891047
0.001926492833841639
0.001926492833794986
0.001926492834085401
0.001926492833730448
0.001926492833548029
0.001926492833940433
0.001926492833790121
0.001926492833647678
0.001926492834032448
0.001926492833747766
0.001926492833574207
0.00192649283388884
0.001926492833769288
0.001926492833639338
0.001926492833902525
0.001926492833902475
0.001926492834126362
0.001926492833827675
0.001926492833666623
0.001926492834145449
0.001926492833840731
0.001926492833653619
0.001926492834078217
0.001926492833727642
0.001926492833535581
0.001926492833904997
0.001926492833762249
0.001926492833615063
0.00192649283395446
0.001926492833808947
0.001926492833706129
0.001926492834015134
0.001926492834011895
0.001926492834018413
0.001926492834044432
0.001926492834009603
0.001926492833999081
0.001926492834174099
0.001926492834085082
0.001591454636078345
0.001591454635511302
0.001591454635199292
0.001591454635016527
0.001591454635273522
0.001591454635121109
0.001591454635008024
0.001591454635296286
0.001591454635077268
0.001591454634957173
0.001591454635156627
0.00159145463515475
0.001591454635283199
0.001591454635103023
0.001591454635003699
0.001591454635269076
0.001591454635205778
0.001591454635147078
0.00159145463520402
0.001591454635183276
0.001591454635166138
0.001591454635354455
0.001591454635103928
0.001591454634975958
0.001591454635245778
0.001591454635141756
0.001591454635048096
0.001591454635318279
0.001591454635113779
0.001591454634989161
0.001591454635206968
0.001591454635125215
0.001591454635040852
0.001591454635223496
0.001591454635221821
0.001591454635367384
0.001591454635159322
0.001591454635052947
0.001591454635376273
0.001591454635165037
0.001591454635042084
0.001591454635334049
0.001591454635088129
0.00159145463495362
0.00159145463520556
0.001591454635104407
0.001591454635003996
0.001591454635241839
0.001591454635130314
0.001591454635055105
0.001591454635268052
0.001591454635262524
0.001591454635253151
0.001591454635280475
0.001591454635242179
0.001591454635214973
0.001591454635351699
0.001591454635268781
0.001254942557936338
0.001254942557543127
0.001254942557328178
0.001254942557213737
0.001254942557372385
0.001254942557267507
0.001254942557214527
0.00125494255738362
0.001254942557247587
0.001254942557166379
0.001254942557297703
0.001254942557291421
0.001254942557372421
0.001254942557253425
0.001254942557196696
0.001254942557360332
0.001254942557321439
0.001254942557285085
0.00125494255732088
0.001254942557308598
0.00125494255730367
0.001254942557415312
0.001254942557254918
0.001254942557176098
0.001254942557344324
0.001254942557278033
0.001254942557223994
0.001254942557393197
0.001254942557260555
0.001254942557181601
0.001254942557317466
0.001254942557266225
0.001254942557219197
0.001254942557334835
0.001254942557332567
0.001254942557414834
0.00125494255728174
0.001254942557222807
0.001254942557417944
0.001254942557281767
0.001254942557212199
0.001254942557391108
0.001254942557233557
0.001254942557150451
0.00125494255730455
0.001254942557239413
0.001254942557178674
0.001254942557326308
0.00125494255724992
0.00125494255720149
0.00125494255733568
0.001254942557328221
0.001254942557309682
0.001254942557325091
0.001254942557295485
0.00125494255726337
0.001254942557360859
0.001254942557270292
0.000919159659549546
0.000919159659353161
0.0009191596592314117
0.0009191596591565823
0.0009191596592525949
0.0009191596591843036
0.0009191596591716722
0.0009191596592511006
0.000919159659184401
0.0009191596591304081
0.0009191596592089229
0.0009191596591999282
0.0009191596592475165
0.0009191596591791015
0.0009191596591514883
0.0009191596592388171
0.0009191596592225251
0.0009191596591986645
0.0009191596592166005
0.0009191596592092037
0.0009191596592089697
0.0009191596592675988
0.0009191596591805845
0.000919159659136283
0.0009191596592282951
0.0009191596591936313
0.0009191596591646442
0.0009191596592564581
0.0009191596591836952
0.0009191596591375309
0.000919159659211135
0.0009191596591848609
0.0009191596591607534
0.0009191596592243993
0.0009191596592236963
0.0009191596592662864
0.0009191596591914321
0.000919159659162867
0.0009191596592652956
0.0009191596591879028
0.0009191596591528873
0.0009191596592476957
0.0009191596591604616
0.0009191596591135876
0.000919159659195013
0.0009191596591610879
0.000919159659126586
0.0009191596592049031
0.0009191596591627298
0.000919159659133534
0.0009191596592038519
0.0009191596592009509
0.0009191596591850945
0.000919159659182515
0.0009191596591693706
0.0009191596591409997
0.0009191596591956447
0.0009191596591118919
0.0004930926262185559
0.0004930926262490736
0.0004930926262232161
0.0004930926261744124
0.0004930926262452842
0.0004930926261869523
0.0004930926262259128
0.0004930926262275631
0.0004930926262207147
0.0004930926261790735
0.0004930926262249615
0.0004930926262075756
0.0004930926262362395
0.0004930926262081021
0.0004930926262037784
0.0004930926262365755
0.0004930926262358832
0.0004930926262058709
0.0004930926262166723
0.0004930926262092737
0.0004930926262065792
0.0004930926262293173
0.0004930926262097719
0.0004930926261903426
0.0004930926262221472
0.0004930926262151289
0.0004930926262014683
0.0004930926262290583
0.0004930926262097934
0.0004930926261884424
0.0004930926262121513
0.0004930926262022055
0.0004930926261911067
0.0004930926262163989
0.0004930926262190145
0.0004930926262363179
0.0004930926262098102
0.000493092626200457
0.0004930926262304057
0.0004930926262007749
0.0004930926261890017
0.0004930926262160546
0.0004930926261883888
0.0004930926261680327
0.0004930926261914111
0.0004930926261835369
0.0004930926261647421
0.0004930926261866416
0.0004930926261770915
0.0004930926261597231
0.0004930926261796025
0.0004930926261805523
0.0004930926261705327
0.0004930926261463085
0.0004930926261469919
0.0004930926261160349
0.0004930926261247032
0.0004930926260470217
0.00047878312591704
0.0004787831259177455
0.0004787831259184952
0.0004787831259181412
0.0004787831259187267
0.0004787831259184812
0.0004787831259187131
0.0004787831259184604
0.0004787831259188446
0.0004787831259185741
0.0004787831259187084
0.000478783125918583
0.0004787831259187894
0.0004787831259187376
0.0004787831259187477
0.0004787831259186906
0.0004787831259187308
0.0004787831259186873
0.0004787831259181621
0.0004787831259182358
0.0004787831259187812
0.0004787831259188282
0.000478783125918783
0.0004787831259187124
0.0004787831259187513
0.0004787831259187695
0.0004787831259186036
0.0004787831259186728
0.0004787831259187754
0.0004787831259186886
0.0004787831259187355
0.0004787831259184063
0.0004787831259183049
0.0004787831259188267
0.0004787831259189629
0.0004787831259189251
0.0004787831259188699
0.0004787831259186728
0.0004787831259187347
0.00047878312591872
0.0004787831259186019
0.0004787831259186395
0.0004787831259186668
0.0004787831259185681
0.0004787831259185861
0.0004787831259186388
0.0004787831259185146
0.0004787831259185086
0.0004787831259186076
0.0004787831259184628
0.0004787831259179442
0.0004787831259182833
0.0004787831259184199
0.0004787831259173394
0.0004787831259183202
0.0004787831259186415
0.0004787831259182148
0.0004787831259179543
)
;

boundaryField
{
    inlet
    {
        type            cyclic;
    }
    outlet
    {
        type            cyclic;
    }
    bottomWall
    {
        type            fixedValue;
        value           uniform 0.0015;
    }
    topWall
    {
        type            fixedValue;
        value           uniform 0.0015;
    }
    left
    {
        type            cyclic;
    }
    right
    {
        type            cyclic;
    }
}


// ************************************************************************* //
