/*--------------------------------*- C++ -*----------------------------------*\
| =========                 |                                                 |
| \\      /  F ield         | OpenFOAM: The Open Source CFD Toolbox           |
|  \\    /   O peration     | Version:  v1812                                 |
|   \\  /    A nd           | Web:      www.OpenFOAM.com                      |
|    \\/     M anipulation  |                                                 |
\*---------------------------------------------------------------------------*/
FoamFile
{
    version     2.0;
    format      ascii;
    class       volScalarField;
    location    "20000";
    object      p;
}
// * * * * * * * * * * * * * * * * * * * * * * * * * * * * * * * * * * * * * //

dimensions      [0 2 -2 0 0 0 0];


internalField   nonuniform List<scalar> 
3770
(
8.33631246946185e-15
4.553201295410338e-11
3.212755410892039e-11
3.572323217633457e-11
4.506413117579635e-11
4.099903245391854e-11
5.398025972729088e-11
4.966460309534917e-11
6.231170793458395e-11
5.737292773373303e-11
6.942107959206785e-11
6.581165103737241e-11
7.500865741379284e-11
7.343924088182378e-11
8.107763916358969e-11
7.995827335808617e-11
8.694114558394369e-11
8.674648720946844e-11
9.277914660100772e-11
9.311186200084046e-11
9.784305815411987e-11
9.923240748324101e-11
1.034624797411351e-10
1.045350918791109e-10
1.092970144612546e-10
1.105343354414362e-10
1.139521518860819e-10
1.164633596628171e-10
1.196633994408995e-10
1.211024881605402e-10
1.25294016048371e-10
1.268098562646974e-10
1.296626147116961e-10
1.324474599405304e-10
1.351307489722965e-10
1.365367841311033e-10
1.400940783169684e-10
1.415635324566062e-10
1.437177491819047e-10
1.461443485751931e-10
1.482005987773647e-10
1.493625582515551e-10
1.522975109978748e-10
1.535073468448643e-10
1.552490082624263e-10
1.572377915244016e-10
1.590594188599878e-10
1.60367994826393e-10
1.630520764929085e-10
1.646450420073069e-10
1.672397820781598e-10
1.701376068392183e-10
1.730964189841697e-10
1.763894950505612e-10
1.82806242181344e-10
1.891582311355038e-10
1.810135999321739e-10
1.143765156776993e-10
-8.276995888077409e-14
4.546527028651775e-11
3.216810844101556e-11
3.570100413657788e-11
4.507276989781498e-11
4.099539258269046e-11
5.398147556809556e-11
4.966451105764978e-11
6.231281125035092e-11
5.737293324466749e-11
6.942065440855841e-11
6.581384339346396e-11
7.500728065631996e-11
7.344019772042114e-11
8.107772216767619e-11
7.995884995368405e-11
8.694067531130946e-11
8.674737775528796e-11
9.277868475226452e-11
9.311270015428349e-11
9.784286183222044e-11
9.923291940672906e-11
1.034626022532786e-10
1.045347467707875e-10
1.092974052769301e-10
1.105353752926736e-10
1.139512541363345e-10
1.164638163866253e-10
1.196643661252745e-10
1.211018646163211e-10
1.252942935362242e-10
1.268109615840719e-10
1.296618043046179e-10
1.324478954302932e-10
1.351321118175385e-10
1.365361242068843e-10
1.400941880404858e-10
1.415650713664993e-10
1.437171619539534e-10
1.461445311078428e-10
1.482017152972049e-10
1.493621257877624e-10
1.522978743882261e-10
1.535084685580285e-10
1.552486004806101e-10
1.572381125081058e-10
1.59060389507697e-10
1.60367542236837e-10
1.63052112381648e-10
1.646454832154546e-10
1.672388830211299e-10
1.701369358450967e-10
1.730948621367533e-10
1.763866946405513e-10
1.828074111260484e-10
1.891714238293708e-10
1.810562650207298e-10
1.144491710757852e-10
-2.794819256469214e-13
4.532536654876146e-11
3.224987542590179e-11
3.565591027112593e-11
4.508918064378816e-11
4.098709698240884e-11
5.398343569882262e-11
4.966409748343861e-11
6.231433191508626e-11
5.737224061592642e-11
6.941973076757105e-11
6.581760196119113e-11
7.500392024898166e-11
7.344225089261087e-11
8.107722885394162e-11
7.995946432057868e-11
8.69395851770015e-11
8.674852853540285e-11
9.277721975028131e-11
9.311435965168754e-11
9.784172516520095e-11
9.92333289412237e-11
1.034626626623514e-10
1.045332351030178e-10
1.092975651291021e-10
1.105371704959266e-10
1.13948567419491e-10
1.164640282075209e-10
1.196660295889285e-10
1.210996026174835e-10
1.252942024366122e-10
1.268128272926979e-10
1.296593598534362e-10
1.324479100256817e-10
1.351341161189306e-10
1.365339583743249e-10
1.4009417580014e-10
1.415670420015633e-10
1.437150276704949e-10
1.461443974172685e-10
1.48202867106507e-10
1.493599954295849e-10
1.52298054428267e-10
1.535092877159963e-10
1.552464439774298e-10
1.572376966609329e-10
1.590606226261692e-10
1.603646032117483e-10
1.630506878052074e-10
1.646438057609046e-10
1.672347035512744e-10
1.701336974001391e-10
1.730902374152805e-10
1.763817114429008e-10
1.828131989346253e-10
1.892091839683434e-10
1.811690004156648e-10
1.146105601673599e-10
-5.727406423474977e-13
4.509114208092384e-11
3.238639797873676e-11
3.558281431438693e-11
4.511363290544561e-11
4.09760722118588e-11
5.398385689164292e-11
4.96664944800652e-11
6.231301104398412e-11
5.737392116751881e-11
6.941591123856608e-11
6.582496286868218e-11
7.499672726043465e-11
7.344755650423453e-11
8.107427833015234e-11
7.99616898189258e-11
8.693703802717794e-11
8.675059952275116e-11
9.277398944446305e-11
9.311818562379638e-11
9.783852516112133e-11
9.923440705804043e-11
1.034627502866154e-10
1.045306002747755e-10
1.092971498198044e-10
1.105408076392666e-10
1.139433772980446e-10
1.164644133929078e-10
1.196687981038851e-10
1.210955819781018e-10
1.252935741439971e-10
1.268164033668729e-10
1.296546583496023e-10
1.324474487494491e-10
1.351368463394475e-10
1.365308685981483e-10
1.400941495216446e-10
1.415694274471967e-10
1.437114975094024e-10
1.461444238470418e-10
1.482037690407274e-10
1.493566205142793e-10
1.522982505910392e-10
1.535097812643425e-10
1.552427875313664e-10
1.572371286373543e-10
1.590599166057028e-10
1.603597205285785e-10
1.630481082027129e-10
1.646397463003e-10
1.672269713938746e-10
1.701274633127416e-10
1.730808248234162e-10
1.763697443105301e-10
1.828111006901762e-10
1.892632954035472e-10
1.813598150194846e-10
1.148790462950261e-10
-9.827915461445562e-13
4.477133925468544e-11
3.256998176601091e-11
3.548400555801615e-11
4.514592392996321e-11
4.096128659121623e-11
5.398539438180614e-11
4.966986915175091e-11
6.231119490625041e-11
5.737635860555707e-11
6.941128459572255e-11
6.583438084999595e-11
7.498751455210632e-11
7.345497671985006e-11
8.106990617433887e-11
7.996491033792606e-11
8.693397290947191e-11
8.675298570392173e-11
9.277013158088059e-11
9.31236058528095e-11
9.783366911699834e-11
9.923625438915891e-11
1.034633004480929e-10
1.04526529231879e-10
1.092969926259276e-10
1.105460551113862e-10
1.139360505742468e-10
1.164652433785679e-10
1.196728697921059e-10
1.210898193443307e-10
1.252932030787999e-10
1.268215525902033e-10
1.296479563310177e-10
1.324468718802498e-10
1.351407947127381e-10
1.365272556025224e-10
1.400945424798836e-10
1.415722732549956e-10
1.437072484713858e-10
1.461449378323053e-10
1.482047037969846e-10
1.49352462421159e-10
1.522989567498686e-10
1.535101993525564e-10
1.552383750660812e-10
1.572368358591984e-10
1.590588573789323e-10
1.603538589139643e-10
1.630456023300216e-10
1.646346647757527e-10
1.67218089625779e-10
1.701211639379695e-10
1.730715304412493e-10
1.763558741134447e-10
1.828015196894606e-10
1.893347394580434e-10
1.816291231226115e-10
1.152393293713496e-10
-1.499420716773616e-12
4.436478512396193e-11
3.279754873340693e-11
3.535995258595228e-11
4.518618524803247e-11
4.094282081788889e-11
5.398706400869255e-11
4.967391635619732e-11
6.230885780444934e-11
5.737965083693167e-11
6.940466089213448e-11
6.584696381419567e-11
7.497570225538888e-11
7.346410699349723e-11
8.106455086568692e-11
7.996906636033336e-11
8.692954686288271e-11
8.675657178017581e-11
9.276541300066885e-11
9.312988072087691e-11
9.782766156010816e-11
9.923880734109461e-11
1.034637131158241e-10
1.045215294133449e-10
1.092967733322427e-10
1.105523530930882e-10
1.139272571633081e-10
1.164660744479316e-10
1.196775022037422e-10
1.210829478097432e-10
1.252929095448535e-10
1.268275018107249e-10
1.296399595185838e-10
1.32446384019181e-10
1.351459985539757e-10
1.365225750512295e-10
1.400946833146398e-10
1.41576258699487e-10
1.437021374327868e-10
1.46145205311105e-10
1.482063521420956e-10
1.493471023062505e-10
1.522996471570914e-10
1.535113086276124e-10
1.552328645966263e-10
1.572359406399685e-10
1.590581441174273e-10
1.603466655610632e-10
1.630424557898733e-10
1.646289059789417e-10
1.672073264927747e-10
1.701133780643802e-10
1.730625605634446e-10
1.763384271970563e-10
1.827802292704556e-10
1.894214025581274e-10
1.819785398968519e-10
1.156981972446523e-10
-2.104705792953846e-12
4.387947352137469e-11
3.305871657390983e-11
3.521360077140529e-11
4.523430961715511e-11
4.092058050693016e-11
5.398797175126479e-11
4.967787537419474e-11
6.230673614693956e-11
5.738309757046933e-11
6.939567589373469e-11
6.586305605709711e-11
7.496131857237739e-11
7.347406380357195e-11
8.105913837343328e-11
7.997357897600614e-11
8.692339567550234e-11
8.676188000454604e-11
9.275995465932533e-11
9.313623345561821e-11
9.782117544918653e-11
9.924165874834739e-11
1.034637901877776e-10
1.045159783409519e-10
1.092962148072772e-10
1.105590960499421e-10
1.139179498838432e-10
1.164664631225036e-10
1.196822050590419e-10
1.210755023739623e-10
1.252926138471997e-10
1.268335933662889e-10
1.296316720793058e-10
1.324462684539002e-10
1.351526462351247e-10
1.365163458880978e-10
1.400942143666227e-10
1.415821414401116e-10
1.43696309271258e-10
1.46144858766621e-10
1.482096586671721e-10
1.493402836704182e-10
1.523002843140669e-10
1.535142714515427e-10
1.552263908468676e-10
1.572341256023475e-10
1.590589972586534e-10
1.603382907241117e-10
1.630387098384868e-10
1.64623495564002e-10
1.671947941700714e-10
1.701036767527288e-10
1.730546751543565e-10
1.763176569650504e-10
1.827465325811301e-10
1.895168957244996e-10
1.823965330468297e-10
1.162535015710858e-10
-2.785668577085722e-12
4.333227500936871e-11
3.334165999933511e-11
3.504545257039705e-11
4.529068571189312e-11
4.089364020541133e-11
5.398891299446594e-11
4.968103935719971e-11
6.230558375540516e-11
5.738587864964854e-11
6.938481808531947e-11
6.588197192006197e-11
7.494485646482851e-11
7.348449713983909e-11
8.105400254518505e-11
7.99781316659984e-11
8.691583483667288e-11
8.676859596009962e-11
9.275430165543948e-11
9.314245059734713e-11
9.781414075780435e-11
9.924464083331779e-11
1.034640142314351e-10
1.045094850942404e-10
1.09295371237099e-10
1.105661445578772e-10
1.139082597306573e-10
1.164666459952788e-10
1.196873385790059e-10
1.21066904570913e-10
1.25292566819768e-10
1.268399370660566e-10
1.296231188848805e-10
1.324467244747361e-10
1.351610901945039e-10
1.365084568323686e-10
1.40093471332586e-10
1.415899984834485e-10
1.436901900784919e-10
1.461442971938628e-10
1.482149318275238e-10
1.493319834761501e-10
1.523013486658322e-10
1.535195688679917e-10
1.552196673942647e-10
1.572318903965416e-10
1.590618884718477e-10
1.603292373832576e-10
1.630350305276496e-10
1.646188512980838e-10
1.671810267282297e-10
1.700923873899638e-10
1.730477512543622e-10
1.76295312390503e-10
1.82704856974212e-10
1.896184464912165e-10
1.828678983006087e-10
1.168911968649533e-10
-3.537876556735437e-12
4.274436466192695e-11
3.363875916579074e-11
3.485212341527167e-11
4.535670847291846e-11
4.08603118223245e-11
5.399148800576021e-11
4.96831953627018e-11
6.230577740434832e-11
5.738765410147259e-11
6.937274746181115e-11
6.590324055260019e-11
7.492652741505378e-11
7.349577176329925e-11
8.104892435643406e-11
7.998284788826817e-11
8.690726571763702e-11
8.677621656557135e-11
9.27489100827358e-11
9.314909258619592e-11
9.78059121502423e-11
9.924781759224793e-11
1.034650210289587e-10
1.045014781975475e-10
1.092945110082411e-10
1.105738204533926e-10
1.138975490233284e-10
1.164668762302759e-10
1.196937247510509e-10
1.210564743106225e-10
1.25292755770962e-10
1.26847254373937e-10
1.296139375291516e-10
1.324475474221694e-10
1.35171686217751e-10
1.364991737472038e-10
1.400929357371407e-10
1.415996982958213e-10
1.436840361243166e-10
1.461441509440691e-10
1.482220996125022e-10
1.493222986739263e-10
1.523032836050073e-10
1.535271964384699e-10
1.552131469545378e-10
1.572300605831778e-10
1.590668009986825e-10
1.603197645458518e-10
1.630321071373268e-10
1.646148555925648e-10
1.671663619234574e-10
1.700802864825924e-10
1.730411063830427e-10
1.762722540143379e-10
1.826614461088555e-10
1.897318106740911e-10
1.833825477598633e-10
1.17586627918434e-10
-4.360440243048302e-12
4.213202233548398e-11
3.394753283793793e-11
3.462669971586707e-11
4.543466211028841e-11
4.081907284762465e-11
5.39964203134328e-11
4.968480808609523e-11
6.230739261352606e-11
5.738894478043117e-11
6.935907918313103e-11
6.592787575922469e-11
7.490570856188605e-11
7.350872858302987e-11
8.104360434793703e-11
7.998836664390008e-11
8.689731855302958e-11
8.678502255011846e-11
9.274382728409221e-11
9.315677560453577e-11
9.779588973290998e-11
9.92516285686456e-11
1.034668942837326e-10
1.044916939069197e-10
1.092939458141224e-10
1.105825304708264e-10
1.13884984103597e-10
1.164673869005543e-10
1.197019654037928e-10
1.210439287765556e-10
1.252930034554785e-10
1.268562565537898e-10
1.296037009147831e-10
1.324486660084421e-10
1.351848811751283e-10
1.364884789430465e-10
1.400926961236347e-10
1.416117049614268e-10
1.436776242382502e-10
1.461446120323399e-10
1.482313884334283e-10
1.493111304388973e-10
1.523060137800213e-10
1.535373671798177e-10
1.552066358172048e-10
1.572288979648524e-10
1.590736326144054e-10
1.603094209966713e-10
1.630296930412613e-10
1.646111185821928e-10
1.671501057741269e-10
1.700672660824969e-10
1.730337077456589e-10
1.762473418151994e-10
1.826202184519055e-10
1.89868575654751e-10
1.839394359429298e-10
1.183157003636504e-10
-5.244925195130906e-12
4.149998007843329e-11
3.426691228922871e-11
3.435891810026086e-11
4.552743805572807e-11
4.076869922099681e-11
5.400309361139455e-11
4.968714479636685e-11
6.231027942627128e-11
5.739074466410843e-11
6.934282532837725e-11
6.595846062123632e-11
7.488061612260172e-11
7.352482245287823e-11
8.103761499261066e-11
7.999539804407694e-11
8.68850551528491e-11
8.679599994868662e-11
9.273858630989575e-11
9.316652926490297e-11
9.778326791300402e-11
9.925662338425633e-11
1.034694586516801e-10
1.044798319000416e-10
1.092938450873378e-10
1.105931444549712e-10
1.138694581452974e-10
1.164687103407344e-10
1.197126018529884e-10
1.210285935235861e-10
1.252933507698102e-10
1.268678760134627e-10
1.295912906385147e-10
1.324504571158317e-10
1.352014872418074e-10
1.364756787341292e-10
1.400927642586768e-10
1.416271138722985e-10
1.43670036825192e-10
1.461458055381589e-10
1.48243388622122e-10
1.492979694880689e-10
1.523095272612375e-10
1.53550818350602e-10
1.551992401113564e-10
1.572283620791046e-10
1.590823061605453e-10
1.602968653330725e-10
1.630270276325051e-10
1.646071033018442e-10
1.671305058260569e-10
1.700520533674436e-10
1.730236797268713e-10
1.762176762536338e-10
1.825828025529729e-10
1.90040326528165e-10
1.845395629589706e-10
1.1906784645963e-10
-6.175337469194707e-12
4.083178537017654e-11
3.459596566345301e-11
3.403388595094945e-11
4.563907499021498e-11
4.070746160818488e-11
5.401016021255155e-11
4.969215778269298e-11
6.231441806411069e-11
5.73938714994771e-11
6.932297308244953e-11
6.599867492289477e-11
7.484857974918348e-11
7.354639263502334e-11
8.103022097121595e-11
8.000450112639984e-11
8.686957276438545e-11
8.68104081464352e-11
9.273236832882166e-11
9.31799346751293e-11
9.77667797378559e-11
9.926343797837346e-11
1.034729869578374e-10
1.044650479539156e-10
1.092942284499733e-10
1.106072968558514e-10
1.138492319306214e-10
1.164715931428814e-10
1.197264945440429e-10
1.210090780543522e-10
1.252944488633247e-10
1.268834232315744e-10
1.295746721127538e-10
1.324538582193662e-10
1.352227479170034e-10
1.36459277761575e-10
1.40093648668626e-10
1.416473968922718e-10
1.436595281517277e-10
1.461482786605308e-10
1.482590847350812e-10
1.492816120988996e-10
1.523143000076511e-10
1.535687119292944e-10
1.55189180221496e-10
1.572282063179083e-10
1.590929362803194e-10
1.602800902038544e-10
1.630230433139851e-10
1.646020035772889e-10
1.671046038296541e-10
1.700323756170256e-10
1.730080053200337e-10
1.76179178040827e-10
1.825504874974286e-10
1.902542526730721e-10
1.851803804836312e-10
1.198625433140602e-10
-7.139972007678962e-12
4.007374598035092e-11
3.493853330019061e-11
3.362992142251063e-11
4.5775362555912e-11
4.063223357563634e-11
5.401647372060214e-11
4.970198904211428e-11
6.232041633599798e-11
5.739879206567489e-11
6.929893360148338e-11
6.605275325624586e-11
7.480661475635837e-11
7.357628968024126e-11
8.102042718369628e-11
8.001617603295422e-11
8.685006141417358e-11
8.682925342651321e-11
9.272464034375705e-11
9.319927201198252e-11
9.774443934114361e-11
9.92728318979408e-11
1.034780977976185e-10
1.044457138334062e-10
1.09295401443469e-10
1.106274550293511e-10
1.138213067486605e-10
1.164769730468104e-10
1.19745303594565e-10
1.209833716347324e-10
1.252972852850007e-10
1.269045424558584e-10
1.295511905691272e-10
1.324601178666569e-10
1.35250296521584e-10
1.364374195106748e-10
1.40096169518104e-10
1.416743320596675e-10
1.436439033940936e-10
1.461529321194066e-10
1.482798440928631e-10
1.492605329134538e-10
1.52321212427586e-10
1.535923022996449e-10
1.551741945270299e-10
1.572282150019825e-10
1.591057735810386e-10
1.602571906371702e-10
1.63016481260126e-10
1.645940943135657e-10
1.670682817359352e-10
1.700054943178121e-10
1.72982100369222e-10
1.76127149734119e-10
1.82523818035202e-10
1.905061084368348e-10
1.858600719964441e-10
1.20776766236592e-10
-8.156109593132728e-12
3.911800139508979e-11
3.531132031872804e-11
3.31167447986637e-11
4.594395285974995e-11
4.053798920605129e-11
5.40225806486042e-11
4.97176861922364e-11
6.23299025180728e-11
5.740601564623923e-11
6.927017768416957e-11
6.612480178350272e-11
7.475269999251555e-11
7.361695707107581e-11
8.10072434209334e-11
8.003169251709786e-11
8.682548592588788e-11
8.685284826607056e-11
9.271628579747164e-11
9.32267821675108e-11
9.771326885358223e-11
9.928709466319159e-11
1.034852979367106e-10
1.044183911288027e-10
1.092987532312468e-10
1.106568910014504e-10
1.137818897297296e-10
1.164855199784813e-10
1.197711689905376e-10
1.209496491390704e-10
1.253026840708696e-10
1.269330268289887e-10
1.295184262879772e-10
1.324700362962374e-10
1.352861516697015e-10
1.364088579544285e-10
1.401005792344035e-10
1.417097818752724e-10
1.436214980296372e-10
1.461603077147909e-10
1.483072279516965e-10
1.492337695790774e-10
1.52330750718138e-10
1.536226647206233e-10
1.551521020271756e-10
1.572281944000797e-10
1.591209360099708e-10
1.602263914562992e-10
1.630052933387533e-10
1.645804165596426e-10
1.67017170067187e-10
1.699678874366859e-10
1.729398320331595e-10
1.760577940934037e-10
1.824987805097393e-10
1.90773635418311e-10
1.865931800402164e-10
1.219713703233291e-10
-9.286888661444087e-12
3.780234964573648e-11
3.574817480444184e-11
3.245647127948591e-11
4.615348660542096e-11
4.041813848476968e-11
5.403190316101921e-11
4.973839840398338e-11
6.234655024704233e-11
5.741548112818332e-11
6.9236270041787e-11
6.621819406293271e-11
7.468650921451259e-11
7.367005198163397e-11
8.09904252482981e-11
8.005245869534081e-11
8.679466559997712e-11
8.688055478860332e-11
9.270984556458563e-11
9.326517713280287e-11
9.76687532075614e-11
9.930942089538689e-11
1.034959196542194e-10
1.04378231723046e-10
1.093057887696787e-10
1.106999540784829e-10
1.137286938316146e-10
1.164958768784528e-10
1.198053368028402e-10
1.209071586395478e-10
1.253110207594463e-10
1.269712202957547e-10
1.294738165693202e-10
1.324835707414681e-10
1.353330468759363e-10
1.363732723254239e-10
1.401064465759602e-10
1.417560644625954e-10
1.435910778650472e-10
1.46170469991341e-10
1.483431632027777e-10
1.492009675518102e-10
1.523424568015029e-10
1.536613203685377e-10
1.551216045970231e-10
1.572277670671771e-10
1.59138923496197e-10
1.601856942317429e-10
1.62986467189779e-10
1.645583112302548e-10
1.669474019125247e-10
1.699150617977641e-10
1.728750196026767e-10
1.759690030655965e-10
1.824604309522791e-10
1.9101759418425e-10
1.874239736438111e-10
1.236906100182349e-10
-1.0625116299157e-11
3.593759783336571e-11
3.629006417482678e-11
3.161059669464929e-11
4.641150565234186e-11
4.026650912435141e-11
5.405031901155945e-11
4.976177424783997e-11
6.237664508048918e-11
5.742452608238832e-11
6.919829538955918e-11
6.63346096333493e-11
7.460932300508013e-11
7.373583618601852e-11
8.097149904165436e-11
8.00794732553661e-11
8.675798440020814e-11
8.691034256768112e-11
9.270795467283655e-11
9.331778288070772e-11
9.760595369672373e-11
9.93421575556018e-11
1.035154307126225e-10
1.043217219930392e-10
1.093132632738552e-10
1.107610327346819e-10
1.136620892696458e-10
1.165048775487882e-10
1.198488637479103e-10
1.208556816603861e-10
1.253214889082471e-10
1.270209402740454e-10
1.294152212106914e-10
1.325025490355632e-10
1.353939575720527e-10
1.363293551455479e-10
1.401137286713739e-10
1.418162956062193e-10
1.43551351745517e-10
1.461836640621959e-10
1.483896134121931e-10
1.491617483650901e-10
1.523563900861309e-10
1.537099992774313e-10
1.550812016298835e-10
1.572259019458553e-10
1.591601016618339e-10
1.601339592332196e-10
1.629585020387748e-10
1.645255214159636e-10
1.668549063109948e-10
1.698446951073776e-10
1.727827211094464e-10
1.758584709534721e-10
1.823837889020084e-10
1.911899876524148e-10
1.884146280490998e-10
1.262192570613462e-10
-1.223886914993895e-11
3.336314959657433e-11
3.696231799430245e-11
3.055332221748072e-11
4.672131805851832e-11
4.008002910493792e-11
5.408617026545453e-11
4.978344226422149e-11
6.242749313770547e-11
5.742837204741813e-11
6.916138044207886e-11
6.647273573541829e-11
7.452416546113507e-11
7.381050797741709e-11
8.09527392239119e-11
8.011601596021976e-11
8.671899797516732e-11
8.693749500647977e-11
9.271339699278791e-11
9.338533237133432e-11
9.75184366298984e-11
9.938945998863869e-11
1.035545511677808e-10
1.042479480127191e-10
1.093147788734914e-10
1.108377383928795e-10
1.135821141148776e-10
1.165126832267835e-10
1.199025909873611e-10
1.207962196679938e-10
1.253336725606179e-10
1.270838584104841e-10
1.293417221221686e-10
1.325277911157171e-10
1.354705128889537e-10
1.362773143513085e-10
1.401216050173351e-10
1.418937037172225e-10
1.435035918073694e-10
1.461990685841966e-10
1.484470846689827e-10
1.491177734840848e-10
1.523740793873261e-10
1.53769771440708e-10
1.550297890478673e-10
1.572208681496842e-10
1.591836547816384e-10
1.600720073544234e-10
1.629231637115656e-10
1.64480605833008e-10
1.667367347085887e-10
1.697566558149118e-10
1.726574381064267e-10
1.757238893184736e-10
1.822443963960839e-10
1.912430408761036e-10
1.896035423006676e-10
1.298046662703135e-10
-1.411023921886745e-11
3.000305444953821e-11
3.775017751583127e-11
2.928487062909922e-11
4.708336939101143e-11
3.985735543577584e-11
5.415009577813109e-11
4.979446678279182e-11
6.250408159142195e-11
5.742749194366273e-11
6.913421483593809e-11
6.662442579944363e-11
7.44384682516974e-11
7.388722940033379e-11
8.093282032511297e-11
8.017111114545771e-11
8.668084404971681e-11
8.695200742183534e-11
9.273609097979938e-11
9.346604714290803e-11
9.739412954351714e-11
9.946042555029059e-11
1.036264245909564e-10
1.041530738315224e-10
1.093054749524208e-10
1.109245374950455e-10
1.134904166671713e-10
1.165216561306163e-10
1.199640293002592e-10
1.207330974933137e-10
1.253476127737601e-10
1.271602960270551e-10
1.292576733284027e-10
1.325539151754603e-10
1.355586642952778e-10
1.362250412899642e-10
1.40127792606307e-10
1.419874094984277e-10
1.434551105030722e-10
1.462160672523421e-10
1.485121250020347e-10
1.49075769109545e-10
1.523977555234995e-10
1.538356383485792e-10
1.549705435708472e-10
1.57213545759526e-10
1.592058354354043e-10
1.600042832236796e-10
1.628792817485876e-10
1.64421856632899e-10
1.666003434948433e-10
1.696438259149687e-10
1.724886728288969e-10
1.755732894751825e-10
1.82030451851554e-10
1.91133978666175e-10
1.909605107926795e-10
1.345787354000928e-10
-1.612673043444513e-11
2.588806775899749e-11
3.859961007338197e-11
2.784792470617188e-11
4.749008278035516e-11
3.959411772826303e-11
5.42586612274384e-11
4.978682001713102e-11
6.26085246104742e-11
5.743249862751982e-11
6.9120037414305e-11
6.676857075311142e-11
7.437132120084358e-11
7.3963818913695e-11
8.090396539791019e-11
8.025867300392518e-11
8.663893047402721e-11
8.693508199395075e-11
9.279827658287012e-11
9.355941514346033e-11
9.72154209959877e-11
9.956672213569563e-11
1.037490880075665e-10
1.040409692131385e-10
1.092693378549743e-10
1.110083901931231e-10
1.133995647271743e-10
1.165343814799946e-10
1.200264178499253e-10
1.206722968734052e-10
1.253559123168292e-10
1.272437231293089e-10
1.29181838655809e-10
1.325770095506263e-10
1.356467280167649e-10
1.361848714786256e-10
1.401306281388995e-10
1.420882106419849e-10
1.434182198774917e-10
1.462401834212008e-10
1.485775017370836e-10
1.490453869550253e-10
1.524278223974208e-10
1.53895805806114e-10
1.549166808350265e-10
1.572042563245207e-10
1.592178002365221e-10
1.599449273511351e-10
1.628185661809666e-10
1.643439293749167e-10
1.664704833220565e-10
1.69497581116819e-10
1.722605372872125e-10
1.754248954417751e-10
1.817494727186752e-10
1.908333353115867e-10
1.92377913897457e-10
1.40501893282145e-10
-1.812720714066006e-11
2.114255975210805e-11
3.944638200091972e-11
2.632189808564153e-11
4.792331739394034e-11
3.928880673344307e-11
5.442790897964204e-11
4.97674573741486e-11
6.274103941095338e-11
5.744406962834352e-11
6.911502647907476e-11
6.688520018251246e-11
7.434666859605748e-11
7.404486574941217e-11
8.08580582240139e-11
8.038897741608144e-11
8.659026976703094e-11
8.686052267966434e-11
9.291427579690669e-11
9.367678504691217e-11
9.698287605141008e-11
9.970579594946303e-11
1.039051053725159e-10
1.039205401097728e-10
1.092207506869244e-10
1.110736501650937e-10
1.133160814916444e-10
1.165530610064239e-10
1.200759421629061e-10
1.2062442620823e-10
1.253562362541296e-10
1.273250626793432e-10
1.291317712490821e-10
1.325969215670148e-10
1.357238838553669e-10
1.361676571969401e-10
1.401348097865824e-10
1.421845671387272e-10
1.433996872779871e-10
1.462714022207703e-10
1.486385040364192e-10
1.490409685075254e-10
1.524592398628837e-10
1.539406434269079e-10
1.548847908239758e-10
1.571923123804757e-10
1.592118122432231e-10
1.599116907085156e-10
1.62734168040301e-10
1.642374523175256e-10
1.663720801949334e-10
1.693201685910627e-10
1.719590250122362e-10
1.752894718803634e-10
1.814078920052698e-10
1.903347314092875e-10
1.93721653255592e-10
1.473715328024582e-10
-1.994578327895353e-11
1.596840635095797e-11
4.0239702387839e-11
2.476598562141068e-11
4.837594888561521e-11
3.895283117522428e-11
5.465761355891873e-11
4.973962055916099e-11
6.289522107007195e-11
5.746135051219706e-11
6.911804687199285e-11
6.696977269808969e-11
7.437643779500085e-11
7.412922060365164e-11
8.079376395025207e-11
8.05707443189597e-11
8.655225369936524e-11
8.670463221305604e-11
9.305850816995342e-11
9.385278874135521e-11
9.67436470199544e-11
9.981109062021727e-11
1.040366825325253e-10
1.038271011009683e-10
1.091799084350417e-10
1.111242380108448e-10
1.132477694202368e-10
1.165693645358759e-10
1.201056620462049e-10
1.206011436881271e-10
1.253512257063814e-10
1.274003314735347e-10
1.291111257533836e-10
1.326140822504304e-10
1.35786510559698e-10
1.361789334825658e-10
1.401462817062089e-10
1.422719337687435e-10
1.43400508442552e-10
1.462943335873236e-10
1.486931393228967e-10
1.490812275300668e-10
1.524903551922359e-10
1.539665129035678e-10
1.548807084597941e-10
1.571802581867986e-10
1.591855346185509e-10
1.59914150981955e-10
1.62628549151667e-10
1.640929687691893e-10
1.66314262494174e-10
1.69120703298024e-10
1.715764285331875e-10
1.751645534824697e-10
1.810004260887406e-10
1.896485565302856e-10
1.948710776108045e-10
1.549059185392114e-10
-2.144942377388941e-11
1.065125950690134e-11
4.094581260272088e-11
2.321843169892352e-11
4.884829223787919e-11
3.860680648913677e-11
5.493594428197991e-11
4.968943083055148e-11
6.30658382113993e-11
5.749939949740331e-11
6.912346420288065e-11
6.702631848007406e-11
7.446207933638622e-11
7.419977166004685e-11
8.071249969823541e-11
8.081928981553826e-11
8.657002892880581e-11
8.647850680474581e-11
9.314096669743856e-11
9.40866987615146e-11
9.658471434202752e-11
9.981876112931764e-11
1.040882611036363e-10
1.038068588896681e-10
1.091571588910203e-10
1.111624758642276e-10
1.131967682996281e-10
1.165959060784274e-10
1.201240825096503e-10
1.205877464430656e-10
1.253403962197095e-10
1.274696827054382e-10
1.291163558514572e-10
1.326302208030192e-10
1.358358339361243e-10
1.362168885313939e-10
1.401663979628766e-10
1.423507914970685e-10
1.434186993937429e-10
1.463040360050685e-10
1.487409179277248e-10
1.49168748483411e-10
1.525269304369769e-10
1.539722631666562e-10
1.549008892333983e-10
1.571724127030356e-10
1.59138360193693e-10
1.599537471606599e-10
1.625142724324513e-10
1.639016836448195e-10
1.662909946772613e-10
1.689121699226223e-10
1.711099355393335e-10
1.750439850248029e-10
1.805327377469078e-10
1.888016012136173e-10
1.957316476620166e-10
1.62736501180761e-10
-2.255076765857921e-11
5.457692898249801e-12
4.155573856543193e-11
2.17285885152302e-11
4.933346510407817e-11
3.827060783802531e-11
5.525090282051587e-11
4.962091608758777e-11
6.325329993027205e-11
5.755932779532847e-11
6.912238185297721e-11
6.706038385446749e-11
7.460228119364332e-11
7.424557862950367e-11
8.060825058080244e-11
8.11249005067752e-11
8.66926470610331e-11
8.628002772531206e-11
9.30690862951535e-11
9.426263118848607e-11
9.655839679173751e-11
9.975984190733451e-11
1.040595603159121e-10
1.038593281065058e-10
1.091606363280138e-10
1.111897791972567e-10
1.131521369178646e-10
1.166383090899977e-10
1.201442966464635e-10
1.205775761611783e-10
1.253196418873473e-10
1.27533086989609e-10
1.291403376691515e-10
1.326479404339377e-10
1.358745602806656e-10
1.362769933693342e-10
1.401970878845279e-10
1.424223440746921e-10
1.434485637805773e-10
1.463081785897323e-10
1.487837964130172e-10
1.492925022447527e-10
1.525730214659991e-10
1.53957580759161e-10
1.549410744117089e-10
1.571745854405965e-10
1.590692910209743e-10
1.600273874527046e-10
1.624036573156629e-10
1.636560428553456e-10
1.66293268477038e-10
1.687017080468043e-10
1.705571000064581e-10
1.749261637140977e-10
1.800322707161298e-10
1.878253554659505e-10
1.962243174021256e-10
1.704965281376402e-10
-2.319148990877616e-11
5.839441586903431e-13
4.20803469029579e-11
2.03422737483251e-11
4.982301109629413e-11
3.795999643786977e-11
5.559325385231869e-11
4.955348713675743e-11
6.345580873846998e-11
5.763065307473122e-11
6.911364306886455e-11
6.707220979651835e-11
7.479124831789978e-11
7.430300632901477e-11
8.047069831401182e-11
8.143886556063457e-11
8.691421270498505e-11
8.614795138460248e-11
9.288531474164688e-11
9.431415350347047e-11
9.6600544891436e-11
9.970438904928057e-11
1.040128233287074e-10
1.03953229662578e-10
1.091576815661696e-10
1.112129145185473e-10
1.131272838568036e-10
1.166502314191342e-10
1.201687062937939e-10
1.206092214416096e-10
1.252878098371029e-10
1.275903756920904e-10
1.291755580084878e-10
1.326693285991102e-10
1.359055016357497e-10
1.363549519261429e-10
1.40240151947372e-10
1.424883384199065e-10
1.434859428957529e-10
1.463104267776213e-10
1.488216827650148e-10
1.494438919311464e-10
1.526291846763562e-10
1.539236745057807e-10
1.549998346848807e-10
1.5719319948178e-10
1.589777115881879e-10
1.601306813704119e-10
1.622950583034794e-10
1.633492069601395e-10
1.663217486290239e-10
1.684975880831668e-10
1.69912079485591e-10
1.74797929609211e-10
1.795564582489983e-10
1.867847108935318e-10
1.96257477533754e-10
1.778704704108764e-10
-2.32797922399039e-11
-3.821063556831737e-12
4.253723854842319e-11
1.909642413185887e-11
5.031238715788038e-11
3.768827198930721e-11
5.595538376934354e-11
4.950332219476346e-11
6.367076632721052e-11
5.770616888228473e-11
6.910729651853097e-11
6.706204265469466e-11
7.502165328076773e-11
7.438229960614227e-11
8.027904631429346e-11
8.175251524813313e-11
8.720431826969066e-11
8.603652861821352e-11
9.270298641908399e-11
9.428961054010195e-11
9.661121081183035e-11
9.968536298459052e-11
1.039857799081264e-10
1.04051236306321e-10
1.091308582079286e-10
1.11234165343068e-10
1.131334269392724e-10
1.166260289882728e-10
1.201886455267958e-10
1.206841566779785e-10
1.252552370799459e-10
1.276409585908106e-10
1.292162473317714e-10
1.326951860951923e-10
1.359313298724188e-10
1.364476573602357e-10
1.402967879727982e-10
1.425505415004111e-10
1.435289275377012e-10
1.463123660563908e-10
1.488519063730905e-10
1.496152639311461e-10
1.526909849893382e-10
1.538742789813813e-10
1.550807436712873e-10
1.572301055623864e-10
1.588639510442312e-10
1.602633376491278e-10
1.621806173845999e-10
1.629714611503906e-10
1.663776039874229e-10
1.683273366615513e-10
1.691854674855525e-10
1.746093321137107e-10
1.791724481050224e-10
1.858075326037657e-10
1.956746046275761e-10
1.845579936121466e-10
-2.281921756820896e-11
-7.691048431152411e-12
4.294823487421866e-11
1.80183258126473e-11
5.08005140294516e-11
3.746695393041196e-11
5.633088696828904e-11
4.947967535493935e-11
6.389560542559939e-11
5.778230807650942e-11
6.911667974843739e-11
6.703278200024769e-11
7.529314232958866e-11
7.446156771557755e-11
8.001654422047772e-11
8.207453610304057e-11
8.754552843383351e-11
8.593807847679906e-11
9.25199173690641e-11
9.423945358081527e-11
9.661064894300518e-11
9.968247163643196e-11
1.039756471503022e-10
1.041382068842589e-10
1.091090192254816e-10
1.112560987750147e-10
1.131417029574039e-10
1.166060223977546e-10
1.201996285145475e-10
1.207622686073702e-10
1.252284731248557e-10
1.2768467148259e-10
1.292588251446362e-10
1.327249096956626e-10
1.359545940964787e-10
1.365534648994937e-10
1.403683359295951e-10
1.426104275264952e-10
1.435760507276659e-10
1.463147297940788e-10
1.488712830662041e-10
1.498003097433248e-10
1.527480491059168e-10
1.538143692695021e-10
1.551928131503736e-10
1.57273462004826e-10
1.587252363500022e-10
1.604352551201968e-10
1.620761390293376e-10
1.625185073635491e-10
1.664354934318378e-10
1.682443422319771e-10
1.684670321187668e-10
1.742878809490687e-10
1.787394580748807e-10
1.849123413137788e-10
1.945401950172084e-10
1.904568162185985e-10
-2.193522384368789e-11
-1.100115431642787e-11
4.333329879256421e-11
1.71278727838198e-11
5.128781638895158e-11
3.730639801983349e-11
5.671569474761591e-11
4.947924164055768e-11
6.412909770066109e-11
5.786397487436218e-11
6.913872023619698e-11
6.697946619547816e-11
7.560437448020288e-11
7.459707993279008e-11
7.973377832686501e-11
8.233039266801829e-11
8.783978408335495e-11
8.58585513552649e-11
9.234240442836296e-11
9.419881544134168e-11
9.6648502099565e-11
9.968173842788627e-11
1.039700231285835e-10
1.042127123710806e-10
1.091002126203459e-10
1.112876963085998e-10
1.131472377902831e-10
1.166014440069174e-10
1.201991269560812e-10
1.208223182051032e-10
1.25208677864897e-10
1.277217747730637e-10
1.293016996311784e-10
1.327570385711986e-10
1.359779363896339e-10
1.366722059172113e-10
1.404567043718669e-10
1.426688087941914e-10
1.436252187129939e-10
1.463193633988588e-10
1.488773498556993e-10
1.499952115273838e-10
1.527900170309216e-10
1.537470134148745e-10
1.553472021812033e-10
1.572972290578953e-10
1.585481456738737e-10
1.606613070225393e-10
1.620457084973257e-10
1.620424635210361e-10
1.66411014515398e-10
1.68210369027499e-10
1.678792646748727e-10
1.737585914658718e-10
1.780371782308579e-10
1.840806321117519e-10
1.931037599449915e-10
1.955992671228201e-10
-2.070799013158704e-11
-1.373641413926643e-11
4.370847833169953e-11
1.643888376529563e-11
5.177404184109391e-11
3.721469835658721e-11
5.710904736818576e-11
4.949938896980101e-11
6.4370409714342e-11
5.795532734010603e-11
6.915349557130352e-11
6.688608046860801e-11
7.593457896356681e-11
7.49111926365588e-11
7.96016305013702e-11
8.232756358793525e-11
8.791073087504638e-11
8.58784597837067e-11
9.222954283550436e-11
9.417304395188122e-11
9.671368932103201e-11
9.968333685640631e-11
1.039635302583554e-10
1.042841092251037e-10
1.090598717872395e-10
1.113271785499132e-10
1.131933258595393e-10
1.166116015679901e-10
1.201849922365119e-10
1.2085816116495e-10
1.251947734146557e-10
1.277520750528645e-10
1.293445827099841e-10
1.327890478243875e-10
1.360043254225639e-10
1.368052318244562e-10
1.405624372158102e-10
1.427261703204213e-10
1.436752946725313e-10
1.463294876517965e-10
1.488683044230174e-10
1.501997174514242e-10
1.528206148955673e-10
1.536697551950915e-10
1.555480258551043e-10
1.57276772942109e-10
1.583050236231711e-10
1.609288694346718e-10
1.622078582488159e-10
1.61705882618773e-10
1.661205022768565e-10
1.680128253728669e-10
1.674677203795116e-10
1.730907088594153e-10
1.771146675500581e-10
1.832967485742566e-10
1.914296100868184e-10
1.999801523937286e-10
-1.918904124012104e-11
-1.58908334782559e-11
4.408673234883e-11
1.596028703254762e-11
5.225793132190477e-11
3.719704859614925e-11
5.751352771699305e-11
4.954849331453385e-11
6.46191007708186e-11
5.805522794230455e-11
6.914756497331381e-11
6.675346625594573e-11
7.629746533846585e-11
7.538493864392982e-11
7.9626721222057e-11
8.209364339424635e-11
8.776745747266492e-11
8.598420814047835e-11
9.217366068041247e-11
9.41619796663421e-11
9.679569633680984e-11
9.969401036589286e-11
1.039525129328526e-10
1.043476063494736e-10
1.089939794199964e-10
1.113671656904354e-10
1.132729661604605e-10
1.16635121634561e-10
1.201587528501321e-10
1.208760813378776e-10
1.251828308078489e-10
1.277749660171113e-10
1.293879916274874e-10
1.328168869478215e-10
1.360371372688198e-10
1.369561602488177e-10
1.406791314239013e-10
1.427830052730709e-10
1.43731446230763e-10
1.463464968843276e-10
1.488422792602612e-10
1.504186623952645e-10
1.528583313540096e-10
1.535736574731624e-10
1.557897996990108e-10
1.57231770823892e-10
1.579852572813104e-10
1.612240475656277e-10
1.625449087265878e-10
1.615132138988801e-10
1.655762168220217e-10
1.676107735443235e-10
1.671520885489125e-10
1.724133841644845e-10
1.761042365218222e-10
1.824591468591972e-10
1.895147514501064e-10
2.035837562508748e-10
-1.742217981843148e-11
-1.74668808037165e-11
4.447829710106383e-11
1.569623676213322e-11
5.273788495763879e-11
3.725552944357474e-11
5.793238470744845e-11
4.964038787809093e-11
6.487642328042401e-11
5.816395897273699e-11
6.912640237575238e-11
6.659559951466964e-11
7.673629303376413e-11
7.585732731378811e-11
7.963558932249591e-11
8.185989510222373e-11
8.756809325054371e-11
8.608460381536205e-11
9.214294855341449e-11
9.416347770146729e-11
9.688698867348851e-11
9.972786469396693e-11
1.039349309980671e-10
1.043861990210627e-10
1.089390076530454e-10
1.11407392693363e-10
1.133485318685464e-10
1.166512529640115e-10
1.201267949681517e-10
1.20897224504503e-10
1.251670944528843e-10
1.277897701271228e-10
1.294323040965942e-10
1.328352485529526e-10
1.360797648051077e-10
1.371302190053251e-10
1.407876933471175e-10
1.428405010409527e-10
1.438120032222098e-10
1.46366108999988e-10
1.487955241950041e-10
1.506603197748134e-10
1.52924688038005e-10
1.534456026157563e-10
1.560582534095014e-10
1.572327615456451e-10
1.576173372316745e-10
1.615281981758344e-10
1.628839478678071e-10
1.613101439381076e-10
1.650117931196914e-10
1.671510109022057e-10
1.668196391513629e-10
1.717464039098211e-10
1.750410525853936e-10
1.815133048861125e-10
1.873805084573359e-10
2.064026892282058e-10
-1.544769315141521e-11
-1.84746788714899e-11
4.489099714070899e-11
1.564705617731109e-11
5.321311309880143e-11
3.738986335643649e-11
5.836741785696297e-11
4.978142683114402e-11
6.51432920285435e-11
5.828751710496355e-11
6.912027395144001e-11
6.641650179461048e-11
7.722494322342596e-11
7.626368241316141e-11
7.957396629788794e-11
8.16889087950003e-11
8.738807491535832e-11
8.617400672585401e-11
9.211284142082766e-11
9.417420411262265e-11
9.698293409514164e-11
9.978139963402054e-11
1.039119135486029e-10
1.044044163286111e-10
1.089029647592987e-10
1.114452809701337e-10
1.134085444536299e-10
1.16637043408581e-10
1.200945584366607e-10
1.209430018777177e-10
1.251438315862108e-10
1.277955996939374e-10
1.294768308325723e-10
1.328469030374074e-10
1.361337745788349e-10
1.373244167956695e-10
1.408654501902362e-10
1.429021421832161e-10
1.439416601308211e-10
1.463772262601583e-10
1.487215730108579e-10
1.509336031182156e-10
1.530394539163775e-10
1.532714078045626e-10
1.563241495553613e-10
1.573484993955992e-10
1.572853542799907e-10
1.617584155486478e-10
1.63093821173178e-10
1.610845904010146e-10
1.64533375673067e-10
1.666867870621374e-10
1.66431244535249e-10
1.710816085516982e-10
1.739258711590385e-10
1.804571634573724e-10
1.850543489689634e-10
2.084420362334494e-10
-1.330190679166602e-11
-1.892985311389631e-11
4.533047465247443e-11
1.580931171511092e-11
5.368440004156401e-11
3.759813929183029e-11
5.88180657441423e-11
4.996095523168533e-11
6.541347192374257e-11
5.842670685118954e-11
6.919163964549482e-11
6.626928390012793e-11
7.76529532278754e-11
7.658562093413949e-11
7.948074200143661e-11
8.155811031881823e-11
8.7247960340676e-11
8.62568879414807e-11
9.207994602917535e-11
9.419134300310779e-11
9.708114691430457e-11
9.983500981495099e-11
1.038840970388257e-10
1.044230772226302e-10
1.088836731608767e-10
1.114767292549025e-10
1.1345293003113e-10
1.166009948330358e-10
1.200625674994242e-10
1.210056717941727e-10
1.251138961617339e-10
1.277917737503362e-10
1.295211572761678e-10
1.32862832293574e-10
1.361941361911612e-10
1.37522754518033e-10
1.409302711187569e-10
1.429785265552261e-10
1.441108681172244e-10
1.463631405404508e-10
1.486140951216925e-10
1.51254808728534e-10
1.531985915601009e-10
1.530326120051229e-10
1.565478419473477e-10
1.576423462395202e-10
1.571495505043127e-10
1.617411605495411e-10
1.630342974217701e-10
1.609520819228062e-10
1.641700709711427e-10
1.662315129058932e-10
1.659917439038562e-10
1.703918915185183e-10
1.727589334658833e-10
1.793176314276709e-10
1.825600950892761e-10
2.097165880065342e-10
-1.101686788740816e-11
-1.88519453808744e-11
4.580032803003419e-11
1.617664399038453e-11
5.41546403281674e-11
3.787786773636379e-11
5.928258983276865e-11
5.015740472001525e-11
6.567219210466933e-11
5.855222050790103e-11
6.943487872721312e-11
6.633621787751353e-11
7.780542003836835e-11
7.668735348393248e-11
7.94920885816568e-11
8.146344415187539e-11
8.714408600326965e-11
8.634500815683916e-11
9.204832530477016e-11
9.421299853475589e-11
9.717973127965351e-11
9.986797992269327e-11
1.038515507119983e-10
1.044631623923608e-10
1.088757232326024e-10
1.114982687083995e-10
1.134865799365713e-10
1.165702439803206e-10
1.200282135605601e-10
1.210600626505943e-10
1.250805767667924e-10
1.277787534244835e-10
1.295664619441797e-10
1.328801625173367e-10
1.362516908251392e-10
1.377180211494043e-10
1.410421090892518e-10
1.430869378842125e-10
1.442707160253391e-10
1.463071454243712e-10
1.484692523297439e-10
1.516452952822848e-10
1.533538031148536e-10
1.52717175108059e-10
1.56779628486201e-10
1.580879302796823e-10
1.571833837033208e-10
1.614613762940956e-10
1.627426611477708e-10
1.609510779116992e-10
1.63893039446379e-10
1.657931061727203e-10
1.655237411069723e-10
1.696518999500867e-10
1.715423277524193e-10
1.781213099867179e-10
1.799175587074786e-10
2.102482833344181e-10
-8.621658362014024e-12
-1.826377790344601e-11
4.630262013307004e-11
1.673987643440881e-11
5.462867976479049e-11
3.822588986803705e-11
5.975929681427949e-11
5.036469857724392e-11
6.592906919758191e-11
5.86803879999323e-11
6.981805305845579e-11
6.660749546802597e-11
7.766527878515582e-11
7.656935031795051e-11
7.965122499799871e-11
8.139771699877173e-11
8.706705173456022e-11
8.644454947290611e-11
9.202129173504395e-11
9.423578790113694e-11
9.727545148069809e-11
9.989276775218427e-11
1.038191225171651e-10
1.045142496552582e-10
1.08869035183866e-10
1.115082832859954e-10
1.135190926430868e-10
1.165550383080449e-10
1.19989055795417e-10
1.210966978272721e-10
1.250450316789983e-10
1.277579066994333e-10
1.296145989910781e-10
1.328890495965783e-10
1.36306354007671e-10
1.379314407061223e-10
1.411847583147453e-10
1.432092165397634e-10
1.444390607775516e-10
1.462144025368064e-10
1.48278785926869e-10
1.521033184693113e-10
1.535219084156448e-10
1.523444713105321e-10
1.570478663763047e-10
1.585786297594585e-10
1.572148875835782e-10
1.610827120264675e-10
1.624094379841135e-10
1.610067874372163e-10
1.636291778381373e-10
1.653764673387331e-10
1.650463411848525e-10
1.688733728857618e-10
1.702801739704029e-10
1.768617274801085e-10
1.771441652387408e-10
2.100643697944633e-10
-6.143406188236939e-12
-1.719153925860533e-11
4.683808134354108e-11
1.748796675150602e-11
5.511267447953178e-11
3.863856836381191e-11
6.024770272373174e-11
5.059292011458589e-11
6.62166388866206e-11
5.888065277689943e-11
7.016797768795042e-11
6.686625140911581e-11
7.746619271711309e-11
7.63938850922997e-11
7.986742688676161e-11
8.133519469934398e-11
8.700750734673533e-11
8.655441780396469e-11
9.199851948227903e-11
9.425334709257626e-11
9.736565486314173e-11
9.995947029932743e-11
1.037977789979979e-10
1.045306642192655e-10
1.088471790475984e-10
1.115065716599668e-10
1.13562438640462e-10
1.165503102617046e-10
1.199442923082292e-10
1.211209729751945e-10
1.250048171116847e-10
1.27729836671437e-10
1.296685461578322e-10
1.328927118414816e-10
1.363610770568307e-10
1.3817505571245e-10
1.412837684051823e-10
1.433109214853177e-10
1.44683778905693e-10
1.461274785522139e-10
1.480388626356429e-10
1.525693561699912e-10
1.538021253756884e-10
1.520103682740858e-10
1.572474196784123e-10
1.589756251351422e-10
1.572064683184395e-10
1.607295384733033e-10
1.621074842870069e-10
1.610776149743991e-10
1.633482735055935e-10
1.649814371872833e-10
1.645728359652533e-10
1.680809350407368e-10
1.689784157522427e-10
1.755234333619507e-10
1.742534952260018e-10
2.091962884445868e-10
-3.607164394204714e-12
-1.566440449168541e-11
4.74061515979515e-11
1.84090376980513e-11
5.561287432121125e-11
3.911114812521574e-11
6.074737070112204e-11
5.084123977202997e-11
6.653750143198302e-11
5.915708632167714e-11
7.043022738105893e-11
6.705271675280584e-11
7.731477805884127e-11
7.622302904524074e-11
8.008745819243212e-11
8.126708738999714e-11
8.695695013178822e-11
8.66748085652197e-11
9.198334790627294e-11
9.426328476654528e-11
9.745984414214202e-11
1.000564995742132e-10
1.037804476825044e-10
1.045234287396079e-10
1.087986461160601e-10
1.114939574458404e-10
1.136249558300523e-10
1.16546938045116e-10
1.198939536546314e-10
1.211426097129921e-10
1.249562548267776e-10
1.276942855737599e-10
1.297318179009959e-10
1.328980098614332e-10
1.364106865190553e-10
1.384330692836669e-10
1.413285177607127e-10
1.433828828927627e-10
1.44993780502394e-10
1.461200230889233e-10
1.478127082795844e-10
1.529030317371997e-10
1.542038655974289e-10
1.519376548405637e-10
1.572323162538652e-10
1.5907269035924e-10
1.572493629243003e-10
1.604940651981685e-10
1.618497536034502e-10
1.61145313243179e-10
1.630451246926996e-10
1.646068446018758e-10
1.641128295742251e-10
1.672803749683957e-10
1.676431917184462e-10
1.741130028186537e-10
1.712551296632664e-10
2.076777561607306e-10
-1.035752547110922e-12
-1.371463650313351e-11
4.800530594129093e-11
1.949118832243652e-11
5.613434316515982e-11
3.963719543539785e-11
6.125731610865981e-11
5.11001240158077e-11
6.686937008016304e-11
5.948152110462974e-11
7.064197743179555e-11
6.718778362760986e-11
7.721988742549994e-11
7.607196892458259e-11
8.028806464799302e-11
8.118950766342073e-11
8.690963341513879e-11
8.680652277378461e-11
9.199202000880859e-11
9.4268401206178e-11
9.755416086938325e-11
1.001174125378015e-10
1.037509921853403e-10
1.045535545852359e-10
1.087345301963703e-10
1.1147258276666e-10
1.137008119410983e-10
1.165405838736486e-10
1.198379785630017e-10
1.211673232665674e-10
1.248969025936608e-10
1.276508005208213e-10
1.298074157504607e-10
1.329089368262959e-10
1.364489432962356e-10
1.386949262315512e-10
1.413408251074991e-10
1.434102878604013e-10
1.45283979722578e-10
1.463080035145482e-10
1.478398224018551e-10
1.529687400832915e-10
1.544351927988233e-10
1.521680489664877e-10
1.570742888467311e-10
1.588880393492873e-10
1.573954131899559e-10
1.603678026959385e-10
1.616338140610822e-10
1.612054631553598e-10
1.627251086272597e-10
1.642508679648039e-10
1.636705243894103e-10
1.664845189259603e-10
1.662807082918969e-10
1.72633842090363e-10
1.681575990397707e-10
2.055433948655846e-10
1.548887817383978e-12
-1.137736063699457e-11
4.863355195550234e-11
2.072239068783235e-11
5.667848664568988e-11
4.020714923875106e-11
6.177577920083522e-11
5.137592407103121e-11
6.719012923209185e-11
5.982155222883672e-11
7.083591465748352e-11
6.729426571694391e-11
7.716939755205198e-11
7.594023626769822e-11
8.04683602789221e-11
8.111879787215937e-11
8.686782235669297e-11
8.693008136284543e-11
9.205366263908097e-11
9.427276438396917e-11
9.761026768101992e-11
1.001369070288417e-10
1.037107519318614e-10
1.046235755034173e-10
1.086750089974083e-10
1.114441977809955e-10
1.137770779469835e-10
1.165331531445975e-10
1.197765470199507e-10
1.211952255238597e-10
1.248268735489505e-10
1.275987622697573e-10
1.298963351431354e-10
1.329259229107252e-10
1.364729885029579e-10
1.389634869824381e-10
1.413466741955981e-10
1.434007269866565e-10
1.455479971202897e-10
1.466790802910881e-10
1.481473475455377e-10
1.528185598245602e-10
1.543649512576872e-10
1.525115882657285e-10
1.56920447890458e-10
1.586223873464327e-10
1.575903269032311e-10
1.602945354014706e-10
1.614525395396846e-10
1.612585046961302e-10
1.623995019035942e-10
1.639117953656319e-10
1.632460941982696e-10
1.65711748172394e-10
1.648963853349358e-10
1.710874840692903e-10
1.649694206856815e-10
2.028282231071351e-10
4.125871284807418e-12
-8.690813878197063e-12
4.928815578547916e-11
2.208997559347852e-11
5.724208253750179e-11
4.08103444489278e-11
6.2303084152439e-11
5.167232718669309e-11
6.74803953060303e-11
6.013824704754773e-11
7.106347202941695e-11
6.740791568365777e-11
7.711899125911769e-11
7.581930017019565e-11
8.063116338591577e-11
8.110373396665477e-11
8.685016508720298e-11
8.700674630660408e-11
9.213091985503614e-11
9.427683482555061e-11
9.764881612961851e-11
1.001390288507252e-10
1.036633772743291e-10
1.047036549230229e-10
1.086266027062408e-10
1.114094723195017e-10
1.138518622852634e-10
1.165265320302095e-10
1.197092384765473e-10
1.212262423013835e-10
1.247493707873566e-10
1.275377090909461e-10
1.299970253386774e-10
1.329435610764602e-10
1.364832525473753e-10
1.392515007730555e-10
1.413862959890792e-10
1.433903875774599e-10
1.458561547642775e-10
1.470586157030471e-10
1.484839186590969e-10
1.526295749572067e-10
1.541904995053392e-10
1.528629128783851e-10
1.567518159830029e-10
1.583642252626751e-10
1.578042157746378e-10
1.602488457831911e-10
1.612971600704717e-10
1.613061489990799e-10
1.620832314821286e-10
1.635893642978748e-10
1.628369019360291e-10
1.649633874959922e-10
1.634956721884941e-10
1.694942273858526e-10
1.616980700654258e-10
1.99568668239979e-10
6.67377237094531e-12
-5.696003703223758e-12
4.996560366526598e-11
2.357929885713338e-11
5.781839677807145e-11
4.143672263532784e-11
6.284270653622426e-11
5.196913475131072e-11
6.772627491342914e-11
6.040890127988233e-11
7.137666247120522e-11
6.756940095446827e-11
7.702063454886885e-11
7.570299345249646e-11
8.077655826492037e-11
8.116904131241939e-11
8.688211586703274e-11
8.702005492201407e-11
9.213845355506979e-11
9.427454740710186e-11
9.773798694207624e-11
1.001347077213549e-10
1.036081073233172e-10
1.047840358429733e-10
1.085824560610499e-10
1.113694623574262e-10
1.13935627176544e-10
1.165192684138782e-10
1.196338125585108e-10
1.212631342095383e-10
1.246715409172385e-10
1.274676222687793e-10
1.301048535746994e-10
1.329518891547414e-10
1.364824427969154e-10
1.395772675499655e-10
1.414751496951995e-10
1.433874515491883e-10
1.462148733684793e-10
1.473741105004718e-10
1.487578915567517e-10
1.524784796589815e-10
1.539993987534447e-10
1.53189453167783e-10
1.565706232453009e-10
1.581345570964319e-10
1.580217102493067e-10
1.602243010746745e-10
1.611615449301466e-10
1.613517518992792e-10
1.617811762241837e-10
1.632835772090624e-10
1.624484402899276e-10
1.642299007379305e-10
1.620861611340181e-10
1.678870111687113e-10
1.583508580340499e-10
1.958036285796836e-10
9.16886842004717e-12
-2.434540884111147e-12
5.066107822398413e-11
2.516971343089727e-11
5.840222625206246e-11
4.207632433934483e-11
6.339681570592718e-11
5.225557058692354e-11
6.794085180799989e-11
6.0671162121545e-11
7.171414144261394e-11
6.774772423430257e-11
7.692549450685322e-11
7.559910556615428e-11
8.093299377680579e-11
8.12210806841407e-11
8.691787981691757e-11
8.70444808205962e-11
9.208651313638635e-11
9.426513750109555e-11
9.78815380091914e-11
1.001367703953095e-10
1.035431255806249e-10
1.048614597912051e-10
1.085325925775933e-10
1.113256673796961e-10
1.140419496180592e-10
1.165077981025416e-10
1.195470882339934e-10
1.213102394297024e-10
1.24602113754143e-10
1.273894717524481e-10
1.302139230713567e-10
1.329449269176676e-10
1.364736009529237e-10
1.399547350724277e-10
1.415914548301104e-10
1.433709956441604e-10
1.466054274106055e-10
1.476566942284235e-10
1.489840345187421e-10
1.523598003618214e-10
1.538143644757239e-10
1.534800669436798e-10
1.563928592524234e-10
1.579341600241205e-10
1.582331840728396e-10
1.602234785484054e-10
1.610424097495808e-10
1.613975419813516e-10
1.614903451613744e-10
1.629939813179899e-10
1.620912979409552e-10
1.635151823988838e-10
1.606775639466632e-10
1.662873818416065e-10
1.549381817588267e-10
1.915768333360018e-10
1.158181039965652e-11
1.058604785599922e-12
5.136868431202805e-11
2.68248710626451e-11
5.899923873269525e-11
4.271787476829482e-11
6.395758910775617e-11
5.253764644552694e-11
6.81429704664293e-11
6.095937284695543e-11
7.199162231045804e-11
6.78962905483833e-11
7.690719847435605e-11
7.551587580865642e-11
8.111391011446828e-11
8.118451027791315e-11
8.690638899999828e-11
8.713798859680726e-11
9.203233690983637e-11
9.425401732983763e-11
9.804968248004594e-11
1.001549788462036e-10
1.034672627215239e-10
1.04928746986505e-10
1.084790972655028e-10
1.112787137013484e-10
1.14171023610814e-10
1.164984769920658e-10
1.194477595484165e-10
1.213626831113394e-10
1.245488655032582e-10
1.273051835245615e-10
1.303187419307089e-10
1.329278612668183e-10
1.364575738733774e-10
1.403832731004882e-10
1.417090504434593e-10
1.433202227193574e-10
1.470288831675844e-10
1.479268131172081e-10
1.491781466032673e-10
1.52277673295675e-10
1.536407036945885e-10
1.53730940505729e-10
1.562324221807998e-10
1.57758132212103e-10
1.584331854645361e-10
1.602535689653682e-10
1.609380593448261e-10
1.614430754811745e-10
1.612163393378021e-10
1.627209195953768e-10
1.617677213652689e-10
1.628389959119417e-10
1.592804339013782e-10
1.647046680701759e-10
1.514754228934439e-10
1.869382999599149e-10
1.387667216296182e-11
4.748741729759618e-12
5.208145723979879e-11
2.849577879167825e-11
5.962172325529135e-11
4.334874913604902e-11
6.451151478537043e-11
5.282028364979454e-11
6.832883178072848e-11
6.124315349967102e-11
7.222821164436106e-11
6.803057047302231e-11
7.695500781083607e-11
7.545145704923467e-11
8.129120398633584e-11
8.109629641755492e-11
8.686444799926942e-11
8.726479273498229e-11
9.199523908338115e-11
9.424387920022963e-11
9.822581727683194e-11
1.001965769489778e-10
1.033801954036183e-10
1.04978427296794e-10
1.084344968131036e-10
1.112282322833361e-10
1.143113683026441e-10
1.165039063168027e-10
1.193360796263276e-10
1.214097090545696e-10
1.24517104975891e-10
1.2721790838844e-10
1.304161262930303e-10
1.329110169387641e-10
1.364322802244216e-10
1.408525381797744e-10
1.418294107569588e-10
1.432226712790922e-10
1.474727184346586e-10
1.481931783328717e-10
1.493481041884151e-10
1.522404457448196e-10
1.53479725274585e-10
1.539417446333981e-10
1.560998224350828e-10
1.57601464733061e-10
1.586194222397522e-10
1.603228186895151e-10
1.608479628719754e-10
1.614876070260461e-10
1.609699874075197e-10
1.624664795020395e-10
1.614768351261719e-10
1.622213369341467e-10
1.579074095704716e-10
1.631529358630918e-10
1.479815243031919e-10
1.819452502526301e-10
1.600785659238526e-11
8.587624028271157e-12
5.279322359605917e-11
3.013220026794959e-11
6.027675053117008e-11
4.395475597521107e-11
6.504702200467785e-11
5.310562595309672e-11
6.849264520529389e-11
6.149823400098469e-11
7.2441123506572e-11
6.816154901019876e-11
7.705977709039861e-11
7.540364842632296e-11
8.144884096162361e-11
8.099353878095365e-11
8.680675672146858e-11
8.73910867508512e-11
9.198020370835763e-11
9.423602912775123e-11
9.839979814491644e-11
1.002669504744518e-10
1.032831446178141e-10
1.050047351270452e-10
1.08409303910714e-10
1.11173570975585e-10
1.144517626081508e-10
1.16532229851591e-10
1.19213837249824e-10
1.21443974039914e-10
1.245100869446666e-10
1.271320361665424e-10
1.305043492613928e-10
1.329019804152072e-10
1.363946179656593e-10
1.413515950299006e-10
1.419751831725211e-10
1.430745266105511e-10
1.479074939676719e-10
1.484565570516105e-10
1.494980093415959e-10
1.52255254012906e-10
1.533319355105982e-10
1.541121389433762e-10
1.560042815925344e-10
1.574625486513586e-10
1.587909968030535e-10
1.604400178912208e-10
1.607729697593747e-10
1.615301687158317e-10
1.607631585443689e-10
1.622344571472331e-10
1.612149281784854e-10
1.616781328974705e-10
1.565839669498216e-10
1.616599236846542e-10
1.444755854014069e-10
1.766609270159257e-10
1.791608580523204e-11
1.250675317154004e-11
5.35016636710722e-11
3.168245242938021e-11
6.09634608078387e-11
4.452443108552663e-11
6.555290675095537e-11
5.339221473259e-11
6.863557907804467e-11
6.170899288432549e-11
7.2636846717905e-11
6.829291284602751e-11
7.721800122132326e-11
7.537404245387283e-11
8.158029524588887e-11
8.08959212815195e-11
8.673940394016586e-11
8.74942698054509e-11
9.19901016827516e-11
9.423571555027952e-11
9.856303201898223e-11
1.003695975655313e-10
1.031788290589367e-10
1.050012801211893e-10
1.084102643420959e-10
1.111153407312755e-10
1.145801594955455e-10
1.165893729259361e-10
1.190866435677305e-10
1.214585190466769e-10
1.245312198569832e-10
1.270541122666056e-10
1.305803544571618e-10
1.329075353203043e-10
1.363434931261611e-10
1.418678230917422e-10
1.421658496505877e-10
1.42882460288298e-10
1.48305560060069e-10
1.487072530870798e-10
1.496284649802519e-10
1.523267028292503e-10
1.531997499412135e-10
1.542404876106488e-10
1.559544844260174e-10
1.573458389539527e-10
1.589467995190947e-10
1.60611649085016e-10
1.607168773507688e-10
1.615713699797071e-10
1.60610033911659e-10
1.620300584941156e-10
1.609673946579535e-10
1.612233547919874e-10
1.553654806083131e-10
1.602587677763534e-10
1.409699668127283e-10
1.711654114250181e-10
1.951654235897395e-11
1.640661351936628e-11
5.422007040116873e-11
3.309030191384193e-11
6.166184993830944e-11
4.505866066989464e-11
6.601451857309805e-11
5.366735516718765e-11
6.877562889961028e-11
6.186501663921366e-11
7.281738604976051e-11
6.843143173480718e-11
7.742357839490397e-11
7.536384443064939e-11
8.167644588289396e-11
8.081674573682787e-11
8.667601666600654e-11
8.755249629190041e-11
9.202229254884571e-11
9.42557895535758e-11
9.870415958794762e-11
1.005037518261446e-10
1.030780346849485e-10
1.049620188470385e-10
1.084388935226759e-10
1.110552423000826e-10
1.146776913027678e-10
1.166800547302022e-10
1.189723480409581e-10
1.214475573026652e-10
1.245806745495849e-10
1.269915973205062e-10
1.306386108374428e-10
1.329354245673146e-10
1.362821801956123e-10
1.423757735520714e-10
1.424162286231097e-10
1.426798707046045e-10
1.486389309901878e-10
1.489165957738391e-10
1.497335673927337e-10
1.524541482264447e-10
1.530940752905144e-10
1.543265019869266e-10
1.559561582843784e-10
1.57263303214647e-10
1.590804788204571e-10
1.60833032281691e-10
1.606904236714677e-10
1.616140337800414e-10
1.605262829261379e-10
1.61871364424659e-10
1.607184827842216e-10
1.608667468153596e-10
1.543326001013487e-10
1.589686669171902e-10
1.374744220705477e-10
1.655797509816066e-10
2.070564790090087e-11
2.015733722788625e-11
5.497586328239473e-11
3.429728895498449e-11
6.232068653811108e-11
4.557700256167398e-11
6.641477177011008e-11
5.389904178438993e-11
6.895632024244497e-11
6.19645609937619e-11
7.298131205987084e-11
6.859046413072655e-11
7.765733836168844e-11
7.536875078728945e-11
8.171690007998386e-11
8.077059979464918e-11
8.666235313854016e-11
8.755113676849209e-11
9.205501640255071e-11
9.430282824297977e-11
9.879594278895411e-11
1.006610095161525e-10
1.030184076929607e-10
1.04889465688603e-10
1.084872179047426e-10
1.109956204101551e-10
1.147120740016669e-10
1.168030533108442e-10
1.189129841057867e-10
1.214139584620823e-10
1.246467871507397e-10
1.269464535968981e-10
1.306702106347805e-10
1.329968831771246e-10
1.362295327877542e-10
1.428146851174026e-10
1.427214513175294e-10
1.425735939542039e-10
1.488845702080963e-10
1.490146856129388e-10
1.49802707680768e-10
1.526226373940024e-10
1.530376427787566e-10
1.543784390872425e-10
1.560071537674793e-10
1.572348023959184e-10
1.591778021295034e-10
1.610733095933832e-10
1.6071193613501e-10
1.616578983132352e-10
1.605256582932521e-10
1.618243491549125e-10
1.605368435761893e-10
1.606081155856341e-10
1.534434579765843e-10
1.57822233112818e-10
1.340697646111635e-10
1.600229615196196e-10
2.145198172821461e-11
2.367010529517793e-11
5.57090039139477e-11
3.526975728589754e-11
6.292401433678021e-11
4.602948978328455e-11
6.673834697015747e-11
5.409325130575989e-11
6.919058828182812e-11
6.199306442431423e-11
7.31213137429049e-11
6.877188368296814e-11
7.788256743697233e-11
7.537594150583349e-11
8.168809361075396e-11
8.077325157724485e-11
8.677348624780127e-11
8.75606025036329e-11
9.20445107858388e-11
9.427964825283273e-11
9.877665795169516e-11
1.008331633440966e-10
1.030721137365405e-10
1.04814489882757e-10
1.085365345071402e-10
1.10931063080727e-10
1.146423846095598e-10
1.169472621585709e-10
1.189765526259148e-10
1.213816538392621e-10
1.246945977659378e-10
1.26896082010422e-10
1.306581793465605e-10
1.33103037595848e-10
1.362618033760694e-10
1.430903966278977e-10
1.429852922728759e-10
1.427755458885083e-10
1.490624893672366e-10
1.488742906097462e-10
1.498368083563688e-10
1.527924955867406e-10
1.530463178285403e-10
1.544184976457892e-10
1.560958422844435e-10
1.572942046688233e-10
1.592537364084886e-10
1.612690494493857e-10
1.607715573017228e-10
1.617081127928323e-10
1.606055864354753e-10
1.619581580115386e-10
1.605267506535861e-10
1.604395824233835e-10
1.525972048771659e-10
1.568759249920764e-10
1.309135401953591e-10
1.546130461997058e-10
2.177029670117063e-11
2.687986513855845e-11
5.632422144652862e-11
3.604814918357644e-11
6.349797262815616e-11
4.629264821475154e-11
6.698682801927858e-11
5.431778828207203e-11
6.944861389749232e-11
6.192101791969363e-11
7.322191328582181e-11
6.898628565417273e-11
7.80795967903401e-11
7.533271532329134e-11
8.162178798382456e-11
8.087174404974702e-11
8.701127764798965e-11
8.762193303928798e-11
9.195982671785757e-11
9.40801065902231e-11
9.863159467744176e-11
1.010350718213924e-10
1.032471777860248e-10
1.047768507571287e-10
1.085832312407556e-10
1.108374891969983e-10
1.145085992116083e-10
1.171403469874821e-10
1.191523871328624e-10
1.213598694186385e-10
1.24686383047892e-10
1.267623058118423e-10
1.305486088027211e-10
1.332444218362747e-10
1.365757334742941e-10
1.432941189641361e-10
1.430271079651256e-10
1.432192600387806e-10
1.492348936813039e-10
1.485029210825563e-10
1.498439992638709e-10
1.529529224109146e-10
1.530642688118802e-10
1.544300812779493e-10
1.56243476164635e-10
1.574852443205676e-10
1.593452546787885e-10
1.614056570897801e-10
1.608161649232116e-10
1.617788632186642e-10
1.607468773912518e-10
1.622086870469092e-10
1.606885717203974e-10
1.603623763655884e-10
1.518146959488312e-10
1.561803049771374e-10
1.281562255692075e-10
1.495040468208587e-10
2.165089424707507e-11
2.970746485076808e-11
5.680370459524525e-11
3.668238078511028e-11
6.404605896044732e-11
4.631506620540896e-11
6.712994485063564e-11
5.458893833088051e-11
6.975496824862122e-11
6.177452433590122e-11
7.326564484546766e-11
6.922174612900487e-11
7.824609855978272e-11
7.522244340574378e-11
8.153339034656994e-11
8.107001264812082e-11
8.734956328926845e-11
8.769300433658711e-11
9.180876230495003e-11
9.374873859781624e-11
9.842119416849422e-11
1.012461259680835e-10
1.034488188450541e-10
1.047784876452621e-10
1.086368024825088e-10
1.10743034643311e-10
1.143799017377969e-10
1.173923037623401e-10
1.194051800548148e-10
1.213279093591614e-10
1.246071242192435e-10
1.265303635789342e-10
1.303980854093409e-10
1.334275196940702e-10
1.370927731996453e-10
1.435271865877367e-10
1.428496015341294e-10
1.43652120781192e-10
1.494457695073233e-10
1.480334177779616e-10
1.498230037859786e-10
1.531220037418584e-10
1.53048447422958e-10
1.544276435712209e-10
1.565055261221119e-10
1.577931147064126e-10
1.594101616019892e-10
1.614995105880841e-10
1.608238044172997e-10
1.619085654632052e-10
1.609350343659845e-10
1.624017772434383e-10
1.609174911698018e-10
1.603831673967852e-10
1.511870639904555e-10
1.557712298228229e-10
1.259125754651651e-10
1.44843173396981e-10
2.111986461359909e-11
3.209127019908076e-11
5.715920162178315e-11
3.715737910921449e-11
6.454102994641493e-11
4.617121512690109e-11
6.718106511452707e-11
5.484660001507891e-11
7.007429851299335e-11
6.162461378447185e-11
7.327688590197776e-11
6.944744564055289e-11
7.839289813323255e-11
7.508198292069811e-11
8.144423386602384e-11
8.129004623400426e-11
8.769125652978921e-11
8.776410794541904e-11
9.164788957622282e-11
9.339406803995031e-11
9.823456490377538e-11
1.014210488368285e-10
1.035780252619479e-10
1.048218264489751e-10
1.08722346599608e-10
1.106680199153648e-10
1.142636264767107e-10
1.176468965886824e-10
1.196870499072029e-10
1.212766221478649e-10
1.244880065562105e-10
1.262886846080742e-10
1.303113347782167e-10
1.336436490302976e-10
1.37554922868741e-10
1.43730877514663e-10
1.425981570285133e-10
1.440101548457551e-10
1.496828268201941e-10
1.475626856071363e-10
1.497937505813116e-10
1.532957100543103e-10
1.530121780247396e-10
1.544515613594779e-10
1.56839850834515e-10
1.581201093413143e-10
1.594132167272546e-10
1.615614054670159e-10
1.608279347373886e-10
1.621069638523051e-10
1.611563358496827e-10
1.624823665015014e-10
1.611245061786727e-10
1.604888971041299e-10
1.507807636771743e-10
1.556330671299789e-10
1.242392710783155e-10
1.407539392991087e-10
2.026951415018997e-11
3.400498298425919e-11
5.741633592794662e-11
3.745997967140386e-11
6.495091247389282e-11
4.596497160640912e-11
6.720482210533162e-11
5.503798479046372e-11
7.030071629440373e-11
6.152327217891299e-11
7.330700844710599e-11
6.963356777338179e-11
7.85156824111267e-11
7.495101558726518e-11
8.142480302329979e-11
8.148422549733976e-11
8.790224934600788e-11
8.783286241749339e-11
9.153767215883365e-11
9.308856400828048e-11
9.812303267231897e-11
1.015550685007506e-10
1.036109723063317e-10
1.049026645433229e-10
1.088403084625478e-10
1.105687533172608e-10
1.141568961554456e-10
1.178701987781749e-10
1.199201256914466e-10
1.2122927950101e-10
1.243880667366369e-10
1.260897414797979e-10
1.302749616682354e-10
1.338438233024074e-10
1.3790556463081e-10
1.438854365096437e-10
1.423524094056861e-10
1.442994540058488e-10
1.499146059997801e-10
1.471516758745911e-10
1.497832687801327e-10
1.534627413311718e-10
1.529518904304016e-10
1.544932911833485e-10
1.571536817062053e-10
1.583721903396004e-10
1.593778974740829e-10
1.616222218296802e-10
1.608673869970488e-10
1.623301722626597e-10
1.613880039233122e-10
1.625223689024598e-10
1.612871354474052e-10
1.60642454730996e-10
1.505984407739063e-10
1.556866188189679e-10
1.231126558821941e-10
1.373233949112593e-10
1.925208120212293e-11
3.546277031178641e-11
5.759443714573198e-11
3.76204829600894e-11
6.526535191770218e-11
4.576040395527695e-11
6.723510217299349e-11
5.516403174859759e-11
7.040378164141954e-11
6.148141476432297e-11
7.337417529715688e-11
6.976316681968751e-11
7.860158567913136e-11
7.48528367533937e-11
8.147487004438608e-11
8.164214497891812e-11
8.798645982515179e-11
8.788776872297275e-11
9.147660482550978e-11
9.285871261775056e-11
9.807941765694851e-11
1.016558480695225e-10
1.03577399506137e-10
1.049841385418505e-10
1.08958980927548e-10
1.104525636872172e-10
1.140832044882852e-10
1.180488922333117e-10
1.200549765777261e-10
1.212098265193128e-10
1.243471850728174e-10
1.259338273486757e-10
1.302442188667202e-10
1.339987356612795e-10
1.381682288128975e-10
1.440078185276142e-10
1.421420419898682e-10
1.445256324079752e-10
1.501246537768758e-10
1.468236014556039e-10
1.497941688525571e-10
1.536123877993746e-10
1.528669584886575e-10
1.545451512329301e-10
1.574108116253558e-10
1.585133712758625e-10
1.593255853288935e-10
1.617036427991977e-10
1.609503602999543e-10
1.62533080916982e-10
1.616074321859563e-10
1.625814944458804e-10
1.614140648249618e-10
1.608128603390912e-10
1.505926241845767e-10
1.55819443705315e-10
1.224299278154924e-10
1.345768544050813e-10
1.821183561825871e-11
3.652124028133891e-11
5.771015346404089e-11
3.76819978556318e-11
6.54886595558818e-11
4.558462738367036e-11
6.727307495015029e-11
5.525434340583193e-11
7.041915883280193e-11
6.147762135591089e-11
7.346053949398007e-11
6.984992549616834e-11
7.865858039628151e-11
7.478749858388115e-11
8.154540997334591e-11
8.176547615984546e-11
8.801321888551686e-11
8.792277296990231e-11
9.143269848222176e-11
9.269887765207005e-11
9.808065174570612e-11
1.017295509486741e-10
1.035123362656191e-10
1.050411776009268e-10
1.090599815966839e-10
1.103555910990101e-10
1.140526741576395e-10
1.181841186803594e-10
1.201040074489803e-10
1.212086196319357e-10
1.243531002030832e-10
1.258171828725594e-10
1.302057627754793e-10
1.341066618358331e-10
1.383616634428739e-10
1.441060618170445e-10
1.419742537484209e-10
1.446965179839985e-10
1.503059588897705e-10
1.465756806576453e-10
1.49815689077451e-10
1.537387147483066e-10
1.527760270541049e-10
1.54599183017944e-10
1.576060988503891e-10
1.585706392555286e-10
1.592803168545796e-10
1.618094038442357e-10
1.610523002592794e-10
1.626785771630842e-10
1.617976592758482e-10
1.626819518176617e-10
1.61530932443456e-10
1.60978347683524e-10
1.506873896628329e-10
1.559505458127867e-10
1.220660483093356e-10
1.324602581221801e-10
1.724668448256524e-11
3.724971675815223e-11
5.777211071769196e-11
3.768261065092532e-11
6.563717747691694e-11
4.544420334570419e-11
6.731148203268456e-11
5.532494812087178e-11
7.038444664672806e-11
6.149431162456661e-11
7.354907037512531e-11
6.990754474711271e-11
7.869515355804079e-11
7.4752183293997e-11
8.161319597926384e-11
8.186225723002162e-11
8.802404599569732e-11
8.793727148470007e-11
9.139111925051094e-11
9.259593621810222e-11
9.810525633979796e-11
1.017795262583813e-10
1.034377619103926e-10
1.050732380902394e-10
1.091402726273366e-10
1.102899240960502e-10
1.140508341656524e-10
1.182853367852127e-10
1.201111801708287e-10
1.212080283004883e-10
1.243741625179667e-10
1.257407326925254e-10
1.30165908317776e-10
1.341775713695954e-10
1.384994136299598e-10
1.441821026609744e-10
1.41846535988623e-10
1.448239808596658e-10
1.504576195710801e-10
1.463942141110194e-10
1.498396387547076e-10
1.538399522315322e-10
1.526924228175524e-10
1.546460841555606e-10
1.577492363517713e-10
1.58589690128698e-10
1.592538913681215e-10
1.619257556855854e-10
1.611513186663495e-10
1.627610396142546e-10
1.619526984299714e-10
1.628192460195454e-10
1.616497266199623e-10
1.611166742091179e-10
1.508221057166758e-10
1.560539836412717e-10
1.219118815209959e-10
1.308753123839582e-10
1.639005205087282e-11
3.77199520426544e-11
5.779170203813442e-11
3.764514398195994e-11
6.572890407923927e-11
4.533378424509415e-11
6.734351373254256e-11
5.538560749258011e-11
7.032664662500732e-11
6.152067684722998e-11
7.363173171002664e-11
6.994424769314828e-11
7.871509767875231e-11
7.474085769385787e-11
8.167340415077289e-11
8.193964180361208e-11
8.80353708051349e-11
8.793707696708281e-11
9.134636959669422e-11
9.253356052503228e-11
9.81412196992309e-11
1.018115670408766e-10
1.033654460253567e-10
1.05087933233357e-10
1.092031422142977e-10
1.102498939533288e-10
1.140606275014712e-10
1.18362080937192e-10
1.2010700920536e-10
1.212015191114585e-10
1.243925545992702e-10
1.256981914389232e-10
1.301264849971236e-10
1.342195478784086e-10
1.385983304412262e-10
1.442423646526091e-10
1.417519415640573e-10
1.449206856570713e-10
1.505839563172797e-10
1.462621373178989e-10
1.49861782075132e-10
1.539202069860476e-10
1.526213581779803e-10
1.546837202063455e-10
1.578544801154756e-10
1.585961527178075e-10
1.592401695130641e-10
1.620390060732487e-10
1.612459936599743e-10
1.627988951269584e-10
1.620759891629853e-10
1.629728797159151e-10
1.617658627110571e-10
1.612218944988641e-10
1.509676468062975e-10
1.56131102289406e-10
1.218891663651588e-10
1.297116183127555e-10
1.563940835221106e-11
3.799127302033094e-11
5.777904910158224e-11
3.758554799531845e-11
6.57806463395159e-11
4.52475130132808e-11
6.736962905542497e-11
5.543698685266361e-11
7.025786152469617e-11
6.155207583224263e-11
7.370619411769078e-11
6.996738150119945e-11
7.872264650978206e-11
7.474529685163953e-11
8.172624441802688e-11
8.20040583843109e-11
8.805184870881744e-11
8.792621454387159e-11
9.129638408805899e-11
9.249919662084185e-11
9.818398539488925e-11
1.018310068726236e-10
1.0329814130309e-10
1.050927656751943e-10
1.092527515472339e-10
1.102282460806352e-10
1.140750957757096e-10
1.184190385529057e-10
1.200996018314375e-10
1.211904814468602e-10
1.244048969130941e-10
1.256796107543284e-10
1.300869573060704e-10
1.342398944943778e-10
1.38673517345102e-10
1.442937609612561e-10
1.416825770051833e-10
1.449961217571168e-10
1.506901779219737e-10
1.461664320331809e-10
1.498821751451773e-10
1.539835491881106e-10
1.525611965931314e-10
1.547140892863411e-10
1.579349332333967e-10
1.58600754519582e-10
1.592334988687914e-10
1.621423197577484e-10
1.613376104455991e-10
1.628139599709472e-10
1.621757187922954e-10
1.631243692853161e-10
1.618732172536209e-10
1.612997626726034e-10
1.511130260823465e-10
1.561937165291403e-10
1.219465864206964e-10
1.288657025450288e-10
1.496560966427535e-11
3.810924218855879e-11
5.774938496650325e-11
3.750865869872674e-11
6.58025277704118e-11
4.51789518850373e-11
6.73879062221243e-11
5.548182412465653e-11
7.018683518688757e-11
6.158272203222814e-11
7.37693933562785e-11
6.998390938201492e-11
7.87215634187149e-11
7.47579583617636e-11
8.177223891183581e-11
8.205917944745647e-11
8.807427308814593e-11
8.790833597446013e-11
9.124077300469394e-11
9.248410858076678e-11
9.823080799260291e-11
1.018424382908619e-10
1.032385994734835e-10
1.050925485746266e-10
1.092920171459497e-10
1.102179820589123e-10
1.140900782602967e-10
1.184620634891364e-10
1.200930867595355e-10
1.211770572275158e-10
1.244113609889777e-10
1.256751377084835e-10
1.300484666748137e-10
1.342454789747359e-10
1.387317898511021e-10
1.443391509162842e-10
1.41631984552288e-10
1.450566999135113e-10
1.507817293443346e-10
1.460972235984988e-10
1.499007737583101e-10
1.540355536229295e-10
1.525122043033436e-10
1.547390963494347e-10
1.579984228931664e-10
1.586072704529054e-10
1.592311204170064e-10
1.622335983792496e-10
1.614257199423915e-10
1.62820653896262e-10
1.622599114190789e-10
1.63262382458672e-10
1.619696745354429e-10
1.613592197526255e-10
1.512552921314571e-10
1.56256987088011e-10
1.220610401609672e-10
1.282545742641443e-10
1.43543732705409e-11
3.808639692943821e-11
5.770574834426593e-11
3.741982491993309e-11
6.580054698451227e-11
4.512459799674785e-11
6.740057545423091e-11
5.551745763872702e-11
7.011582686964182e-11
6.161294425458728e-11
7.382125838455145e-11
6.999691506665153e-11
7.871380973309683e-11
7.477381901646608e-11
8.181227423462716e-11
8.21064757196197e-11
8.810059741569568e-11
8.788611578938086e-11
9.118129250119584e-11
9.248361346641679e-11
9.827925905575457e-11
1.018471055023965e-10
1.031874556124469e-10
1.050910625046289e-10
1.09321904698306e-10
1.102159203412464e-10
1.141067644780802e-10
1.184924315372945e-10
1.200860995541248e-10
1.211652748028611e-10
1.244140352850292e-10
1.256781614819934e-10
1.30013446037974e-10
1.342420118023238e-10
1.387755980722296e-10
1.443782088261803e-10
1.415963328124983e-10
1.451058307963951e-10
1.50861147656596e-10
1.460497242808181e-10
1.499189336034768e-10
1.540782791844802e-10
1.524731693234213e-10
1.547613713547671e-10
1.58049888313669e-10
1.586171107073532e-10
1.592339337727399e-10
1.623107267144016e-10
1.615071323986971e-10
1.628279986082563e-10
1.623346843423577e-10
1.633834061868416e-10
1.620571382255452e-10
1.614066181012422e-10
1.513900242941627e-10
1.563281835917054e-10
1.22220634433643e-10
1.278412805536773e-10
1.380251155793588e-11
3.792824995486062e-11
5.765115731737379e-11
3.732219999337557e-11
6.577581933064071e-11
4.508152382125759e-11
6.740729863982726e-11
5.55416721523799e-11
7.004772973991273e-11
6.164307806251721e-11
7.386037169166057e-11
7.000857874822018e-11
7.870112942873541e-11
7.479084436241669e-11
8.184830980377689e-11
8.21454405334269e-11
8.812801402987811e-11
8.786456831822296e-11
9.112130783833158e-11
9.249227314299525e-11
9.832517038792764e-11
1.018452102403334e-10
1.031465002564554e-10
1.050914392168549e-10
1.093419710619165e-10
1.102198307449896e-10
1.141260266741311e-10
1.185111544220351e-10
1.200794640364915e-10
1.211583771996772e-10
1.244129560956734e-10
1.256846330528201e-10
1.299830132809341e-10
1.342319085735093e-10
1.388057722955598e-10
1.444101294995168e-10
1.415741318236434e-10
1.451458127816019e-10
1.50929065950019e-10
1.460208314122612e-10
1.499369436252857e-10
1.541125486731593e-10
1.524445295076038e-10
1.547829262115688e-10
1.580911625957545e-10
1.586309584453784e-10
1.592429031355072e-10
1.623722573362075e-10
1.615796763432798e-10
1.628387465807926e-10
1.624010405868985e-10
1.634859367115516e-10
1.621398574025092e-10
1.614484725611865e-10
1.515141688885788e-10
1.564097013657965e-10
1.224164415945259e-10
1.276094224501968e-10
1.331091304146869e-11
3.762088950407229e-11
5.758454962881256e-11
3.721332307069209e-11
6.572705917975332e-11
4.504707213926782e-11
6.740493514695388e-11
5.555525817836854e-11
6.998507140756974e-11
6.167230331413754e-11
7.388428194759322e-11
7.002038588845032e-11
7.868354463425137e-11
7.480893848522406e-11
8.188250151352252e-11
8.217567390161784e-11
8.815143299995883e-11
8.785035798156085e-11
9.106739085217569e-11
9.250347830610272e-11
9.836153967738056e-11
1.018358548453849e-10
1.031182855900856e-10
1.050966495362863e-10
1.093533856167996e-10
1.102280959664985e-10
1.141454029029042e-10
1.185188202077903e-10
1.200764862013602e-10
1.211582910987917e-10
1.244082938914824e-10
1.256927016978898e-10
1.299578370196587e-10
1.342149558454815e-10
1.388221139985237e-10
1.444349138994872e-10
1.41565484796758e-10
1.451791908411617e-10
1.509855313133485e-10
1.46009068675544e-10
1.499546147543395e-10
1.541387443006972e-10
1.524280129160142e-10
1.548058374533644e-10
1.581232849006742e-10
1.586496614932136e-10
1.592589581985362e-10
1.624178914450881e-10
1.616435849428449e-10
1.62855470595167e-10
1.624579504392501e-10
1.635686868663922e-10
1.622216954983708e-10
1.614907165089125e-10
1.516281413023039e-10
1.565033392633376e-10
1.226424918640597e-10
1.275619865694252e-10
1.292604254296363e-11
3.706175920542332e-11
5.746715988373949e-11
3.710308204825521e-11
6.564559860356961e-11
4.501720906359774e-11
6.740215164419283e-11
5.554304832296805e-11
6.991752085812153e-11
6.171386467896358e-11
7.38974101662478e-11
7.002697974635828e-11
7.865786120692131e-11
7.482824236968635e-11
8.191952627650921e-11
8.219647175982142e-11
8.816587616859527e-11
8.785067029308352e-11
9.102485200898972e-11
9.251241302125745e-11
9.838665570090884e-11
1.018121380842261e-10
1.030985654977271e-10
1.051169109763765e-10
1.093539230648176e-10
1.102421552262187e-10
1.141742384616763e-10
1.185048537595309e-10
1.200690297825787e-10
1.21177972355821e-10
1.244007614826342e-10
1.257004253137519e-10
1.299410030144125e-10
1.341889552569911e-10
1.38822852877997e-10
1.444480558767033e-10
1.41573876586356e-10
1.452095522047773e-10
1.510255975867838e-10
1.460180185397047e-10
1.49979448584596e-10
1.541493234715769e-10
1.524196246505663e-10
1.548400793185928e-10
1.581485848441549e-10
1.586728574786756e-10
1.59288915330335e-10
1.624431387283283e-10
1.616957960081676e-10
1.628882265389032e-10
1.625064979425596e-10
1.636289993772082e-10
1.623079761347096e-10
1.615354082632337e-10
1.517358073157953e-10
1.56617559114918e-10
1.228818328081502e-10
1.277800810963688e-10
1.268560649620295e-11
3.629746596589244e-11
5.730138914811389e-11
3.69674925479534e-11
6.553051356904073e-11
4.498482482690869e-11
6.738550920074537e-11
5.551615481394563e-11
6.985571302736641e-11
6.175681488946825e-11
7.389751894835245e-11
7.003294224028862e-11
7.862101525110843e-11
7.484800612788608e-11
8.196097159709192e-11
8.220956431389242e-11
8.816564709576179e-11
8.78706586713116e-11
9.100058187072648e-11
9.251569893312448e-11
9.839739406915917e-11
1.017738013670155e-10
1.030895968453822e-10
1.051490833668852e-10
1.093487118204172e-10
1.102575303863851e-10
1.142014676160798e-10
1.184802965964104e-10
1.200668883566429e-10
1.212065319809824e-10
1.243898576740732e-10
1.257101015573146e-10
1.299378751551799e-10
1.341561266218926e-10
1.388019848469718e-10
1.444448238324556e-10
1.415990182216481e-10
1.452421574318268e-10
1.510490738597925e-10
1.460441044145866e-10
1.500079733973548e-10
1.541473511735136e-10
1.524240571165865e-10
1.548819767057727e-10
1.581648295975182e-10
1.587026826145437e-10
1.593304772960502e-10
1.62452524818654e-10
1.617410467481249e-10
1.629347600533842e-10
1.625488138854815e-10
1.63664009647697e-10
1.62391191553965e-10
1.615867822163194e-10
1.518319186150653e-10
1.567528792630302e-10
1.23108362821405e-10
1.282415135083407e-10
1.265614640683502e-11
3.56923956183181e-11
5.715268680959991e-11
3.686257400724698e-11
6.543307841270659e-11
4.49623835698353e-11
6.73761694954014e-11
5.548449748422978e-11
6.980814379530519e-11
6.17875548616507e-11
7.389561100348408e-11
7.003610522834332e-11
7.859116588992083e-11
7.486081287027368e-11
8.199335910696391e-11
8.221680098952338e-11
8.815275338614976e-11
8.789567224697806e-11
9.100233886757427e-11
9.25125881535222e-11
9.83938103153049e-11
1.017385041410421e-10
1.030849489475101e-10
1.051771237979454e-10
1.093470793371899e-10
1.102691286394562e-10
1.142169109242339e-10
1.18458498562674e-10
1.200663057440329e-10
1.212284674568235e-10
1.243833399463207e-10
1.257187876471813e-10
1.29944044275079e-10
1.34132884920498e-10
1.387748081861456e-10
1.444308093019747e-10
1.416239898093341e-10
1.452671563371671e-10
1.51054805182421e-10
1.460676705086815e-10
1.500292680152483e-10
1.541385985387285e-10
1.524298083919335e-10
1.549127841205156e-10
1.581728307861861e-10
1.5872510912167e-10
1.593613122243083e-10
1.624522462228239e-10
1.617683024379401e-10
1.629709355715915e-10
1.625761729927071e-10
1.636733925701865e-10
1.624405995166456e-10
1.616246111709065e-10
1.518758558014793e-10
1.568502133790287e-10
1.232291620360696e-10
1.286799927209581e-10
1.268839817243206e-11
3.547586159337118e-11
5.711577396594333e-11
3.680488732350542e-11
6.5395956721936e-11
4.495633980683115e-11
6.736728379103567e-11
5.546676979349589e-11
6.980173124002082e-11
6.179220856178118e-11
7.389033157561563e-11
7.003407530974337e-11
7.857974419732573e-11
7.487243541547632e-11
8.200529732206612e-11
8.221547220530365e-11
8.814357469741465e-11
8.7909476689562e-11
9.101388871210282e-11
9.250785786319349e-11
9.837807496810633e-11
1.017225044756098e-10
1.030952065365341e-10
1.051868140320273e-10
1.09348873941816e-10
1.102767048546075e-10
1.142098586679144e-10
1.18450575873828e-10
1.200787557039356e-10
1.212322950494324e-10
1.24381251751368e-10
1.257265091500059e-10
1.299451365009582e-10
1.341192571045373e-10
1.387535961375339e-10
1.44423487356565e-10
1.416439893715912e-10
1.452737940432577e-10
1.510528541495167e-10
1.460828167775126e-10
1.500300978307479e-10
1.541343762363606e-10
1.524434409906915e-10
1.549210032794364e-10
1.581729137343223e-10
1.587398274864313e-10
1.593657920491471e-10
1.624486249074125e-10
1.617844826290427e-10
1.629805849522333e-10
1.625808576942032e-10
1.636716631462298e-10
1.624513401563356e-10
1.616449400207019e-10
1.518755278209672e-10
1.568923945625718e-10
1.232402338095356e-10
1.288640711917271e-10
)
;

boundaryField
{
    inlet
    {
        type            cyclic;
    }
    outlet
    {
        type            cyclic;
    }
    bottomWall
    {
        type            zeroGradient;
    }
    topWall
    {
        type            zeroGradient;
    }
    left
    {
        type            cyclic;
    }
    right
    {
        type            cyclic;
    }
}


// ************************************************************************* //
