/*--------------------------------*- C++ -*----------------------------------*\
| =========                 |                                                 |
| \\      /  F ield         | OpenFOAM: The Open Source CFD Toolbox           |
|  \\    /   O peration     | Version:  v1812                                 |
|   \\  /    A nd           | Web:      www.OpenFOAM.com                      |
|    \\/     M anipulation  |                                                 |
\*---------------------------------------------------------------------------*/
FoamFile
{
    version     2.0;
    format      ascii;
    class       volScalarField;
    location    "10000";
    object      nut;
}
// * * * * * * * * * * * * * * * * * * * * * * * * * * * * * * * * * * * * * //

dimensions      [0 2 -1 0 0 0 0];


internalField   nonuniform List<scalar> 
3770
(
5.78370556666247e-06
5.779386724448209e-06
5.782007271379794e-06
5.783653003695313e-06
5.779387009142612e-06
5.782007287341053e-06
5.783653009733954e-06
5.779386735518009e-06
5.782007301327175e-06
5.783653023830301e-06
5.779387054133555e-06
5.782007046569158e-06
5.783652732447181e-06
5.779387015519515e-06
5.782007084152579e-06
5.783653056965548e-06
5.77938702319331e-06
5.78200702543226e-06
5.783652685649609e-06
5.779387369269383e-06
5.782006949302971e-06
5.783657666179968e-06
5.779901062839038e-06
5.782195360171991e-06
5.782331651790724e-06
5.779873055942276e-06
5.779761498391709e-06
5.953682981266034e-06
5.956505347850622e-06
5.783656533243188e-06
5.782085968226933e-06
5.779898513477659e-06
5.779777903102432e-06
5.954375763707989e-06
5.951925078453848e-06
5.954066066041562e-06
5.956511680405637e-06
5.783784449000568e-06
5.783699692088403e-06
5.782050341596621e-06
5.779892811589735e-06
5.779759157399065e-06
5.953681420754656e-06
5.956495636802484e-06
5.783582066523724e-06
5.783350113311586e-06
5.783234475140429e-06
5.779387193984421e-06
5.782006690957014e-06
5.783652864800407e-06
5.779386788257929e-06
5.782007198333706e-06
5.783652865965932e-06
5.779386858240665e-06
5.782007178314277e-06
5.783652982052218e-06
5.779386997536212e-06
5.782006086223074e-06
1.028319225029866e-05
1.026225043463147e-05
1.02679736446449e-05
1.028283564417593e-05
1.026226591724877e-05
1.026797656945041e-05
1.028283737022595e-05
1.026226350352246e-05
1.02679775975393e-05
1.028283902660114e-05
1.026227101612065e-05
1.026797700690135e-05
1.028283775698425e-05
1.0262271247939e-05
1.026797986095441e-05
1.028284022832917e-05
1.026227147398351e-05
1.026798046377973e-05
1.028283824431125e-05
1.026227495050508e-05
1.026797830234341e-05
1.02828422166937e-05
1.026234201016758e-05
1.026802637914215e-05
1.028257783933696e-05
1.026142073089376e-05
1.030421013496094e-05
1.45396591187334e-05
1.436214829418649e-05
1.031361762975789e-05
1.03005597858496e-05
1.026137262139028e-05
1.030490606325154e-05
1.451978840010474e-05
1.449363915157242e-05
1.454534098740202e-05
1.436506058597613e-05
1.028271661343605e-05
1.031266650257135e-05
1.030078894944336e-05
1.026140403543158e-05
1.030414365379927e-05
1.453956676223956e-05
1.436542769790733e-05
1.028267112036467e-05
1.031245418860796e-05
1.030097817140313e-05
1.026227295002826e-05
1.026792794538144e-05
1.028281703488998e-05
1.026224388078637e-05
1.026795963452287e-05
1.028281918215444e-05
1.026225565603538e-05
1.026796556893955e-05
1.028282833599904e-05
1.026225823410004e-05
1.026797294675463e-05
7.567872403348145e-05
7.543389986298684e-05
7.553472079832679e-05
7.567162040463435e-05
7.543481760738374e-05
7.553467867656627e-05
7.567166712927366e-05
7.543484579386704e-05
7.553468458637244e-05
7.567168025755856e-05
7.543484775191482e-05
7.553464980728532e-05
7.567167440894877e-05
7.543487075053702e-05
7.553468388848826e-05
7.567165613290552e-05
7.54348676725578e-05
7.55347053113772e-05
7.567164095549781e-05
7.543483489651971e-05
7.553469105007095e-05
7.567170480211684e-05
7.543562507682347e-05
7.553494628724135e-05
7.567017265354871e-05
7.542473625566822e-05
7.585685975003074e-05
8.516369761095179e-05
8.488344362828745e-05
7.55937371012428e-05
7.560561515780067e-05
7.542279700400896e-05
7.585009546271068e-05
8.506723360425866e-05
8.505084519448135e-05
8.517522129591563e-05
8.489002799844676e-05
7.569366413775261e-05
7.56276839873877e-05
7.564117881249404e-05
7.542415182559542e-05
7.585643597245486e-05
8.516408596268978e-05
8.489108611159477e-05
7.569425154450243e-05
7.562770482894304e-05
7.564270638937678e-05
7.543440053121183e-05
7.553429491228733e-05
7.567144229453906e-05
7.543462804462532e-05
7.553450119232543e-05
7.56714779836118e-05
7.543472386879483e-05
7.553457673615331e-05
7.567155600242092e-05
7.543479755643302e-05
7.553555474060794e-05
0.0002779235357201102
0.0002777879605290023
0.0002778345885987101
0.0002779190697237609
0.0002777887364991552
0.0002778346593533254
0.0002779191079478951
0.0002777887898859396
0.000277834677931348
0.0002779191412055478
0.0002777888132499224
0.0002778346812523452
0.0002779191437458547
0.0002777888405378917
0.0002778346793500967
0.0002779191369291968
0.0002777888055113931
0.000277834731625763
0.0002779190740472814
0.0002777887946928503
0.0002778344417099354
0.0002779190011390981
0.0002777884526859654
0.0002778339248025941
0.000277915727081061
0.0002777739335389899
0.0002780232023365468
0.0002836545652381122
0.0002834582227073748
0.0002778952357893433
0.0002778977931668194
0.0002777713376750358
0.0002780116585964185
0.0002836156534016046
0.0002835871908803857
0.0002836546395380902
0.0002834639170572791
0.0002779199423411627
0.0002779168432412637
0.0002779200680810255
0.0002777725979797714
0.0002780228073143878
0.0002836568603375217
0.0002834659591023927
0.0002779220687257607
0.0002779135251680492
0.0002779205416512655
0.0002777879425765263
0.0002778341530011548
0.0002779185593691104
0.0002777883932401782
0.0002778341590114331
0.0002779187338382261
0.0002777883985778111
0.0002778344250659164
0.0002779188676700544
0.0002777885674366139
0.0002778350144714138
0.0006229524322662504
0.0006229191167052982
0.0006229074067666137
0.0006229534883872613
0.0006229198094699661
0.0006229075481479059
0.000622953522046948
0.000622919883315812
0.0006229075882462483
0.0006229535605808129
0.0006229199141293964
0.0006229075993686695
0.000622953554691263
0.0006229199386538122
0.0006229075594478691
0.0006229535453052433
0.000622919843277035
0.000622907608897897
0.0006229533843119568
0.0006229198135088379
0.0006229069459793781
0.0006229529762232146
0.0006229183288668631
0.0006229050324126557
0.0006229481258888665
0.0006228923707357329
0.0006229961491043218
0.0006249739945745189
0.000624900119130143
0.0006230183529750016
0.0006229952399859108
0.000622894029550944
0.0006229770229752877
0.0006250340635610613
0.0006250048624520149
0.0006249709475127994
0.0006249082504979033
0.0006229458442095991
0.0006229945660198717
0.0006229967698655418
0.0006228919683183505
0.0006229967495194979
0.0006249788650141745
0.000624910792888406
0.0006229495462023414
0.0006229836134869017
0.0006229923881701775
0.0006229219726721046
0.0006229084918074409
0.0006229534984876919
0.0006229200353692517
0.0006229071163498475
0.0006229532966752354
0.0006229194770100943
0.0006229074699474172
0.0006229533426550879
0.0006229196854512484
0.000622907101135239
0.001059230334075054
0.001059244364185571
0.001059206405764673
0.001059234381499825
0.001059245101413286
0.001059206707782412
0.001059234501993739
0.001059245187771864
0.001059206753076354
0.001059234528108058
0.001059245189969534
0.001059206741096346
0.00105923449644811
0.001059245189278148
0.001059206672851166
0.001059234456933936
0.001059245036532338
0.001059206652852087
0.001059234227991355
0.001059244914475976
0.001059205898140118
0.001059233509144734
0.001059242931080696
0.001059202453216271
0.001059228652851
0.001059203109119001
0.001059247077691957
0.001059710815243301
0.001059679827276959
0.001059335054070929
0.001059309467346396
0.001059210895587252
0.001059220950964834
0.001059811625126176
0.001059790485191506
0.001059706457179322
0.001059693758285284
0.001059227605218767
0.001059293531550097
0.001059302795760889
0.0010592057613051
0.001059249847407154
0.001059717630982487
0.001059697829805652
0.001059231936089943
0.001059281969970216
0.001059295295496192
0.001059253951829287
0.001059211001055764
0.001059236541991015
0.001059246786489079
0.001059207195810536
0.001059235018006069
0.001059245217921689
0.001059207091851819
0.001059234672689137
0.001059245273038973
0.001059206292098949
0.001538610915800899
0.001538631867906058
0.001538593930440565
0.00153861404670543
0.001538632813119081
0.001538594296371174
0.001538614224614896
0.001538632883275498
0.001538594317462843
0.001538614214617066
0.001538632841240599
0.001538594259445579
0.001538614143235089
0.001538632793923677
0.001538594153571457
0.001538614051161829
0.001538632595585003
0.001538594055250773
0.001538613803982603
0.001538632370213001
0.001538593327916052
0.001538612818466282
0.00153863041691024
0.001538588604226103
0.001538609067055065
0.00153858643180575
0.001538613046409073
0.001538673449423352
0.001538643479167419
0.001538712123191833
0.001538704531172275
0.001538615056808984
0.00153858734938049
0.001538775257654941
0.00153876999996348
0.001538677640923351
0.00153866744742809
0.001538609263399833
0.001538671811341481
0.001538693602736005
0.001538603266867566
0.001538623285239445
0.001538681503619374
0.001538669587573419
0.00153861275522132
0.001538666836138621
0.001538686696726924
0.001538651508551452
0.001538603066350839
0.001538619524910969
0.001538636697209666
0.001538596306385023
0.001538615920964399
0.001538633762215713
0.001538595437524337
0.001538615031308374
0.001538633446080159
0.001538594450391584
0.002033570654003287
0.002033592793563839
0.002033558023306513
0.002033572349971425
0.002033593516318136
0.002033558385508868
0.002033572518986833
0.00203359353060144
0.002033558355880509
0.002033572448944063
0.002033593426336848
0.002033558236064884
0.002033572323952946
0.002033593317852701
0.002033558083335908
0.00203357217639677
0.002033593087852963
0.002033557906718139
0.002033571912150307
0.002033592748564025
0.002033557294043638
0.002033570721388126
0.002033591144022776
0.002033551611372491
0.002033569521820787
0.002033549000090732
0.002033567422847448
0.002033561870281412
0.002033526236682397
0.002033656556282251
0.00203366861289235
0.00203359128369232
0.002033543608868241
0.002033651837666787
0.002033664883262789
0.002033581694542692
0.002033562084059584
0.002033573066501231
0.002033627178745942
0.002033659738048817
0.002033577143442043
0.002033584808860208
0.00203357462569775
0.002033561161418933
0.002033574840976887
0.002033625496251183
0.002033651605487197
0.002033621461066236
0.002033572096740753
0.002033580931926525
0.002033599587276925
0.002033562330298198
0.002033575683781931
0.002033595555848947
0.00203356049309103
0.002033574106798731
0.002033594701994688
0.002033559473278183
0.002537280094964353
0.002537301830878852
0.002537271758602497
0.002537280879476544
0.002537302483536894
0.002537272034185109
0.0025372809895175
0.002537302415677467
0.002537271928284654
0.002537280839977903
0.002537302234574975
0.002537271732591169
0.002537280650310006
0.002537302052232852
0.002537271525850379
0.002537280441795579
0.002537301796203054
0.002537271270702413
0.002537280179865154
0.002537301355480702
0.002537270818908743
0.00253727879076018
0.002537300221958725
0.002537264445391764
0.002537279896040248
0.002537260755860818
0.002537273397963232
0.002537271236862372
0.00253723278692656
0.002537347722521858
0.002537377725575031
0.002537313986353252
0.002537255589971051
0.002537345509310696
0.002537376257954378
0.002537305579017371
0.002537277612128445
0.002537286905737529
0.002537330563049751
0.002537371554859361
0.002537299353069709
0.002537298082159946
0.002537287977206622
0.00253727335144457
0.002537286488267348
0.002537330545474315
0.002537361861850872
0.002537338522270763
0.002537291253527048
0.002537292524263329
0.002537310881781485
0.00253727821216003
0.00253728580879483
0.00253730580877632
0.002537275272005983
0.002537283484783833
0.002537304324346171
0.002537274059763265
0.003057906292346747
0.003057926892115943
0.00305790213230415
0.003057906205081899
0.003057927286876556
0.003057902235064038
0.003057906212106414
0.003057927113348657
0.003057902025895914
0.003057905962408443
0.003057926838407565
0.003057901738046663
0.003057905696155882
0.003057926570419785
0.003057901467212163
0.003057905414903929
0.003057926283216232
0.003057901129967969
0.003057905165968886
0.003057925755441109
0.003057900855741151
0.00305790361358129
0.003057925163128593
0.003057893985071758
0.00305790665717177
0.003057889530869599
0.003057896745754313
0.003057903295933509
0.003057863723720737
0.003057954794943824
0.003057998721211125
0.003057950620326909
0.003057886091056436
0.003057962094246824
0.003058006033651391
0.003057949777606026
0.003057916806094486
0.00305791662298576
0.003057949775947399
0.003057996440542025
0.003057936858036683
0.003057928464519998
0.003057924011458539
0.003057909116828597
0.003057913795495591
0.003057950373856118
0.003057985424409377
0.003057969974354137
0.00305792736975924
0.003057921242899478
0.003057938561762499
0.003057910940458593
0.003057912874674213
0.003057932125506388
0.003057906777805455
0.003057909761102733
0.003057929914446318
0.003057905200465201
0.003612302728892108
0.003612321705049625
0.003612302469561505
0.003612301827450804
0.003612321617430758
0.003612302294915936
0.003612301670853725
0.003612321300438003
0.003612301948292191
0.003612301295052104
0.003612320909244303
0.003612301544351447
0.0036123009336044
0.00361232053580232
0.003612301193542384
0.003612300564227345
0.003612320208047565
0.003612300767445333
0.00361230033047127
0.003612319582773079
0.003612300687785549
0.003612298621504413
0.003612319587981499
0.003612293437297332
0.003612303208461066
0.0036122886102445
0.003612290089628481
0.003612301997038222
0.003612263522753339
0.003612332406421569
0.003612385577001345
0.003612353690385679
0.003612288174101432
0.003612346222060338
0.003612398916510412
0.003612358641030611
0.003612323730358938
0.003612316415917617
0.003612339289426285
0.003612388313825641
0.003612342545754311
0.003612328747805489
0.0036123267347671
0.003612312982207673
0.00361231108906807
0.003612339586828326
0.003612376406611746
0.003612369335255175
0.003612333369969064
0.003612320537533818
0.003612336191859248
0.003612313886395269
0.003612310392554051
0.003612328269870333
0.003612308371742194
0.003612306445082823
0.003612325228077845
0.003612306276539269
0.004219805542009456
0.004219822401626454
0.004219808631625191
0.004219803758736851
0.004219821680877606
0.004219808055249568
0.004219803365302401
0.004219821160083946
0.004219807520725771
0.004219802823073973
0.004219820613441586
0.004219806968367777
0.004219802337586358
0.00421982010979216
0.004219806513205702
0.004219801860520399
0.004219819723311259
0.004219805989113264
0.004219801629460459
0.004219819008016859
0.004219806052766873
0.004219799830077485
0.004219819548609767
0.004219798655935621
0.004219805533563958
0.004219794101452016
0.004219790333169471
0.004219804444152158
0.004219768182825098
0.004219816595737654
0.004219874324240031
0.004219858952668087
0.004219797932423467
0.004219836050763243
0.0042198919063333
0.004219867812782508
0.004219834458939734
0.004219822165094308
0.004219835695427563
0.004219883268745806
0.00421985228041226
0.00421983543202098
0.004219833769964505
0.004219821119947748
0.004219813992254037
0.004219834923458553
0.004219871142976205
0.004219872703861848
0.004219844699677621
0.004219826551591807
0.004219839820007065
0.004219822900777055
0.004219814538650377
0.004219830408763459
0.004219815937705066
0.004219809635452554
0.004219826429953527
0.004219813085005062
0.004895877927631181
0.004895891982769505
0.004895883351926094
0.004895875254458124
0.004895890532001406
0.00489588222966558
0.004895874519179269
0.004895889721810561
0.004895881438356036
0.004895873759257432
0.004895888970490575
0.00489588069120596
0.004895873108026626
0.004895888297670085
0.00489588009627042
0.004895872494951692
0.004895887825445293
0.004895879466365772
0.004895872239270095
0.004895887001443311
0.004895879604868707
0.004895870432941997
0.004895888003213565
0.004895872436112552
0.004895876692453803
0.004895868438204767
0.004895859552655527
0.0048958740040596
0.004895842324034975
0.004895872537726941
0.004895928134647354
0.00489592856414219
0.004895876744516835
0.004895895824188938
0.004895948875678379
0.00489594125786123
0.004895912791738021
0.004895897640920608
0.004895902484441263
0.004895944958333519
0.004895928328673425
0.004895910746377147
0.004895908558533619
0.004895897786745303
0.004895886918323007
0.004895900429725114
0.004895932794237815
0.004895942924312632
0.00489592331786385
0.004895902249789137
0.004895912447753474
0.004895900673211785
0.00489588855778865
0.004895901634152622
0.004895892232301861
0.004895882608247985
0.004895896660139007
0.004895888426886677
0.005646301717831655
0.005646312324881908
0.005646307892873275
0.00564629812752435
0.005646310008661995
0.005646306074992954
0.005646296934883679
0.005646308800623312
0.005646304939590163
0.005646295884413681
0.005646307775109804
0.005646303941675022
0.005646295014457974
0.005646306887550808
0.005646303161440349
0.005646294233992603
0.005646306290565731
0.005646302421554808
0.005646293906546344
0.005646305374286566
0.005646302486467491
0.00564629219731188
0.005646306659862648
0.005646296126246075
0.005646298183768403
0.005646292997975404
0.00564628071903669
0.005646293745526761
0.005646267390851035
0.00564628244071274
0.005646328811527697
0.005646345196193378
0.005646304612980909
0.005646309040323928
0.005646352891610827
0.005646360041525939
0.005646339166249014
0.005646323452039465
0.005646320820036944
0.005646355650097298
0.005646351559646024
0.005646336282947314
0.005646333581695292
0.00564632426492937
0.005646310789621987
0.005646317942709739
0.005646343755403652
0.005646360993543269
0.005646349721297745
0.005646328891708963
0.005646335596774007
0.005646328226727062
0.005646314136330137
0.005646323718212707
0.00564631846683899
0.00564630713574356
0.005646317702738779
0.005646313499633145
0.00646352246235497
0.006463529370421654
0.006463527651606624
0.006463518138547151
0.006463526214723086
0.006463525115340737
0.006463516340613303
0.006463524485507429
0.006463523551969115
0.006463514921552361
0.006463523113900616
0.006463522242220033
0.006463513772662759
0.006463521955690062
0.006463521247119308
0.006463512781507483
0.006463521186443188
0.006463520338854914
0.006463512347971418
0.00646352014301104
0.006463520474713522
0.006463510691558398
0.006463521509503583
0.006463515318757045
0.006463515782070619
0.006463512675157258
0.006463498977948781
0.00646350915837019
0.00646348945138626
0.006463493202749704
0.006463525844228448
0.006463553379559819
0.00646352574771833
0.006463519797451171
0.006463552206002796
0.006463571436365957
0.00646355786311742
0.006463544771338338
0.006463536364910887
0.006463562337535383
0.006463567712773153
0.006463556144643497
0.006463553337155248
0.006463546195647788
0.006463532060706785
0.006463533796926305
0.006463551491211415
0.006463572536553774
0.006463568555555655
0.006463551507493415
0.00646355474737097
0.006463550492549024
0.00646353677981614
0.006463542514672549
0.006463539921732258
0.006463528861310143
0.006463535591888028
0.006463533935944705
0.007326718900693928
0.007326722592899675
0.007326722287886614
0.007326714006926533
0.007326718613396666
0.007326719198651796
0.007326711493957519
0.007326716255704939
0.007326717176307126
0.007326709623288905
0.007326714469202995
0.007326715524120079
0.007326708139037061
0.007326712989218331
0.007326714311079953
0.007326706896037137
0.007326711998089941
0.007326713191046486
0.007326706320447972
0.007326710701121813
0.007326713252349309
0.007326704635121003
0.00732671204567424
0.007326709196010767
0.007326708697001656
0.007326707031109106
0.007326693893119363
0.007326700650602194
0.007326687128232045
0.007326682501818288
0.00732670250315817
0.007326733902906248
0.007326718558297606
0.007326707528298615
0.007326729136068
0.007326754369897544
0.00732674734019794
0.007326738819804338
0.007326727871699161
0.007326744947432831
0.007326756665898877
0.007326748858735669
0.007326746884386647
0.00732674173952044
0.007326728684626539
0.00732672638473786
0.007326736750841814
0.007326757343547207
0.007326759563896236
0.007326747727727631
0.007326748599428586
0.007326746429987127
0.007326734705235372
0.007326737126819251
0.007326735968513814
0.007326726273761713
0.007326729621317449
0.007326729241674225
0.008205957682816234
0.008205958961560721
0.00820595930799045
0.008205952433071768
0.008205954366708007
0.008205955596424844
0.008205949198519863
0.008205951373206189
0.008205953061175053
0.008205946853291009
0.008205949144818321
0.008205951043908422
0.008205945014519102
0.008205947331484879
0.008205949559915349
0.00820594350659664
0.00820594606016805
0.008205948263943236
0.008205942749145453
0.00820594466272216
0.008205947998597982
0.008205941029517889
0.008205945667677074
0.008205944923551374
0.008205943692637392
0.008205943049027026
0.008205931505845308
0.008205935162631657
0.008205926922415696
0.008205917519819826
0.0082059282569468
0.008205955907492329
0.008205949884225358
0.008205938898366934
0.008205952137632392
0.008205977774793463
0.008205975947985542
0.008205972309233762
0.00820596216965277
0.00820597187748536
0.008205985870916052
0.00820598137020846
0.008205980635321937
0.008205977699022789
0.008205967260448564
0.008205962287432641
0.008205967909896363
0.008205983705892076
0.008205990977882337
0.008205983753141986
0.008205983817926881
0.008205983095698699
0.008205974140159984
0.008205974349357905
0.008205973779156016
0.008205965869872862
0.008205966704392607
0.008205966840439219
0.009068860565598203
0.009068860444901993
0.009068860612179952
0.00906885522647813
0.00906885564547155
0.009068856461828482
0.009068851421155917
0.009068852134057396
0.009068853425339241
0.009068848592224127
0.009068849432561499
0.009068851094673661
0.009068846423318171
0.009068847321384108
0.009068849303831159
0.009068844652265691
0.009068845695809884
0.009068847884438097
0.009068843691565529
0.009068844419020533
0.009068847056087423
0.009068841894699729
0.009068844461202413
0.009068845077375418
0.009068843355898318
0.009068843330221394
0.009068833895943313
0.009068835357987113
0.009068830479317462
0.00906881944778805
0.009068824421637908
0.009068844377535683
0.009068843879005117
0.009068836205368403
0.009068844129809614
0.009068865104801923
0.009068867660346626
0.009068867300599226
0.009068860349990696
0.009068865442545333
0.009068878422860454
0.009068876827099743
0.009068877321317422
0.009068876096911921
0.009068868635591937
0.0090688628214411
0.009068865510203247
0.009068875817657258
0.009068885514994386
0.009068882037743231
0.009068882333770859
0.009068882843749817
0.009068876500083469
0.009068875741283991
0.009068875425484669
0.009068869153336137
0.009068868618534521
0.009068868493084234
0.009886994475946698
0.00988699369223729
0.009886993803355617
0.009886989326097618
0.009886988906994279
0.009886989085145218
0.009886985117222859
0.009886985190789843
0.009886985655747721
0.009886982008491961
0.009886982222492062
0.009886983066611836
0.009886979557268747
0.009886979796005054
0.009886980978774065
0.009886977557561755
0.009886977965480688
0.009886979425281606
0.009886976314343739
0.009886976409153566
0.009886978141149366
0.009886974484305144
0.009886975700798368
0.009886976939083825
0.009886975094154154
0.009886975107157305
0.009886967674173255
0.009886968102441293
0.009886965068499187
0.009886954731034849
0.009886956057503407
0.009886968001103091
0.009886970441794502
0.009886965581785256
0.009886970652505801
0.009886986177830612
0.009886990925913856
0.009886993226575293
0.009886989263570511
0.009886992227918235
0.009887002466115147
0.009887003044872783
0.009887004895187517
0.009887004785226399
0.009887000052158043
0.00988699486208953
0.009886995818040376
0.009887001733034174
0.009887011375882956
0.009887010576427621
0.009887011440350438
0.009887013105090011
0.009887008777928877
0.009887007837014601
0.009887007709606448
0.009887002962975157
0.009887001743123857
0.009887001631439629
0.01063974393665788
0.01063974294844485
0.01063974302034064
0.01063973928376992
0.01063973842664488
0.01063973833388756
0.01063973500698168
0.0106397345655242
0.01063973482039957
0.01063973162133199
0.01063973162426773
0.01063973178081825
0.01063972895537248
0.01063972899363365
0.01063972945699468
0.01063972678236734
0.0106397269512415
0.01063972768270638
0.01063972533282428
0.0106397251877116
0.01063972618452039
0.01063972353400622
0.01063972419636222
0.01063972523018164
0.01063972350314555
0.01063972348104318
0.01063971771117918
0.01063971779584616
0.01063971564960721
0.01063970677926479
0.01063970610081158
0.01063971196741725
0.01063971514278979
0.01063971216578737
0.01063971558176685
0.01063972647029699
0.01063973148472714
0.01063973539635775
0.01063973382700871
0.01063973594373343
0.01063974378984871
0.0106397452591495
0.01063974820952079
0.01063974916453703
0.01063974620301794
0.01063974243236763
0.01063974261743717
0.01063974585965901
0.0106397536578679
0.01063975474135152
0.01063975614484808
0.01063975877065721
0.01063975589997734
0.01063975528987871
0.0106397553487564
0.0106397518396634
0.01063975059071459
0.01063975047583869
0.0113150973114579
0.01131509645664653
0.01131509655012649
0.01131509336193812
0.01131509244594851
0.01131509222247414
0.01131508932165896
0.0113150887802288
0.01131508867886336
0.01131508590221276
0.01131508563795302
0.01131508579944399
0.01131508311994954
0.01131508306444904
0.01131508319266311
0.01131508086922677
0.01131508096915099
0.01131508110425486
0.01131507918685793
0.01131507903631419
0.01131507951996186
0.01131507746675956
0.01131507782015646
0.0113150783746874
0.01131507689073954
0.01131507678194585
0.01131507225516404
0.01131507226040885
0.01131507069289331
0.01131506347650659
0.01131506169337229
0.01131506381387199
0.01131506627434903
0.01131506437325899
0.01131506675399057
0.01131507426504227
0.0113150786757152
0.01131508281589814
0.01131508331535864
0.01131508504496196
0.01131509103764867
0.01131509267566502
0.01131509580883031
0.01131509800796442
0.01131509615888201
0.01131509408250517
0.01131509404623252
0.01131509593286243
0.01131510149327208
0.01131510349316804
0.01131510516554074
0.01131510841781251
0.01131510667026145
0.01131510672890637
0.01131510682859153
0.01131510437103066
0.011315103464592
0.01131510338227766
0.01190820095045981
0.01190820043003961
0.0119082005777215
0.01190819780386782
0.01190819707173729
0.0119081968058518
0.01190819420787337
0.01190819361551812
0.0119081936879715
0.01190819099400092
0.01190819060709131
0.01190819076097047
0.01190818821368425
0.01190818802404613
0.01190818820805988
0.01190818589653696
0.01190818621410566
0.01190818594558933
0.01190818415947303
0.01190818389730052
0.01190818406612701
0.01190818229027867
0.01190818266917026
0.01190818269316363
0.01190818156795671
0.01190818142060157
0.0119081777804641
0.01190817779778987
0.01190817661802041
0.01190817083021904
0.01190816843238947
0.01190816889069098
0.01190816995911229
0.01190816862432017
0.01190817014152244
0.0119081752465331
0.0119081786438599
0.01190818235369892
0.01190818343169799
0.01190818534666835
0.01190819031574828
0.01190819190647658
0.01190819483612321
0.01190819780553942
0.01190819674488895
0.01190819603172302
0.01190819585661091
0.01190819761269402
0.01190820117624902
0.01190820343854847
0.01190820519538058
0.01190820865107475
0.01190820805368548
0.01190820835861976
0.01190820897713202
0.01190820713470755
0.01190820681303916
0.01190820651982826
0.01241901176665003
0.01241901162089176
0.01241901179257295
0.01241900939931967
0.01241900899448706
0.01241900873566436
0.0124190063778855
0.0124190058967615
0.01241900604458584
0.01241900351597616
0.01241900329197339
0.01241900313527994
0.01241900084082396
0.01241900084595884
0.01241900073599609
0.01241899859665235
0.01241899883705134
0.01241899855402709
0.01241899675044044
0.0124189966636943
0.01241899657585657
0.01241899496207574
0.01241899534420383
0.0124189947633138
0.01241899422098317
0.01241899399968017
0.01241899095675805
0.01241899101650018
0.01241899011453431
0.01241898540547052
0.01241898276945384
0.01241898257678261
0.01241898236635254
0.01241898134987
0.01241898219602894
0.0124189855424755
0.01241898810653369
0.01241899102677765
0.01241899230227776
0.01241899407884165
0.01241899817740989
0.01241899970269882
0.01241900225364001
0.01241900556675699
0.01241900531901153
0.01241900552200768
0.01241900548278926
0.01241900695676382
0.01241900934642583
0.01241901148778183
0.01241901310071501
0.01241901622102184
0.01241901684054081
0.01241901725005552
0.01241901858622185
0.01241901717482708
0.01241901722604284
0.01241901698398064
0.01285008735877438
0.0128500872070321
0.01285008734934275
0.01285008542765182
0.01285008517955919
0.01285008529515885
0.01285008305446864
0.01285008288773236
0.01285008274116938
0.01285008059094474
0.01285008038386859
0.01285008047606203
0.0128500784035325
0.01285007828185308
0.01285007823377595
0.01285007608569615
0.01285007630482649
0.0128500760298113
0.01285007438297631
0.0128500740919674
0.01285007410628613
0.01285007270336244
0.01285007280495692
0.01285007202184952
0.01285007150423183
0.01285007155944629
0.01285006891778219
0.01285006909403543
0.01285006816458417
0.01285006429279027
0.01285006186695863
0.01285006161825634
0.01285006011176745
0.01285005977446818
0.0128500600470673
0.01285006175208022
0.01285006388160849
0.01285006574576941
0.01285006702627403
0.01285006851796479
0.01285007183209829
0.0128500732584624
0.01285007543239407
0.01285007830107875
0.01285007936894261
0.01285007964549116
0.01285008028638848
0.01285008102200859
0.01285008298063524
0.01285008484086786
0.01285008625722426
0.01285008899766812
0.01285008995213101
0.01285009079096514
0.01285009256616152
0.01285009170885816
0.01285009200643916
0.01285009213199017
0.01320499490518315
0.01320499485052686
0.01320499508661453
0.01320499367904124
0.01320499344151753
0.01320499351956833
0.01320499192766286
0.01320499168972677
0.0132049916164753
0.0132049897095512
0.0132049898497458
0.01320498963405238
0.01320498772032082
0.01320498758625158
0.01320498779166599
0.01320498587837812
0.01320498566434913
0.01320498557001798
0.01320498406697513
0.01320498378991598
0.01320498381391472
0.01320498252684824
0.01320498261179525
0.01320498146034966
0.01320498143004022
0.01320498096692766
0.01320497893319749
0.01320497920547902
0.01320497779642308
0.01320497500015903
0.01320497301826906
0.01320497272636321
0.01320497060957349
0.01320497038542322
0.01320497061280554
0.01320497165396884
0.01320497309112238
0.01320497387641999
0.01320497500951929
0.0132049761397704
0.01320497861233595
0.01320497992535413
0.01320498173668694
0.01320498419187149
0.01320498546865875
0.01320498616983673
0.01320498685697938
0.01320498776165137
0.01320498928432417
0.01320499088685657
0.01320499214196168
0.01320499445714588
0.0132049956243983
0.01320499658555986
0.01320499823723096
0.01320499872171366
0.01320499876334247
0.01320499936901853
0.0134873789706064
0.01348737919723982
0.01348737959821621
0.01348737858119801
0.01348737818095731
0.01348737875632546
0.01348737727161507
0.01348737719777579
0.01348737743772862
0.01348737565947694
0.01348737560871371
0.01348737579794107
0.01348737409868397
0.01348737390893721
0.01348737393006274
0.0134873721850578
0.01348737197052262
0.01348737217202533
0.01348737064645047
0.01348737041655389
0.01348737047186352
0.01348736925765249
0.01348736935092278
0.01348736832983712
0.01348736817033696
0.01348736706351661
0.01348736595861211
0.01348736623218682
0.01348736454693785
0.01348736245112782
0.01348736096988484
0.01348736068309979
0.01348735859640403
0.0134873584641278
0.01348735788611782
0.0134873587771725
0.01348735926444762
0.01348735995390819
0.01348736071364032
0.01348736155296085
0.01348736315677661
0.0134873643983858
0.01348736590380779
0.01348736791480857
0.01348736920967838
0.01348737004121969
0.01348737084657637
0.01348737173956385
0.01348737294979735
0.01348737432195781
0.01348737544726343
0.01348737737167654
0.01348737859938023
0.01348737963448049
0.01348738116748009
0.01348738185525231
0.01348738269839231
0.0134873836797428
0.01370051210705999
0.0137005120486451
0.01370051300920724
0.01370051196049313
0.01370051213091841
0.01370051248461968
0.01370051170742365
0.01370051159207724
0.01370051159659565
0.01370051037670313
0.01370051031809358
0.01370051044441112
0.01370050884682072
0.01370050874404015
0.01370050903559465
0.01370050728650041
0.0137005070909427
0.01370050735657894
0.01370050592572202
0.01370050576713677
0.01370050585814611
0.01370050472233187
0.0137005048005733
0.0137005036675043
0.01370050388818306
0.01370050220824108
0.01370050178043327
0.01370050167019093
0.01370050005116817
0.01370049858353474
0.01370049755214812
0.01370049733296612
0.01370049533689047
0.01370049528247389
0.01370049432571511
0.01370049501604794
0.01370049524549975
0.01370049593686265
0.01370049581859527
0.01370049636044497
0.01370049727624944
0.0137004984445147
0.0137004997062731
0.013700501245513
0.01370050248388941
0.01370050334062241
0.01370050419591714
0.01370050501003849
0.01370050589909653
0.01370050700479801
0.01370050801391662
0.01370050960524637
0.01370051078350492
0.01370051186880688
0.01370051328537921
0.01370051401649327
0.01370051496237298
0.0137005166448858
0.01384712042114515
0.01384712025357569
0.01384712157687695
0.01384712094509482
0.01384712076689917
0.0138471216989473
0.01384712100683299
0.01384712131913689
0.01384712114198859
0.01384712012167773
0.01384712010116362
0.01384712024831433
0.013847119022507
0.01384711892499601
0.01384711909165021
0.01384711756108696
0.01384711770949167
0.01384711754572552
0.01384711635822139
0.01384711624930599
0.01384711640003302
0.01384711538263778
0.01384711543151063
0.01384711430005084
0.0138471146306758
0.01384711307686276
0.01384711267264153
0.01384711261271863
0.01384711094968829
0.0138471099827963
0.01384710928816548
0.01384710912117233
0.01384710733378332
0.01384710733750806
0.01384710614920748
0.013847106611875
0.01384710701684902
0.01384710687423007
0.01384710663077331
0.01384710697104582
0.01384710774137882
0.01384710841084072
0.01384710951480158
0.01384711051908775
0.01384711160893109
0.01384711247337175
0.01384711329314264
0.0138471140081355
0.01384711460255163
0.01384711538252503
0.01384711628444498
0.01384711758337092
0.01384711866082272
0.01384711977973467
0.01384712108160601
0.01384712182071546
0.01384712299094683
0.01384712479996894
0.0139293383772684
0.01392933824619208
0.01392933967489761
0.01392933951505495
0.01392933929078275
0.013929340360611
0.01392934042560421
0.01392933989091144
0.01392934039494224
0.01392933914145606
0.01392933937489956
0.01392933954485732
0.0139293385052997
0.01392933843717227
0.01392933861694952
0.01392933724401384
0.01392933755496361
0.01392933733481214
0.01392933626485942
0.01392933616508867
0.01392933634777012
0.0139293352728916
0.01392933573091098
0.01392933473818712
0.01392933461460105
0.01392933311974475
0.01392933290029507
0.01392933321160384
0.0139293314146634
0.01392933094735526
0.01392933041229066
0.01392933030386831
0.0139293285509311
0.01392932897562515
0.01392932756929931
0.01392932790094179
0.01392932830436489
0.01392932776346705
0.01392932768148583
0.01392932757473614
0.01392932789770415
0.01392932855326047
0.01392932926598435
0.01392933029039594
0.01392933073467797
0.01392933184997893
0.01392933247398474
0.01392933306801685
0.01392933376375924
0.01392933387160633
0.01392933452211689
0.01392933563966455
0.01392933656567515
0.01392933766870935
0.01392933886766609
0.01392933957551213
0.01392934076626041
0.01392934264390248
0.01394869945959307
0.01394869936056899
0.01394870057267616
0.01394870140461265
0.0139487008951405
0.01394870172858056
0.01394870226370883
0.01394870162395994
0.01394870230227691
0.01394870118551397
0.01394870150993084
0.01394870177317085
0.01394870063325723
0.01394870078212233
0.01394870101517636
0.01394870000074541
0.01394870006563698
0.0139486999905098
0.01394869878991393
0.01394869899890361
0.01394869911659305
0.0139486981224939
0.01394869885311301
0.01394869789433695
0.01394869771074568
0.01394869647555154
0.01394869633869707
0.01394869648344983
0.0139486949231907
0.01394869528459245
0.01394869433261221
0.01394869426406779
0.01394869303437723
0.01394869316907211
0.01394869187292748
0.01394869212677754
0.01394869248073977
0.01394869188526455
0.01394869178660272
0.01394869114189084
0.01394869158929859
0.01394869166348087
0.01394869265291465
0.01394869270248095
0.01394869350413679
0.01394869437349088
0.01394869538027547
0.01394869524728229
0.01394869577337661
0.01394869581905794
0.01394869624194278
0.01394869752379521
0.0139486978504663
0.01394869899125962
0.01394870006852717
0.01394870069089854
0.01394870172276744
0.01394870362010832
0.01390612240100932
0.01390612229641839
0.01390612362135416
0.01390612456051906
0.01390612458175687
0.01390612500451622
0.01390612575496233
0.01390612532384577
0.01390612552675344
0.0139061251600966
0.01390612492186162
0.01390612571384291
0.01390612450621719
0.01390612469411162
0.01390612506302101
0.01390612396545067
0.01390612442044665
0.01390612430713282
0.01390612332034762
0.01390612336015848
0.0139061236404948
0.01390612262514898
0.01390612338050692
0.01390612251854168
0.01390612240350171
0.01390612126097453
0.01390612090723438
0.01390612153375178
0.01390612010997225
0.01390612028659124
0.01390611988434128
0.01390611988116517
0.01390611886854426
0.01390611900849424
0.01390611775238488
0.01390611795984733
0.01390611832877466
0.01390611772624383
0.01390611762217133
0.01390611700974001
0.01390611663387194
0.01390611739005721
0.01390611756677963
0.0139061173900045
0.01390611838148661
0.01390611875115863
0.01390611986626812
0.01390611951662031
0.01390611997368171
0.01390611981792523
0.01390612043047591
0.01390612086344752
0.01390612130955675
0.01390612279738441
0.01390612335747701
0.01390612385382649
0.01390612492644428
0.01390612637100672
0.0138018721446892
0.01380187188770787
0.0138018732734018
0.01380187379707907
0.01380187466728952
0.01380187471548772
0.01380187599080469
0.01380187527249442
0.0138018751066893
0.01380187582243187
0.01380187549359035
0.01380187578624114
0.01380187481507876
0.01380187510286196
0.01380187557330468
0.01380187473343779
0.01380187450905639
0.01380187521193501
0.01380187417462958
0.01380187380905275
0.01380187460864841
0.01380187357734622
0.01380187425110445
0.01380187353685078
0.01380187353907737
0.01380187248825169
0.01380187214223092
0.01380187299522063
0.01380187170000762
0.01380187184983198
0.01380187186318522
0.01380187173810469
0.01380187098718564
0.01380187119849698
0.01380186999027388
0.01380187017660149
0.01380187055651624
0.01380186997679512
0.01380186987773755
0.01380186920530284
0.01380186896909465
0.01380186906529901
0.01380186925710585
0.01380186880358532
0.01380186967868912
0.01380186974593211
0.01380187032913573
0.0138018707967823
0.013801871050088
0.01380187073655504
0.01380187103271855
0.01380187123144028
0.01380187149190259
0.01380187280739469
0.0138018741416112
0.01380187407480873
0.01380187471869583
0.01380187578963429
0.01363548127609265
0.01363548113429221
0.01363548238046335
0.01363548277944156
0.0136354834095163
0.01363548375745934
0.01363548539843433
0.01363548459477451
0.01363548428724204
0.01363548551028865
0.01363548503895108
0.01363548537474931
0.01363548477274652
0.01363548456937953
0.01363548545968109
0.01363548462923371
0.01363548422853178
0.01363548518469787
0.01363548433189
0.0136354841393233
0.01363548471168866
0.01363548410661145
0.01363548422410287
0.01363548378480121
0.01363548388133909
0.01363548293005791
0.01363548260176913
0.01363548362068007
0.01363548278185805
0.01363548284584984
0.01363548272599502
0.01363548266478972
0.01363548221782281
0.01363548255339357
0.01363548139873158
0.01363548160837273
0.01363548203519708
0.01363548149309473
0.01363548139356942
0.01363548066147611
0.01363548043007284
0.01363548036383264
0.01363548054521237
0.0136354797751722
0.01363548046374243
0.01363548100581646
0.01363548094482024
0.0136354811948545
0.01363548153371952
0.01363548071838392
0.01363548123864163
0.01363548109537331
0.01363548189169438
0.01363548234326573
0.01363548396728794
0.01363548363648091
0.01363548388024052
0.01363548485284283
0.01340561783291885
0.01340561758040222
0.01340561882666664
0.01340561978746855
0.01340561989463019
0.01340562014854346
0.01340562152014857
0.01340562097297301
0.01340562064831666
0.01340562212128356
0.01340562160043031
0.01340562196051451
0.01340562140083051
0.01340562166114316
0.01340562206239218
0.01340562125210042
0.01340562148318779
0.01340562192742461
0.0134056213289097
0.01340562094067694
0.01340562178885972
0.01340562131662199
0.01340562137761556
0.01340562104610685
0.01340562120313154
0.01340562043832068
0.01340562045417962
0.01340562107814162
0.01340562017096542
0.01340562071888813
0.01340562090492832
0.01340562048882322
0.01340561990565254
0.01340562098280956
0.01340561971406958
0.01340561993552407
0.0134056203826485
0.01340561989848038
0.013405619806905
0.01340561907944238
0.01340561884307408
0.01340561857697591
0.01340561891939001
0.01340561817112101
0.01340561799816055
0.01340561922141514
0.01340561860363405
0.01340561832250067
0.01340561928318052
0.0134056184252864
0.01340561853418126
0.01340561859406416
0.0134056187693096
0.01340561930841554
0.01340562073583531
0.01340561990967119
0.01340562037886967
0.01340562109393426
0.01311411318684193
0.01311411335504964
0.01311411375732891
0.01311411510220318
0.01311411479876553
0.01311411545539964
0.01311411660802697
0.01311411619025702
0.0131141159635388
0.01311411744186827
0.01311411663905195
0.01311411723287935
0.01311411741345272
0.01311411724258322
0.0131141174107838
0.01311411713762118
0.01311411691319847
0.01311411756679663
0.0131141168826288
0.01311411716847583
0.01311411731037973
0.01311411711656662
0.01311411722836249
0.01311411697526656
0.01311411718309035
0.01311411616806918
0.01311411658470663
0.01311411726031673
0.01311411640017352
0.01311411706098421
0.01311411754169684
0.01311411704493541
0.01311411646231597
0.01311411779853277
0.0131141166096315
0.01311411686762798
0.01311411735903701
0.01311411694295282
0.01311411686318091
0.01311411614958755
0.01311411591571918
0.01311411557737333
0.01311411591149253
0.01311411488896198
0.01311411512967947
0.01311411585575516
0.01311411517716104
0.01311411476321815
0.01311411575074012
0.0131141145839872
0.01311411486371235
0.01311411510865429
0.01311411490916714
0.0131141150627125
0.01311411611723576
0.01311411534433331
0.01311411575886187
0.01311411641333365
0.01276212546616384
0.01276212595000394
0.01276212585261826
0.01276212762694407
0.0127621270218688
0.0127621276856207
0.01276212875551423
0.01276212841043508
0.01276212821933851
0.01276212971474161
0.01276212913475952
0.01276212896698896
0.01276213011830372
0.01276212935835047
0.01276212978670855
0.01276212998537694
0.01276212928749372
0.01276212987937415
0.01276212998789462
0.01276212971152793
0.01276212976168675
0.01276212977527009
0.01276212991075383
0.01276212975083936
0.01276213005061063
0.01276212930101791
0.01276212910696669
0.01276213045365568
0.01276212953404928
0.01276213025324881
0.01276213087418094
0.01276213045657952
0.01276212990885958
0.0127621312901961
0.0127621302798845
0.01276213055566446
0.01276213103521819
0.01276213070514458
0.01276213065432262
0.01276212997671718
0.01276212973576903
0.01276212950325241
0.01276212958784157
0.01276212859352273
0.01276212887118912
0.0127621294788579
0.01276212844112294
0.012762128746973
0.01276212898999943
0.01276212786027621
0.01276212811003368
0.01276212845166107
0.01276212788083411
0.01276212758444774
0.01276212893195002
0.01276212795397308
0.01276212826339651
0.01276212885079122
0.01235018116874604
0.01235018159910187
0.01235018145265017
0.01235018304833344
0.01235018274079236
0.01235018293345715
0.01235018395806431
0.01235018368220989
0.01235018344891546
0.01235018501492181
0.01235018420887606
0.01235018456508577
0.01235018538713026
0.01235018467931016
0.01235018508007865
0.01235018560194698
0.01235018480295456
0.01235018521862286
0.01235018569528049
0.01235018493106013
0.01235018525991807
0.01235018552533531
0.0123501850980378
0.012350185439348
0.01235018585332659
0.0123501849126682
0.01235018531277417
0.01235018615501925
0.01235018549855051
0.01235018632220791
0.01235018690297134
0.01235018676728946
0.01235018626034204
0.01235018747759799
0.01235018690523968
0.01235018705493553
0.01235018748754608
0.01235018725962816
0.0123501872558521
0.01235018648412528
0.01235018633974157
0.0123501861749436
0.01235018618332221
0.012350185215278
0.01235018548042861
0.01235018602200968
0.01235018515662408
0.01235018476527155
0.0123501854561248
0.01235018442186842
0.01235018395415788
0.01235018479119838
0.01235018394323237
0.0123501834756295
0.0123501846812666
0.01235018365908961
0.01235018389294814
0.01235018439661512
0.01187817022968322
0.01187817066648869
0.01187817045416455
0.01187817176040115
0.01187817136886163
0.01187817125284883
0.0118781727406789
0.01187817232418808
0.0118781720092971
0.01187817360685286
0.01187817278688385
0.01187817318047367
0.01187817399428736
0.01187817331710855
0.01187817366674958
0.01187817434050814
0.01187817356764415
0.01187817389019447
0.01187817449909054
0.01187817367811831
0.01187817396212917
0.01187817442372947
0.01187817380853939
0.01187817413823058
0.01187817476728711
0.0118781738962358
0.0118781744209116
0.0118781751387521
0.01187817467460855
0.01187817559402202
0.01187817552525541
0.0118781764949735
0.01187817614485777
0.01187817641648214
0.01187817676057521
0.01187817663946396
0.0118781768641786
0.01187817686645337
0.01187817693198402
0.0118781762321244
0.01187817603217482
0.01187817579492513
0.01187817587820326
0.01187817495747585
0.01187817518911585
0.01187817566652816
0.0118781748287635
0.01187817469118006
0.01187817484528319
0.0118781736904612
0.01187817379190695
0.01187817405415545
0.0118781729860761
0.01187817316818903
0.01187817355319958
0.01187817266192872
0.01187817289129014
0.01187817327741797
0.01134529603367415
0.01134529627516001
0.01134529633212338
0.0113452968538472
0.01134529657220558
0.01134529633155223
0.01134529795023109
0.01134529751283652
0.01134529717467708
0.0113452987097699
0.01134529792347273
0.01134529828917196
0.01134529909377776
0.01134529846001063
0.01134529877746266
0.01134529949729465
0.01134529878053233
0.01134529912178112
0.01134529970477626
0.01134529892414632
0.01134529916652234
0.01134529970103092
0.01134529904631191
0.01134529932702092
0.01134529998585372
0.01134529955029662
0.01134529947589007
0.01134530056200379
0.01134530033047386
0.01134530090239662
0.01134530102293505
0.01134530176050739
0.01134530209069419
0.01134530206576736
0.0113453026822881
0.0113453024850997
0.01134530221263398
0.01134530291124424
0.01134530302611096
0.01134530195686458
0.0113453021840135
0.01134530185763561
0.01134530190864429
0.01134530101071874
0.01134530120105733
0.01134530163094872
0.01134530057406101
0.01134530072280338
0.01134530074050941
0.01134529953488157
0.01134529985923431
0.01134529982415488
0.01134529870470887
0.01134529915045781
0.01134529899494431
0.01134529816975655
0.01134529841673599
0.01134529866810523
0.01074997257815329
0.01074997283960025
0.01074997289021483
0.01074997315988498
0.01074997283996123
0.01074997254050022
0.01074997407815748
0.01074997366134196
0.01074997331666863
0.01074997475263999
0.01074997400760514
0.01074997435778847
0.01074997510758396
0.01074997451689766
0.01074997482618384
0.0107499755252242
0.01074997486932773
0.01074997524258698
0.01074997576665003
0.01074997503973263
0.01074997527822253
0.01074997580802213
0.01074997517087814
0.0107499754248236
0.01074997600754214
0.01074997590268495
0.01074997580444821
0.01074997681271812
0.01074997658671962
0.01074997706535834
0.0107499776354384
0.01074997822861842
0.01074997830937077
0.01074997825025538
0.01074997936732267
0.01074997868943528
0.01074997894368477
0.01074997884597402
0.01074997969064084
0.01074997896546239
0.01074997872020693
0.01074997839440409
0.01074997865268492
0.01074997776820791
0.01074997795960601
0.01074997829477874
0.01074997723442733
0.01074997751203948
0.01074997737202623
0.01074997642166067
0.01074997641843283
0.01074997645832632
0.01074997557488243
0.01074997569565307
0.01074997515643249
0.0107499749158998
0.01074997482953534
0.0107499749224765
0.01008968260888271
0.01008968284055059
0.01008968288214542
0.01008968304937742
0.01008968269297235
0.01008968238056408
0.01008968371774354
0.01008968334444276
0.0100896830033759
0.01008968431593578
0.01008968361598951
0.01008968393457107
0.01008968463445642
0.01008968407364298
0.01008968437644972
0.01008968502710081
0.01008968442967807
0.01008968480728463
0.01008968527190741
0.0100896845994234
0.01008968484761144
0.01008968534093956
0.01008968498899894
0.01008968464527823
0.01008968539167302
0.01008968511053592
0.01008968606964234
0.01008968625725776
0.01008968611540994
0.01008968703304062
0.01008968693008865
0.01008968713020733
0.0100896876624271
0.01008968806190077
0.01008968914798004
0.01008968843132523
0.01008968873742256
0.01008968908386665
0.01008968893118668
0.01008968932575123
0.01008968860618749
0.01008968833797828
0.01008968869994486
0.01008968779664942
0.01008968814958271
0.01008968825146023
0.010089687452156
0.01008968739302812
0.01008968734021024
0.0100896862020727
0.01008968603636219
0.01008968645395279
0.01008968563163832
0.01008968558080598
0.01008968456040444
0.01008968460035132
0.01008968466700447
0.01008968468089803
0.009360846268984634
0.009360846451103128
0.009360846487834348
0.009360846634345051
0.009360846069939243
0.009360846365722122
0.009360846962603111
0.009360846742077995
0.009360846424758231
0.009360847592956065
0.009360847165595636
0.009360846921348257
0.009360847945342038
0.009360847554240676
0.009360847492271739
0.009360848245262138
0.009360847664206548
0.009360848005336103
0.009360848419774836
0.009360848024292164
0.009360847946113715
0.00936084854335912
0.009360848265213781
0.00936084821329119
0.009360848372115062
0.00936084822916001
0.009360848895223418
0.009360849546154503
0.009360849239226855
0.009360850290378373
0.009360850076410717
0.00936085012484301
0.009360850676319038
0.009360851154561254
0.009360852306610623
0.009360851769096625
0.009360852028162817
0.009360852430594296
0.009360852397707377
0.009360852587975206
0.009360851772260299
0.009360851864363463
0.009360852048412581
0.009360851281407276
0.009360851678054288
0.009360851668318595
0.00936085092387264
0.009360850850192528
0.009360850815739636
0.009360849877881283
0.009360849628948936
0.009360849723559288
0.009360848988997268
0.009360849023991029
0.009360848012353288
0.009360848362748734
0.009360848046395826
0.009360847931825128
0.008558879969304512
0.008558880008504388
0.008558880026186702
0.008558880221066222
0.008558879729491514
0.008558880013342552
0.008558880425885538
0.008558880236932687
0.008558879968367673
0.008558880915752626
0.008558880406391895
0.008558880566001164
0.008558881092482108
0.008558880691672667
0.008558880941473574
0.008558881371252563
0.008558880920722017
0.00855888119339979
0.00855888156737592
0.008558881082894699
0.00855888127328182
0.008558881611339813
0.008558881313928424
0.008558881588799239
0.008558881416450333
0.00855888150959172
0.008558882253697019
0.008558882703259947
0.008558882685657156
0.008558883046673283
0.008558882959079675
0.008558883364646426
0.00855888374550077
0.008558884294033592
0.008558884822128833
0.00855888534011514
0.00855888521677345
0.008558885416709308
0.008558885374680164
0.008558885754220216
0.008558885005998901
0.008558885137933224
0.008558885245562751
0.008558884600018395
0.008558884894478126
0.008558884881988901
0.008558883940508589
0.008558884096691007
0.00855888401659455
0.008558882913278691
0.008558882606712918
0.008558882915688595
0.008558882207277074
0.008558882262964555
0.008558881389080408
0.008558881357216067
0.008558881299113088
0.008558881097977183
0.00767893448397362
0.007678934548180954
0.007678934577141904
0.007678934811725735
0.007678934429560897
0.007678934646790939
0.007678934909138254
0.00767893462446951
0.007678934783636179
0.007678935168002931
0.007678934823475998
0.007678934977546623
0.007678935331058786
0.00767893502476891
0.007678935201274524
0.007678935539616388
0.007678935309285827
0.007678935268838806
0.007678935695992936
0.007678935278597201
0.007678935425898095
0.007678935658018213
0.007678935427758717
0.007678935713342824
0.007678935769995768
0.007678935610845952
0.007678936160217009
0.007678936660338945
0.007678936782826953
0.007678937077639438
0.007678937191577785
0.00767893769534049
0.007678937887593812
0.007678938498735891
0.00767893870301415
0.007678939264735853
0.007678939142442037
0.007678939207264447
0.007678939097412001
0.007678939596344141
0.007678939112846558
0.007678939198687748
0.007678939197064897
0.007678938704065988
0.007678938714941679
0.00767893882757074
0.007678938053783385
0.007678937951262602
0.007678938043361471
0.007678937052025217
0.007678936565763579
0.007678936836060506
0.00767893629029666
0.007678936220992268
0.007678935488033951
0.007678935403732388
0.007678935283138351
0.007678935084155797
0.006718624175361031
0.006718624475367013
0.006718624510041174
0.006718624922725273
0.006718624618769643
0.006718624745380145
0.00671862486558028
0.006718624678811373
0.006718624786624525
0.006718625001063354
0.006718624756489576
0.006718624843264895
0.006718625036437275
0.006718624862063108
0.006718624962230414
0.006718625156577867
0.006718624992195425
0.006718624853601127
0.006718625221738086
0.006718624939827472
0.006718625054752582
0.006718624973988552
0.006718625156836816
0.00671862515525561
0.006718625123269028
0.006718625372067799
0.006718625466904821
0.006718625748685308
0.006718626045795963
0.006718626407065182
0.00671862662212488
0.006718627097031482
0.006718627310445056
0.006718627947870946
0.006718627996201708
0.006718628439335233
0.006718628287105871
0.006718628328130919
0.006718628201417782
0.0067186287282606
0.006718628276191132
0.006718628520442872
0.006718628218667673
0.006718628123664991
0.006718627867357568
0.006718628033704629
0.006718627500010659
0.006718627439040714
0.006718627024268293
0.006718626527661321
0.006718625941571281
0.006718626091441211
0.006718625525096601
0.006718625559552763
0.006718624928649189
0.006718624584761614
0.006718624705498765
0.006718624207121551
0.005686512324974448
0.005686512884311508
0.005686513033895677
0.005686513349879386
0.005686513213315258
0.005686513259795626
0.00568651327002974
0.005686513208846696
0.005686513200869503
0.005686513314689719
0.005686513172468372
0.005686513218028303
0.00568651318419549
0.00568651324392264
0.005686513162760481
0.005686513273336597
0.005686513149726808
0.00568651309227402
0.005686513203648069
0.005686513097460801
0.005686513082832564
0.005686513093020876
0.005686513069000204
0.005686513164861287
0.005686513121214502
0.005686513324356541
0.005686513448278896
0.005686513748054815
0.005686513982485359
0.005686514434324485
0.005686514574220949
0.005686515076992305
0.005686515251932558
0.005686515770658518
0.005686515773272751
0.005686516051424693
0.005686515895713828
0.005686516018908464
0.005686515889012456
0.005686516227288241
0.005686515978553241
0.005686516118608227
0.005686515840068632
0.005686515850963112
0.005686515598918475
0.005686515697645212
0.005686515278317102
0.005686515240898121
0.005686514804679341
0.005686514562031515
0.005686513902363307
0.005686513864905954
0.005686513441559282
0.005686513234528747
0.005686512965718466
0.005686512473674099
0.005686512551955635
0.005686511940284653
0.004626351389325771
0.00462635185000419
0.004626352004735352
0.00462635226634662
0.004626352263562942
0.004626352286622433
0.004626352290183468
0.004626352310783115
0.004626352273443777
0.004626352326683352
0.004626352275644861
0.004626352279163381
0.004626352234901382
0.004626352263220381
0.004626352201991033
0.004626352238451984
0.004626352185488588
0.004626352130736984
0.004626352146782788
0.004626352113412394
0.004626352062065744
0.004626352038340875
0.004626352056596261
0.004626352071672244
0.00462635210797168
0.00462635225853231
0.00462635240149004
0.00462635273461729
0.00462635292737618
0.004626353413965145
0.004626353563943769
0.004626354035967595
0.004626354212375093
0.004626354637781676
0.004626354665699248
0.004626354828234908
0.004626354741683791
0.004626354838960983
0.004626354758000841
0.004626354950884887
0.004626354821586742
0.004626354897856976
0.004626354738284376
0.004626354718151012
0.004626354556071337
0.004626354559281509
0.004626354319874948
0.004626354207375455
0.004626353868045949
0.004626353659140017
0.004626353133372981
0.004626352932835622
0.004626352578607327
0.004626352300665342
0.00462635212132979
0.004626351654826309
0.004626351658283957
0.00462635117006856
0.003603684190743536
0.003603684418827437
0.003603684517032392
0.003603684696368538
0.003603684750833395
0.003603684799997662
0.003603684816987817
0.003603684848325575
0.0036036848323188
0.003603684861693518
0.003603684856606251
0.003603684859931536
0.003603684823588429
0.003603684831598601
0.003603684799701203
0.003603684791136972
0.003603684776675218
0.003603684728207334
0.00360368472869087
0.003603684694678459
0.0036036846764482
0.003603684601457545
0.003603684653104326
0.003603684620847576
0.003603684705474625
0.003603684834120365
0.003603684985777969
0.003603685318246384
0.00360368553016733
0.003603685995131748
0.003603686169033268
0.003603686566887282
0.003603686778277267
0.003603687135015288
0.003603687226606605
0.003603687290656765
0.003603687260461655
0.003603687318071976
0.003603687277538211
0.003603687384359973
0.003603687327999123
0.003603687353167977
0.003603687277469277
0.003603687237179032
0.003603687176343107
0.003603687107059067
0.003603686969934059
0.003603686841922101
0.003603686563618058
0.003603686385843781
0.003603685970021383
0.00360368572635449
0.003603685398734356
0.003603685116125676
0.003603684931063945
0.003603684568586441
0.003603684465787885
0.003603684068695405
0.002636581896338854
0.002636581973618052
0.002636582001428956
0.00263658209528115
0.002636582150031242
0.002636582212343758
0.002636582222060463
0.002636582261779664
0.002636582245828096
0.002636582280838774
0.002636582263265585
0.002636582282721498
0.002636582245611653
0.002636582274614728
0.002636582245468522
0.002636582209549736
0.002636582224122159
0.002636582181409786
0.00263658218068192
0.002636582141079264
0.002636582141313486
0.002636582038001211
0.002636582101194831
0.002636582045891647
0.002636582149380848
0.002636582278453836
0.002636582409421454
0.002636582733068344
0.002636582916106573
0.00263658336557158
0.002636583539198816
0.002636583921523933
0.002636584111813297
0.002636584449658734
0.002636584565814018
0.002636584627544313
0.002636584579731937
0.002636584643121151
0.002636584604744055
0.00263658467115487
0.00263658463954782
0.002636584648160932
0.00263658462649752
0.002636584562299205
0.002636584546608638
0.00263658448005487
0.002636584402099623
0.002636584290270039
0.002636584056554257
0.002636583900526995
0.002636583573665146
0.002636583337702781
0.002636583045290581
0.002636582767586199
0.002636582595624533
0.002636582283453275
0.002636582133448286
0.00263658174630083
0.001763901968666362
0.00176390196882114
0.001763901954118833
0.001763901935168925
0.001763901972085086
0.001763901999398424
0.001763902031728014
0.001763902069015937
0.001763902067560488
0.001763902092061373
0.001763902075467533
0.001763902080088112
0.001763902073077032
0.001763902081395919
0.001763902091857617
0.001763902043469681
0.001763902069189186
0.001763902021868749
0.001763902037222307
0.001763901994661715
0.001763902015782509
0.001763901900290488
0.001763901967428265
0.001763901890318883
0.001763901996358821
0.001763902110876011
0.001763902228629689
0.001763902507734382
0.00176390268041092
0.001763903053760657
0.001763903226641869
0.001763903558170435
0.001763903735942111
0.001763904016249463
0.001763904150950868
0.001763904198956233
0.00176390417860662
0.001763904257883533
0.001763904193800997
0.001763904247361237
0.00176390424364884
0.001763904208449105
0.001763904187383823
0.001763904162121485
0.001763904160703676
0.001763904117469703
0.00176390405298602
0.0017639039651241
0.001763903785522472
0.001763903656272925
0.001763903406382004
0.001763903216358384
0.001763902965590801
0.001763902730416767
0.001763902571018261
0.001763902315836197
0.001763902163607293
0.001763901832789052
0.001059565951166368
0.001059565940366891
0.001059565894606243
0.00105956585269722
0.001059565850616015
0.001059565855389693
0.001059565881350149
0.001059565901597006
0.001059565902948509
0.001059565919581247
0.001059565914780641
0.001059565913790765
0.001059565917771541
0.00105956591929229
0.001059565922904945
0.001059565906325611
0.001059565918574352
0.001059565889366599
0.001059565890787737
0.001059565862397561
0.001059565886650682
0.001059565801376855
0.00105956584523886
0.001059565791680528
0.001059565854728016
0.001059565940587717
0.001059566030544159
0.001059566235914881
0.001059566366635683
0.001059566645459742
0.001059566789452919
0.001059567034478787
0.001059567174387329
0.001059567395378783
0.001059567505877013
0.001059567599169839
0.001059567568756487
0.001059567649874044
0.001059567600112584
0.001059567626533635
0.001059567614189977
0.001059567595858225
0.001059567572493825
0.001059567561812709
0.001059567553517717
0.001059567523735534
0.001059567480855303
0.001059567424333576
0.00105956728672184
0.001059567200100872
0.001059567021362622
0.001059566892913137
0.001059566700216909
0.00105956653177931
0.001059566406343789
0.001059566208616356
0.001059566093073182
0.001059565857888565
0.0005779226157229954
0.0005779225783048237
0.0005779225353420036
0.0005779225109266248
0.0005779225111543821
0.0005779224959579491
0.0005779225160239389
0.0005779225161595955
0.0005779225190614096
0.000577922517059351
0.0005779225294862614
0.0005779225178540597
0.0005779225540838356
0.0005779225410145989
0.000577922541290259
0.00057792253601999
0.0005779225279196774
0.0005779225204755048
0.0005779225267567769
0.0005779224839295969
0.0005779225266656923
0.0005779224780738793
0.0005779224965767033
0.0005779224595115909
0.000577922500460062
0.0005779225359771632
0.0005779225897341053
0.0005779226880637435
0.0005779227920590564
0.0005779229452926362
0.0005779230398789697
0.0005779232100051409
0.0005779233096248337
0.0005779234414485939
0.0005779235074322818
0.0005779236305138347
0.0005779236202794629
0.0005779236688250067
0.0005779236157267309
0.0005779236657468657
0.0005779236159087379
0.0005779236469120907
0.0005779236199284027
0.0005779236145738903
0.0005779235859185466
0.0005779235560869683
0.0005779235254780124
0.0005779235241055653
0.0005779234099131021
0.0005779233804940061
0.0005779232520655734
0.0005779231824214106
0.0005779230477064812
0.0005779229526779418
0.0005779228645540995
0.0005779227351721873
0.000577922697293952
0.0005779225594557851
0.0003003383238535515
0.0003003382954353861
0.0003003383067876903
0.0003003382973863762
0.0003003383094862808
0.0003003382966592949
0.0003003383114452978
0.000300338287161848
0.0003003382847795667
0.0003003383196420805
0.0003003382988800598
0.0003003382804008321
0.0003003383370610278
0.000300338302884507
0.0003003382896232246
0.0003003383259817165
0.0003003382989648688
0.0003003382871411802
0.0003003383162588738
0.0003003382619346578
0.0003003383074475396
0.0003003382703542428
0.0003003382652938675
0.0003003382713516141
0.0003003383054521105
0.0003003382892250841
0.0003003383036541613
0.0003003383551862375
0.0003003384233440492
0.0003003384857363
0.0003003385327890932
0.0003003386152160709
0.0003003386717275833
0.0003003387505232857
0.0003003387903556387
0.0003003388962738582
0.0003003389032162453
0.0003003389029210106
0.0003003389062086386
0.0003003389194427982
0.0003003388693277287
0.0003003389028880057
0.0003003388880158375
0.0003003388771345211
0.0003003388687829108
0.0003003388419254887
0.0003003388455195783
0.0003003388403937738
0.0003003387676750287
0.0003003387662831467
0.0003003386734692869
0.0003003386706890788
0.0003003385827410784
0.0003003385480399014
0.0003003384580715019
0.0003003384100507777
0.0003003384196121729
0.0003003383258646328
0.0001584210097319071
0.0001584209886062521
0.0001584210032317897
0.0001584210202262467
0.0001584210571651893
0.0001584210354188208
0.0001584210564608628
0.0001584210109823585
0.0001584210193912489
0.0001584210602904323
0.0001584210260101638
0.000158421002275168
0.0001584210695584144
0.0001584210240779012
0.0001584210145798734
0.0001584210551402121
0.000158421019186973
0.0001584209971068141
0.0001584210509855751
0.0001584209902914912
0.0001584210189580904
0.0001584210219367478
0.0001584210180022332
0.0001584209989335575
0.000158421034862917
0.0001584209953470741
0.0001584210066508796
0.0001584210330265426
0.0001584210674001144
0.0001584210795032449
0.0001584211047306517
0.0001584211574998597
0.0001584211548480582
0.0001584212478155961
0.0001584212408781339
0.0001584212846189142
0.0001584212923092732
0.0001584212825424561
0.0001584213006674333
0.0001584213121347833
0.0001584212669771357
0.0001584213074516285
0.0001584212889191299
0.0001584212810784185
0.0001584212821659835
0.0001584212754077236
0.0001584212560489115
0.0001584212790533964
0.0001584212292909391
0.0001584212347597565
0.000158421182196356
0.0001584211976126458
0.0001584211489691914
0.000158421153315719
0.0001584210746241156
0.0001584210703821922
0.0001584210891697389
0.0001584210132562623
8.960495693927767e-05
8.960494873590858e-05
8.96049817584806e-05
8.960503245433045e-05
8.960500414521609e-05
8.960501515728582e-05
8.960504211746633e-05
8.960499267161947e-05
8.960499652343916e-05
8.960504087597849e-05
8.960500001911418e-05
8.960497966927378e-05
8.960504053999346e-05
8.960498849849214e-05
8.960499166507905e-05
8.960502804274814e-05
8.960497843381284e-05
8.960498533053086e-05
8.960501866964746e-05
8.960496664914908e-05
8.960497566572829e-05
8.96050064986316e-05
8.960496900819799e-05
8.960497349079281e-05
8.960500421342622e-05
8.960496520600889e-05
8.960495296288798e-05
8.960501169181639e-05
8.960498359112442e-05
8.96049765723103e-05
8.960503279426209e-05
8.960501355215015e-05
8.960500606178082e-05
8.960507527369444e-05
8.960503719733616e-05
8.960507611303168e-05
8.960507954547564e-05
8.96050853608728e-05
8.960507597604064e-05
8.960508680438125e-05
8.960505766322118e-05
8.960510446739712e-05
8.960507001033072e-05
8.96050674738817e-05
8.960508758146066e-05
8.960505269428255e-05
8.960505577587426e-05
8.960509344493302e-05
8.960503889569173e-05
8.960504931708223e-05
8.960506215820119e-05
8.960503337879618e-05
8.960501331063525e-05
8.960505637487792e-05
8.960500250058949e-05
8.960498392004658e-05
8.960503122255687e-05
8.96049590371194e-05
5.661139971671927e-05
5.661142191410878e-05
5.661143310229972e-05
5.661147535220687e-05
5.661143901003986e-05
5.661145303532836e-05
5.661148298938149e-05
5.661144403110228e-05
5.661142717867759e-05
5.661148223049255e-05
5.661142819994726e-05
5.661143523959915e-05
5.661146932523921e-05
5.66114221153636e-05
5.661142789924496e-05
5.661146231290088e-05
5.661142073591237e-05
5.66114062619631e-05
5.661145402412012e-05
5.661140164092042e-05
5.66114090540897e-05
5.661144084243244e-05
5.661139424610723e-05
5.661140066498631e-05
5.661143138331854e-05
5.661138354984356e-05
5.661138624481677e-05
5.661142438211535e-05
5.661137572017773e-05
5.661138283549772e-05
5.661141662158713e-05
5.661137518344349e-05
5.661138265337775e-05
5.661142022361387e-05
5.66113828852436e-05
5.661138237811089e-05
5.661141559350401e-05
5.661138618627981e-05
5.661139100492548e-05
5.661141022639984e-05
5.661140607366932e-05
5.661142656433315e-05
5.661137930184138e-05
5.661139902080696e-05
5.661142588284553e-05
5.661138802536904e-05
5.66113990273034e-05
5.661143999748745e-05
5.661139893603073e-05
5.66113915920937e-05
5.661144027101007e-05
5.661140629786602e-05
5.661139345045397e-05
5.661144962757186e-05
5.661140985346676e-05
5.661139168344261e-05
5.661144408707009e-05
5.661136822953895e-05
3.745516691965083e-05
3.745519015159164e-05
3.745518905619281e-05
3.745522929494978e-05
3.745519633065649e-05
3.74552049712081e-05
3.745523489800139e-05
3.745519580362311e-05
3.745520033966941e-05
3.745523094877824e-05
3.745518704780605e-05
3.74551939579833e-05
3.745522280560341e-05
3.745518297541756e-05
3.745518545062664e-05
3.745521723311756e-05
3.745518129224511e-05
3.745516641084032e-05
3.745520981612754e-05
3.745516617705774e-05
3.745516851262216e-05
3.745519924617074e-05
3.745515757220669e-05
3.745516135157619e-05
3.745518996996363e-05
3.745514992206792e-05
3.745515207792455e-05
3.745518416782761e-05
3.745514043170891e-05
3.74551465707026e-05
3.745517369508558e-05
3.745514270204259e-05
3.745513250755594e-05
3.745517578656742e-05
3.745513838603871e-05
3.745513194083015e-05
3.74551679562035e-05
3.745513600376745e-05
3.745514554772836e-05
3.745513738969877e-05
3.745514864275694e-05
3.745519007317575e-05
3.745513944394025e-05
3.745515418963309e-05
3.745518364346374e-05
3.745515067758784e-05
3.745515764475193e-05
3.745519619993419e-05
3.745515501400954e-05
3.745516374293515e-05
3.745519787211424e-05
3.745517079254461e-05
3.745516008011933e-05
3.745521199832456e-05
3.745517734409591e-05
3.745516509716922e-05
3.745521118396172e-05
3.74551570094579e-05
2.456696951354197e-05
2.456698579809545e-05
2.4566982925423e-05
2.456701202350774e-05
2.456698766778731e-05
2.456699278572753e-05
2.456701631559907e-05
2.456698728610513e-05
2.456699002784854e-05
2.456701370480522e-05
2.456698512829106e-05
2.456697860066014e-05
2.456700837860158e-05
2.456697740818358e-05
2.456697854667642e-05
2.456700187049219e-05
2.456697528432464e-05
2.456696340843104e-05
2.456699603651758e-05
2.456696411935847e-05
2.456696458508101e-05
2.456698763945584e-05
2.456695658060409e-05
2.456695871882791e-05
2.456697970049016e-05
2.456695095109575e-05
2.456695281322488e-05
2.456697547612058e-05
2.456694259472178e-05
2.456694707333053e-05
2.456696673934065e-05
2.45669471386089e-05
2.456693410524755e-05
2.456697129400484e-05
2.456694118086438e-05
2.456693792529898e-05
2.456696394053539e-05
2.456694163143988e-05
2.456694822271495e-05
2.456693856665248e-05
2.456694928486054e-05
2.456698877678494e-05
2.456694927769752e-05
2.456695934795241e-05
2.456698272095291e-05
2.456695950150863e-05
2.456696412759242e-05
2.456699314180105e-05
2.456696237328278e-05
2.456697032325982e-05
2.456699525343489e-05
2.456697545904731e-05
2.456696964390801e-05
2.456700581467624e-05
2.456697995296281e-05
2.45669721114481e-05
2.456700622306398e-05
2.456697009435727e-05
1.547736629355141e-05
1.547737697505462e-05
1.547737339944671e-05
1.547739233552917e-05
1.547737552385808e-05
1.547737927067011e-05
1.54773944410829e-05
1.547737582004083e-05
1.547737720375962e-05
1.547739278019875e-05
1.547737414882982e-05
1.54773685820595e-05
1.54773885656588e-05
1.547736833964459e-05
1.54773692286671e-05
1.547738363795316e-05
1.547736583377565e-05
1.547735817584613e-05
1.54773789371579e-05
1.547735862079886e-05
1.547735914737425e-05
1.54773732758617e-05
1.547735226222112e-05
1.54773539758733e-05
1.547736741393381e-05
1.547734866478389e-05
1.547735016770979e-05
1.547736464833649e-05
1.547734330957694e-05
1.547734629538111e-05
1.547735957989715e-05
1.547734714839533e-05
1.547733893074253e-05
1.547736288638971e-05
1.547734091613943e-05
1.547734788749476e-05
1.547735848201594e-05
1.547734687923548e-05
1.547735126922268e-05
1.547734465037162e-05
1.547735391796418e-05
1.547738053458485e-05
1.547735503348744e-05
1.547736257293826e-05
1.547737770313749e-05
1.547736336167092e-05
1.547736660786679e-05
1.547738537811577e-05
1.547736492983642e-05
1.547737066916462e-05
1.547738697230711e-05
1.547737466813934e-05
1.547737119924712e-05
1.547739414527693e-05
1.547737596750275e-05
1.547737241552506e-05
1.547739280644018e-05
1.547737191267999e-05
9.087117362031449e-06
9.087123706885567e-06
9.08712108065474e-06
9.087130711921795e-06
9.087122856047819e-06
9.087121120012433e-06
9.08713237909593e-06
9.087121185626144e-06
9.087121925220047e-06
9.087130545312115e-06
9.087119789642692e-06
9.087116419425383e-06
9.087127674720022e-06
9.087116022345585e-06
9.087116223452991e-06
9.087124282234343e-06
9.087114190378579e-06
9.087109594040677e-06
9.087121053959376e-06
9.087109238784593e-06
9.087109814700969e-06
9.08711721200721e-06
9.087106755889828e-06
9.08710346501144e-06
9.08711381158396e-06
9.087102637712541e-06
9.087103575938709e-06
9.087111588161472e-06
9.087098636786298e-06
9.087102446803329e-06
9.087108570173996e-06
9.087106490808353e-06
9.087101333257691e-06
9.087112299615367e-06
9.087100250854384e-06
9.087110084123317e-06
9.087109967301976e-06
9.087111022893393e-06
9.087108434907944e-06
9.087108335578841e-06
9.08711230400279e-06
9.087128608791432e-06
9.087113689311693e-06
9.087119614276911e-06
9.087126694686573e-06
9.087119932668934e-06
9.087121839771278e-06
9.087132351166684e-06
9.087122088728837e-06
9.087121599170304e-06
9.087133818934837e-06
9.087126342167825e-06
9.087125170595229e-06
9.087136475956026e-06
9.087125778502085e-06
9.087124349796547e-06
9.087134454155195e-06
9.087122751962071e-06
4.808528096858587e-06
4.8085288846578e-06
4.808528726101113e-06
4.808532557155286e-06
4.808529297457648e-06
4.808529721839749e-06
4.80853255834032e-06
4.808527771408897e-06
4.808528199621334e-06
4.808531950785348e-06
4.808526790605664e-06
4.808525187002136e-06
4.808530223321948e-06
4.808524549395337e-06
4.808524673396837e-06
4.808528101653052e-06
4.808523509693489e-06
4.808521083014487e-06
4.808526327009843e-06
4.808520445841798e-06
4.808522161024633e-06
4.808523435444751e-06
4.808519262329576e-06
4.808517040550126e-06
4.808522039696517e-06
4.808517389561258e-06
4.8085175715252e-06
4.808520936076346e-06
4.808514318835582e-06
4.808518968831371e-06
4.808519618986083e-06
4.808520709331676e-06
4.808517957307519e-06
4.808523721653445e-06
4.808519435736304e-06
4.808524890952106e-06
4.808523275283229e-06
4.808527003373706e-06
4.808522844205813e-06
4.808527927850612e-06
4.808527045658637e-06
4.808535536671542e-06
4.808527840867532e-06
4.808533420372052e-06
4.808533641109807e-06
4.808534074700503e-06
4.808532801128234e-06
4.808537824181274e-06
4.808532921323586e-06
4.808532695331312e-06
4.808538227298713e-06
4.808533876602559e-06
4.808534575046387e-06
4.808538568029632e-06
4.808533396030293e-06
4.808534435123958e-06
4.808536189721861e-06
4.808531786724743e-06
2.223163540456166e-06
2.223161499572227e-06
2.223162515263051e-06
2.223162962498469e-06
2.223162772808133e-06
2.223162220599736e-06
2.223163156082038e-06
2.223161811535654e-06
2.22316141474173e-06
2.223162534099003e-06
2.223160826707945e-06
2.223160831592344e-06
2.223161531288108e-06
2.223160195554241e-06
2.223159879052146e-06
2.22316020656123e-06
2.223159613615345e-06
2.223158525288052e-06
2.223159622618869e-06
2.223158036497392e-06
2.223158416968809e-06
2.223158156299601e-06
2.223157496518396e-06
2.223156355428667e-06
2.223157309440491e-06
2.223156195321791e-06
2.223155970191464e-06
2.22315705527037e-06
2.223155248189915e-06
2.223157905034818e-06
2.223157332508039e-06
2.223159543120092e-06
2.223157479072002e-06
2.223161447006001e-06
2.223158979397283e-06
2.223163212595189e-06
2.223160904966405e-06
2.223164571767879e-06
2.223162437688282e-06
2.223165146597621e-06
2.223164451816601e-06
2.223167646122506e-06
2.223164779811438e-06
2.223167230892828e-06
2.223165982689337e-06
2.223167966570058e-06
2.223165773821133e-06
2.223169077758239e-06
2.223166728829501e-06
2.223167212809198e-06
2.22316796292686e-06
2.223167035034749e-06
2.223166559677534e-06
2.223167434918575e-06
2.223165810152967e-06
2.223165858645817e-06
2.223166260305065e-06
2.223163716721581e-06
9.356800746595329e-07
9.356796641214065e-07
9.356796218484525e-07
9.356797497513716e-07
9.356796023603483e-07
9.356795404131188e-07
9.356795006684134e-07
9.356793546704492e-07
9.356790938508796e-07
9.356792537279193e-07
9.356788225007775e-07
9.356788952668585e-07
9.356787804910194e-07
9.356786409881112e-07
9.356783707933659e-07
9.356784387439864e-07
9.356781590655523e-07
9.356781241469991e-07
9.356779827983739e-07
9.356778421571954e-07
9.356776204393971e-07
9.356777303210829e-07
9.35677288123308e-07
9.356773150978759e-07
9.356771306112451e-07
9.356771657531917e-07
9.356769106230832e-07
9.35677484987085e-07
9.356772016553499e-07
9.356781357604913e-07
9.356783241220401e-07
9.356792322424989e-07
9.356788041293682e-07
9.356802466453862e-07
9.35679907639328e-07
9.356811445137966e-07
9.356806979466276e-07
9.356817313327763e-07
9.356813570116738e-07
9.356822448306386e-07
9.356820637773324e-07
9.356829198712356e-07
9.35682098162611e-07
9.356826803058552e-07
9.356822383634207e-07
9.356828496366157e-07
9.356823761037846e-07
9.356829947342746e-07
9.356823678542631e-07
9.356825298742867e-07
9.35682274858706e-07
9.356822922566204e-07
9.356816926486433e-07
9.356818045523335e-07
9.356811070665348e-07
9.356812816584576e-07
9.35680624039038e-07
9.356805195652969e-07
7.208913460930241e-07
7.208911487635644e-07
7.208911963447979e-07
7.20891182633332e-07
7.208911909805328e-07
7.208911410484935e-07
7.208911556086062e-07
7.208911116140159e-07
7.208910751714573e-07
7.208910881980327e-07
7.208910186059614e-07
7.208910151090333e-07
7.208909878022133e-07
7.208909610053115e-07
7.208909176588024e-07
7.208909004897671e-07
7.208908645933157e-07
7.208908261380475e-07
7.208908109546463e-07
7.20890762770528e-07
7.208907467041525e-07
7.208907264564891e-07
7.208906727991558e-07
7.208906416264682e-07
7.208906222626179e-07
7.208906286612864e-07
7.208905816831251e-07
7.208907352899257e-07
7.208906559367617e-07
7.208908855585668e-07
7.208909357294875e-07
7.208912036608805e-07
7.208910452836444e-07
7.208913962045968e-07
7.208912992122486e-07
7.208916473311983e-07
7.208914690330027e-07
7.208917649303393e-07
7.208916303280503e-07
7.208918303660297e-07
7.20891775083e-07
7.208919651933395e-07
7.208917770259445e-07
7.20891931766367e-07
7.208917927868102e-07
7.208919593440548e-07
7.208918369992624e-07
7.208919688642592e-07
7.208918330579873e-07
7.208918489490751e-07
7.208918029803419e-07
7.208918067474005e-07
7.208916812385087e-07
7.208916803784512e-07
7.208915478474423e-07
7.208915544569198e-07
7.20891427959994e-07
7.208913473625163e-07
5.71788001527773e-06
5.71787995718601e-06
5.717879987918248e-06
5.717879956729733e-06
5.71787998419388e-06
5.717879959052324e-06
5.717879979734025e-06
5.717879963867445e-06
5.717879973446432e-06
5.717879961538016e-06
5.717879967746309e-06
5.717879955519176e-06
5.71787996816477e-06
5.717879955154031e-06
5.71787996836222e-06
5.71787995009212e-06
5.717879976174887e-06
5.717879955317549e-06
5.717879963711166e-06
5.717879944581313e-06
5.717879972621584e-06
5.717879944359006e-06
5.717879971740807e-06
5.717879947427602e-06
5.717879967317656e-06
5.71787996521892e-06
5.717879967251303e-06
5.717879988880007e-06
5.71787996698459e-06
5.717880007421537e-06
5.717880000423289e-06
5.717880032308695e-06
5.717879972015292e-06
5.717880037448142e-06
5.71787999340978e-06
5.717880061567106e-06
5.717879966083942e-06
5.717880044513397e-06
5.71787998899806e-06
5.717880026486728e-06
5.717880006827632e-06
5.717880028638846e-06
5.717879983176626e-06
5.71788002362926e-06
5.717879976611887e-06
5.717880019969191e-06
5.717879996027377e-06
5.717880012345593e-06
5.717879992790772e-06
5.717879989190594e-06
5.717879988004525e-06
5.717879961080498e-06
5.717879979384455e-06
5.71787994892852e-06
5.717879981190062e-06
5.717879940592605e-06
5.7178799770612e-06
5.717879914644535e-06
)
;

boundaryField
{
    inlet
    {
        type            cyclic;
    }
    outlet
    {
        type            cyclic;
    }
    bottomWall
    {
        type            nutUSpaldingWallFunction;
        Cmu             0.09;
        kappa           0.41;
        E               9.800000000000001;
        value           nonuniform List<scalar> 
58
(
1.720890484420662e-07
1.720991998859335e-07
1.720946286904064e-07
1.720848832289157e-07
1.721056000387479e-07
1.720939331927647e-07
1.720849520543406e-07
1.721056171543971e-07
1.720939185750089e-07
1.720850015604213e-07
1.721056734660148e-07
1.720939247160927e-07
1.720850148270985e-07
1.721056826545198e-07
1.720939897543452e-07
1.720850568805361e-07
1.721057050635692e-07
1.72094056061548e-07
1.720851401956726e-07
1.721055907691446e-07
1.720944568478857e-07
1.720853682001368e-07
1.721057873173802e-07
1.720948756479173e-07
1.720890285341627e-07
1.721224765198633e-07
1.72015108567227e-07
1.711245673147242e-07
1.712938594168709e-07
1.721815671471656e-07
1.720919089588484e-07
1.721109821494122e-07
1.720329655467939e-07
1.711529105615818e-07
1.71214666567544e-07
1.711941194810509e-07
1.712689898750609e-07
1.721558333351116e-07
1.72102419923343e-07
1.720951885466585e-07
1.72119686579601e-07
1.720149475351778e-07
1.711210630658583e-07
1.71285405026905e-07
1.721521346372966e-07
1.721001040398554e-07
1.720920752336114e-07
1.721028956678953e-07
1.720936869258906e-07
1.720846272648831e-07
1.721050690599497e-07
1.720936810542311e-07
1.720846314870917e-07
1.721054779705395e-07
1.720936850326568e-07
1.720847264487279e-07
1.721057283782528e-07
1.721012667980047e-07
)
;
    }
    topWall
    {
        type            nutUSpaldingWallFunction;
        Cmu             0.09;
        kappa           0.41;
        E               9.800000000000001;
        value           nonuniform List<scalar> 
58
(
4.954110466477701e-09
4.954103481722046e-09
4.954111530134243e-09
4.95409742011033e-09
4.954105319173677e-09
4.95409658673833e-09
4.954101840077326e-09
4.954097043133234e-09
4.954099085065396e-09
4.954096514747305e-09
4.954097196059951e-09
4.954094846377002e-09
4.954096046317757e-09
4.954092228028756e-09
4.954095132010065e-09
4.954088393368302e-09
4.954094764628159e-09
4.954088255349366e-09
4.954090212334287e-09
4.954081381778642e-09
4.954089936459044e-09
4.954080756031359e-09
4.954088365504306e-09
4.954083665758939e-09
4.954088492410171e-09
4.954095772936179e-09
4.954097365087069e-09
4.95411699332057e-09
4.954110547304973e-09
4.954133480457746e-09
4.954135227053236e-09
4.954158402308353e-09
4.954138600765136e-09
4.954166968318668e-09
4.954148413662159e-09
4.954186556707738e-09
4.954146988966294e-09
4.954173949767507e-09
4.954150902936136e-09
4.954158938554748e-09
4.954149028838471e-09
4.954160596841971e-09
4.954142561680933e-09
4.954160031972639e-09
4.954139139722036e-09
4.954155029463815e-09
4.954141723809494e-09
4.954146526608277e-09
4.954133894406135e-09
4.954128333966874e-09
4.954123625222628e-09
4.954116088120176e-09
4.954113805549342e-09
4.954105085257059e-09
4.954110187133012e-09
4.954098908286231e-09
4.954109453616032e-09
4.954074469285061e-09
)
;
    }
    left
    {
        type            cyclic;
    }
    right
    {
        type            cyclic;
    }
}


// ************************************************************************* //
