0.0544191913779456457	0.046308398
0.107284564527820009	0.074807332
0.157199341102769619	0.094000224
0.206356414521824238	0.02409079
0.255402942232100139	0.0083335946
0.305045393711926405	0.006834866
0.35585129586435682	0.0059567053
0.408298442482505908	0.0058955602
0.462905750394356774	0.0060539725
0.520242748837675739	0.0063904999
0.576856182607486723	0.0063195796
0.633127721436195223	0.0061979379
0.689875184933584684	0.0062613026
0.747998037739293742	0.0064662848
0.807017415378487368	0.0065832529
0.864954185154731658	0.0065443986
0.920680849915347377	0.0061414542
0.975060683776776016	0.0059051028
1.02882132727979791	0.0057517662
1.08261600097065447	0.0058014177
1.13706892327715203	0.0058684522
1.19214930664407848	0.0060910375
1.24691071073336235	0.0061288254
1.30191823511824256	0.0061773972
1.35775774762018253	0.0063179066
1.41461008306607283	0.0063979029
1.47091568077283652	0.006431406
1.52698144374527001	0.0063469288
1.58309515738334916	0.0063158344
1.63950838283169253	0.0064162942
1.69644507741092476	0.0064892567
1.75411570299318642	0.0066606504
1.81272832069085932	0.0068561496
1.87000522597918661	0.0066610646
1.92663877867054056	0.006548452
1.98339104676433453	0.0065383103
2.04102998126976187	0.0067322105
2.10038821149735577	0.006903869
2.15907260225273046	0.0066958537
2.21654385095958739	0.0066770827
2.27290350202554903	0.006578821
2.32861844866490841	0.0063298929
2.38410670185945417	0.0063409997
2.43899566920103572	0.0062663272
2.49368903576713175	0.0062029949
2.54885771794478311	0.0062645333
2.60518596003944491	0.0063755846
2.66347790330464651	0.0067621128
2.72265214895979701	0.0069686545
2.78026642561513215	0.0068596738
2.83642645651458958	0.0066324138
2.89188026939705534	0.0064719445
2.94727998741290342	0.0064475366
3.00327791216688	0.0065078258
3.06056264944229817	0.0067611993
3.11800249568821508	0.0067624574
3.17464495296105209	0.0067366204
3.23104047698257402	0.0067288146
3.28743799930750225	0.0067115496
3.34441267811897447	0.0068632461
3.40164667476428928	0.0068950282
3.45842790725642413	0.0067771295
3.51541641747088285	0.0068797584
3.57282736353795682	0.0069882441
3.6310578542998786	0.0071269636
3.69100963566832041	0.0075133325
3.75062639579039336	0.0075060923
3.81011784615962812	0.0075427569
3.86943888889295673	0.0073901727
3.92716508422932886	0.0071224931
3.98396632177607524	0.0070213319
4.04045075778949858	0.0070539391
4.09695248946110802	0.0070783162
4.15378750686317044	0.0070442118
4.21152895446210618	0.0072044378
4.27077782464886724	0.0074581366
4.33110760540075646	0.0076949693
4.3903169704266789	0.0074583017
4.4489966076594305	0.0074074783
4.50770692115840976	0.0073921993
4.56699283805239453	0.0076165824
4.62613306978911432	0.0076345395
4.68518243220568564	0.0075728965
4.74483687663606002	0.007669
4.80439003252543184	0.0077219067
4.86383843350803335	0.0076132977
4.92395648311615108	0.0078924741
4.98396796629842065	0.0077084616
5.04287846094106307	0.0076686072
5.10091667849484054	0.0074660619
5.15861643208150511	0.0074868849
5.21650039249088149	0.0074664409
5.27506656903160476	0.0075259369
5.33315631036520266	0.007452515
5.39111162169810587	0.0073957564
5.44935521982141235	0.007598077
5.50857185707959296	0.0077598968
5.56790632960215959	0.0077948443
5.62612870623916184	0.0075808962
5.68391011423537673	0.0074854406
5.74187668227843151	0.0075532988
5.80013930888255658	0.0077474589
5.85917142600634033	0.007745366
5.91739594073379926	0.0076043643
5.97480819806394159	0.0073972466
6.03190323826838704	0.0073236228
6.08914715295516284	0.0073509787
6.14699575032488799	0.0074719465
6.20484643985591067	0.0074620336
6.26184266468053696	0.0073266242
6.31827390013757206	0.0071539741
6.37421810150415258	0.006994766
6.43009607127694949	0.0070263491
6.48631658362817376	0.0070091095
6.5432867446386922	0.0070879519
6.60095850329936606	0.007239636
6.65958294953003715	0.0075220939
6.71824245974611856	0.0075775445
6.77685904622001178	0.0075808982
6.83501860405872019	0.007572174
6.89253749261339088	0.0074011483
6.94976411112416059	0.0072802372
7.00713580819353155	0.0072311645
7.06417801746988339	0.0073732737
7.12018936545681669	0.0071447178
7.17562229231641791	0.0071312212
7.23049389788333929	0.0070493489
7.28514152911808566	0.0069274346
7.33997267133216269	0.0068397465
7.39540437713475729	0.0069780191
7.45148746595884681	0.0070801836
7.50837954493806059	0.0072544524
7.56627589046384674	0.007499887
7.62414062400227177	0.0074911617
7.68243234442661826	0.0075910588
7.74161734733187501	0.0077508062
7.80118723590023855	0.0079564649
7.86078746279112828	0.0079926909
7.92085149334818439	0.0081149893
7.98026250789018299	0.0078167705
8.03847596230350447	0.0075585012
8.09578270587326543	0.0073877802
8.15260776549306065	0.0073485646
8.20937894549054192	0.0073472155
8.26619333328159733	0.007343925
8.32330134530312193	0.0074011405
8.38077074814645862	0.0073891576
8.43798500696302867	0.0073966702
8.49508562231547337	0.0072957258
8.55226304556518713	0.0073265121
8.6088152737065613	0.0071947551
8.66430006327473379	0.0070083194
8.71939152969687647	0.0067844419
8.77476758559155634	0.0068951723
8.83117945550597661	0.007033841
8.88950098235185138	0.0074284937
8.94766011099525294	0.0075255049
9.00500371076565109	0.0074750374
9.06153247826026309	0.0073301612
9.11725193868386619	0.0071641937
9.17266008918842779	0.006954667
9.22840577514187466	0.0070185709
9.28521588874149906	0.0071674321
9.34241715633914538	0.0072551309
9.40042784801697273	0.0074625268
9.45838466638867992	0.0074801364
9.51544795469614968	0.0073339871
9.57246490798638305	0.0072714708
9.62940272406071252	0.0074494557
9.68557405053687148	0.007267201
9.74187911528886552	0.0071705888
9.7992391104618779	0.0073004225
9.85812907308246977	0.0075503977
9.91719605267001825	0.0076328255
9.97564047080192395	0.0075492756
10.0336411415469868	0.0074890575
10.0916125626437214	0.0075622678
10.1497106772337737	0.0075125289
10.2077875596081498	0.0075610046
10.2663294932362898	0.007671287
10.3258282652158062	0.0077904797
10.384494276360364	0.0075575174
10.4425305251002385	0.007428321
10.500600502131288	0.0074235963
10.5590784065869414	0.0074890662
10.6177805359772002	0.0074737639
10.6758071565363171	0.0074153971
10.733606234487608	0.0074730764
10.7909863551145175	0.0073454816
10.8472875041888575	0.0072207395
10.9026307549950623	0.0070038785
10.9573202669992842	0.006836625
11.0117477127378081	0.0066772982
11.0661066682893203	0.0066889397
11.1198983641173221	0.0064238897
11.1734689598399335	0.0064130139
11.2271354452321948	0.0065144072
11.2811987530062527	0.006658916
11.3359435127216948	0.0067641711
11.3907968393992807	0.0067314258
11.444336653418306	0.0064869901
11.4969267084709728	0.0062943278
11.5488699860057693	0.0062211764
11.6004448439642793	0.0061155598
11.6519094459503396	0.006110308
11.7034993774230944	0.0060089571
11.755445264663436	0.0059997232
11.8080108672056099	0.0061553678
11.8613308651363738	0.0062855012
11.9156662956323363	0.0064984178
11.9713614872332457	0.0067248716
12.0281196755005393	0.0069741244
12.084321387157706	0.0069610935
12.1402109720525004	0.0067103692
12.1957935551078709	0.0067560138
12.2513655382751008	0.0067712583
12.3072884090775361	0.0068157909
12.3639281056784931	0.0069449219
12.4214426150012258	0.00707978
12.4799361553576169	0.0072124728
12.5389864030200027	0.0073245705
12.5974972977166164	0.0072506109
12.655902461949637	0.0074109999
12.7146003402490315	0.0074831448
12.7739925895372259	0.007455804
12.8343779245355556	0.0077417759
12.8937480935955708	0.0074291058
12.952548286487275	0.0073782216
13.0111680887838705	0.0072982247
13.0699991417303867	0.0074433821
13.1294378898959199	0.0075184656
13.1897529002774032	0.0076909667
13.2496289190134782	0.0076564699
13.3087398988159542	0.0074606223
13.367528024213982	0.0073936238
13.4263832575687978	0.0073869018
13.4856944090250508	0.0076291708
13.5453689214148199	0.0076304538
13.6053072669630986	0.0076839076
13.6659673746092363	0.0077990502
13.7256403136821081	0.0075550797
13.784665277321416	0.0074595057
13.8435588815593373	0.0073530321
13.9028423079531276	0.0073128143
13.9626843697239771	0.0075552168
14.0230260394951571	0.0075560859
14.0843320302851076	0.0077632945
14.1446664981552814	0.0076984177
14.203972604033769	0.0075551203
14.2627086999056818	0.0072937268
14.3212919969775481	0.0072515906
14.3801354727980932	0.0073395609
14.4396508063491229	0.0074254643
14.5002813952281571	0.0076731539
14.5620834186558632	0.0079621126
14.623314289665748	0.0079279147
14.6837905946497731	0.0076620445
14.7438266869023629	0.007434003
14.8042310773679162	0.0076834743
14.8658527694952021	0.0079634518
14.9267170372213478	0.0078334631
14.9865792638934625	0.0076110928
15.0447347999364531	0.0072697919
15.1015247673500461	0.0070248547
15.1577460898951504	0.0068500752
15.2137201521596275	0.0066701006
15.2692051658832657	0.006631681
15.324769377830334	0.0066557395
15.3809905220956988	0.0067342805
15.4384951449330377	0.0069921054
15.4979865114495468	0.0073207922
15.5571348918831838	0.0073047302
15.6145043171611313	0.00699478
15.6708715996426111	0.006833271
15.7269218894153475	0.006769333
15.7832725159916265	0.0069440039
15.8406244387291224	0.0070114726
15.8979760907274095	0.0069507918
15.9558555725632623	0.0069410704
16.0148570295755235	0.0071781731
16.0733500158453815	0.0071595471
16.1317251343812131	0.0070802023
16.1892388292531244	0.0068814012
16.2461592524479137	0.0068703432
16.3030174949889677	0.0068850434
16.3603484428694763	0.0068265628
16.4186625607555285	0.0070020052
16.4782556725535123	0.0072498923
16.5381573276390981	0.0073545458
16.5970721578078013	0.0071841469
16.6555397205391635	0.0070706368
16.7140363197565449	0.007090746
16.7730644964386606	0.0071102056
16.8331058136990031	0.0073186585
16.8942937075944002	0.00760423
16.9546684631011964	0.0075558869
17.0148688973722351	0.0076090217
17.0756006482581206	0.0076158923
17.1375394120536022	0.0077237254
17.1980875100896462	0.0075894449
17.2577308604719413	0.0075007106
17.3171399952608098	0.0075556978
17.3769136300917744	0.0074771423
17.4377217720096809	0.0076805899
17.4976211438491234	0.0074093318
17.5567196054348251	0.0073576328
17.6155742026437458	0.0072251873
17.6747168658053759	0.0072841271
17.734722369841009	0.0073060392
17.7946266292402484	0.0074480391
17.8531814615425262	0.0072346358
17.9109972991144453	0.007050404
17.9686178429769079	0.006933961
18.0265638239628814	0.0070288846
18.0853517627249403	0.0071853184
18.1455833859609719	0.0073964693
18.2066034532455205	0.007615418
18.2661285412564105	0.0074205322
18.3248045838740019	0.0072476285
18.3832095867594845	0.0070823586
18.441884320551484	0.0071336349
18.5013640568041708	0.0072660772
18.5622472672307772	0.0074926327
18.625214041910592	0.0078581254
18.6866741074408722	0.0077345715
18.747269750370382	0.0074729266
18.80762333309114	0.0074308412
18.8682971254409217	0.0074277472
18.9298659882587756	0.0076784797
18.9929365523273006	0.0079523901
19.0565527350318717	0.0080498596
19.119657130064116	0.0081396533
19.182622453296819	0.0080896767
19.2457634503843167	0.0080616041
19.309408218681984	0.0081237965
19.3739067392389153	0.0083644047
19.4379560273218246	0.008271947
19.5009543657494078	0.0081261694
19.5632647099655053	0.0079451847
19.6252056660413885	0.0078984704
19.6868303895910763	0.0077374079
19.747863466829898	0.0075117224
19.8085613273842398	0.0075373693
19.8691656759104198	0.0075308653
19.9299290813964554	0.0076371526
19.9911326957211237	0.0075928249
