0.0544191913779456457	ion
0.107284564527820009	0.15226297
0.157199341102769619	0.083841222
0.206356414521824238	0.0762235
0.255402942232100139	0.075180531
0.305045393711926405	0.074638232
0.35585129586435682	0.074260122
0.408298442482505908	0.073922256
0.462905750394356774	0.073600313
0.520242748837675739	0.073283242
0.576856182607486723	0.072992785
0.633127721436195223	0.072722354
0.689875184933584684	0.072455582
0.747998037739293742	0.07218766
0.807017415378487368	0.071916342
0.864954185154731658	0.07165792
0.920680849915347377	0.0714172
0.975060683776776016	0.071187583
1.02882132727979791	0.070966374
1.08261600097065447	0.070752248
1.13706892327715203	0.070539071
1.19214930664407848	0.070325496
1.24691071073336235	0.070121631
1.30191823511824256	0.069920221
1.35775774762018253	0.069719535
1.41461008306607283	0.069525645
1.47091568077283652	0.069338619
1.52698144374527001	0.069157854
1.58309515738334916	0.068980162
1.63950838283169253	0.068806729
1.69644507741092476	0.068635919
1.75411570299318642	0.068468922
1.81272832069085932	0.068306669
1.87000522597918661	0.068154217
1.92663877867054056	0.068004189
1.98339104676433453	0.067859637
2.04102998126976187	0.067712506
2.10038821149735577	0.067565912
2.15907260225273046	0.06742724
2.21654385095958739	0.067292308
2.27290350202554903	0.067163962
2.32861844866490841	0.067038195
2.38410670185945417	0.066915529
2.43899566920103572	0.066800718
2.49368903576713175	0.066689946
2.54885771794478311	0.066585691
2.60518596003944491	0.066481825
2.66347790330464651	0.066375617
2.72265214895979701	0.066269422
2.78026642561513215	0.066164112
2.83642645651458958	0.066062646
2.89188026939705534	0.065960849
2.94727998741290342	0.065859773
3.00327791216688	0.065760098
3.06056264944229817	0.065661521
3.11800249568821508	0.065567884
3.17464495296105209	0.065477026
3.23104047698257402	0.065385382
3.28743799930750225	0.065294954
3.34441267811897447	0.065204996
3.40164667476428928	0.065118996
3.45842790725642413	0.065027893
3.51541641747088285	0.064938475
3.57282736353795682	0.064852116
3.6310578542998786	0.064763396
3.69100963566832041	0.064673602
3.75062639579039336	0.06458833
3.81011784615962812	0.064504563
3.86943888889295673	0.064421536
3.92716508422932886	0.064343109
3.98396632177607524	0.064265696
4.04045075778949858	0.064188528
4.09695248946110802	0.064112538
4.15378750686317044	0.064034758
4.21152895446210618	0.063956225
4.27077782464886724	0.063878685
4.33110760540075646	0.063801418
4.3903169704266789	0.063725787
4.4489966076594305	0.063651176
4.50770692115840976	0.063575385
4.56699283805239453	0.063498738
4.62613306978911432	0.063426758
4.68518243220568564	0.063356326
4.74483687663606002	0.063286624
4.80439003252543184	0.063216951
4.86383843350803335	0.063147047
4.92395648311615108	0.063076972
4.98396796629842065	0.063009683
5.04287846094106307	0.062945226
5.10091667849484054	0.062882714
5.15861643208150511	0.062824382
5.21650039249088149	0.062768866
5.27506656903160476	0.06271308
5.33315631036520266	0.062654805
5.39111162169810587	0.062597529
5.44935521982141235	0.062538641
5.50857185707959296	0.062476462
5.56790632960215959	0.062416379
5.62612870623916184	0.062363058
5.68391011423537673	0.062312405
5.74187668227843151	0.062263536
5.80013930888255658	0.062213739
5.85917142600634033	0.062162503
5.91739594073379926	0.0621134
5.97480819806394159	0.062061502
6.03190323826838704	0.062012885
6.08914715295516284	0.061963713
6.14699575032488799	0.06191603
6.20484643985591067	0.061869475
6.26184266468053696	0.061824708
6.31827390013757206	0.061781235
6.37421810150415258	0.061738049
6.43009607127694949	0.061695283
6.48631658362817376	0.061653139
6.5432867446386922	0.061611277
6.60095850329936606	0.06156431
6.65958294953003715	0.061516311
6.71824245974611856	0.061468721
6.77685904622001178	0.061424078
6.83501860405872019	0.061380951
6.89253749261339088	0.061341377
6.94976411112416059	0.061300636
7.00713580819353155	0.061260017
7.06417801746988339	0.061218555
7.12018936545681669	0.061177953
7.17562229231641791	0.061138946
7.23049389788333929	0.061102392
7.28514152911808566	0.061066975
7.33997267133216269	0.061033275
7.39540437713475729	0.060998246
7.45148746595884681	0.06096402
7.50837954493806059	0.060931076
7.56627589046384674	0.060895969
7.62414062400227177	0.060860213
7.68243234442661826	0.060825048
7.74161734733187501	0.060789508
7.80118723590023855	0.060751938
7.86078746279112828	0.060718889
7.92085149334818439	0.060687839
7.98026250789018299	0.060660526
8.03847596230350447	0.060636625
8.09578270587326543	0.060609751
8.15260776549306065	0.06058352
8.20937894549054192	0.060555873
8.26619333328159733	0.060528681
8.32330134530312193	0.060500982
8.38077074814645862	0.060474031
8.43798500696302867	0.060450034
8.49508562231547337	0.060427988
8.55226304556518713	0.060404388
8.6088152737065613	0.060381302
8.66430006327473379	0.060358377
8.71939152969687647	0.0603377
8.77476758559155634	0.060315672
8.83117945550597661	0.060294224
8.88950098235185138	0.060273769
8.94766011099525294	0.060251232
9.00500371076565109	0.06022923
9.06153247826026309	0.06020664
9.11725193868386619	0.060182706
9.17266008918842779	0.060161118
9.22840577514187466	0.06013939
9.28521588874149906	0.060118142
9.34241715633914538	0.060098917
9.40042784801697273	0.060077671
9.45838466638867992	0.060058591
9.51544795469614968	0.060039294
9.57246490798638305	0.060020748
9.62940272406071252	0.060000097
9.68557405053687148	0.059980092
9.74187911528886552	0.059962256
9.7992391104618779	0.059942258
9.85812907308246977	0.05992172
9.91719605267001825	0.059903121
9.97564047080192395	0.059884677
10.0336411415469868	0.05986799
10.0916125626437214	0.05985112
10.1497106772337737	0.05983319
10.2077875596081498	0.059814422
10.2663294932362898	0.059794207
10.3258282652158062	0.059772877
10.384494276360364	0.059755856
10.4425305251002385	0.059735842
10.500600502131288	0.059716416
10.5590784065869414	0.059697475
10.6177805359772002	0.059677921
10.6758071565363171	0.059657775
10.733606234487608	0.059636537
10.7909863551145175	0.05961704
10.8472875041888575	0.059598164
10.9026307549950623	0.05958093
10.9573202669992842	0.059564691
11.0117477127378081	0.059548637
11.0661066682893203	0.059530409
11.1198983641173221	0.059514324
11.1734689598399335	0.059493843
11.2271354452321948	0.059475303
11.2811987530062527	0.059459902
11.3359435127216948	0.059443907
11.3907968393992807	0.059427031
11.444336653418306	0.059409105
11.4969267084709728	0.059392865
11.5488699860057693	0.059379565
11.6004448439642793	0.05936603
11.6519094459503396	0.059353472
11.7034993774230944	0.059339723
11.755445264663436	0.059324938
11.8080108672056099	0.059308089
11.8613308651363738	0.059292729
11.9156662956323363	0.059276023
11.9713614872332457	0.05926113
12.0281196755005393	0.059247633
12.084321387157706	0.05923587
12.1402109720525004	0.059224048
12.1957935551078709	0.05921149
12.2513655382751008	0.05919661
12.3072884090775361	0.059181741
12.3639281056784931	0.059167236
12.4214426150012258	0.059154257
12.4799361553576169	0.059140571
12.5389864030200027	0.059129493
12.5974972977166164	0.059117237
12.655902461949637	0.059103574
12.7146003402490315	0.059088923
12.7739925895372259	0.059074988
12.8343779245355556	0.059063334
12.8937480935955708	0.059053632
12.952548286487275	0.059044129
13.0111680887838705	0.05903469
13.0699991417303867	0.059025023
13.1294378898959199	0.059013362
13.1897529002774032	0.059001858
13.2496289190134782	0.058993237
13.3087398988159542	0.058984367
13.367528024213982	0.058978022
13.4263832575687978	0.058969483
13.4856944090250508	0.058961396
13.5453689214148199	0.058953702
13.6053072669630986	0.058946528
13.6659673746092363	0.058937592
13.7256403136821081	0.058932366
13.784665277321416	0.058932787
13.8435588815593373	0.058930202
13.9028423079531276	0.05892726
13.9626843697239771	0.058921468
14.0230260394951571	0.058917054
14.0843320302851076	0.058914382
14.1446664981552814	0.058912554
14.203972604033769	0.058911883
14.2627086999056818	0.058912047
14.3212919969775481	0.058910547
14.3801354727980932	0.058909158
14.4396508063491229	0.058909089
14.5002813952281571	0.058906884
14.5620834186558632	0.058905271
14.623314289665748	0.05890405
14.6837905946497731	0.05890275
14.7438266869023629	0.05890356
14.8042310773679162	0.058903117
14.8658527694952021	0.058903206
14.9267170372213478	0.058902194
14.9865792638934625	0.058900569
15.0447347999364531	0.058899052
15.1015247673500461	0.058900706
15.1577460898951504	0.058900297
15.2137201521596275	0.058899977
15.2692051658832657	0.058899631
15.324769377830334	0.058899145
15.3809905220956988	0.058899072
15.4384951449330377	0.058900136
15.4979865114495468	0.058901867
15.5571348918831838	0.05890384
15.6145043171611313	0.058906946
15.6708715996426111	0.058908708
15.7269218894153475	0.058908941
15.7832725159916265	0.058907027
15.8406244387291224	0.058906429
15.8979760907274095	0.058907375
15.9558555725632623	0.058908942
16.0148570295755235	0.058910691
16.0733500158453815	0.058912756
16.1317251343812131	0.058916147
16.1892388292531244	0.058915323
16.2461592524479137	0.058912678
16.3030174949889677	0.058911913
16.3603484428694763	0.058907685
16.4186625607555285	0.058905415
16.4782556725535123	0.058905417
16.5381573276390981	0.058906764
16.5970721578078013	0.058908535
16.6555397205391635	0.05890924
16.7140363197565449	0.058907715
16.7730644964386606	0.058905455
16.8331058136990031	0.058901855
16.8942937075944002	0.058898736
16.9546684631011964	0.058897922
17.0148688973722351	0.058897755
17.0756006482581206	0.058897275
17.1375394120536022	0.058896499
17.1980875100896462	0.058894259
17.2577308604719413	0.058891418
17.3171399952608098	0.058890167
17.3769136300917744	0.058887888
17.4377217720096809	0.058887775
17.4976211438491234	0.058886404
17.5567196054348251	0.058882948
17.6155742026437458	0.058883
17.6747168658053759	0.058882742
17.734722369841009	0.058878251
17.7946266292402484	0.058873497
17.8531814615425262	0.058870528
17.9109972991144453	0.058866211
17.9686178429769079	0.058863695
18.0265638239628814	0.058860937
18.0853517627249403	0.058857368
18.1455833859609719	0.058854205
18.2066034532455205	0.058851018
18.2661285412564105	0.058848411
18.3248045838740019	0.05884712
18.3832095867594845	0.058842537
18.441884320551484	0.058836909
18.5013640568041708	0.058835321
18.5622472672307772	0.058830713
18.625214041910592	0.058829616
18.6866741074408722	0.058829516
18.747269750370382	0.058825822
18.80762333309114	0.05882412
18.8682971254409217	0.058818496
18.9298659882587756	0.058814736
18.9929365523273006	0.058811366
19.0565527350318717	0.058812225
19.119657130064116	0.058810084
19.182622453296819	0.058806903
19.2457634503843167	0.058805052
19.309408218681984	0.058802831
19.3739067392389153	0.05880108
19.4379560273218246	0.058800583
19.5009543657494078	0.058799853
19.5632647099655053	0.058795683
19.6252056660413885	0.058791607
19.6868303895910763	0.058790102
19.747863466829898	0.058788013
19.8085613273842398	0.058787485
19.8691656759104198	0.058784973
19.9299290813964554	0.058783769
19.9911326957211237	0.058782161
