/*--------------------------------*- C++ -*----------------------------------*\
| =========                 |                                                 |
| \\      /  F ield         | OpenFOAM: The Open Source CFD Toolbox           |
|  \\    /   O peration     | Version:  v1812                                 |
|   \\  /    A nd           | Web:      www.OpenFOAM.com                      |
|    \\/     M anipulation  |                                                 |
\*---------------------------------------------------------------------------*/
FoamFile
{
    version     2.0;
    format      ascii;
    class       faceList;
    location    "constant/polyMesh";
    object      faces;
}
// * * * * * * * * * * * * * * * * * * * * * * * * * * * * * * * * * * * * * //


3761
(
4(1 46 136 91)
4(45 135 136 46)
4(2 47 137 92)
4(46 136 137 47)
4(3 48 138 93)
4(47 137 138 48)
4(4 49 139 94)
4(48 138 139 49)
4(5 50 140 95)
4(49 139 140 50)
4(6 51 141 96)
4(50 140 141 51)
4(7 52 142 97)
4(51 141 142 52)
4(8 53 143 98)
4(52 142 143 53)
4(9 54 144 99)
4(53 143 144 54)
4(10 55 145 100)
4(54 144 145 55)
4(11 56 146 101)
4(55 145 146 56)
4(12 57 147 102)
4(56 146 147 57)
4(13 58 148 103)
4(57 147 148 58)
4(14 59 149 104)
4(58 148 149 59)
4(15 60 150 105)
4(59 149 150 60)
4(16 61 151 106)
4(60 150 151 61)
4(17 62 152 107)
4(61 151 152 62)
4(18 63 153 108)
4(62 152 153 63)
4(19 64 154 109)
4(63 153 154 64)
4(20 65 155 110)
4(64 154 155 65)
4(21 66 156 111)
4(65 155 156 66)
4(22 67 157 112)
4(66 156 157 67)
4(23 68 158 113)
4(67 157 158 68)
4(24 69 159 114)
4(68 158 159 69)
4(25 70 160 115)
4(69 159 160 70)
4(26 71 161 116)
4(70 160 161 71)
4(27 72 162 117)
4(71 161 162 72)
4(28 73 163 118)
4(72 162 163 73)
4(29 74 164 119)
4(73 163 164 74)
4(30 75 165 120)
4(74 164 165 75)
4(31 76 166 121)
4(75 165 166 76)
4(32 77 167 122)
4(76 166 167 77)
4(33 78 168 123)
4(77 167 168 78)
4(34 79 169 124)
4(78 168 169 79)
4(35 80 170 125)
4(79 169 170 80)
4(36 81 171 126)
4(80 170 171 81)
4(37 82 172 127)
4(81 171 172 82)
4(38 83 173 128)
4(82 172 173 83)
4(39 84 174 129)
4(83 173 174 84)
4(40 85 175 130)
4(84 174 175 85)
4(41 86 176 131)
4(85 175 176 86)
4(42 87 177 132)
4(86 176 177 87)
4(43 88 178 133)
4(87 177 178 88)
4(88 178 179 89)
4(46 181 226 136)
4(180 225 226 181)
4(47 182 227 137)
4(181 226 227 182)
4(48 183 228 138)
4(182 227 228 183)
4(49 184 229 139)
4(183 228 229 184)
4(50 185 230 140)
4(184 229 230 185)
4(51 186 231 141)
4(185 230 231 186)
4(52 187 232 142)
4(186 231 232 187)
4(53 188 233 143)
4(187 232 233 188)
4(54 189 234 144)
4(188 233 234 189)
4(55 190 235 145)
4(189 234 235 190)
4(56 191 236 146)
4(190 235 236 191)
4(57 192 237 147)
4(191 236 237 192)
4(58 193 238 148)
4(192 237 238 193)
4(59 194 239 149)
4(193 238 239 194)
4(60 195 240 150)
4(194 239 240 195)
4(61 196 241 151)
4(195 240 241 196)
4(62 197 242 152)
4(196 241 242 197)
4(63 198 243 153)
4(197 242 243 198)
4(64 199 244 154)
4(198 243 244 199)
4(65 200 245 155)
4(199 244 245 200)
4(66 201 246 156)
4(200 245 246 201)
4(67 202 247 157)
4(201 246 247 202)
4(68 203 248 158)
4(202 247 248 203)
4(69 204 249 159)
4(203 248 249 204)
4(70 205 250 160)
4(204 249 250 205)
4(71 206 251 161)
4(205 250 251 206)
4(72 207 252 162)
4(206 251 252 207)
4(73 208 253 163)
4(207 252 253 208)
4(74 209 254 164)
4(208 253 254 209)
4(75 210 255 165)
4(209 254 255 210)
4(76 211 256 166)
4(210 255 256 211)
4(77 212 257 167)
4(211 256 257 212)
4(78 213 258 168)
4(212 257 258 213)
4(79 214 259 169)
4(213 258 259 214)
4(80 215 260 170)
4(214 259 260 215)
4(81 216 261 171)
4(215 260 261 216)
4(82 217 262 172)
4(216 261 262 217)
4(83 218 263 173)
4(217 262 263 218)
4(84 219 264 174)
4(218 263 264 219)
4(85 220 265 175)
4(219 264 265 220)
4(86 221 266 176)
4(220 265 266 221)
4(87 222 267 177)
4(221 266 267 222)
4(88 223 268 178)
4(222 267 268 223)
4(223 268 269 224)
4(181 271 316 226)
4(270 315 316 271)
4(182 272 317 227)
4(271 316 317 272)
4(183 273 318 228)
4(272 317 318 273)
4(184 274 319 229)
4(273 318 319 274)
4(185 275 320 230)
4(274 319 320 275)
4(186 276 321 231)
4(275 320 321 276)
4(187 277 322 232)
4(276 321 322 277)
4(188 278 323 233)
4(277 322 323 278)
4(189 279 324 234)
4(278 323 324 279)
4(190 280 325 235)
4(279 324 325 280)
4(191 281 326 236)
4(280 325 326 281)
4(192 282 327 237)
4(281 326 327 282)
4(193 283 328 238)
4(282 327 328 283)
4(194 284 329 239)
4(283 328 329 284)
4(195 285 330 240)
4(284 329 330 285)
4(196 286 331 241)
4(285 330 331 286)
4(197 287 332 242)
4(286 331 332 287)
4(198 288 333 243)
4(287 332 333 288)
4(199 289 334 244)
4(288 333 334 289)
4(200 290 335 245)
4(289 334 335 290)
4(201 291 336 246)
4(290 335 336 291)
4(202 292 337 247)
4(291 336 337 292)
4(203 293 338 248)
4(292 337 338 293)
4(204 294 339 249)
4(293 338 339 294)
4(205 295 340 250)
4(294 339 340 295)
4(206 296 341 251)
4(295 340 341 296)
4(207 297 342 252)
4(296 341 342 297)
4(208 298 343 253)
4(297 342 343 298)
4(209 299 344 254)
4(298 343 344 299)
4(210 300 345 255)
4(299 344 345 300)
4(211 301 346 256)
4(300 345 346 301)
4(212 302 347 257)
4(301 346 347 302)
4(213 303 348 258)
4(302 347 348 303)
4(214 304 349 259)
4(303 348 349 304)
4(215 305 350 260)
4(304 349 350 305)
4(216 306 351 261)
4(305 350 351 306)
4(217 307 352 262)
4(306 351 352 307)
4(218 308 353 263)
4(307 352 353 308)
4(219 309 354 264)
4(308 353 354 309)
4(220 310 355 265)
4(309 354 355 310)
4(221 311 356 266)
4(310 355 356 311)
4(222 312 357 267)
4(311 356 357 312)
4(223 313 358 268)
4(312 357 358 313)
4(313 358 359 314)
4(271 361 406 316)
4(360 405 406 361)
4(272 362 407 317)
4(361 406 407 362)
4(273 363 408 318)
4(362 407 408 363)
4(274 364 409 319)
4(363 408 409 364)
4(275 365 410 320)
4(364 409 410 365)
4(276 366 411 321)
4(365 410 411 366)
4(277 367 412 322)
4(366 411 412 367)
4(278 368 413 323)
4(367 412 413 368)
4(279 369 414 324)
4(368 413 414 369)
4(280 370 415 325)
4(369 414 415 370)
4(281 371 416 326)
4(370 415 416 371)
4(282 372 417 327)
4(371 416 417 372)
4(283 373 418 328)
4(372 417 418 373)
4(284 374 419 329)
4(373 418 419 374)
4(285 375 420 330)
4(374 419 420 375)
4(286 376 421 331)
4(375 420 421 376)
4(287 377 422 332)
4(376 421 422 377)
4(288 378 423 333)
4(377 422 423 378)
4(289 379 424 334)
4(378 423 424 379)
4(290 380 425 335)
4(379 424 425 380)
4(291 381 426 336)
4(380 425 426 381)
4(292 382 427 337)
4(381 426 427 382)
4(293 383 428 338)
4(382 427 428 383)
4(294 384 429 339)
4(383 428 429 384)
4(295 385 430 340)
4(384 429 430 385)
4(296 386 431 341)
4(385 430 431 386)
4(297 387 432 342)
4(386 431 432 387)
4(298 388 433 343)
4(387 432 433 388)
4(299 389 434 344)
4(388 433 434 389)
4(300 390 435 345)
4(389 434 435 390)
4(301 391 436 346)
4(390 435 436 391)
4(302 392 437 347)
4(391 436 437 392)
4(303 393 438 348)
4(392 437 438 393)
4(304 394 439 349)
4(393 438 439 394)
4(305 395 440 350)
4(394 439 440 395)
4(306 396 441 351)
4(395 440 441 396)
4(307 397 442 352)
4(396 441 442 397)
4(308 398 443 353)
4(397 442 443 398)
4(309 399 444 354)
4(398 443 444 399)
4(310 400 445 355)
4(399 444 445 400)
4(311 401 446 356)
4(400 445 446 401)
4(312 402 447 357)
4(401 446 447 402)
4(313 403 448 358)
4(402 447 448 403)
4(403 448 449 404)
4(361 451 496 406)
4(450 495 496 451)
4(362 452 497 407)
4(451 496 497 452)
4(363 453 498 408)
4(452 497 498 453)
4(364 454 499 409)
4(453 498 499 454)
4(365 455 500 410)
4(454 499 500 455)
4(366 456 501 411)
4(455 500 501 456)
4(367 457 502 412)
4(456 501 502 457)
4(368 458 503 413)
4(457 502 503 458)
4(369 459 504 414)
4(458 503 504 459)
4(370 460 505 415)
4(459 504 505 460)
4(371 461 506 416)
4(460 505 506 461)
4(372 462 507 417)
4(461 506 507 462)
4(373 463 508 418)
4(462 507 508 463)
4(374 464 509 419)
4(463 508 509 464)
4(375 465 510 420)
4(464 509 510 465)
4(376 466 511 421)
4(465 510 511 466)
4(377 467 512 422)
4(466 511 512 467)
4(378 468 513 423)
4(467 512 513 468)
4(379 469 514 424)
4(468 513 514 469)
4(380 470 515 425)
4(469 514 515 470)
4(381 471 516 426)
4(470 515 516 471)
4(382 472 517 427)
4(471 516 517 472)
4(383 473 518 428)
4(472 517 518 473)
4(384 474 519 429)
4(473 518 519 474)
4(385 475 520 430)
4(474 519 520 475)
4(386 476 521 431)
4(475 520 521 476)
4(387 477 522 432)
4(476 521 522 477)
4(388 478 523 433)
4(477 522 523 478)
4(389 479 524 434)
4(478 523 524 479)
4(390 480 525 435)
4(479 524 525 480)
4(391 481 526 436)
4(480 525 526 481)
4(392 482 527 437)
4(481 526 527 482)
4(393 483 528 438)
4(482 527 528 483)
4(394 484 529 439)
4(483 528 529 484)
4(395 485 530 440)
4(484 529 530 485)
4(396 486 531 441)
4(485 530 531 486)
4(397 487 532 442)
4(486 531 532 487)
4(398 488 533 443)
4(487 532 533 488)
4(399 489 534 444)
4(488 533 534 489)
4(400 490 535 445)
4(489 534 535 490)
4(401 491 536 446)
4(490 535 536 491)
4(402 492 537 447)
4(491 536 537 492)
4(403 493 538 448)
4(492 537 538 493)
4(493 538 539 494)
4(451 541 586 496)
4(540 585 586 541)
4(452 542 587 497)
4(541 586 587 542)
4(453 543 588 498)
4(542 587 588 543)
4(454 544 589 499)
4(543 588 589 544)
4(455 545 590 500)
4(544 589 590 545)
4(456 546 591 501)
4(545 590 591 546)
4(457 547 592 502)
4(546 591 592 547)
4(458 548 593 503)
4(547 592 593 548)
4(459 549 594 504)
4(548 593 594 549)
4(460 550 595 505)
4(549 594 595 550)
4(461 551 596 506)
4(550 595 596 551)
4(462 552 597 507)
4(551 596 597 552)
4(463 553 598 508)
4(552 597 598 553)
4(464 554 599 509)
4(553 598 599 554)
4(465 555 600 510)
4(554 599 600 555)
4(466 556 601 511)
4(555 600 601 556)
4(467 557 602 512)
4(556 601 602 557)
4(468 558 603 513)
4(557 602 603 558)
4(469 559 604 514)
4(558 603 604 559)
4(470 560 605 515)
4(559 604 605 560)
4(471 561 606 516)
4(560 605 606 561)
4(472 562 607 517)
4(561 606 607 562)
4(473 563 608 518)
4(562 607 608 563)
4(474 564 609 519)
4(563 608 609 564)
4(475 565 610 520)
4(564 609 610 565)
4(476 566 611 521)
4(565 610 611 566)
4(477 567 612 522)
4(566 611 612 567)
4(478 568 613 523)
4(567 612 613 568)
4(479 569 614 524)
4(568 613 614 569)
4(480 570 615 525)
4(569 614 615 570)
4(481 571 616 526)
4(570 615 616 571)
4(482 572 617 527)
4(571 616 617 572)
4(483 573 618 528)
4(572 617 618 573)
4(484 574 619 529)
4(573 618 619 574)
4(485 575 620 530)
4(574 619 620 575)
4(486 576 621 531)
4(575 620 621 576)
4(487 577 622 532)
4(576 621 622 577)
4(488 578 623 533)
4(577 622 623 578)
4(489 579 624 534)
4(578 623 624 579)
4(490 580 625 535)
4(579 624 625 580)
4(491 581 626 536)
4(580 625 626 581)
4(492 582 627 537)
4(581 626 627 582)
4(493 583 628 538)
4(582 627 628 583)
4(583 628 629 584)
4(541 631 676 586)
4(630 675 676 631)
4(542 632 677 587)
4(631 676 677 632)
4(543 633 678 588)
4(632 677 678 633)
4(544 634 679 589)
4(633 678 679 634)
4(545 635 680 590)
4(634 679 680 635)
4(546 636 681 591)
4(635 680 681 636)
4(547 637 682 592)
4(636 681 682 637)
4(548 638 683 593)
4(637 682 683 638)
4(549 639 684 594)
4(638 683 684 639)
4(550 640 685 595)
4(639 684 685 640)
4(551 641 686 596)
4(640 685 686 641)
4(552 642 687 597)
4(641 686 687 642)
4(553 643 688 598)
4(642 687 688 643)
4(554 644 689 599)
4(643 688 689 644)
4(555 645 690 600)
4(644 689 690 645)
4(556 646 691 601)
4(645 690 691 646)
4(557 647 692 602)
4(646 691 692 647)
4(558 648 693 603)
4(647 692 693 648)
4(559 649 694 604)
4(648 693 694 649)
4(560 650 695 605)
4(649 694 695 650)
4(561 651 696 606)
4(650 695 696 651)
4(562 652 697 607)
4(651 696 697 652)
4(563 653 698 608)
4(652 697 698 653)
4(564 654 699 609)
4(653 698 699 654)
4(565 655 700 610)
4(654 699 700 655)
4(566 656 701 611)
4(655 700 701 656)
4(567 657 702 612)
4(656 701 702 657)
4(568 658 703 613)
4(657 702 703 658)
4(569 659 704 614)
4(658 703 704 659)
4(570 660 705 615)
4(659 704 705 660)
4(571 661 706 616)
4(660 705 706 661)
4(572 662 707 617)
4(661 706 707 662)
4(573 663 708 618)
4(662 707 708 663)
4(574 664 709 619)
4(663 708 709 664)
4(575 665 710 620)
4(664 709 710 665)
4(576 666 711 621)
4(665 710 711 666)
4(577 667 712 622)
4(666 711 712 667)
4(578 668 713 623)
4(667 712 713 668)
4(579 669 714 624)
4(668 713 714 669)
4(580 670 715 625)
4(669 714 715 670)
4(581 671 716 626)
4(670 715 716 671)
4(582 672 717 627)
4(671 716 717 672)
4(583 673 718 628)
4(672 717 718 673)
4(673 718 719 674)
4(631 721 766 676)
4(720 765 766 721)
4(632 722 767 677)
4(721 766 767 722)
4(633 723 768 678)
4(722 767 768 723)
4(634 724 769 679)
4(723 768 769 724)
4(635 725 770 680)
4(724 769 770 725)
4(636 726 771 681)
4(725 770 771 726)
4(637 727 772 682)
4(726 771 772 727)
4(638 728 773 683)
4(727 772 773 728)
4(639 729 774 684)
4(728 773 774 729)
4(640 730 775 685)
4(729 774 775 730)
4(641 731 776 686)
4(730 775 776 731)
4(642 732 777 687)
4(731 776 777 732)
4(643 733 778 688)
4(732 777 778 733)
4(644 734 779 689)
4(733 778 779 734)
4(645 735 780 690)
4(734 779 780 735)
4(646 736 781 691)
4(735 780 781 736)
4(647 737 782 692)
4(736 781 782 737)
4(648 738 783 693)
4(737 782 783 738)
4(649 739 784 694)
4(738 783 784 739)
4(650 740 785 695)
4(739 784 785 740)
4(651 741 786 696)
4(740 785 786 741)
4(652 742 787 697)
4(741 786 787 742)
4(653 743 788 698)
4(742 787 788 743)
4(654 744 789 699)
4(743 788 789 744)
4(655 745 790 700)
4(744 789 790 745)
4(656 746 791 701)
4(745 790 791 746)
4(657 747 792 702)
4(746 791 792 747)
4(658 748 793 703)
4(747 792 793 748)
4(659 749 794 704)
4(748 793 794 749)
4(660 750 795 705)
4(749 794 795 750)
4(661 751 796 706)
4(750 795 796 751)
4(662 752 797 707)
4(751 796 797 752)
4(663 753 798 708)
4(752 797 798 753)
4(664 754 799 709)
4(753 798 799 754)
4(665 755 800 710)
4(754 799 800 755)
4(666 756 801 711)
4(755 800 801 756)
4(667 757 802 712)
4(756 801 802 757)
4(668 758 803 713)
4(757 802 803 758)
4(669 759 804 714)
4(758 803 804 759)
4(670 760 805 715)
4(759 804 805 760)
4(671 761 806 716)
4(760 805 806 761)
4(672 762 807 717)
4(761 806 807 762)
4(673 763 808 718)
4(762 807 808 763)
4(763 808 809 764)
4(721 811 856 766)
4(810 855 856 811)
4(722 812 857 767)
4(811 856 857 812)
4(723 813 858 768)
4(812 857 858 813)
4(724 814 859 769)
4(813 858 859 814)
4(725 815 860 770)
4(814 859 860 815)
4(726 816 861 771)
4(815 860 861 816)
4(727 817 862 772)
4(816 861 862 817)
4(728 818 863 773)
4(817 862 863 818)
4(729 819 864 774)
4(818 863 864 819)
4(730 820 865 775)
4(819 864 865 820)
4(731 821 866 776)
4(820 865 866 821)
4(732 822 867 777)
4(821 866 867 822)
4(733 823 868 778)
4(822 867 868 823)
4(734 824 869 779)
4(823 868 869 824)
4(735 825 870 780)
4(824 869 870 825)
4(736 826 871 781)
4(825 870 871 826)
4(737 827 872 782)
4(826 871 872 827)
4(738 828 873 783)
4(827 872 873 828)
4(739 829 874 784)
4(828 873 874 829)
4(740 830 875 785)
4(829 874 875 830)
4(741 831 876 786)
4(830 875 876 831)
4(742 832 877 787)
4(831 876 877 832)
4(743 833 878 788)
4(832 877 878 833)
4(744 834 879 789)
4(833 878 879 834)
4(745 835 880 790)
4(834 879 880 835)
4(746 836 881 791)
4(835 880 881 836)
4(747 837 882 792)
4(836 881 882 837)
4(748 838 883 793)
4(837 882 883 838)
4(749 839 884 794)
4(838 883 884 839)
4(750 840 885 795)
4(839 884 885 840)
4(751 841 886 796)
4(840 885 886 841)
4(752 842 887 797)
4(841 886 887 842)
4(753 843 888 798)
4(842 887 888 843)
4(754 844 889 799)
4(843 888 889 844)
4(755 845 890 800)
4(844 889 890 845)
4(756 846 891 801)
4(845 890 891 846)
4(757 847 892 802)
4(846 891 892 847)
4(758 848 893 803)
4(847 892 893 848)
4(759 849 894 804)
4(848 893 894 849)
4(760 850 895 805)
4(849 894 895 850)
4(761 851 896 806)
4(850 895 896 851)
4(762 852 897 807)
4(851 896 897 852)
4(763 853 898 808)
4(852 897 898 853)
4(853 898 899 854)
4(811 901 946 856)
4(900 945 946 901)
4(812 902 947 857)
4(901 946 947 902)
4(813 903 948 858)
4(902 947 948 903)
4(814 904 949 859)
4(903 948 949 904)
4(815 905 950 860)
4(904 949 950 905)
4(816 906 951 861)
4(905 950 951 906)
4(817 907 952 862)
4(906 951 952 907)
4(818 908 953 863)
4(907 952 953 908)
4(819 909 954 864)
4(908 953 954 909)
4(820 910 955 865)
4(909 954 955 910)
4(821 911 956 866)
4(910 955 956 911)
4(822 912 957 867)
4(911 956 957 912)
4(823 913 958 868)
4(912 957 958 913)
4(824 914 959 869)
4(913 958 959 914)
4(825 915 960 870)
4(914 959 960 915)
4(826 916 961 871)
4(915 960 961 916)
4(827 917 962 872)
4(916 961 962 917)
4(828 918 963 873)
4(917 962 963 918)
4(829 919 964 874)
4(918 963 964 919)
4(830 920 965 875)
4(919 964 965 920)
4(831 921 966 876)
4(920 965 966 921)
4(832 922 967 877)
4(921 966 967 922)
4(833 923 968 878)
4(922 967 968 923)
4(834 924 969 879)
4(923 968 969 924)
4(835 925 970 880)
4(924 969 970 925)
4(836 926 971 881)
4(925 970 971 926)
4(837 927 972 882)
4(926 971 972 927)
4(838 928 973 883)
4(927 972 973 928)
4(839 929 974 884)
4(928 973 974 929)
4(840 930 975 885)
4(929 974 975 930)
4(841 931 976 886)
4(930 975 976 931)
4(842 932 977 887)
4(931 976 977 932)
4(843 933 978 888)
4(932 977 978 933)
4(844 934 979 889)
4(933 978 979 934)
4(845 935 980 890)
4(934 979 980 935)
4(846 936 981 891)
4(935 980 981 936)
4(847 937 982 892)
4(936 981 982 937)
4(848 938 983 893)
4(937 982 983 938)
4(849 939 984 894)
4(938 983 984 939)
4(850 940 985 895)
4(939 984 985 940)
4(851 941 986 896)
4(940 985 986 941)
4(852 942 987 897)
4(941 986 987 942)
4(853 943 988 898)
4(942 987 988 943)
4(943 988 989 944)
4(901 991 1036 946)
4(990 1035 1036 991)
4(902 992 1037 947)
4(991 1036 1037 992)
4(903 993 1038 948)
4(992 1037 1038 993)
4(904 994 1039 949)
4(993 1038 1039 994)
4(905 995 1040 950)
4(994 1039 1040 995)
4(906 996 1041 951)
4(995 1040 1041 996)
4(907 997 1042 952)
4(996 1041 1042 997)
4(908 998 1043 953)
4(997 1042 1043 998)
4(909 999 1044 954)
4(998 1043 1044 999)
4(910 1000 1045 955)
4(999 1044 1045 1000)
4(911 1001 1046 956)
4(1000 1045 1046 1001)
4(912 1002 1047 957)
4(1001 1046 1047 1002)
4(913 1003 1048 958)
4(1002 1047 1048 1003)
4(914 1004 1049 959)
4(1003 1048 1049 1004)
4(915 1005 1050 960)
4(1004 1049 1050 1005)
4(916 1006 1051 961)
4(1005 1050 1051 1006)
4(917 1007 1052 962)
4(1006 1051 1052 1007)
4(918 1008 1053 963)
4(1007 1052 1053 1008)
4(919 1009 1054 964)
4(1008 1053 1054 1009)
4(920 1010 1055 965)
4(1009 1054 1055 1010)
4(921 1011 1056 966)
4(1010 1055 1056 1011)
4(922 1012 1057 967)
4(1011 1056 1057 1012)
4(923 1013 1058 968)
4(1012 1057 1058 1013)
4(924 1014 1059 969)
4(1013 1058 1059 1014)
4(925 1015 1060 970)
4(1014 1059 1060 1015)
4(926 1016 1061 971)
4(1015 1060 1061 1016)
4(927 1017 1062 972)
4(1016 1061 1062 1017)
4(928 1018 1063 973)
4(1017 1062 1063 1018)
4(929 1019 1064 974)
4(1018 1063 1064 1019)
4(930 1020 1065 975)
4(1019 1064 1065 1020)
4(931 1021 1066 976)
4(1020 1065 1066 1021)
4(932 1022 1067 977)
4(1021 1066 1067 1022)
4(933 1023 1068 978)
4(1022 1067 1068 1023)
4(934 1024 1069 979)
4(1023 1068 1069 1024)
4(935 1025 1070 980)
4(1024 1069 1070 1025)
4(936 1026 1071 981)
4(1025 1070 1071 1026)
4(937 1027 1072 982)
4(1026 1071 1072 1027)
4(938 1028 1073 983)
4(1027 1072 1073 1028)
4(939 1029 1074 984)
4(1028 1073 1074 1029)
4(940 1030 1075 985)
4(1029 1074 1075 1030)
4(941 1031 1076 986)
4(1030 1075 1076 1031)
4(942 1032 1077 987)
4(1031 1076 1077 1032)
4(943 1033 1078 988)
4(1032 1077 1078 1033)
4(1033 1078 1079 1034)
4(991 1081 1126 1036)
4(1080 1125 1126 1081)
4(992 1082 1127 1037)
4(1081 1126 1127 1082)
4(993 1083 1128 1038)
4(1082 1127 1128 1083)
4(994 1084 1129 1039)
4(1083 1128 1129 1084)
4(995 1085 1130 1040)
4(1084 1129 1130 1085)
4(996 1086 1131 1041)
4(1085 1130 1131 1086)
4(997 1087 1132 1042)
4(1086 1131 1132 1087)
4(998 1088 1133 1043)
4(1087 1132 1133 1088)
4(999 1089 1134 1044)
4(1088 1133 1134 1089)
4(1000 1090 1135 1045)
4(1089 1134 1135 1090)
4(1001 1091 1136 1046)
4(1090 1135 1136 1091)
4(1002 1092 1137 1047)
4(1091 1136 1137 1092)
4(1003 1093 1138 1048)
4(1092 1137 1138 1093)
4(1004 1094 1139 1049)
4(1093 1138 1139 1094)
4(1005 1095 1140 1050)
4(1094 1139 1140 1095)
4(1006 1096 1141 1051)
4(1095 1140 1141 1096)
4(1007 1097 1142 1052)
4(1096 1141 1142 1097)
4(1008 1098 1143 1053)
4(1097 1142 1143 1098)
4(1009 1099 1144 1054)
4(1098 1143 1144 1099)
4(1010 1100 1145 1055)
4(1099 1144 1145 1100)
4(1011 1101 1146 1056)
4(1100 1145 1146 1101)
4(1012 1102 1147 1057)
4(1101 1146 1147 1102)
4(1013 1103 1148 1058)
4(1102 1147 1148 1103)
4(1014 1104 1149 1059)
4(1103 1148 1149 1104)
4(1015 1105 1150 1060)
4(1104 1149 1150 1105)
4(1016 1106 1151 1061)
4(1105 1150 1151 1106)
4(1017 1107 1152 1062)
4(1106 1151 1152 1107)
4(1018 1108 1153 1063)
4(1107 1152 1153 1108)
4(1019 1109 1154 1064)
4(1108 1153 1154 1109)
4(1020 1110 1155 1065)
4(1109 1154 1155 1110)
4(1021 1111 1156 1066)
4(1110 1155 1156 1111)
4(1022 1112 1157 1067)
4(1111 1156 1157 1112)
4(1023 1113 1158 1068)
4(1112 1157 1158 1113)
4(1024 1114 1159 1069)
4(1113 1158 1159 1114)
4(1025 1115 1160 1070)
4(1114 1159 1160 1115)
4(1026 1116 1161 1071)
4(1115 1160 1161 1116)
4(1027 1117 1162 1072)
4(1116 1161 1162 1117)
4(1028 1118 1163 1073)
4(1117 1162 1163 1118)
4(1029 1119 1164 1074)
4(1118 1163 1164 1119)
4(1030 1120 1165 1075)
4(1119 1164 1165 1120)
4(1031 1121 1166 1076)
4(1120 1165 1166 1121)
4(1032 1122 1167 1077)
4(1121 1166 1167 1122)
4(1033 1123 1168 1078)
4(1122 1167 1168 1123)
4(1123 1168 1169 1124)
4(1081 1171 1216 1126)
4(1170 1215 1216 1171)
4(1082 1172 1217 1127)
4(1171 1216 1217 1172)
4(1083 1173 1218 1128)
4(1172 1217 1218 1173)
4(1084 1174 1219 1129)
4(1173 1218 1219 1174)
4(1085 1175 1220 1130)
4(1174 1219 1220 1175)
4(1086 1176 1221 1131)
4(1175 1220 1221 1176)
4(1087 1177 1222 1132)
4(1176 1221 1222 1177)
4(1088 1178 1223 1133)
4(1177 1222 1223 1178)
4(1089 1179 1224 1134)
4(1178 1223 1224 1179)
4(1090 1180 1225 1135)
4(1179 1224 1225 1180)
4(1091 1181 1226 1136)
4(1180 1225 1226 1181)
4(1092 1182 1227 1137)
4(1181 1226 1227 1182)
4(1093 1183 1228 1138)
4(1182 1227 1228 1183)
4(1094 1184 1229 1139)
4(1183 1228 1229 1184)
4(1095 1185 1230 1140)
4(1184 1229 1230 1185)
4(1096 1186 1231 1141)
4(1185 1230 1231 1186)
4(1097 1187 1232 1142)
4(1186 1231 1232 1187)
4(1098 1188 1233 1143)
4(1187 1232 1233 1188)
4(1099 1189 1234 1144)
4(1188 1233 1234 1189)
4(1100 1190 1235 1145)
4(1189 1234 1235 1190)
4(1101 1191 1236 1146)
4(1190 1235 1236 1191)
4(1102 1192 1237 1147)
4(1191 1236 1237 1192)
4(1103 1193 1238 1148)
4(1192 1237 1238 1193)
4(1104 1194 1239 1149)
4(1193 1238 1239 1194)
4(1105 1195 1240 1150)
4(1194 1239 1240 1195)
4(1106 1196 1241 1151)
4(1195 1240 1241 1196)
4(1107 1197 1242 1152)
4(1196 1241 1242 1197)
4(1108 1198 1243 1153)
4(1197 1242 1243 1198)
4(1109 1199 1244 1154)
4(1198 1243 1244 1199)
4(1110 1200 1245 1155)
4(1199 1244 1245 1200)
4(1111 1201 1246 1156)
4(1200 1245 1246 1201)
4(1112 1202 1247 1157)
4(1201 1246 1247 1202)
4(1113 1203 1248 1158)
4(1202 1247 1248 1203)
4(1114 1204 1249 1159)
4(1203 1248 1249 1204)
4(1115 1205 1250 1160)
4(1204 1249 1250 1205)
4(1116 1206 1251 1161)
4(1205 1250 1251 1206)
4(1117 1207 1252 1162)
4(1206 1251 1252 1207)
4(1118 1208 1253 1163)
4(1207 1252 1253 1208)
4(1119 1209 1254 1164)
4(1208 1253 1254 1209)
4(1120 1210 1255 1165)
4(1209 1254 1255 1210)
4(1121 1211 1256 1166)
4(1210 1255 1256 1211)
4(1122 1212 1257 1167)
4(1211 1256 1257 1212)
4(1123 1213 1258 1168)
4(1212 1257 1258 1213)
4(1213 1258 1259 1214)
4(1171 1261 1306 1216)
4(1260 1305 1306 1261)
4(1172 1262 1307 1217)
4(1261 1306 1307 1262)
4(1173 1263 1308 1218)
4(1262 1307 1308 1263)
4(1174 1264 1309 1219)
4(1263 1308 1309 1264)
4(1175 1265 1310 1220)
4(1264 1309 1310 1265)
4(1176 1266 1311 1221)
4(1265 1310 1311 1266)
4(1177 1267 1312 1222)
4(1266 1311 1312 1267)
4(1178 1268 1313 1223)
4(1267 1312 1313 1268)
4(1179 1269 1314 1224)
4(1268 1313 1314 1269)
4(1180 1270 1315 1225)
4(1269 1314 1315 1270)
4(1181 1271 1316 1226)
4(1270 1315 1316 1271)
4(1182 1272 1317 1227)
4(1271 1316 1317 1272)
4(1183 1273 1318 1228)
4(1272 1317 1318 1273)
4(1184 1274 1319 1229)
4(1273 1318 1319 1274)
4(1185 1275 1320 1230)
4(1274 1319 1320 1275)
4(1186 1276 1321 1231)
4(1275 1320 1321 1276)
4(1187 1277 1322 1232)
4(1276 1321 1322 1277)
4(1188 1278 1323 1233)
4(1277 1322 1323 1278)
4(1189 1279 1324 1234)
4(1278 1323 1324 1279)
4(1190 1280 1325 1235)
4(1279 1324 1325 1280)
4(1191 1281 1326 1236)
4(1280 1325 1326 1281)
4(1192 1282 1327 1237)
4(1281 1326 1327 1282)
4(1193 1283 1328 1238)
4(1282 1327 1328 1283)
4(1194 1284 1329 1239)
4(1283 1328 1329 1284)
4(1195 1285 1330 1240)
4(1284 1329 1330 1285)
4(1196 1286 1331 1241)
4(1285 1330 1331 1286)
4(1197 1287 1332 1242)
4(1286 1331 1332 1287)
4(1198 1288 1333 1243)
4(1287 1332 1333 1288)
4(1199 1289 1334 1244)
4(1288 1333 1334 1289)
4(1200 1290 1335 1245)
4(1289 1334 1335 1290)
4(1201 1291 1336 1246)
4(1290 1335 1336 1291)
4(1202 1292 1337 1247)
4(1291 1336 1337 1292)
4(1203 1293 1338 1248)
4(1292 1337 1338 1293)
4(1204 1294 1339 1249)
4(1293 1338 1339 1294)
4(1205 1295 1340 1250)
4(1294 1339 1340 1295)
4(1206 1296 1341 1251)
4(1295 1340 1341 1296)
4(1207 1297 1342 1252)
4(1296 1341 1342 1297)
4(1208 1298 1343 1253)
4(1297 1342 1343 1298)
4(1209 1299 1344 1254)
4(1298 1343 1344 1299)
4(1210 1300 1345 1255)
4(1299 1344 1345 1300)
4(1211 1301 1346 1256)
4(1300 1345 1346 1301)
4(1212 1302 1347 1257)
4(1301 1346 1347 1302)
4(1213 1303 1348 1258)
4(1302 1347 1348 1303)
4(1303 1348 1349 1304)
4(1261 1351 1396 1306)
4(1350 1395 1396 1351)
4(1262 1352 1397 1307)
4(1351 1396 1397 1352)
4(1263 1353 1398 1308)
4(1352 1397 1398 1353)
4(1264 1354 1399 1309)
4(1353 1398 1399 1354)
4(1265 1355 1400 1310)
4(1354 1399 1400 1355)
4(1266 1356 1401 1311)
4(1355 1400 1401 1356)
4(1267 1357 1402 1312)
4(1356 1401 1402 1357)
4(1268 1358 1403 1313)
4(1357 1402 1403 1358)
4(1269 1359 1404 1314)
4(1358 1403 1404 1359)
4(1270 1360 1405 1315)
4(1359 1404 1405 1360)
4(1271 1361 1406 1316)
4(1360 1405 1406 1361)
4(1272 1362 1407 1317)
4(1361 1406 1407 1362)
4(1273 1363 1408 1318)
4(1362 1407 1408 1363)
4(1274 1364 1409 1319)
4(1363 1408 1409 1364)
4(1275 1365 1410 1320)
4(1364 1409 1410 1365)
4(1276 1366 1411 1321)
4(1365 1410 1411 1366)
4(1277 1367 1412 1322)
4(1366 1411 1412 1367)
4(1278 1368 1413 1323)
4(1367 1412 1413 1368)
4(1279 1369 1414 1324)
4(1368 1413 1414 1369)
4(1280 1370 1415 1325)
4(1369 1414 1415 1370)
4(1281 1371 1416 1326)
4(1370 1415 1416 1371)
4(1282 1372 1417 1327)
4(1371 1416 1417 1372)
4(1283 1373 1418 1328)
4(1372 1417 1418 1373)
4(1284 1374 1419 1329)
4(1373 1418 1419 1374)
4(1285 1375 1420 1330)
4(1374 1419 1420 1375)
4(1286 1376 1421 1331)
4(1375 1420 1421 1376)
4(1287 1377 1422 1332)
4(1376 1421 1422 1377)
4(1288 1378 1423 1333)
4(1377 1422 1423 1378)
4(1289 1379 1424 1334)
4(1378 1423 1424 1379)
4(1290 1380 1425 1335)
4(1379 1424 1425 1380)
4(1291 1381 1426 1336)
4(1380 1425 1426 1381)
4(1292 1382 1427 1337)
4(1381 1426 1427 1382)
4(1293 1383 1428 1338)
4(1382 1427 1428 1383)
4(1294 1384 1429 1339)
4(1383 1428 1429 1384)
4(1295 1385 1430 1340)
4(1384 1429 1430 1385)
4(1296 1386 1431 1341)
4(1385 1430 1431 1386)
4(1297 1387 1432 1342)
4(1386 1431 1432 1387)
4(1298 1388 1433 1343)
4(1387 1432 1433 1388)
4(1299 1389 1434 1344)
4(1388 1433 1434 1389)
4(1300 1390 1435 1345)
4(1389 1434 1435 1390)
4(1301 1391 1436 1346)
4(1390 1435 1436 1391)
4(1302 1392 1437 1347)
4(1391 1436 1437 1392)
4(1303 1393 1438 1348)
4(1392 1437 1438 1393)
4(1393 1438 1439 1394)
4(1351 1441 1486 1396)
4(1440 1485 1486 1441)
4(1352 1442 1487 1397)
4(1441 1486 1487 1442)
4(1353 1443 1488 1398)
4(1442 1487 1488 1443)
4(1354 1444 1489 1399)
4(1443 1488 1489 1444)
4(1355 1445 1490 1400)
4(1444 1489 1490 1445)
4(1356 1446 1491 1401)
4(1445 1490 1491 1446)
4(1357 1447 1492 1402)
4(1446 1491 1492 1447)
4(1358 1448 1493 1403)
4(1447 1492 1493 1448)
4(1359 1449 1494 1404)
4(1448 1493 1494 1449)
4(1360 1450 1495 1405)
4(1449 1494 1495 1450)
4(1361 1451 1496 1406)
4(1450 1495 1496 1451)
4(1362 1452 1497 1407)
4(1451 1496 1497 1452)
4(1363 1453 1498 1408)
4(1452 1497 1498 1453)
4(1364 1454 1499 1409)
4(1453 1498 1499 1454)
4(1365 1455 1500 1410)
4(1454 1499 1500 1455)
4(1366 1456 1501 1411)
4(1455 1500 1501 1456)
4(1367 1457 1502 1412)
4(1456 1501 1502 1457)
4(1368 1458 1503 1413)
4(1457 1502 1503 1458)
4(1369 1459 1504 1414)
4(1458 1503 1504 1459)
4(1370 1460 1505 1415)
4(1459 1504 1505 1460)
4(1371 1461 1506 1416)
4(1460 1505 1506 1461)
4(1372 1462 1507 1417)
4(1461 1506 1507 1462)
4(1373 1463 1508 1418)
4(1462 1507 1508 1463)
4(1374 1464 1509 1419)
4(1463 1508 1509 1464)
4(1375 1465 1510 1420)
4(1464 1509 1510 1465)
4(1376 1466 1511 1421)
4(1465 1510 1511 1466)
4(1377 1467 1512 1422)
4(1466 1511 1512 1467)
4(1378 1468 1513 1423)
4(1467 1512 1513 1468)
4(1379 1469 1514 1424)
4(1468 1513 1514 1469)
4(1380 1470 1515 1425)
4(1469 1514 1515 1470)
4(1381 1471 1516 1426)
4(1470 1515 1516 1471)
4(1382 1472 1517 1427)
4(1471 1516 1517 1472)
4(1383 1473 1518 1428)
4(1472 1517 1518 1473)
4(1384 1474 1519 1429)
4(1473 1518 1519 1474)
4(1385 1475 1520 1430)
4(1474 1519 1520 1475)
4(1386 1476 1521 1431)
4(1475 1520 1521 1476)
4(1387 1477 1522 1432)
4(1476 1521 1522 1477)
4(1388 1478 1523 1433)
4(1477 1522 1523 1478)
4(1389 1479 1524 1434)
4(1478 1523 1524 1479)
4(1390 1480 1525 1435)
4(1479 1524 1525 1480)
4(1391 1481 1526 1436)
4(1480 1525 1526 1481)
4(1392 1482 1527 1437)
4(1481 1526 1527 1482)
4(1393 1483 1528 1438)
4(1482 1527 1528 1483)
4(1483 1528 1529 1484)
4(1441 1531 1576 1486)
4(1530 1575 1576 1531)
4(1442 1532 1577 1487)
4(1531 1576 1577 1532)
4(1443 1533 1578 1488)
4(1532 1577 1578 1533)
4(1444 1534 1579 1489)
4(1533 1578 1579 1534)
4(1445 1535 1580 1490)
4(1534 1579 1580 1535)
4(1446 1536 1581 1491)
4(1535 1580 1581 1536)
4(1447 1537 1582 1492)
4(1536 1581 1582 1537)
4(1448 1538 1583 1493)
4(1537 1582 1583 1538)
4(1449 1539 1584 1494)
4(1538 1583 1584 1539)
4(1450 1540 1585 1495)
4(1539 1584 1585 1540)
4(1451 1541 1586 1496)
4(1540 1585 1586 1541)
4(1452 1542 1587 1497)
4(1541 1586 1587 1542)
4(1453 1543 1588 1498)
4(1542 1587 1588 1543)
4(1454 1544 1589 1499)
4(1543 1588 1589 1544)
4(1455 1545 1590 1500)
4(1544 1589 1590 1545)
4(1456 1546 1591 1501)
4(1545 1590 1591 1546)
4(1457 1547 1592 1502)
4(1546 1591 1592 1547)
4(1458 1548 1593 1503)
4(1547 1592 1593 1548)
4(1459 1549 1594 1504)
4(1548 1593 1594 1549)
4(1460 1550 1595 1505)
4(1549 1594 1595 1550)
4(1461 1551 1596 1506)
4(1550 1595 1596 1551)
4(1462 1552 1597 1507)
4(1551 1596 1597 1552)
4(1463 1553 1598 1508)
4(1552 1597 1598 1553)
4(1464 1554 1599 1509)
4(1553 1598 1599 1554)
4(1465 1555 1600 1510)
4(1554 1599 1600 1555)
4(1466 1556 1601 1511)
4(1555 1600 1601 1556)
4(1467 1557 1602 1512)
4(1556 1601 1602 1557)
4(1468 1558 1603 1513)
4(1557 1602 1603 1558)
4(1469 1559 1604 1514)
4(1558 1603 1604 1559)
4(1470 1560 1605 1515)
4(1559 1604 1605 1560)
4(1471 1561 1606 1516)
4(1560 1605 1606 1561)
4(1472 1562 1607 1517)
4(1561 1606 1607 1562)
4(1473 1563 1608 1518)
4(1562 1607 1608 1563)
4(1474 1564 1609 1519)
4(1563 1608 1609 1564)
4(1475 1565 1610 1520)
4(1564 1609 1610 1565)
4(1476 1566 1611 1521)
4(1565 1610 1611 1566)
4(1477 1567 1612 1522)
4(1566 1611 1612 1567)
4(1478 1568 1613 1523)
4(1567 1612 1613 1568)
4(1479 1569 1614 1524)
4(1568 1613 1614 1569)
4(1480 1570 1615 1525)
4(1569 1614 1615 1570)
4(1481 1571 1616 1526)
4(1570 1615 1616 1571)
4(1482 1572 1617 1527)
4(1571 1616 1617 1572)
4(1483 1573 1618 1528)
4(1572 1617 1618 1573)
4(1573 1618 1619 1574)
4(1531 1621 1666 1576)
4(1620 1665 1666 1621)
4(1532 1622 1667 1577)
4(1621 1666 1667 1622)
4(1533 1623 1668 1578)
4(1622 1667 1668 1623)
4(1534 1624 1669 1579)
4(1623 1668 1669 1624)
4(1535 1625 1670 1580)
4(1624 1669 1670 1625)
4(1536 1626 1671 1581)
4(1625 1670 1671 1626)
4(1537 1627 1672 1582)
4(1626 1671 1672 1627)
4(1538 1628 1673 1583)
4(1627 1672 1673 1628)
4(1539 1629 1674 1584)
4(1628 1673 1674 1629)
4(1540 1630 1675 1585)
4(1629 1674 1675 1630)
4(1541 1631 1676 1586)
4(1630 1675 1676 1631)
4(1542 1632 1677 1587)
4(1631 1676 1677 1632)
4(1543 1633 1678 1588)
4(1632 1677 1678 1633)
4(1544 1634 1679 1589)
4(1633 1678 1679 1634)
4(1545 1635 1680 1590)
4(1634 1679 1680 1635)
4(1546 1636 1681 1591)
4(1635 1680 1681 1636)
4(1547 1637 1682 1592)
4(1636 1681 1682 1637)
4(1548 1638 1683 1593)
4(1637 1682 1683 1638)
4(1549 1639 1684 1594)
4(1638 1683 1684 1639)
4(1550 1640 1685 1595)
4(1639 1684 1685 1640)
4(1551 1641 1686 1596)
4(1640 1685 1686 1641)
4(1552 1642 1687 1597)
4(1641 1686 1687 1642)
4(1553 1643 1688 1598)
4(1642 1687 1688 1643)
4(1554 1644 1689 1599)
4(1643 1688 1689 1644)
4(1555 1645 1690 1600)
4(1644 1689 1690 1645)
4(1556 1646 1691 1601)
4(1645 1690 1691 1646)
4(1557 1647 1692 1602)
4(1646 1691 1692 1647)
4(1558 1648 1693 1603)
4(1647 1692 1693 1648)
4(1559 1649 1694 1604)
4(1648 1693 1694 1649)
4(1560 1650 1695 1605)
4(1649 1694 1695 1650)
4(1561 1651 1696 1606)
4(1650 1695 1696 1651)
4(1562 1652 1697 1607)
4(1651 1696 1697 1652)
4(1563 1653 1698 1608)
4(1652 1697 1698 1653)
4(1564 1654 1699 1609)
4(1653 1698 1699 1654)
4(1565 1655 1700 1610)
4(1654 1699 1700 1655)
4(1566 1656 1701 1611)
4(1655 1700 1701 1656)
4(1567 1657 1702 1612)
4(1656 1701 1702 1657)
4(1568 1658 1703 1613)
4(1657 1702 1703 1658)
4(1569 1659 1704 1614)
4(1658 1703 1704 1659)
4(1570 1660 1705 1615)
4(1659 1704 1705 1660)
4(1571 1661 1706 1616)
4(1660 1705 1706 1661)
4(1572 1662 1707 1617)
4(1661 1706 1707 1662)
4(1573 1663 1708 1618)
4(1662 1707 1708 1663)
4(1663 1708 1709 1664)
4(1621 1711 1756 1666)
4(1710 1755 1756 1711)
4(1622 1712 1757 1667)
4(1711 1756 1757 1712)
4(1623 1713 1758 1668)
4(1712 1757 1758 1713)
4(1624 1714 1759 1669)
4(1713 1758 1759 1714)
4(1625 1715 1760 1670)
4(1714 1759 1760 1715)
4(1626 1716 1761 1671)
4(1715 1760 1761 1716)
4(1627 1717 1762 1672)
4(1716 1761 1762 1717)
4(1628 1718 1763 1673)
4(1717 1762 1763 1718)
4(1629 1719 1764 1674)
4(1718 1763 1764 1719)
4(1630 1720 1765 1675)
4(1719 1764 1765 1720)
4(1631 1721 1766 1676)
4(1720 1765 1766 1721)
4(1632 1722 1767 1677)
4(1721 1766 1767 1722)
4(1633 1723 1768 1678)
4(1722 1767 1768 1723)
4(1634 1724 1769 1679)
4(1723 1768 1769 1724)
4(1635 1725 1770 1680)
4(1724 1769 1770 1725)
4(1636 1726 1771 1681)
4(1725 1770 1771 1726)
4(1637 1727 1772 1682)
4(1726 1771 1772 1727)
4(1638 1728 1773 1683)
4(1727 1772 1773 1728)
4(1639 1729 1774 1684)
4(1728 1773 1774 1729)
4(1640 1730 1775 1685)
4(1729 1774 1775 1730)
4(1641 1731 1776 1686)
4(1730 1775 1776 1731)
4(1642 1732 1777 1687)
4(1731 1776 1777 1732)
4(1643 1733 1778 1688)
4(1732 1777 1778 1733)
4(1644 1734 1779 1689)
4(1733 1778 1779 1734)
4(1645 1735 1780 1690)
4(1734 1779 1780 1735)
4(1646 1736 1781 1691)
4(1735 1780 1781 1736)
4(1647 1737 1782 1692)
4(1736 1781 1782 1737)
4(1648 1738 1783 1693)
4(1737 1782 1783 1738)
4(1649 1739 1784 1694)
4(1738 1783 1784 1739)
4(1650 1740 1785 1695)
4(1739 1784 1785 1740)
4(1651 1741 1786 1696)
4(1740 1785 1786 1741)
4(1652 1742 1787 1697)
4(1741 1786 1787 1742)
4(1653 1743 1788 1698)
4(1742 1787 1788 1743)
4(1654 1744 1789 1699)
4(1743 1788 1789 1744)
4(1655 1745 1790 1700)
4(1744 1789 1790 1745)
4(1656 1746 1791 1701)
4(1745 1790 1791 1746)
4(1657 1747 1792 1702)
4(1746 1791 1792 1747)
4(1658 1748 1793 1703)
4(1747 1792 1793 1748)
4(1659 1749 1794 1704)
4(1748 1793 1794 1749)
4(1660 1750 1795 1705)
4(1749 1794 1795 1750)
4(1661 1751 1796 1706)
4(1750 1795 1796 1751)
4(1662 1752 1797 1707)
4(1751 1796 1797 1752)
4(1663 1753 1798 1708)
4(1752 1797 1798 1753)
4(1753 1798 1799 1754)
4(1711 1801 1846 1756)
4(1800 1845 1846 1801)
4(1712 1802 1847 1757)
4(1801 1846 1847 1802)
4(1713 1803 1848 1758)
4(1802 1847 1848 1803)
4(1714 1804 1849 1759)
4(1803 1848 1849 1804)
4(1715 1805 1850 1760)
4(1804 1849 1850 1805)
4(1716 1806 1851 1761)
4(1805 1850 1851 1806)
4(1717 1807 1852 1762)
4(1806 1851 1852 1807)
4(1718 1808 1853 1763)
4(1807 1852 1853 1808)
4(1719 1809 1854 1764)
4(1808 1853 1854 1809)
4(1720 1810 1855 1765)
4(1809 1854 1855 1810)
4(1721 1811 1856 1766)
4(1810 1855 1856 1811)
4(1722 1812 1857 1767)
4(1811 1856 1857 1812)
4(1723 1813 1858 1768)
4(1812 1857 1858 1813)
4(1724 1814 1859 1769)
4(1813 1858 1859 1814)
4(1725 1815 1860 1770)
4(1814 1859 1860 1815)
4(1726 1816 1861 1771)
4(1815 1860 1861 1816)
4(1727 1817 1862 1772)
4(1816 1861 1862 1817)
4(1728 1818 1863 1773)
4(1817 1862 1863 1818)
4(1729 1819 1864 1774)
4(1818 1863 1864 1819)
4(1730 1820 1865 1775)
4(1819 1864 1865 1820)
4(1731 1821 1866 1776)
4(1820 1865 1866 1821)
4(1732 1822 1867 1777)
4(1821 1866 1867 1822)
4(1733 1823 1868 1778)
4(1822 1867 1868 1823)
4(1734 1824 1869 1779)
4(1823 1868 1869 1824)
4(1735 1825 1870 1780)
4(1824 1869 1870 1825)
4(1736 1826 1871 1781)
4(1825 1870 1871 1826)
4(1737 1827 1872 1782)
4(1826 1871 1872 1827)
4(1738 1828 1873 1783)
4(1827 1872 1873 1828)
4(1739 1829 1874 1784)
4(1828 1873 1874 1829)
4(1740 1830 1875 1785)
4(1829 1874 1875 1830)
4(1741 1831 1876 1786)
4(1830 1875 1876 1831)
4(1742 1832 1877 1787)
4(1831 1876 1877 1832)
4(1743 1833 1878 1788)
4(1832 1877 1878 1833)
4(1744 1834 1879 1789)
4(1833 1878 1879 1834)
4(1745 1835 1880 1790)
4(1834 1879 1880 1835)
4(1746 1836 1881 1791)
4(1835 1880 1881 1836)
4(1747 1837 1882 1792)
4(1836 1881 1882 1837)
4(1748 1838 1883 1793)
4(1837 1882 1883 1838)
4(1749 1839 1884 1794)
4(1838 1883 1884 1839)
4(1750 1840 1885 1795)
4(1839 1884 1885 1840)
4(1751 1841 1886 1796)
4(1840 1885 1886 1841)
4(1752 1842 1887 1797)
4(1841 1886 1887 1842)
4(1753 1843 1888 1798)
4(1842 1887 1888 1843)
4(1843 1888 1889 1844)
4(1801 1891 1936 1846)
4(1802 1892 1937 1847)
4(1803 1893 1938 1848)
4(1804 1894 1939 1849)
4(1805 1895 1940 1850)
4(1806 1896 1941 1851)
4(1807 1897 1942 1852)
4(1808 1898 1943 1853)
4(1809 1899 1944 1854)
4(1810 1900 1945 1855)
4(1811 1901 1946 1856)
4(1812 1902 1947 1857)
4(1813 1903 1948 1858)
4(1814 1904 1949 1859)
4(1815 1905 1950 1860)
4(1816 1906 1951 1861)
4(1817 1907 1952 1862)
4(1818 1908 1953 1863)
4(1819 1909 1954 1864)
4(1820 1910 1955 1865)
4(1821 1911 1956 1866)
4(1822 1912 1957 1867)
4(1823 1913 1958 1868)
4(1824 1914 1959 1869)
4(1825 1915 1960 1870)
4(1826 1916 1961 1871)
4(1827 1917 1962 1872)
4(1828 1918 1963 1873)
4(1829 1919 1964 1874)
4(1830 1920 1965 1875)
4(1831 1921 1966 1876)
4(1832 1922 1967 1877)
4(1833 1923 1968 1878)
4(1834 1924 1969 1879)
4(1835 1925 1970 1880)
4(1836 1926 1971 1881)
4(1837 1927 1972 1882)
4(1838 1928 1973 1883)
4(1839 1929 1974 1884)
4(1840 1930 1975 1885)
4(1841 1931 1976 1886)
4(1842 1932 1977 1887)
4(1843 1933 1978 1888)
4(0 90 135 45)
4(45 135 225 180)
4(180 225 315 270)
4(270 315 405 360)
4(360 405 495 450)
4(450 495 585 540)
4(540 585 675 630)
4(630 675 765 720)
4(720 765 855 810)
4(810 855 945 900)
4(900 945 1035 990)
4(990 1035 1125 1080)
4(1080 1125 1215 1170)
4(1170 1215 1305 1260)
4(1260 1305 1395 1350)
4(1350 1395 1485 1440)
4(1440 1485 1575 1530)
4(1530 1575 1665 1620)
4(1620 1665 1755 1710)
4(1710 1755 1845 1800)
4(1800 1845 1935 1890)
4(44 89 179 134)
4(89 224 269 179)
4(224 314 359 269)
4(314 404 449 359)
4(404 494 539 449)
4(494 584 629 539)
4(584 674 719 629)
4(674 764 809 719)
4(764 854 899 809)
4(854 944 989 899)
4(944 1034 1079 989)
4(1034 1124 1169 1079)
4(1124 1214 1259 1169)
4(1214 1304 1349 1259)
4(1304 1394 1439 1349)
4(1394 1484 1529 1439)
4(1484 1574 1619 1529)
4(1574 1664 1709 1619)
4(1664 1754 1799 1709)
4(1754 1844 1889 1799)
4(1844 1934 1979 1889)
4(0 1 91 90)
4(1 2 92 91)
4(2 3 93 92)
4(3 4 94 93)
4(4 5 95 94)
4(5 6 96 95)
4(6 7 97 96)
4(7 8 98 97)
4(8 9 99 98)
4(9 10 100 99)
4(10 11 101 100)
4(11 12 102 101)
4(12 13 103 102)
4(13 14 104 103)
4(14 15 105 104)
4(15 16 106 105)
4(16 17 107 106)
4(17 18 108 107)
4(18 19 109 108)
4(19 20 110 109)
4(20 21 111 110)
4(21 22 112 111)
4(22 23 113 112)
4(23 24 114 113)
4(24 25 115 114)
4(25 26 116 115)
4(26 27 117 116)
4(27 28 118 117)
4(28 29 119 118)
4(29 30 120 119)
4(30 31 121 120)
4(31 32 122 121)
4(32 33 123 122)
4(33 34 124 123)
4(34 35 125 124)
4(35 36 126 125)
4(36 37 127 126)
4(37 38 128 127)
4(38 39 129 128)
4(39 40 130 129)
4(40 41 131 130)
4(41 42 132 131)
4(42 43 133 132)
4(43 44 134 133)
4(1890 1935 1936 1891)
4(1891 1936 1937 1892)
4(1892 1937 1938 1893)
4(1893 1938 1939 1894)
4(1894 1939 1940 1895)
4(1895 1940 1941 1896)
4(1896 1941 1942 1897)
4(1897 1942 1943 1898)
4(1898 1943 1944 1899)
4(1899 1944 1945 1900)
4(1900 1945 1946 1901)
4(1901 1946 1947 1902)
4(1902 1947 1948 1903)
4(1903 1948 1949 1904)
4(1904 1949 1950 1905)
4(1905 1950 1951 1906)
4(1906 1951 1952 1907)
4(1907 1952 1953 1908)
4(1908 1953 1954 1909)
4(1909 1954 1955 1910)
4(1910 1955 1956 1911)
4(1911 1956 1957 1912)
4(1912 1957 1958 1913)
4(1913 1958 1959 1914)
4(1914 1959 1960 1915)
4(1915 1960 1961 1916)
4(1916 1961 1962 1917)
4(1917 1962 1963 1918)
4(1918 1963 1964 1919)
4(1919 1964 1965 1920)
4(1920 1965 1966 1921)
4(1921 1966 1967 1922)
4(1922 1967 1968 1923)
4(1923 1968 1969 1924)
4(1924 1969 1970 1925)
4(1925 1970 1971 1926)
4(1926 1971 1972 1927)
4(1927 1972 1973 1928)
4(1928 1973 1974 1929)
4(1929 1974 1975 1930)
4(1930 1975 1976 1931)
4(1931 1976 1977 1932)
4(1932 1977 1978 1933)
4(1933 1978 1979 1934)
4(0 45 46 1)
4(1 46 47 2)
4(2 47 48 3)
4(3 48 49 4)
4(4 49 50 5)
4(5 50 51 6)
4(6 51 52 7)
4(7 52 53 8)
4(8 53 54 9)
4(9 54 55 10)
4(10 55 56 11)
4(11 56 57 12)
4(12 57 58 13)
4(13 58 59 14)
4(14 59 60 15)
4(15 60 61 16)
4(16 61 62 17)
4(17 62 63 18)
4(18 63 64 19)
4(19 64 65 20)
4(20 65 66 21)
4(21 66 67 22)
4(22 67 68 23)
4(23 68 69 24)
4(24 69 70 25)
4(25 70 71 26)
4(26 71 72 27)
4(27 72 73 28)
4(28 73 74 29)
4(29 74 75 30)
4(30 75 76 31)
4(31 76 77 32)
4(32 77 78 33)
4(33 78 79 34)
4(34 79 80 35)
4(35 80 81 36)
4(36 81 82 37)
4(37 82 83 38)
4(38 83 84 39)
4(39 84 85 40)
4(40 85 86 41)
4(41 86 87 42)
4(42 87 88 43)
4(43 88 89 44)
4(45 180 181 46)
4(46 181 182 47)
4(47 182 183 48)
4(48 183 184 49)
4(49 184 185 50)
4(50 185 186 51)
4(51 186 187 52)
4(52 187 188 53)
4(53 188 189 54)
4(54 189 190 55)
4(55 190 191 56)
4(56 191 192 57)
4(57 192 193 58)
4(58 193 194 59)
4(59 194 195 60)
4(60 195 196 61)
4(61 196 197 62)
4(62 197 198 63)
4(63 198 199 64)
4(64 199 200 65)
4(65 200 201 66)
4(66 201 202 67)
4(67 202 203 68)
4(68 203 204 69)
4(69 204 205 70)
4(70 205 206 71)
4(71 206 207 72)
4(72 207 208 73)
4(73 208 209 74)
4(74 209 210 75)
4(75 210 211 76)
4(76 211 212 77)
4(77 212 213 78)
4(78 213 214 79)
4(79 214 215 80)
4(80 215 216 81)
4(81 216 217 82)
4(82 217 218 83)
4(83 218 219 84)
4(84 219 220 85)
4(85 220 221 86)
4(86 221 222 87)
4(87 222 223 88)
4(88 223 224 89)
4(180 270 271 181)
4(181 271 272 182)
4(182 272 273 183)
4(183 273 274 184)
4(184 274 275 185)
4(185 275 276 186)
4(186 276 277 187)
4(187 277 278 188)
4(188 278 279 189)
4(189 279 280 190)
4(190 280 281 191)
4(191 281 282 192)
4(192 282 283 193)
4(193 283 284 194)
4(194 284 285 195)
4(195 285 286 196)
4(196 286 287 197)
4(197 287 288 198)
4(198 288 289 199)
4(199 289 290 200)
4(200 290 291 201)
4(201 291 292 202)
4(202 292 293 203)
4(203 293 294 204)
4(204 294 295 205)
4(205 295 296 206)
4(206 296 297 207)
4(207 297 298 208)
4(208 298 299 209)
4(209 299 300 210)
4(210 300 301 211)
4(211 301 302 212)
4(212 302 303 213)
4(213 303 304 214)
4(214 304 305 215)
4(215 305 306 216)
4(216 306 307 217)
4(217 307 308 218)
4(218 308 309 219)
4(219 309 310 220)
4(220 310 311 221)
4(221 311 312 222)
4(222 312 313 223)
4(223 313 314 224)
4(270 360 361 271)
4(271 361 362 272)
4(272 362 363 273)
4(273 363 364 274)
4(274 364 365 275)
4(275 365 366 276)
4(276 366 367 277)
4(277 367 368 278)
4(278 368 369 279)
4(279 369 370 280)
4(280 370 371 281)
4(281 371 372 282)
4(282 372 373 283)
4(283 373 374 284)
4(284 374 375 285)
4(285 375 376 286)
4(286 376 377 287)
4(287 377 378 288)
4(288 378 379 289)
4(289 379 380 290)
4(290 380 381 291)
4(291 381 382 292)
4(292 382 383 293)
4(293 383 384 294)
4(294 384 385 295)
4(295 385 386 296)
4(296 386 387 297)
4(297 387 388 298)
4(298 388 389 299)
4(299 389 390 300)
4(300 390 391 301)
4(301 391 392 302)
4(302 392 393 303)
4(303 393 394 304)
4(304 394 395 305)
4(305 395 396 306)
4(306 396 397 307)
4(307 397 398 308)
4(308 398 399 309)
4(309 399 400 310)
4(310 400 401 311)
4(311 401 402 312)
4(312 402 403 313)
4(313 403 404 314)
4(360 450 451 361)
4(361 451 452 362)
4(362 452 453 363)
4(363 453 454 364)
4(364 454 455 365)
4(365 455 456 366)
4(366 456 457 367)
4(367 457 458 368)
4(368 458 459 369)
4(369 459 460 370)
4(370 460 461 371)
4(371 461 462 372)
4(372 462 463 373)
4(373 463 464 374)
4(374 464 465 375)
4(375 465 466 376)
4(376 466 467 377)
4(377 467 468 378)
4(378 468 469 379)
4(379 469 470 380)
4(380 470 471 381)
4(381 471 472 382)
4(382 472 473 383)
4(383 473 474 384)
4(384 474 475 385)
4(385 475 476 386)
4(386 476 477 387)
4(387 477 478 388)
4(388 478 479 389)
4(389 479 480 390)
4(390 480 481 391)
4(391 481 482 392)
4(392 482 483 393)
4(393 483 484 394)
4(394 484 485 395)
4(395 485 486 396)
4(396 486 487 397)
4(397 487 488 398)
4(398 488 489 399)
4(399 489 490 400)
4(400 490 491 401)
4(401 491 492 402)
4(402 492 493 403)
4(403 493 494 404)
4(450 540 541 451)
4(451 541 542 452)
4(452 542 543 453)
4(453 543 544 454)
4(454 544 545 455)
4(455 545 546 456)
4(456 546 547 457)
4(457 547 548 458)
4(458 548 549 459)
4(459 549 550 460)
4(460 550 551 461)
4(461 551 552 462)
4(462 552 553 463)
4(463 553 554 464)
4(464 554 555 465)
4(465 555 556 466)
4(466 556 557 467)
4(467 557 558 468)
4(468 558 559 469)
4(469 559 560 470)
4(470 560 561 471)
4(471 561 562 472)
4(472 562 563 473)
4(473 563 564 474)
4(474 564 565 475)
4(475 565 566 476)
4(476 566 567 477)
4(477 567 568 478)
4(478 568 569 479)
4(479 569 570 480)
4(480 570 571 481)
4(481 571 572 482)
4(482 572 573 483)
4(483 573 574 484)
4(484 574 575 485)
4(485 575 576 486)
4(486 576 577 487)
4(487 577 578 488)
4(488 578 579 489)
4(489 579 580 490)
4(490 580 581 491)
4(491 581 582 492)
4(492 582 583 493)
4(493 583 584 494)
4(540 630 631 541)
4(541 631 632 542)
4(542 632 633 543)
4(543 633 634 544)
4(544 634 635 545)
4(545 635 636 546)
4(546 636 637 547)
4(547 637 638 548)
4(548 638 639 549)
4(549 639 640 550)
4(550 640 641 551)
4(551 641 642 552)
4(552 642 643 553)
4(553 643 644 554)
4(554 644 645 555)
4(555 645 646 556)
4(556 646 647 557)
4(557 647 648 558)
4(558 648 649 559)
4(559 649 650 560)
4(560 650 651 561)
4(561 651 652 562)
4(562 652 653 563)
4(563 653 654 564)
4(564 654 655 565)
4(565 655 656 566)
4(566 656 657 567)
4(567 657 658 568)
4(568 658 659 569)
4(569 659 660 570)
4(570 660 661 571)
4(571 661 662 572)
4(572 662 663 573)
4(573 663 664 574)
4(574 664 665 575)
4(575 665 666 576)
4(576 666 667 577)
4(577 667 668 578)
4(578 668 669 579)
4(579 669 670 580)
4(580 670 671 581)
4(581 671 672 582)
4(582 672 673 583)
4(583 673 674 584)
4(630 720 721 631)
4(631 721 722 632)
4(632 722 723 633)
4(633 723 724 634)
4(634 724 725 635)
4(635 725 726 636)
4(636 726 727 637)
4(637 727 728 638)
4(638 728 729 639)
4(639 729 730 640)
4(640 730 731 641)
4(641 731 732 642)
4(642 732 733 643)
4(643 733 734 644)
4(644 734 735 645)
4(645 735 736 646)
4(646 736 737 647)
4(647 737 738 648)
4(648 738 739 649)
4(649 739 740 650)
4(650 740 741 651)
4(651 741 742 652)
4(652 742 743 653)
4(653 743 744 654)
4(654 744 745 655)
4(655 745 746 656)
4(656 746 747 657)
4(657 747 748 658)
4(658 748 749 659)
4(659 749 750 660)
4(660 750 751 661)
4(661 751 752 662)
4(662 752 753 663)
4(663 753 754 664)
4(664 754 755 665)
4(665 755 756 666)
4(666 756 757 667)
4(667 757 758 668)
4(668 758 759 669)
4(669 759 760 670)
4(670 760 761 671)
4(671 761 762 672)
4(672 762 763 673)
4(673 763 764 674)
4(720 810 811 721)
4(721 811 812 722)
4(722 812 813 723)
4(723 813 814 724)
4(724 814 815 725)
4(725 815 816 726)
4(726 816 817 727)
4(727 817 818 728)
4(728 818 819 729)
4(729 819 820 730)
4(730 820 821 731)
4(731 821 822 732)
4(732 822 823 733)
4(733 823 824 734)
4(734 824 825 735)
4(735 825 826 736)
4(736 826 827 737)
4(737 827 828 738)
4(738 828 829 739)
4(739 829 830 740)
4(740 830 831 741)
4(741 831 832 742)
4(742 832 833 743)
4(743 833 834 744)
4(744 834 835 745)
4(745 835 836 746)
4(746 836 837 747)
4(747 837 838 748)
4(748 838 839 749)
4(749 839 840 750)
4(750 840 841 751)
4(751 841 842 752)
4(752 842 843 753)
4(753 843 844 754)
4(754 844 845 755)
4(755 845 846 756)
4(756 846 847 757)
4(757 847 848 758)
4(758 848 849 759)
4(759 849 850 760)
4(760 850 851 761)
4(761 851 852 762)
4(762 852 853 763)
4(763 853 854 764)
4(810 900 901 811)
4(811 901 902 812)
4(812 902 903 813)
4(813 903 904 814)
4(814 904 905 815)
4(815 905 906 816)
4(816 906 907 817)
4(817 907 908 818)
4(818 908 909 819)
4(819 909 910 820)
4(820 910 911 821)
4(821 911 912 822)
4(822 912 913 823)
4(823 913 914 824)
4(824 914 915 825)
4(825 915 916 826)
4(826 916 917 827)
4(827 917 918 828)
4(828 918 919 829)
4(829 919 920 830)
4(830 920 921 831)
4(831 921 922 832)
4(832 922 923 833)
4(833 923 924 834)
4(834 924 925 835)
4(835 925 926 836)
4(836 926 927 837)
4(837 927 928 838)
4(838 928 929 839)
4(839 929 930 840)
4(840 930 931 841)
4(841 931 932 842)
4(842 932 933 843)
4(843 933 934 844)
4(844 934 935 845)
4(845 935 936 846)
4(846 936 937 847)
4(847 937 938 848)
4(848 938 939 849)
4(849 939 940 850)
4(850 940 941 851)
4(851 941 942 852)
4(852 942 943 853)
4(853 943 944 854)
4(900 990 991 901)
4(901 991 992 902)
4(902 992 993 903)
4(903 993 994 904)
4(904 994 995 905)
4(905 995 996 906)
4(906 996 997 907)
4(907 997 998 908)
4(908 998 999 909)
4(909 999 1000 910)
4(910 1000 1001 911)
4(911 1001 1002 912)
4(912 1002 1003 913)
4(913 1003 1004 914)
4(914 1004 1005 915)
4(915 1005 1006 916)
4(916 1006 1007 917)
4(917 1007 1008 918)
4(918 1008 1009 919)
4(919 1009 1010 920)
4(920 1010 1011 921)
4(921 1011 1012 922)
4(922 1012 1013 923)
4(923 1013 1014 924)
4(924 1014 1015 925)
4(925 1015 1016 926)
4(926 1016 1017 927)
4(927 1017 1018 928)
4(928 1018 1019 929)
4(929 1019 1020 930)
4(930 1020 1021 931)
4(931 1021 1022 932)
4(932 1022 1023 933)
4(933 1023 1024 934)
4(934 1024 1025 935)
4(935 1025 1026 936)
4(936 1026 1027 937)
4(937 1027 1028 938)
4(938 1028 1029 939)
4(939 1029 1030 940)
4(940 1030 1031 941)
4(941 1031 1032 942)
4(942 1032 1033 943)
4(943 1033 1034 944)
4(990 1080 1081 991)
4(991 1081 1082 992)
4(992 1082 1083 993)
4(993 1083 1084 994)
4(994 1084 1085 995)
4(995 1085 1086 996)
4(996 1086 1087 997)
4(997 1087 1088 998)
4(998 1088 1089 999)
4(999 1089 1090 1000)
4(1000 1090 1091 1001)
4(1001 1091 1092 1002)
4(1002 1092 1093 1003)
4(1003 1093 1094 1004)
4(1004 1094 1095 1005)
4(1005 1095 1096 1006)
4(1006 1096 1097 1007)
4(1007 1097 1098 1008)
4(1008 1098 1099 1009)
4(1009 1099 1100 1010)
4(1010 1100 1101 1011)
4(1011 1101 1102 1012)
4(1012 1102 1103 1013)
4(1013 1103 1104 1014)
4(1014 1104 1105 1015)
4(1015 1105 1106 1016)
4(1016 1106 1107 1017)
4(1017 1107 1108 1018)
4(1018 1108 1109 1019)
4(1019 1109 1110 1020)
4(1020 1110 1111 1021)
4(1021 1111 1112 1022)
4(1022 1112 1113 1023)
4(1023 1113 1114 1024)
4(1024 1114 1115 1025)
4(1025 1115 1116 1026)
4(1026 1116 1117 1027)
4(1027 1117 1118 1028)
4(1028 1118 1119 1029)
4(1029 1119 1120 1030)
4(1030 1120 1121 1031)
4(1031 1121 1122 1032)
4(1032 1122 1123 1033)
4(1033 1123 1124 1034)
4(1080 1170 1171 1081)
4(1081 1171 1172 1082)
4(1082 1172 1173 1083)
4(1083 1173 1174 1084)
4(1084 1174 1175 1085)
4(1085 1175 1176 1086)
4(1086 1176 1177 1087)
4(1087 1177 1178 1088)
4(1088 1178 1179 1089)
4(1089 1179 1180 1090)
4(1090 1180 1181 1091)
4(1091 1181 1182 1092)
4(1092 1182 1183 1093)
4(1093 1183 1184 1094)
4(1094 1184 1185 1095)
4(1095 1185 1186 1096)
4(1096 1186 1187 1097)
4(1097 1187 1188 1098)
4(1098 1188 1189 1099)
4(1099 1189 1190 1100)
4(1100 1190 1191 1101)
4(1101 1191 1192 1102)
4(1102 1192 1193 1103)
4(1103 1193 1194 1104)
4(1104 1194 1195 1105)
4(1105 1195 1196 1106)
4(1106 1196 1197 1107)
4(1107 1197 1198 1108)
4(1108 1198 1199 1109)
4(1109 1199 1200 1110)
4(1110 1200 1201 1111)
4(1111 1201 1202 1112)
4(1112 1202 1203 1113)
4(1113 1203 1204 1114)
4(1114 1204 1205 1115)
4(1115 1205 1206 1116)
4(1116 1206 1207 1117)
4(1117 1207 1208 1118)
4(1118 1208 1209 1119)
4(1119 1209 1210 1120)
4(1120 1210 1211 1121)
4(1121 1211 1212 1122)
4(1122 1212 1213 1123)
4(1123 1213 1214 1124)
4(1170 1260 1261 1171)
4(1171 1261 1262 1172)
4(1172 1262 1263 1173)
4(1173 1263 1264 1174)
4(1174 1264 1265 1175)
4(1175 1265 1266 1176)
4(1176 1266 1267 1177)
4(1177 1267 1268 1178)
4(1178 1268 1269 1179)
4(1179 1269 1270 1180)
4(1180 1270 1271 1181)
4(1181 1271 1272 1182)
4(1182 1272 1273 1183)
4(1183 1273 1274 1184)
4(1184 1274 1275 1185)
4(1185 1275 1276 1186)
4(1186 1276 1277 1187)
4(1187 1277 1278 1188)
4(1188 1278 1279 1189)
4(1189 1279 1280 1190)
4(1190 1280 1281 1191)
4(1191 1281 1282 1192)
4(1192 1282 1283 1193)
4(1193 1283 1284 1194)
4(1194 1284 1285 1195)
4(1195 1285 1286 1196)
4(1196 1286 1287 1197)
4(1197 1287 1288 1198)
4(1198 1288 1289 1199)
4(1199 1289 1290 1200)
4(1200 1290 1291 1201)
4(1201 1291 1292 1202)
4(1202 1292 1293 1203)
4(1203 1293 1294 1204)
4(1204 1294 1295 1205)
4(1205 1295 1296 1206)
4(1206 1296 1297 1207)
4(1207 1297 1298 1208)
4(1208 1298 1299 1209)
4(1209 1299 1300 1210)
4(1210 1300 1301 1211)
4(1211 1301 1302 1212)
4(1212 1302 1303 1213)
4(1213 1303 1304 1214)
4(1260 1350 1351 1261)
4(1261 1351 1352 1262)
4(1262 1352 1353 1263)
4(1263 1353 1354 1264)
4(1264 1354 1355 1265)
4(1265 1355 1356 1266)
4(1266 1356 1357 1267)
4(1267 1357 1358 1268)
4(1268 1358 1359 1269)
4(1269 1359 1360 1270)
4(1270 1360 1361 1271)
4(1271 1361 1362 1272)
4(1272 1362 1363 1273)
4(1273 1363 1364 1274)
4(1274 1364 1365 1275)
4(1275 1365 1366 1276)
4(1276 1366 1367 1277)
4(1277 1367 1368 1278)
4(1278 1368 1369 1279)
4(1279 1369 1370 1280)
4(1280 1370 1371 1281)
4(1281 1371 1372 1282)
4(1282 1372 1373 1283)
4(1283 1373 1374 1284)
4(1284 1374 1375 1285)
4(1285 1375 1376 1286)
4(1286 1376 1377 1287)
4(1287 1377 1378 1288)
4(1288 1378 1379 1289)
4(1289 1379 1380 1290)
4(1290 1380 1381 1291)
4(1291 1381 1382 1292)
4(1292 1382 1383 1293)
4(1293 1383 1384 1294)
4(1294 1384 1385 1295)
4(1295 1385 1386 1296)
4(1296 1386 1387 1297)
4(1297 1387 1388 1298)
4(1298 1388 1389 1299)
4(1299 1389 1390 1300)
4(1300 1390 1391 1301)
4(1301 1391 1392 1302)
4(1302 1392 1393 1303)
4(1303 1393 1394 1304)
4(1350 1440 1441 1351)
4(1351 1441 1442 1352)
4(1352 1442 1443 1353)
4(1353 1443 1444 1354)
4(1354 1444 1445 1355)
4(1355 1445 1446 1356)
4(1356 1446 1447 1357)
4(1357 1447 1448 1358)
4(1358 1448 1449 1359)
4(1359 1449 1450 1360)
4(1360 1450 1451 1361)
4(1361 1451 1452 1362)
4(1362 1452 1453 1363)
4(1363 1453 1454 1364)
4(1364 1454 1455 1365)
4(1365 1455 1456 1366)
4(1366 1456 1457 1367)
4(1367 1457 1458 1368)
4(1368 1458 1459 1369)
4(1369 1459 1460 1370)
4(1370 1460 1461 1371)
4(1371 1461 1462 1372)
4(1372 1462 1463 1373)
4(1373 1463 1464 1374)
4(1374 1464 1465 1375)
4(1375 1465 1466 1376)
4(1376 1466 1467 1377)
4(1377 1467 1468 1378)
4(1378 1468 1469 1379)
4(1379 1469 1470 1380)
4(1380 1470 1471 1381)
4(1381 1471 1472 1382)
4(1382 1472 1473 1383)
4(1383 1473 1474 1384)
4(1384 1474 1475 1385)
4(1385 1475 1476 1386)
4(1386 1476 1477 1387)
4(1387 1477 1478 1388)
4(1388 1478 1479 1389)
4(1389 1479 1480 1390)
4(1390 1480 1481 1391)
4(1391 1481 1482 1392)
4(1392 1482 1483 1393)
4(1393 1483 1484 1394)
4(1440 1530 1531 1441)
4(1441 1531 1532 1442)
4(1442 1532 1533 1443)
4(1443 1533 1534 1444)
4(1444 1534 1535 1445)
4(1445 1535 1536 1446)
4(1446 1536 1537 1447)
4(1447 1537 1538 1448)
4(1448 1538 1539 1449)
4(1449 1539 1540 1450)
4(1450 1540 1541 1451)
4(1451 1541 1542 1452)
4(1452 1542 1543 1453)
4(1453 1543 1544 1454)
4(1454 1544 1545 1455)
4(1455 1545 1546 1456)
4(1456 1546 1547 1457)
4(1457 1547 1548 1458)
4(1458 1548 1549 1459)
4(1459 1549 1550 1460)
4(1460 1550 1551 1461)
4(1461 1551 1552 1462)
4(1462 1552 1553 1463)
4(1463 1553 1554 1464)
4(1464 1554 1555 1465)
4(1465 1555 1556 1466)
4(1466 1556 1557 1467)
4(1467 1557 1558 1468)
4(1468 1558 1559 1469)
4(1469 1559 1560 1470)
4(1470 1560 1561 1471)
4(1471 1561 1562 1472)
4(1472 1562 1563 1473)
4(1473 1563 1564 1474)
4(1474 1564 1565 1475)
4(1475 1565 1566 1476)
4(1476 1566 1567 1477)
4(1477 1567 1568 1478)
4(1478 1568 1569 1479)
4(1479 1569 1570 1480)
4(1480 1570 1571 1481)
4(1481 1571 1572 1482)
4(1482 1572 1573 1483)
4(1483 1573 1574 1484)
4(1530 1620 1621 1531)
4(1531 1621 1622 1532)
4(1532 1622 1623 1533)
4(1533 1623 1624 1534)
4(1534 1624 1625 1535)
4(1535 1625 1626 1536)
4(1536 1626 1627 1537)
4(1537 1627 1628 1538)
4(1538 1628 1629 1539)
4(1539 1629 1630 1540)
4(1540 1630 1631 1541)
4(1541 1631 1632 1542)
4(1542 1632 1633 1543)
4(1543 1633 1634 1544)
4(1544 1634 1635 1545)
4(1545 1635 1636 1546)
4(1546 1636 1637 1547)
4(1547 1637 1638 1548)
4(1548 1638 1639 1549)
4(1549 1639 1640 1550)
4(1550 1640 1641 1551)
4(1551 1641 1642 1552)
4(1552 1642 1643 1553)
4(1553 1643 1644 1554)
4(1554 1644 1645 1555)
4(1555 1645 1646 1556)
4(1556 1646 1647 1557)
4(1557 1647 1648 1558)
4(1558 1648 1649 1559)
4(1559 1649 1650 1560)
4(1560 1650 1651 1561)
4(1561 1651 1652 1562)
4(1562 1652 1653 1563)
4(1563 1653 1654 1564)
4(1564 1654 1655 1565)
4(1565 1655 1656 1566)
4(1566 1656 1657 1567)
4(1567 1657 1658 1568)
4(1568 1658 1659 1569)
4(1569 1659 1660 1570)
4(1570 1660 1661 1571)
4(1571 1661 1662 1572)
4(1572 1662 1663 1573)
4(1573 1663 1664 1574)
4(1620 1710 1711 1621)
4(1621 1711 1712 1622)
4(1622 1712 1713 1623)
4(1623 1713 1714 1624)
4(1624 1714 1715 1625)
4(1625 1715 1716 1626)
4(1626 1716 1717 1627)
4(1627 1717 1718 1628)
4(1628 1718 1719 1629)
4(1629 1719 1720 1630)
4(1630 1720 1721 1631)
4(1631 1721 1722 1632)
4(1632 1722 1723 1633)
4(1633 1723 1724 1634)
4(1634 1724 1725 1635)
4(1635 1725 1726 1636)
4(1636 1726 1727 1637)
4(1637 1727 1728 1638)
4(1638 1728 1729 1639)
4(1639 1729 1730 1640)
4(1640 1730 1731 1641)
4(1641 1731 1732 1642)
4(1642 1732 1733 1643)
4(1643 1733 1734 1644)
4(1644 1734 1735 1645)
4(1645 1735 1736 1646)
4(1646 1736 1737 1647)
4(1647 1737 1738 1648)
4(1648 1738 1739 1649)
4(1649 1739 1740 1650)
4(1650 1740 1741 1651)
4(1651 1741 1742 1652)
4(1652 1742 1743 1653)
4(1653 1743 1744 1654)
4(1654 1744 1745 1655)
4(1655 1745 1746 1656)
4(1656 1746 1747 1657)
4(1657 1747 1748 1658)
4(1658 1748 1749 1659)
4(1659 1749 1750 1660)
4(1660 1750 1751 1661)
4(1661 1751 1752 1662)
4(1662 1752 1753 1663)
4(1663 1753 1754 1664)
4(1710 1800 1801 1711)
4(1711 1801 1802 1712)
4(1712 1802 1803 1713)
4(1713 1803 1804 1714)
4(1714 1804 1805 1715)
4(1715 1805 1806 1716)
4(1716 1806 1807 1717)
4(1717 1807 1808 1718)
4(1718 1808 1809 1719)
4(1719 1809 1810 1720)
4(1720 1810 1811 1721)
4(1721 1811 1812 1722)
4(1722 1812 1813 1723)
4(1723 1813 1814 1724)
4(1724 1814 1815 1725)
4(1725 1815 1816 1726)
4(1726 1816 1817 1727)
4(1727 1817 1818 1728)
4(1728 1818 1819 1729)
4(1729 1819 1820 1730)
4(1730 1820 1821 1731)
4(1731 1821 1822 1732)
4(1732 1822 1823 1733)
4(1733 1823 1824 1734)
4(1734 1824 1825 1735)
4(1735 1825 1826 1736)
4(1736 1826 1827 1737)
4(1737 1827 1828 1738)
4(1738 1828 1829 1739)
4(1739 1829 1830 1740)
4(1740 1830 1831 1741)
4(1741 1831 1832 1742)
4(1742 1832 1833 1743)
4(1743 1833 1834 1744)
4(1744 1834 1835 1745)
4(1745 1835 1836 1746)
4(1746 1836 1837 1747)
4(1747 1837 1838 1748)
4(1748 1838 1839 1749)
4(1749 1839 1840 1750)
4(1750 1840 1841 1751)
4(1751 1841 1842 1752)
4(1752 1842 1843 1753)
4(1753 1843 1844 1754)
4(1800 1890 1891 1801)
4(1801 1891 1892 1802)
4(1802 1892 1893 1803)
4(1803 1893 1894 1804)
4(1804 1894 1895 1805)
4(1805 1895 1896 1806)
4(1806 1896 1897 1807)
4(1807 1897 1898 1808)
4(1808 1898 1899 1809)
4(1809 1899 1900 1810)
4(1810 1900 1901 1811)
4(1811 1901 1902 1812)
4(1812 1902 1903 1813)
4(1813 1903 1904 1814)
4(1814 1904 1905 1815)
4(1815 1905 1906 1816)
4(1816 1906 1907 1817)
4(1817 1907 1908 1818)
4(1818 1908 1909 1819)
4(1819 1909 1910 1820)
4(1820 1910 1911 1821)
4(1821 1911 1912 1822)
4(1822 1912 1913 1823)
4(1823 1913 1914 1824)
4(1824 1914 1915 1825)
4(1825 1915 1916 1826)
4(1826 1916 1917 1827)
4(1827 1917 1918 1828)
4(1828 1918 1919 1829)
4(1829 1919 1920 1830)
4(1830 1920 1921 1831)
4(1831 1921 1922 1832)
4(1832 1922 1923 1833)
4(1833 1923 1924 1834)
4(1834 1924 1925 1835)
4(1835 1925 1926 1836)
4(1836 1926 1927 1837)
4(1837 1927 1928 1838)
4(1838 1928 1929 1839)
4(1839 1929 1930 1840)
4(1840 1930 1931 1841)
4(1841 1931 1932 1842)
4(1842 1932 1933 1843)
4(1843 1933 1934 1844)
4(90 91 136 135)
4(91 92 137 136)
4(92 93 138 137)
4(93 94 139 138)
4(94 95 140 139)
4(95 96 141 140)
4(96 97 142 141)
4(97 98 143 142)
4(98 99 144 143)
4(99 100 145 144)
4(100 101 146 145)
4(101 102 147 146)
4(102 103 148 147)
4(103 104 149 148)
4(104 105 150 149)
4(105 106 151 150)
4(106 107 152 151)
4(107 108 153 152)
4(108 109 154 153)
4(109 110 155 154)
4(110 111 156 155)
4(111 112 157 156)
4(112 113 158 157)
4(113 114 159 158)
4(114 115 160 159)
4(115 116 161 160)
4(116 117 162 161)
4(117 118 163 162)
4(118 119 164 163)
4(119 120 165 164)
4(120 121 166 165)
4(121 122 167 166)
4(122 123 168 167)
4(123 124 169 168)
4(124 125 170 169)
4(125 126 171 170)
4(126 127 172 171)
4(127 128 173 172)
4(128 129 174 173)
4(129 130 175 174)
4(130 131 176 175)
4(131 132 177 176)
4(132 133 178 177)
4(133 134 179 178)
4(135 136 226 225)
4(136 137 227 226)
4(137 138 228 227)
4(138 139 229 228)
4(139 140 230 229)
4(140 141 231 230)
4(141 142 232 231)
4(142 143 233 232)
4(143 144 234 233)
4(144 145 235 234)
4(145 146 236 235)
4(146 147 237 236)
4(147 148 238 237)
4(148 149 239 238)
4(149 150 240 239)
4(150 151 241 240)
4(151 152 242 241)
4(152 153 243 242)
4(153 154 244 243)
4(154 155 245 244)
4(155 156 246 245)
4(156 157 247 246)
4(157 158 248 247)
4(158 159 249 248)
4(159 160 250 249)
4(160 161 251 250)
4(161 162 252 251)
4(162 163 253 252)
4(163 164 254 253)
4(164 165 255 254)
4(165 166 256 255)
4(166 167 257 256)
4(167 168 258 257)
4(168 169 259 258)
4(169 170 260 259)
4(170 171 261 260)
4(171 172 262 261)
4(172 173 263 262)
4(173 174 264 263)
4(174 175 265 264)
4(175 176 266 265)
4(176 177 267 266)
4(177 178 268 267)
4(178 179 269 268)
4(225 226 316 315)
4(226 227 317 316)
4(227 228 318 317)
4(228 229 319 318)
4(229 230 320 319)
4(230 231 321 320)
4(231 232 322 321)
4(232 233 323 322)
4(233 234 324 323)
4(234 235 325 324)
4(235 236 326 325)
4(236 237 327 326)
4(237 238 328 327)
4(238 239 329 328)
4(239 240 330 329)
4(240 241 331 330)
4(241 242 332 331)
4(242 243 333 332)
4(243 244 334 333)
4(244 245 335 334)
4(245 246 336 335)
4(246 247 337 336)
4(247 248 338 337)
4(248 249 339 338)
4(249 250 340 339)
4(250 251 341 340)
4(251 252 342 341)
4(252 253 343 342)
4(253 254 344 343)
4(254 255 345 344)
4(255 256 346 345)
4(256 257 347 346)
4(257 258 348 347)
4(258 259 349 348)
4(259 260 350 349)
4(260 261 351 350)
4(261 262 352 351)
4(262 263 353 352)
4(263 264 354 353)
4(264 265 355 354)
4(265 266 356 355)
4(266 267 357 356)
4(267 268 358 357)
4(268 269 359 358)
4(315 316 406 405)
4(316 317 407 406)
4(317 318 408 407)
4(318 319 409 408)
4(319 320 410 409)
4(320 321 411 410)
4(321 322 412 411)
4(322 323 413 412)
4(323 324 414 413)
4(324 325 415 414)
4(325 326 416 415)
4(326 327 417 416)
4(327 328 418 417)
4(328 329 419 418)
4(329 330 420 419)
4(330 331 421 420)
4(331 332 422 421)
4(332 333 423 422)
4(333 334 424 423)
4(334 335 425 424)
4(335 336 426 425)
4(336 337 427 426)
4(337 338 428 427)
4(338 339 429 428)
4(339 340 430 429)
4(340 341 431 430)
4(341 342 432 431)
4(342 343 433 432)
4(343 344 434 433)
4(344 345 435 434)
4(345 346 436 435)
4(346 347 437 436)
4(347 348 438 437)
4(348 349 439 438)
4(349 350 440 439)
4(350 351 441 440)
4(351 352 442 441)
4(352 353 443 442)
4(353 354 444 443)
4(354 355 445 444)
4(355 356 446 445)
4(356 357 447 446)
4(357 358 448 447)
4(358 359 449 448)
4(405 406 496 495)
4(406 407 497 496)
4(407 408 498 497)
4(408 409 499 498)
4(409 410 500 499)
4(410 411 501 500)
4(411 412 502 501)
4(412 413 503 502)
4(413 414 504 503)
4(414 415 505 504)
4(415 416 506 505)
4(416 417 507 506)
4(417 418 508 507)
4(418 419 509 508)
4(419 420 510 509)
4(420 421 511 510)
4(421 422 512 511)
4(422 423 513 512)
4(423 424 514 513)
4(424 425 515 514)
4(425 426 516 515)
4(426 427 517 516)
4(427 428 518 517)
4(428 429 519 518)
4(429 430 520 519)
4(430 431 521 520)
4(431 432 522 521)
4(432 433 523 522)
4(433 434 524 523)
4(434 435 525 524)
4(435 436 526 525)
4(436 437 527 526)
4(437 438 528 527)
4(438 439 529 528)
4(439 440 530 529)
4(440 441 531 530)
4(441 442 532 531)
4(442 443 533 532)
4(443 444 534 533)
4(444 445 535 534)
4(445 446 536 535)
4(446 447 537 536)
4(447 448 538 537)
4(448 449 539 538)
4(495 496 586 585)
4(496 497 587 586)
4(497 498 588 587)
4(498 499 589 588)
4(499 500 590 589)
4(500 501 591 590)
4(501 502 592 591)
4(502 503 593 592)
4(503 504 594 593)
4(504 505 595 594)
4(505 506 596 595)
4(506 507 597 596)
4(507 508 598 597)
4(508 509 599 598)
4(509 510 600 599)
4(510 511 601 600)
4(511 512 602 601)
4(512 513 603 602)
4(513 514 604 603)
4(514 515 605 604)
4(515 516 606 605)
4(516 517 607 606)
4(517 518 608 607)
4(518 519 609 608)
4(519 520 610 609)
4(520 521 611 610)
4(521 522 612 611)
4(522 523 613 612)
4(523 524 614 613)
4(524 525 615 614)
4(525 526 616 615)
4(526 527 617 616)
4(527 528 618 617)
4(528 529 619 618)
4(529 530 620 619)
4(530 531 621 620)
4(531 532 622 621)
4(532 533 623 622)
4(533 534 624 623)
4(534 535 625 624)
4(535 536 626 625)
4(536 537 627 626)
4(537 538 628 627)
4(538 539 629 628)
4(585 586 676 675)
4(586 587 677 676)
4(587 588 678 677)
4(588 589 679 678)
4(589 590 680 679)
4(590 591 681 680)
4(591 592 682 681)
4(592 593 683 682)
4(593 594 684 683)
4(594 595 685 684)
4(595 596 686 685)
4(596 597 687 686)
4(597 598 688 687)
4(598 599 689 688)
4(599 600 690 689)
4(600 601 691 690)
4(601 602 692 691)
4(602 603 693 692)
4(603 604 694 693)
4(604 605 695 694)
4(605 606 696 695)
4(606 607 697 696)
4(607 608 698 697)
4(608 609 699 698)
4(609 610 700 699)
4(610 611 701 700)
4(611 612 702 701)
4(612 613 703 702)
4(613 614 704 703)
4(614 615 705 704)
4(615 616 706 705)
4(616 617 707 706)
4(617 618 708 707)
4(618 619 709 708)
4(619 620 710 709)
4(620 621 711 710)
4(621 622 712 711)
4(622 623 713 712)
4(623 624 714 713)
4(624 625 715 714)
4(625 626 716 715)
4(626 627 717 716)
4(627 628 718 717)
4(628 629 719 718)
4(675 676 766 765)
4(676 677 767 766)
4(677 678 768 767)
4(678 679 769 768)
4(679 680 770 769)
4(680 681 771 770)
4(681 682 772 771)
4(682 683 773 772)
4(683 684 774 773)
4(684 685 775 774)
4(685 686 776 775)
4(686 687 777 776)
4(687 688 778 777)
4(688 689 779 778)
4(689 690 780 779)
4(690 691 781 780)
4(691 692 782 781)
4(692 693 783 782)
4(693 694 784 783)
4(694 695 785 784)
4(695 696 786 785)
4(696 697 787 786)
4(697 698 788 787)
4(698 699 789 788)
4(699 700 790 789)
4(700 701 791 790)
4(701 702 792 791)
4(702 703 793 792)
4(703 704 794 793)
4(704 705 795 794)
4(705 706 796 795)
4(706 707 797 796)
4(707 708 798 797)
4(708 709 799 798)
4(709 710 800 799)
4(710 711 801 800)
4(711 712 802 801)
4(712 713 803 802)
4(713 714 804 803)
4(714 715 805 804)
4(715 716 806 805)
4(716 717 807 806)
4(717 718 808 807)
4(718 719 809 808)
4(765 766 856 855)
4(766 767 857 856)
4(767 768 858 857)
4(768 769 859 858)
4(769 770 860 859)
4(770 771 861 860)
4(771 772 862 861)
4(772 773 863 862)
4(773 774 864 863)
4(774 775 865 864)
4(775 776 866 865)
4(776 777 867 866)
4(777 778 868 867)
4(778 779 869 868)
4(779 780 870 869)
4(780 781 871 870)
4(781 782 872 871)
4(782 783 873 872)
4(783 784 874 873)
4(784 785 875 874)
4(785 786 876 875)
4(786 787 877 876)
4(787 788 878 877)
4(788 789 879 878)
4(789 790 880 879)
4(790 791 881 880)
4(791 792 882 881)
4(792 793 883 882)
4(793 794 884 883)
4(794 795 885 884)
4(795 796 886 885)
4(796 797 887 886)
4(797 798 888 887)
4(798 799 889 888)
4(799 800 890 889)
4(800 801 891 890)
4(801 802 892 891)
4(802 803 893 892)
4(803 804 894 893)
4(804 805 895 894)
4(805 806 896 895)
4(806 807 897 896)
4(807 808 898 897)
4(808 809 899 898)
4(855 856 946 945)
4(856 857 947 946)
4(857 858 948 947)
4(858 859 949 948)
4(859 860 950 949)
4(860 861 951 950)
4(861 862 952 951)
4(862 863 953 952)
4(863 864 954 953)
4(864 865 955 954)
4(865 866 956 955)
4(866 867 957 956)
4(867 868 958 957)
4(868 869 959 958)
4(869 870 960 959)
4(870 871 961 960)
4(871 872 962 961)
4(872 873 963 962)
4(873 874 964 963)
4(874 875 965 964)
4(875 876 966 965)
4(876 877 967 966)
4(877 878 968 967)
4(878 879 969 968)
4(879 880 970 969)
4(880 881 971 970)
4(881 882 972 971)
4(882 883 973 972)
4(883 884 974 973)
4(884 885 975 974)
4(885 886 976 975)
4(886 887 977 976)
4(887 888 978 977)
4(888 889 979 978)
4(889 890 980 979)
4(890 891 981 980)
4(891 892 982 981)
4(892 893 983 982)
4(893 894 984 983)
4(894 895 985 984)
4(895 896 986 985)
4(896 897 987 986)
4(897 898 988 987)
4(898 899 989 988)
4(945 946 1036 1035)
4(946 947 1037 1036)
4(947 948 1038 1037)
4(948 949 1039 1038)
4(949 950 1040 1039)
4(950 951 1041 1040)
4(951 952 1042 1041)
4(952 953 1043 1042)
4(953 954 1044 1043)
4(954 955 1045 1044)
4(955 956 1046 1045)
4(956 957 1047 1046)
4(957 958 1048 1047)
4(958 959 1049 1048)
4(959 960 1050 1049)
4(960 961 1051 1050)
4(961 962 1052 1051)
4(962 963 1053 1052)
4(963 964 1054 1053)
4(964 965 1055 1054)
4(965 966 1056 1055)
4(966 967 1057 1056)
4(967 968 1058 1057)
4(968 969 1059 1058)
4(969 970 1060 1059)
4(970 971 1061 1060)
4(971 972 1062 1061)
4(972 973 1063 1062)
4(973 974 1064 1063)
4(974 975 1065 1064)
4(975 976 1066 1065)
4(976 977 1067 1066)
4(977 978 1068 1067)
4(978 979 1069 1068)
4(979 980 1070 1069)
4(980 981 1071 1070)
4(981 982 1072 1071)
4(982 983 1073 1072)
4(983 984 1074 1073)
4(984 985 1075 1074)
4(985 986 1076 1075)
4(986 987 1077 1076)
4(987 988 1078 1077)
4(988 989 1079 1078)
4(1035 1036 1126 1125)
4(1036 1037 1127 1126)
4(1037 1038 1128 1127)
4(1038 1039 1129 1128)
4(1039 1040 1130 1129)
4(1040 1041 1131 1130)
4(1041 1042 1132 1131)
4(1042 1043 1133 1132)
4(1043 1044 1134 1133)
4(1044 1045 1135 1134)
4(1045 1046 1136 1135)
4(1046 1047 1137 1136)
4(1047 1048 1138 1137)
4(1048 1049 1139 1138)
4(1049 1050 1140 1139)
4(1050 1051 1141 1140)
4(1051 1052 1142 1141)
4(1052 1053 1143 1142)
4(1053 1054 1144 1143)
4(1054 1055 1145 1144)
4(1055 1056 1146 1145)
4(1056 1057 1147 1146)
4(1057 1058 1148 1147)
4(1058 1059 1149 1148)
4(1059 1060 1150 1149)
4(1060 1061 1151 1150)
4(1061 1062 1152 1151)
4(1062 1063 1153 1152)
4(1063 1064 1154 1153)
4(1064 1065 1155 1154)
4(1065 1066 1156 1155)
4(1066 1067 1157 1156)
4(1067 1068 1158 1157)
4(1068 1069 1159 1158)
4(1069 1070 1160 1159)
4(1070 1071 1161 1160)
4(1071 1072 1162 1161)
4(1072 1073 1163 1162)
4(1073 1074 1164 1163)
4(1074 1075 1165 1164)
4(1075 1076 1166 1165)
4(1076 1077 1167 1166)
4(1077 1078 1168 1167)
4(1078 1079 1169 1168)
4(1125 1126 1216 1215)
4(1126 1127 1217 1216)
4(1127 1128 1218 1217)
4(1128 1129 1219 1218)
4(1129 1130 1220 1219)
4(1130 1131 1221 1220)
4(1131 1132 1222 1221)
4(1132 1133 1223 1222)
4(1133 1134 1224 1223)
4(1134 1135 1225 1224)
4(1135 1136 1226 1225)
4(1136 1137 1227 1226)
4(1137 1138 1228 1227)
4(1138 1139 1229 1228)
4(1139 1140 1230 1229)
4(1140 1141 1231 1230)
4(1141 1142 1232 1231)
4(1142 1143 1233 1232)
4(1143 1144 1234 1233)
4(1144 1145 1235 1234)
4(1145 1146 1236 1235)
4(1146 1147 1237 1236)
4(1147 1148 1238 1237)
4(1148 1149 1239 1238)
4(1149 1150 1240 1239)
4(1150 1151 1241 1240)
4(1151 1152 1242 1241)
4(1152 1153 1243 1242)
4(1153 1154 1244 1243)
4(1154 1155 1245 1244)
4(1155 1156 1246 1245)
4(1156 1157 1247 1246)
4(1157 1158 1248 1247)
4(1158 1159 1249 1248)
4(1159 1160 1250 1249)
4(1160 1161 1251 1250)
4(1161 1162 1252 1251)
4(1162 1163 1253 1252)
4(1163 1164 1254 1253)
4(1164 1165 1255 1254)
4(1165 1166 1256 1255)
4(1166 1167 1257 1256)
4(1167 1168 1258 1257)
4(1168 1169 1259 1258)
4(1215 1216 1306 1305)
4(1216 1217 1307 1306)
4(1217 1218 1308 1307)
4(1218 1219 1309 1308)
4(1219 1220 1310 1309)
4(1220 1221 1311 1310)
4(1221 1222 1312 1311)
4(1222 1223 1313 1312)
4(1223 1224 1314 1313)
4(1224 1225 1315 1314)
4(1225 1226 1316 1315)
4(1226 1227 1317 1316)
4(1227 1228 1318 1317)
4(1228 1229 1319 1318)
4(1229 1230 1320 1319)
4(1230 1231 1321 1320)
4(1231 1232 1322 1321)
4(1232 1233 1323 1322)
4(1233 1234 1324 1323)
4(1234 1235 1325 1324)
4(1235 1236 1326 1325)
4(1236 1237 1327 1326)
4(1237 1238 1328 1327)
4(1238 1239 1329 1328)
4(1239 1240 1330 1329)
4(1240 1241 1331 1330)
4(1241 1242 1332 1331)
4(1242 1243 1333 1332)
4(1243 1244 1334 1333)
4(1244 1245 1335 1334)
4(1245 1246 1336 1335)
4(1246 1247 1337 1336)
4(1247 1248 1338 1337)
4(1248 1249 1339 1338)
4(1249 1250 1340 1339)
4(1250 1251 1341 1340)
4(1251 1252 1342 1341)
4(1252 1253 1343 1342)
4(1253 1254 1344 1343)
4(1254 1255 1345 1344)
4(1255 1256 1346 1345)
4(1256 1257 1347 1346)
4(1257 1258 1348 1347)
4(1258 1259 1349 1348)
4(1305 1306 1396 1395)
4(1306 1307 1397 1396)
4(1307 1308 1398 1397)
4(1308 1309 1399 1398)
4(1309 1310 1400 1399)
4(1310 1311 1401 1400)
4(1311 1312 1402 1401)
4(1312 1313 1403 1402)
4(1313 1314 1404 1403)
4(1314 1315 1405 1404)
4(1315 1316 1406 1405)
4(1316 1317 1407 1406)
4(1317 1318 1408 1407)
4(1318 1319 1409 1408)
4(1319 1320 1410 1409)
4(1320 1321 1411 1410)
4(1321 1322 1412 1411)
4(1322 1323 1413 1412)
4(1323 1324 1414 1413)
4(1324 1325 1415 1414)
4(1325 1326 1416 1415)
4(1326 1327 1417 1416)
4(1327 1328 1418 1417)
4(1328 1329 1419 1418)
4(1329 1330 1420 1419)
4(1330 1331 1421 1420)
4(1331 1332 1422 1421)
4(1332 1333 1423 1422)
4(1333 1334 1424 1423)
4(1334 1335 1425 1424)
4(1335 1336 1426 1425)
4(1336 1337 1427 1426)
4(1337 1338 1428 1427)
4(1338 1339 1429 1428)
4(1339 1340 1430 1429)
4(1340 1341 1431 1430)
4(1341 1342 1432 1431)
4(1342 1343 1433 1432)
4(1343 1344 1434 1433)
4(1344 1345 1435 1434)
4(1345 1346 1436 1435)
4(1346 1347 1437 1436)
4(1347 1348 1438 1437)
4(1348 1349 1439 1438)
4(1395 1396 1486 1485)
4(1396 1397 1487 1486)
4(1397 1398 1488 1487)
4(1398 1399 1489 1488)
4(1399 1400 1490 1489)
4(1400 1401 1491 1490)
4(1401 1402 1492 1491)
4(1402 1403 1493 1492)
4(1403 1404 1494 1493)
4(1404 1405 1495 1494)
4(1405 1406 1496 1495)
4(1406 1407 1497 1496)
4(1407 1408 1498 1497)
4(1408 1409 1499 1498)
4(1409 1410 1500 1499)
4(1410 1411 1501 1500)
4(1411 1412 1502 1501)
4(1412 1413 1503 1502)
4(1413 1414 1504 1503)
4(1414 1415 1505 1504)
4(1415 1416 1506 1505)
4(1416 1417 1507 1506)
4(1417 1418 1508 1507)
4(1418 1419 1509 1508)
4(1419 1420 1510 1509)
4(1420 1421 1511 1510)
4(1421 1422 1512 1511)
4(1422 1423 1513 1512)
4(1423 1424 1514 1513)
4(1424 1425 1515 1514)
4(1425 1426 1516 1515)
4(1426 1427 1517 1516)
4(1427 1428 1518 1517)
4(1428 1429 1519 1518)
4(1429 1430 1520 1519)
4(1430 1431 1521 1520)
4(1431 1432 1522 1521)
4(1432 1433 1523 1522)
4(1433 1434 1524 1523)
4(1434 1435 1525 1524)
4(1435 1436 1526 1525)
4(1436 1437 1527 1526)
4(1437 1438 1528 1527)
4(1438 1439 1529 1528)
4(1485 1486 1576 1575)
4(1486 1487 1577 1576)
4(1487 1488 1578 1577)
4(1488 1489 1579 1578)
4(1489 1490 1580 1579)
4(1490 1491 1581 1580)
4(1491 1492 1582 1581)
4(1492 1493 1583 1582)
4(1493 1494 1584 1583)
4(1494 1495 1585 1584)
4(1495 1496 1586 1585)
4(1496 1497 1587 1586)
4(1497 1498 1588 1587)
4(1498 1499 1589 1588)
4(1499 1500 1590 1589)
4(1500 1501 1591 1590)
4(1501 1502 1592 1591)
4(1502 1503 1593 1592)
4(1503 1504 1594 1593)
4(1504 1505 1595 1594)
4(1505 1506 1596 1595)
4(1506 1507 1597 1596)
4(1507 1508 1598 1597)
4(1508 1509 1599 1598)
4(1509 1510 1600 1599)
4(1510 1511 1601 1600)
4(1511 1512 1602 1601)
4(1512 1513 1603 1602)
4(1513 1514 1604 1603)
4(1514 1515 1605 1604)
4(1515 1516 1606 1605)
4(1516 1517 1607 1606)
4(1517 1518 1608 1607)
4(1518 1519 1609 1608)
4(1519 1520 1610 1609)
4(1520 1521 1611 1610)
4(1521 1522 1612 1611)
4(1522 1523 1613 1612)
4(1523 1524 1614 1613)
4(1524 1525 1615 1614)
4(1525 1526 1616 1615)
4(1526 1527 1617 1616)
4(1527 1528 1618 1617)
4(1528 1529 1619 1618)
4(1575 1576 1666 1665)
4(1576 1577 1667 1666)
4(1577 1578 1668 1667)
4(1578 1579 1669 1668)
4(1579 1580 1670 1669)
4(1580 1581 1671 1670)
4(1581 1582 1672 1671)
4(1582 1583 1673 1672)
4(1583 1584 1674 1673)
4(1584 1585 1675 1674)
4(1585 1586 1676 1675)
4(1586 1587 1677 1676)
4(1587 1588 1678 1677)
4(1588 1589 1679 1678)
4(1589 1590 1680 1679)
4(1590 1591 1681 1680)
4(1591 1592 1682 1681)
4(1592 1593 1683 1682)
4(1593 1594 1684 1683)
4(1594 1595 1685 1684)
4(1595 1596 1686 1685)
4(1596 1597 1687 1686)
4(1597 1598 1688 1687)
4(1598 1599 1689 1688)
4(1599 1600 1690 1689)
4(1600 1601 1691 1690)
4(1601 1602 1692 1691)
4(1602 1603 1693 1692)
4(1603 1604 1694 1693)
4(1604 1605 1695 1694)
4(1605 1606 1696 1695)
4(1606 1607 1697 1696)
4(1607 1608 1698 1697)
4(1608 1609 1699 1698)
4(1609 1610 1700 1699)
4(1610 1611 1701 1700)
4(1611 1612 1702 1701)
4(1612 1613 1703 1702)
4(1613 1614 1704 1703)
4(1614 1615 1705 1704)
4(1615 1616 1706 1705)
4(1616 1617 1707 1706)
4(1617 1618 1708 1707)
4(1618 1619 1709 1708)
4(1665 1666 1756 1755)
4(1666 1667 1757 1756)
4(1667 1668 1758 1757)
4(1668 1669 1759 1758)
4(1669 1670 1760 1759)
4(1670 1671 1761 1760)
4(1671 1672 1762 1761)
4(1672 1673 1763 1762)
4(1673 1674 1764 1763)
4(1674 1675 1765 1764)
4(1675 1676 1766 1765)
4(1676 1677 1767 1766)
4(1677 1678 1768 1767)
4(1678 1679 1769 1768)
4(1679 1680 1770 1769)
4(1680 1681 1771 1770)
4(1681 1682 1772 1771)
4(1682 1683 1773 1772)
4(1683 1684 1774 1773)
4(1684 1685 1775 1774)
4(1685 1686 1776 1775)
4(1686 1687 1777 1776)
4(1687 1688 1778 1777)
4(1688 1689 1779 1778)
4(1689 1690 1780 1779)
4(1690 1691 1781 1780)
4(1691 1692 1782 1781)
4(1692 1693 1783 1782)
4(1693 1694 1784 1783)
4(1694 1695 1785 1784)
4(1695 1696 1786 1785)
4(1696 1697 1787 1786)
4(1697 1698 1788 1787)
4(1698 1699 1789 1788)
4(1699 1700 1790 1789)
4(1700 1701 1791 1790)
4(1701 1702 1792 1791)
4(1702 1703 1793 1792)
4(1703 1704 1794 1793)
4(1704 1705 1795 1794)
4(1705 1706 1796 1795)
4(1706 1707 1797 1796)
4(1707 1708 1798 1797)
4(1708 1709 1799 1798)
4(1755 1756 1846 1845)
4(1756 1757 1847 1846)
4(1757 1758 1848 1847)
4(1758 1759 1849 1848)
4(1759 1760 1850 1849)
4(1760 1761 1851 1850)
4(1761 1762 1852 1851)
4(1762 1763 1853 1852)
4(1763 1764 1854 1853)
4(1764 1765 1855 1854)
4(1765 1766 1856 1855)
4(1766 1767 1857 1856)
4(1767 1768 1858 1857)
4(1768 1769 1859 1858)
4(1769 1770 1860 1859)
4(1770 1771 1861 1860)
4(1771 1772 1862 1861)
4(1772 1773 1863 1862)
4(1773 1774 1864 1863)
4(1774 1775 1865 1864)
4(1775 1776 1866 1865)
4(1776 1777 1867 1866)
4(1777 1778 1868 1867)
4(1778 1779 1869 1868)
4(1779 1780 1870 1869)
4(1780 1781 1871 1870)
4(1781 1782 1872 1871)
4(1782 1783 1873 1872)
4(1783 1784 1874 1873)
4(1784 1785 1875 1874)
4(1785 1786 1876 1875)
4(1786 1787 1877 1876)
4(1787 1788 1878 1877)
4(1788 1789 1879 1878)
4(1789 1790 1880 1879)
4(1790 1791 1881 1880)
4(1791 1792 1882 1881)
4(1792 1793 1883 1882)
4(1793 1794 1884 1883)
4(1794 1795 1885 1884)
4(1795 1796 1886 1885)
4(1796 1797 1887 1886)
4(1797 1798 1888 1887)
4(1798 1799 1889 1888)
4(1845 1846 1936 1935)
4(1846 1847 1937 1936)
4(1847 1848 1938 1937)
4(1848 1849 1939 1938)
4(1849 1850 1940 1939)
4(1850 1851 1941 1940)
4(1851 1852 1942 1941)
4(1852 1853 1943 1942)
4(1853 1854 1944 1943)
4(1854 1855 1945 1944)
4(1855 1856 1946 1945)
4(1856 1857 1947 1946)
4(1857 1858 1948 1947)
4(1858 1859 1949 1948)
4(1859 1860 1950 1949)
4(1860 1861 1951 1950)
4(1861 1862 1952 1951)
4(1862 1863 1953 1952)
4(1863 1864 1954 1953)
4(1864 1865 1955 1954)
4(1865 1866 1956 1955)
4(1866 1867 1957 1956)
4(1867 1868 1958 1957)
4(1868 1869 1959 1958)
4(1869 1870 1960 1959)
4(1870 1871 1961 1960)
4(1871 1872 1962 1961)
4(1872 1873 1963 1962)
4(1873 1874 1964 1963)
4(1874 1875 1965 1964)
4(1875 1876 1966 1965)
4(1876 1877 1967 1966)
4(1877 1878 1968 1967)
4(1878 1879 1969 1968)
4(1879 1880 1970 1969)
4(1880 1881 1971 1970)
4(1881 1882 1972 1971)
4(1882 1883 1973 1972)
4(1883 1884 1974 1973)
4(1884 1885 1975 1974)
4(1885 1886 1976 1975)
4(1886 1887 1977 1976)
4(1887 1888 1978 1977)
4(1888 1889 1979 1978)
)


// ************************************************************************* //
